# q qerr I(q) I(q)err
8.294532032279089417e-03 3.215448162638725495e-03 0.000000000000000000e+00 2.556836906411199983e+00
1.547771440847061503e-02 1.298069176105710962e-03 0.000000000000000000e+00 0.000000000000000000e+00
2.114153426598287117e-02 1.953452460535632252e-03 0.000000000000000000e+00 0.000000000000000000e+00
2.708829541553820289e-02 1.932501425123600049e-03 0.000000000000000000e+00 0.000000000000000000e+00
3.424760286937652415e-02 2.393094809829984012e-03 0.000000000000000000e+00 0.000000000000000000e+00
4.134659872356089005e-02 1.444308516548141333e-03 1.333333333333333259e+00 4.093807428209014887e+00
4.709622292726145520e-02 1.633576272088444088e-03 3.787500000000000000e+01 1.237505808067178350e+02
5.289360403025952090e-02 1.994215660312892175e-03 4.039791666666666856e+02 1.454007787106135311e+03
5.941266175682404643e-02 2.038777625163953021e-03 2.052659999999999854e+03 7.485544690775688650e+03
6.623959740571712385e-02 2.014614798769268252e-03 4.651481481481481751e+03 1.737406382821017178e+04
7.251770781946841049e-02 1.767162065969994948e-03 7.085770833333333030e+03 2.420563438121122090e+04
7.836204892921720677e-02 1.794558473909566021e-03 6.242680000000000291e+03 2.121421401492878795e+04
8.476368586159346852e-02 2.173163639586968114e-03 3.732734375000000000e+03 1.417563289439109940e+04
9.171767809022127182e-02 2.151270969520740432e-03 2.763323529411764866e+03 1.007706685572703464e+04
9.840741527280037759e-02 1.879523288412654567e-03 2.178233333333333121e+03 7.939075316608210414e+03
1.046713563714864598e-01 1.717715818177843919e-03 2.036299999999999955e+03 6.633363778355596878e+03
1.108696467093386595e-01 1.978629817275711061e-03 1.550698113207547067e+03 5.076853827909647407e+03
1.174911181025048434e-01 2.151142134119994175e-03 1.115672131147540995e+03 3.788748219063253600e+03
1.240901985761322518e-01 1.682567093931450772e-03 1.109380000000000109e+03 3.348551612742441648e+03
1.302695169190241364e-01 1.981638030988197227e-03 8.093389830508474461e+02 2.528956033554066835e+03
1.366843399328758479e-01 1.885635125754002352e-03 7.213392857142856656e+02 2.126256317252970803e+03
1.431380625310322841e-01 2.037281709542672608e-03 5.788548387096774377e+02 1.679513123326398727e+03
1.497407916800755912e-01 2.013243134106564892e-03 5.023333333333333144e+02 1.390305837846954319e+03
1.560440161600273323e-01 1.800320108738214832e-03 4.802456140350877263e+02 1.218119681319472193e+03
1.626324968867556287e-01 2.166758397174068339e-03 3.702567567567567721e+02 9.019874630456898785e+02
1.693678508908615654e-01 1.711853084056604935e-03 3.770000000000000000e+02 8.309280454207010962e+02
1.755753172360756398e-01 1.940749690505284321e-03 3.234202898550724399e+02 6.533649160351097862e+02
1.819629297477835528e-01 1.792019476258344991e-03 3.092153846153846075e+02 5.693946610216855788e+02
1.883474920212158954e-01 1.982820530303366913e-03 2.798750000000000000e+02 4.643971861755600230e+02
1.949500334927739553e-01 1.985593967279970003e-03 2.636266666666666652e+02 3.921957873874277425e+02
2.014306324154557237e-01 1.750557958225071797e-03 2.605942028985507477e+02 3.516886228165613488e+02
2.076332073357673447e-01 1.865361520913360683e-03 2.460945945945945823e+02 2.945177100266759567e+02
2.140129245322099916e-01 1.882829286684015863e-03 2.375600000000000023e+02 2.575998975155076778e+02
2.204163405633874917e-01 1.951475208267544961e-03 2.294871794871794748e+02 2.258515218626590126e+02
2.268599176829277919e-01 1.954094669929957399e-03 2.234124999999999943e+02 1.994554712210220657e+02
2.335135695299082048e-01 1.986313139076756155e-03 2.165999999999999943e+02 1.712165811101798738e+02
2.400224779461884173e-01 1.823737618079871109e-03 2.145625000000000000e+02 1.523553514813312972e+02
2.464005577519743639e-01 1.894426896505377799e-03 2.073411764705882376e+02 1.273051196724219949e+02
2.528350385827773383e-01 1.829527638271931031e-03 2.037976190476190368e+02 1.080910857708870196e+02
2.590859102888302123e-01 1.817056121189442432e-03 2.004880952380952408e+02 9.348525960905456600e+01
2.654612130450557106e-01 1.918447197659697845e-03 1.972247191011235827e+02 8.122577290221794044e+01
2.718942366720529247e-01 1.942478483450333455e-03 1.946483516483516496e+02 7.218622099228636557e+01
2.784185743669774227e-01 1.921358219378808702e-03 1.927419354838709751e+02 6.595294415620888628e+01
2.849156375412667530e-01 1.882334819595186037e-03 1.919042553191489446e+02 5.884672142869381872e+01
2.911870294677750826e-01 1.766712284927822799e-03 1.891910112359550453e+02 5.481295506469135148e+01
2.976511517037133681e-01 2.019527329980297554e-03 1.877669902912621467e+02 4.740736237497556260e+01
3.043178155919494809e-01 1.919359421117726450e-03 1.865000000000000000e+02 4.526670962197274406e+01
3.108074081907638564e-01 1.815555258398614735e-03 1.861428571428571388e+02 4.190491457919002727e+01
3.170970610330232087e-01 1.826000353424227750e-03 1.847474747474747403e+02 3.934224787827327674e+01
3.235319739834495723e-01 1.908097576542081529e-03 1.823238095238095298e+02 3.634481875508717508e+01
3.300700059726238145e-01 1.867687188749142220e-03 1.810566037735848965e+02 3.317317582266767317e+01
3.365262003550894554e-01 1.808122422876843900e-03 1.784761904761904816e+02 3.134245054792631180e+01
3.429039324965278412e-01 1.810371451943152679e-03 1.772830188679245396e+02 2.790259209789328665e+01
3.492243179790229801e-01 1.835371710213073819e-03 1.759074074074074190e+02 2.577160752568923385e+01
3.555659880086458058e-01 1.813249007222180170e-03 1.747870370370370381e+02 2.528154225123188681e+01
3.620245372922214488e-01 1.918012235727336494e-03 1.736581196581196593e+02 2.449908125016972704e+01
3.685406119477664388e-01 1.798147481859587110e-03 1.726396396396396256e+02 2.427474593723577101e+01
3.750909242308860247e-01 1.967614233492519498e-03 1.717661290322580783e+02 2.256531449624082342e+01
3.816999037813160189e-01 1.752662604176019427e-03 1.698260869565217490e+02 2.178398850094839290e+01
3.880273799716012495e-01 1.749306826939258557e-03 1.680086206896551744e+02 2.042965221571753176e+01
3.942361145945514900e-01 1.745527907058957431e-03 1.665517241379310462e+02 1.981884364978805735e+01
4.006128291384035145e-01 1.852638254231622501e-03 1.650894308943089470e+02 1.936074011113390014e+01
4.070503578694664726e-01 1.848743254130127446e-03 1.636854838709677438e+02 1.928655292760592488e+01
4.135933781829447264e-01 1.871256654943844995e-03 1.620077519379844944e+02 1.864665316936539696e+01
4.202179442533061082e-01 1.832712641984981681e-03 1.606999999999999886e+02 1.744397625807567564e+01
4.266798115557093873e-01 1.759393680741872749e-03 1.592598425196850371e+02 1.679418840222795950e+01
4.330910535146235696e-01 1.771858374752960505e-03 1.579538461538461434e+02 1.622194072689040567e+01
4.395078467689783608e-01 1.772659720438770270e-03 1.563863636363636260e+02 1.590256359602500424e+01
4.457793319829173595e-01 1.654526338047628432e-03 1.547839999999999918e+02 1.611606701400810238e+01
4.521562795609589402e-01 1.887763445894669913e-03 1.536338028169014081e+02 1.496676871739892256e+01
4.587656575942579140e-01 1.769717907920350091e-03 1.523649635036496477e+02 1.444094866879939509e+01
4.652405449529313231e-01 1.746242423612376143e-03 1.512446043165467700e+02 1.370840420099284174e+01
4.716282944699034529e-01 1.704407088516023735e-03 1.494452554744525514e+02 1.388095493873489872e+01
4.780637153179891352e-01 1.798647074538550902e-03 1.473611111111111143e+02 1.344964459808566026e+01
4.844976548260259142e-01 1.723433333189145671e-03 1.456760563380281610e+02 1.267268734572848565e+01
4.908596034113225648e-01 1.665744062354685903e-03 1.442127659574468055e+02 1.234947088401503379e+01
4.972011979785150859e-01 1.734256865849588200e-03 1.431369863013698591e+02 1.217970388450414276e+01
5.036178995103413047e-01 1.747915368961153139e-03 1.413243243243243228e+02 1.240851842233977465e+01
5.101756467004687767e-01 1.800451491856020327e-03 1.391096774193548526e+02 1.185238377038909086e+01
5.166235656727934389e-01 1.648057805296297825e-03 1.380136054421768677e+02 1.158229542491111985e+01
5.229884928033705638e-01 1.714260039451578075e-03 1.368289473684210407e+02 1.116808822486364150e+01
5.293925748937229336e-01 1.756900675637705763e-03 1.354230769230769340e+02 1.103011611627282740e+01
5.357749724968067229e-01 1.647361260156582873e-03 1.340860927152317856e+02 1.060799613668272379e+01
5.422269581426349960e-01 1.797131621318817348e-03 1.324512195121951095e+02 9.915207885478480421e+00
5.488258977193463117e-01 1.752106618123457169e-03 1.311801242236024905e+02 1.015866564626798940e+01
5.552607346015674405e-01 1.711536068502800701e-03 1.294124999999999943e+02 9.606048712920419064e+00
5.616696921416424182e-01 1.713298320607429745e-03 1.287668711656441758e+02 9.312537882480736329e+00
5.680596363279470928e-01 1.671719726027721563e-03 1.280875000000000057e+02 9.403743436791542010e+00
5.744116486855085357e-01 1.773350792090137981e-03 1.271726190476190510e+02 9.140167325063512038e+00
5.808465417437830292e-01 1.706594120505047427e-03 1.257939393939393966e+02 9.134943856717516297e+00
5.872915480827241019e-01 1.773275249674210931e-03 1.242658959537572230e+02 8.963649997835968719e+00
5.936297343998458986e-01 1.608871723183330060e-03 1.230000000000000000e+02 9.140535143855055722e+00
6.000917821228005655e-01 1.852508397134843563e-03 1.219835164835164818e+02 8.587920876304094620e+00
6.066068710033430955e-01 1.719733697199352486e-03 1.210818713450292421e+02 8.636904251173865177e+00
6.129319261090041548e-01 1.700305612135823196e-03 1.196279069767441854e+02 9.210021700820446355e+00
6.193292159447265632e-01 1.792945791870086646e-03 1.181777777777777771e+02 9.320374601701876927e+00
6.257789288608107681e-01 1.769335618302108433e-03 1.173728813559322077e+02 8.617667672417420377e+00
6.322945183878984077e-01 1.883051681004075783e-03 1.162275132275132279e+02 7.847570460971834194e+00
6.387697914265673127e-01 1.734308686986089703e-03 1.153465909090909065e+02 8.050693273879126366e+00
6.450797878865883739e-01 1.812617312363664322e-03 1.149565217391304373e+02 7.726510227939744624e+00
6.514777522098027518e-01 1.807195130708317372e-03 1.145405405405405475e+02 7.409448491890673338e+00
6.579453254174412180e-01 1.840076954070700866e-03 1.135026455026455068e+02 7.484287358408582058e+00
6.642487788958216788e-01 1.761967380250493336e-03 1.120604395604395620e+02 8.049433672112224158e+00
6.707545140871414846e-01 1.952870522822350513e-03 1.103199999999999932e+02 8.223089443755309702e+00
6.772291234912055646e-01 1.844192786587162299e-03 1.089788359788359742e+02 8.041852882092401344e+00
6.834443396870620857e-01 1.745041746211572261e-03 1.077989130434782652e+02 7.827404025647221708e+00
6.899300657465672337e-01 1.988575045799213618e-03 1.070048309178744006e+02 7.552713304559466323e+00
6.965346490814943170e-01 1.967867873463197050e-03 1.061557788944723626e+02 7.822248463257469808e+00
7.030970487636396538e-01 2.020648629947002003e-03 1.051844660194174708e+02 8.077949957803914671e+00
7.095716427219228573e-01 1.946516927103622520e-03 1.039797979797979792e+02 8.004386105047769817e+00
7.160970279381224657e-01 2.044543341153194464e-03 1.025285714285714249e+02 7.651597138866511827e+00
7.226116891734091219e-01 2.004959656352403585e-03 1.012243902439024339e+02 7.502488185318964220e+00
7.291288619178314390e-01 2.011427705279334160e-03 1.000190476190476261e+02 7.351690073634463474e+00
7.356079106374427967e-01 1.973711099579897668e-03 9.912500000000000000e+01 7.493546903323398567e+00
7.419803430714648762e-01 1.939746738906150680e-03 9.804390243902439295e+01 7.398961291796402939e+00
7.484516812817442188e-01 2.022257641999446187e-03 9.709999999999999432e+01 7.135984355873600471e+00
7.549512183205485671e-01 1.898119824350936232e-03 9.631250000000000000e+01 6.886790588901670063e+00
7.613853957290165342e-01 1.973382858640895885e-03 9.525909090909091503e+01 6.421374431286253959e+00
7.678481984516135617e-01 1.903941598965435333e-03 9.360930232558139608e+01 6.662910425483786980e+00
7.743372045322526320e-01 1.915374251326664194e-03 9.253603603603603744e+01 6.707447705318651643e+00
7.807807857039134047e-01 1.872160005679921477e-03 9.182568807339450245e+01 6.686698364836303199e+00
7.871827117013717734e-01 1.874571936203420349e-03 9.143891402714932326e+01 6.541155561420655573e+00
7.935705088346153291e-01 1.846468364235832015e-03 9.074887892376681009e+01 6.686002411388154876e+00
7.999497029225959288e-01 1.794315080242126848e-03 9.009132420091324889e+01 6.920377177206937347e+00
8.063895263538338742e-01 1.919941342275102670e-03 8.945762711864406924e+01 6.858136914787476890e+00
8.129038415374738591e-01 1.785391972586650427e-03 8.875111111111111484e+01 6.843914842425377287e+00
8.193543447618309994e-01 1.828478467253065801e-03 8.838297872340424988e+01 6.775398204083817433e+00
8.257450256705209934e-01 1.731942097964038994e-03 8.768750000000000000e+01 7.151989140142362089e+00
8.321389716972604766e-01 1.845140229989535984e-03 8.646666666666666856e+01 7.313286994687591580e+00
8.386208936931099922e-01 1.751195931903918061e-03 8.526068376068376153e+01 7.219500827489063077e+00
8.449970631363269424e-01 1.723661030767332288e-03 8.428879310344827047e+01 6.839269110215653313e+00
8.513046230100612677e-01 1.773741526074865430e-03 8.364285714285713880e+01 6.566494311199514655e+00
8.578256185292513214e-01 1.822821089358022794e-03 8.297165991902834037e+01 6.498138406529506916e+00
8.643009097266359797e-01 1.747841479780405487e-03 8.185062240663900468e+01 6.426886286565088646e+00
8.706520843132705689e-01 1.718512007701664341e-03 8.121848739495798952e+01 6.682429344540648408e+00
8.770655084888429043e-01 1.823306464836067656e-03 8.013833992094861003e+01 6.807429225401087081e+00
8.835379301005906738e-01 1.720994191554163586e-03 7.937860082304526088e+01 6.750871708719098585e+00
8.899818591232092624e-01 1.816014583941305376e-03 7.862352941176470722e+01 6.310427832033163043e+00
8.963154830142930907e-01 1.686559403020368615e-03 7.781250000000000000e+01 6.434404595609448663e+00
9.027402481510985455e-01 1.849914512401526186e-03 7.748473282442748200e+01 6.222013267400097192e+00
9.092741475074460622e-01 1.818523953956779297e-03 7.700392156862744741e+01 6.350544210121355171e+00
9.156513574886713247e-01 1.799905876070713017e-03 7.619047619047618980e+01 6.503676499649542642e+00
9.219738414041327434e-01 1.816254378221876130e-03 7.511328125000000000e+01 6.370963220995805365e+00
9.284093843578240524e-01 1.864548344913183461e-03 7.466153846153845564e+01 6.132158900506825994e+00
9.348720171621091035e-01 1.939851900461452830e-03 7.404494382022471655e+01 6.045243159819063017e+00
9.413551784733346084e-01 1.927152036582965508e-03 7.336259541984732380e+01 6.225996971126975588e+00
9.478756351150825488e-01 2.022964964773094239e-03 7.261956521739129755e+01 6.193636844867448588e+00
9.544794314844599059e-01 1.995588314593873917e-03 7.223247232472324697e+01 5.701876015440078049e+00
9.609640598131067302e-01 1.976081289299603128e-03 7.158088235294117396e+01 5.520616930101863495e+00
9.673540511875814429e-01 1.900963898517757681e-03 7.069696969696970257e+01 5.648965628517871096e+00
9.738764300010358532e-01 2.020370959177093719e-03 6.976388888888888573e+01 5.711741176604423487e+00
9.803887395962943563e-01 1.868024915732807104e-03 6.923220973782771637e+01 5.654481900715131459e+00
9.867609507399704993e-01 1.907798179635916648e-03 6.874551971326164335e+01 5.507790969135879955e+00
9.931792738827067701e-01 1.861169570246367679e-03 6.843272727272727707e+01 5.314795192092002907e+00
9.997024529712079666e-01 1.929714342920701943e-03 6.766780821917808453e+01 4.961649225052480183e+00
1.006152710574202525e+00 1.760100644785859590e-03 6.723897058823528994e+01 5.060917829144867319e+00
1.012546487448541255e+00 1.858180627704414780e-03 6.685467128027681838e+01 5.051551156152390476e+00
1.018988798098918291e+00 1.803978976354649174e-03 6.642253521126760063e+01 5.418967181705883540e+00
1.025394048634321598e+00 1.775790568352827222e-03 6.589473684210526017e+01 5.451778027076098709e+00
1.031778999059903112e+00 1.783042104657854955e-03 6.513494809688580744e+01 5.193445420599092088e+00
1.038243195035333466e+00 1.800042721148124251e-03 6.481569965870306760e+01 5.087246813425919001e+00
1.044593270705168830e+00 1.728638088187854378e-03 6.430069930069930706e+01 5.387904272126270655e+00
1.051019473275584426e+00 1.807666001326826760e-03 6.396989966555184282e+01 5.817945653545627316e+00
1.057452118334604840e+00 1.764796907398143069e-03 6.336949152542372588e+01 5.277420696159409452e+00
1.063812741872586898e+00 1.735604614353873946e-03 6.291095890410959157e+01 5.111294199302011343e+00
1.070275566257694377e+00 1.860876787998901613e-03 6.222258064516128684e+01 4.846636517823478485e+00
1.076675486865225739e+00 1.737707282280460301e-03 6.163230240549827954e+01 4.918332582743920156e+00
1.083000003099001241e+00 1.811785629637566912e-03 6.123355263157894512e+01 5.050290284709762823e+00
1.089457558406981885e+00 1.875700427842611059e-03 6.121428571428571530e+01 5.374021030924269304e+00
1.095857128634095679e+00 1.865882195591197666e-03 6.072039473684210265e+01 5.345298582131128740e+00
1.102286980210992473e+00 1.937596539280167377e-03 5.990415335463259083e+01 5.338098868841406386e+00
1.108924588094037933e+00 2.035521144429528872e-03 5.928658536585366079e+01 5.091943529283631698e+00
1.115518250266801070e+00 1.963453062553008333e-03 5.897784810126582045e+01 5.020786786145252201e+00
1.121980766162010701e+00 1.920251373127695831e-03 5.839490445859872381e+01 4.740873482228558977e+00
1.128426312748922689e+00 1.950613960551148517e-03 5.782919254658384745e+01 4.721246671412662188e+00
1.134959239864979930e+00 1.915365560061970144e-03 5.723076923076923350e+01 4.791313639340733843e+00
1.141388067807542761e+00 1.819889318180962796e-03 5.690158730158729838e+01 4.846484831085209777e+00
1.147829738822878420e+00 1.877407927217479219e-03 5.625227963525836117e+01 4.920125863264182442e+00
1.154234759887723172e+00 1.796226287448233561e-03 5.578683385579937237e+01 5.162346048787310515e+00
1.160592008141087206e+00 1.784421184300352767e-03 5.528173374613002977e+01 5.056536083181949692e+00
1.167026991042843242e+00 1.836276795008287468e-03 5.507164179104477597e+01 5.041722117182132479e+00
1.173494023876834547e+00 1.758155136545365687e-03 5.478287461773700073e+01 4.920893162656398978e+00
1.179808164649816637e+00 1.732605827553653768e-03 5.356615384615384556e+01 5.189751393528132972e+00
1.186220583891021807e+00 1.881017850291822648e-03 5.346302250803858414e+01 4.810488200234941836e+00
1.192681073817049464e+00 1.793318889751105601e-03 5.260000000000000142e+01 4.602922609790885744e+00
1.199065629744253458e+00 1.797529783280079436e-03 5.212676056338028019e+01 4.232488105638591236e+00
1.205502001077074059e+00 1.899328588103967692e-03 5.172602739726027465e+01 4.106380025642224041e+00
1.211991242640565014e+00 1.826306843735066819e-03 5.108333333333333570e+01 4.009123050350319239e+00
1.218362901235649165e+00 1.888953249129523074e-03 5.077697841726618577e+01 4.012099344746373752e+00
1.224837827500277143e+00 1.938626244914326818e-03 5.009712230215827589e+01 3.907415390829185764e+00
1.231306496939841066e+00 1.935692192720165272e-03 4.969202898550724967e+01 3.977524944471111823e+00
1.237900180047003751e+00 1.954996484647400414e-03 4.982795698924731198e+01 4.029270099626722335e+00
1.244387829439413284e+00 1.881879514088832415e-03 4.911194029850746290e+01 3.783188327710198973e+00
1.250735832344970877e+00 1.818331757808236372e-03 4.849224806201550564e+01 3.505796276968306646e+00
1.257083335292831006e+00 1.905720956169173206e-03 4.814760147601476348e+01 3.666062338765863071e+00
1.263603115287416090e+00 1.841854869392088893e-03 4.785984848484848442e+01 3.847310277690000557e+00
1.270020777910819465e+00 1.832011672431217405e-03 4.755513307984790572e+01 3.701045841001451731e+00
1.276488051741652807e+00 1.832185980768075541e-03 4.687072243346007383e+01 3.516649851685237582e+00
1.282839323063532211e+00 1.758750693263018286e-03 4.642519685039370358e+01 3.476866143123193975e+00
1.289363492023574365e+00 1.805471412487298991e-03 4.562962962962962621e+01 3.786778740378439423e+00
1.295761563244195891e+00 1.749310907134910172e-03 4.628859060402684378e+01 4.244803296862265540e+00
1.302096506369333051e+00 1.727886103868702576e-03 4.637209302325581461e+01 5.093379741464352684e+00
1.308490604613926855e+00 1.841981469325142248e-03 4.628037383177569808e+01 4.782837544933038920e+00
1.314923371882378955e+00 1.783204890748409099e-03 4.619292604501607968e+01 4.623655575291024000e+00
1.321263162947042602e+00 1.883891353746835161e-03 4.583641975308641747e+01 4.584651886655158215e+00
1.327809252188654421e+00 1.990407611744629372e-03 4.579881656804733581e+01 4.721259467154821365e+00
1.334395055816720577e+00 2.005908808147741692e-03 4.543108504398826852e+01 4.889710779391045925e+00
1.340924575314278222e+00 1.937181998292608577e-03 4.508656716417910104e+01 4.881147442602693509e+00
1.347326738882997477e+00 1.911240937813023883e-03 4.489940828402367146e+01 4.727321848968002449e+00
1.353867248119903444e+00 1.925349651844857632e-03 4.465439093484419431e+01 4.698408532010697414e+00
1.360292180733798650e+00 1.777880213384871099e-03 4.452994011976048228e+01 4.560219338577321757e+00
1.366716033276369036e+00 1.860440026654835337e-03 4.461624649859943759e+01 4.444819480602657968e+00
1.373134056949086190e+00 1.747663592607761902e-03 4.443274853801169400e+01 4.777011827771364239e+00
1.379508641949547476e+00 1.787974598008121871e-03 4.427042253521126725e+01 4.842973670117411977e+00
1.385849874457594222e+00 1.730044418412237826e-03 4.381556195965417544e+01 4.862374370298742754e+00
1.392210228535155858e+00 1.777760908321846531e-03 4.347500000000000142e+01 4.869762143404271271e+00
1.398630460992727143e+00 1.793834584281517276e-03 4.312222222222222001e+01 4.648698875445464118e+00
1.405027543482165298e+00 1.820682476180417696e-03 4.281267217630853850e+01 4.486304344014347301e+00
1.411380623846245186e+00 1.844474811107960554e-03 4.228888888888889142e+01 4.523471026043692333e+00
1.418011585217980208e+00 2.061904995500850411e-03 4.205735660847880553e+01 4.498195303015808832e+00
1.424633236002852632e+00 1.911062399977238009e-03 4.183060109289617401e+01 4.393029709003464234e+00
1.431027237377290762e+00 1.930893372260762729e-03 4.161477572559366678e+01 4.435218857108917945e+00
1.437551415863808524e+00 1.925262037142165712e-03 4.144675324675324646e+01 4.607336102405917622e+00
1.443999660086549230e+00 1.834928749309971486e-03 4.112997347480106214e+01 4.638599805086603745e+00
1.450408168300875378e+00 1.822080046480867126e-03 4.085863874345550073e+01 4.532380628834437708e+00
1.456762351763572827e+00 1.768742008520618686e-03 4.055263157894736992e+01 4.652249031665394163e+00
1.463211358413713192e+00 1.810126088705470279e-03 4.043622448979591866e+01 4.627678991547812259e+00
1.469593255354290973e+00 1.758193336020684059e-03 4.024218750000000000e+01 4.289254606353532395e+00
1.475950724204827313e+00 1.769305199294179780e-03 3.997416020671834502e+01 4.037202885372331629e+00
1.482355977374464340e+00 1.855140322631434503e-03 3.966749999999999687e+01 4.304197079595681430e+00
1.488803525874331735e+00 1.854999873494519958e-03 3.963104325699745800e+01 4.437617450840500410e+00
1.495319592526707764e+00 2.003828109077177445e-03 3.941148325358851423e+01 4.594732881020818560e+00
1.501939691759246465e+00 1.957822028991581826e-03 3.911678832116788129e+01 4.507228837969363688e+00
1.508463382234335848e+00 1.918938912685786129e-03 3.899755501222493592e+01 4.302155913176819446e+00
1.514901188746566207e+00 1.852902137227367511e-03 3.873399014778325267e+01 4.140394821285646287e+00
1.521228969867623793e+00 1.785136608190808364e-03 3.841309823677581647e+01 4.234518398117288918e+00
1.527563647216529041e+00 1.824993124647320475e-03 3.823317307692308020e+01 4.266544546452537112e+00
1.534022576503679458e+00 1.781774817406586286e-03 3.786650485436893376e+01 4.382091830981747371e+00
1.540418711468126034e+00 1.792491139398408621e-03 3.771531100478468801e+01 4.285515082566469403e+00
1.546838712332167631e+00 1.778278829154705072e-03 3.739277108433734753e+01 4.334332283962646137e+00
1.553238623106807825e+00 1.840983848395847744e-03 3.729009433962264097e+01 4.124995280319210700e+00
1.559673935783696619e+00 1.867161364404805587e-03 3.721615201900237224e+01 3.951771699932105530e+00
1.566161367499480317e+00 1.987417225671155377e-03 3.694104308390022595e+01 4.146798388896264065e+00
1.572795191923813007e+00 1.975399758409353626e-03 3.657528089887640732e+01 4.037271124980201797e+00
1.579229625961506400e+00 1.828964939238766603e-03 3.631490384615384670e+01 4.322921493664280135e+00
1.585615098485775532e+00 1.901195136705323549e-03 3.622197309417040145e+01 4.294444903956678772e+00
1.592069020803266399e+00 1.783565421147388207e-03 3.594366197183098421e+01 4.340710103223298866e+00
1.598398624204083740e+00 1.798472010651884717e-03 3.580821917808219013e+01 4.218814845302276240e+00
1.604843375939136507e+00 1.797152056805669104e-03 3.558371040723982048e+01 4.160519683793039825e+00
1.611212339410225569e+00 1.768878106258207515e-03 3.532798165137614887e+01 4.312725623802552199e+00
1.617590363377642504e+00 1.818287623560442892e-03 3.525617977528089853e+01 4.259042379414387902e+00
1.623974015669422899e+00 1.854816384487833732e-03 3.503611738148984500e+01 4.223031080963620454e+00
1.630543485616582799e+00 2.014479720267581264e-03 3.452510460251045998e+01 4.150849045922326397e+00
1.637155364196844820e+00 1.921442116166700376e-03 3.436563876651982241e+01 3.845493272645950977e+00
1.643640215828007012e+00 1.916406123937146409e-03 3.427038626609441963e+01 3.759452098223540872e+00
1.650095370295723063e+00 1.808845151496338592e-03 3.404454342984409720e+01 3.739619239944303342e+00
1.656466136267144007e+00 1.835556712886826517e-03 3.361505376344086216e+01 3.798049776132101041e+00
1.662921359457136594e+00 1.784847929403802829e-03 3.338779956427015350e+01 3.782300102822176324e+00
1.669278115879615276e+00 1.787810489320909016e-03 3.328787878787878896e+01 3.732390109666448907e+00
1.675603147458916142e+00 1.759339208401217896e-03 3.315894039735099597e+01 3.730346654519868022e+00
1.681944817773278311e+00 1.879012939346250957e-03 3.292405063291139555e+01 3.529319591559014313e+00
1.688494896982127180e+00 1.961244959671172398e-03 3.271810699588477434e+01 3.592716330085232279e+00
1.695047655103924189e+00 1.958531043791479891e-03 3.256584362139917488e+01 3.637357282349103826e+00
1.701563412030947964e+00 1.893890162085724253e-03 3.234237995824634737e+01 3.645053291879079449e+00
1.707975620325744792e+00 1.846204685496802061e-03 3.224217118997912479e+01 3.580902229749340471e+00
1.714377380249353600e+00 1.797036493929945892e-03 3.206903765690376673e+01 3.545517175209448535e+00
1.720768292737840266e+00 1.799184406037973973e-03 3.200000000000000000e+01 3.565585795049064810e+00
1.727152534628709324e+00 1.771490888047008889e-03 3.178705636743215024e+01 3.608175247054413948e+00
1.733526494930327289e+00 1.835615179227028260e-03 3.160488798370672114e+01 3.525569433523663587e+00
1.739975521513371870e+00 1.888347845677861795e-03 3.159756097560975618e+01 3.604963446627019064e+00
1.746497876640803248e+00 1.988580869552720402e-03 3.153875968992247891e+01 3.673644760366879591e+00
1.753090192095328348e+00 1.909790863647236811e-03 3.119123505976095601e+01 3.729614623214394520e+00
1.759542915568929722e+00 1.863330342728648260e-03 3.088247011952191201e+01 3.655740507708913345e+00
1.765978610475646082e+00 1.805054295706254351e-03 3.051800000000000068e+01 3.473141517416183710e+00
1.772332663329672986e+00 1.770928694831684115e-03 3.041129032258064413e+01 3.413832176612205949e+00
1.778664509689639184e+00 1.781133477909586536e-03 3.032534930139720686e+01 3.548436841527645491e+00
1.785069366740120511e+00 1.834600355293997381e-03 3.002929687500000000e+01 3.464267893592269054e+00
1.791506168727699633e+00 1.878728357369653049e-03 2.968235294117647172e+01 3.612131935089534007e+00
1.798039063906349488e+00 1.995486375923071192e-03 2.949814814814814667e+01 3.446548540930930660e+00
1.804647924016717919e+00 1.913848319004299433e-03 2.936206896551724199e+01 3.628835936995471467e+00
1.811089958053599736e+00 1.862622323854617795e-03 2.931992337164750850e+01 3.597277791631571464e+00
1.817521720439822408e+00 1.798364348704032875e-03 2.929343629343629374e+01 3.423372741324647972e+00
1.823812670535420288e+00 1.750448090683544159e-03 2.912352941176470722e+01 3.217093188161461281e+00
1.830221642949216854e+00 1.837728497302317443e-03 2.893482309124767227e+01 3.073177536360457651e+00
1.836582905300079060e+00 1.780128382536366044e-03 2.870588235294117752e+01 3.019735164109764280e+00
1.843061797820461534e+00 1.986079127245108083e-03 2.829129662522202437e+01 3.133647863822352608e+00
1.849632829275571488e+00 1.888944039210000737e-03 2.831954887218045158e+01 3.101659827469993136e+00
1.856090187264436642e+00 1.913060858845453587e-03 2.815636363636363626e+01 3.008082775368901896e+00
1.862531947297203283e+00 1.788974026913770074e-03 2.802641509433962241e+01 3.038015925211215329e+00
1.868931787959941415e+00 1.835149539700427039e-03 2.780145719489981815e+01 3.050026214894949295e+00
1.875342409945594868e+00 1.782793697721218873e-03 2.744134078212290362e+01 3.191540136962939922e+00
1.881685992375486283e+00 1.813583446463527945e-03 2.708118081180811743e+01 3.120432965361395805e+00
1.888176611507502489e+00 1.945205006648250507e-03 2.692063492063492092e+01 3.194558094969103923e+00
1.894684395670122701e+00 1.921537496908314263e-03 2.704651162790697683e+01 3.134959894606511366e+00
1.901176782548104516e+00 1.886986723452953362e-03 2.698932384341636848e+01 3.187756065188450449e+00
1.907561981128558237e+00 1.795440373499332084e-03 2.678102189781021991e+01 3.126442338571797652e+00
1.913985041606118376e+00 1.828239138046576940e-03 2.655614035087719316e+01 2.988650945183342067e+00
1.920403381422240097e+00 1.786024996940504313e-03 2.626268115942028913e+01 3.033381284372790088e+00
1.926716413297410169e+00 1.834639747803229817e-03 2.602669039145907348e+01 2.985917818957025460e+00
1.933271554332125497e+00 1.965820526812752777e-03 2.590909090909091006e+01 3.081660753008512721e+00
1.939792573083097382e+00 1.907526115978609412e-03 2.595986038394415374e+01 3.026940307498064087e+00
1.946288570836251841e+00 1.883695634446648113e-03 2.592844974446337147e+01 2.903010051269473202e+00
1.952655684029843908e+00 1.737190040939992066e-03 2.567811934900542425e+01 2.921016742983232994e+00
1.958969978021109171e+00 1.827434973414125523e-03 2.553071672354948873e+01 2.921462831867926990e+00
1.965496063115082181e+00 1.854230162972571750e-03 2.530236486486486314e+01 2.905661718738080879e+00
1.971963975922738088e+00 1.884120710564727479e-03 2.505308219178082041e+01 2.884894389892492139e+00
1.978442510441045021e+00 1.957066319931451050e-03 2.492092257001647582e+01 2.981857609584985358e+00
1.984931097981023740e+00 1.843590323278294961e-03 2.469914529914530021e+01 2.989368260148645096e+00
1.991287308585444338e+00 1.815152065882439042e-03 2.477172061328790420e+01 3.025215518191346487e+00
1.997701973476069481e+00 1.833321787203764366e-03 2.472093023255813904e+01 2.936152591748329765e+00
2.004164133665459424e+00 1.816322146449814287e-03 2.451419031719532526e+01 2.820194162267887883e+00
2.010465304371688244e+00 1.793999045974344238e-03 2.427036395147313641e+01 2.648728018695378772e+00
2.016906033528098163e+00 1.989616449670199121e-03 2.411580594679186262e+01 2.550137670309969185e+00
2.023555996358446407e+00 1.897180052363281293e-03 2.410194174757281615e+01 2.318729010896197984e+00
2.029968694217374470e+00 1.807083598350285245e-03 2.397826086956521863e+01 2.501737072827942665e+00
2.036339422929389187e+00 1.823287213829230622e-03 2.389141004862236528e+01 2.667292705746817649e+00
2.042808231593590484e+00 1.819045180469573350e-03 2.380357142857142705e+01 2.787097974703022008e+00
2.049121403930300289e+00 1.816823929832920258e-03 2.358528428093645601e+01 2.879037309475710238e+00
2.055546024436551544e+00 1.958593688934813937e-03 2.354783950617283850e+01 2.777240174314301591e+00
2.062179187475123410e+00 1.909374836257744399e-03 2.348593749999999858e+01 2.730430190178372296e+00
2.068587893715514436e+00 1.782255124468116103e-03 2.336824877250409216e+01 2.639716878063322891e+00
2.074943470461427353e+00 1.803325004765888358e-03 2.316006339144215431e+01 2.512723142823624300e+00
2.081348551495329602e+00 1.811685209211536278e-03 2.300319999999999965e+01 2.532665568131726275e+00
2.087807581420585645e+00 1.934124239786214495e-03 2.282695252679938847e+01 2.714679224055358109e+00
2.094354049547901386e+00 1.919763106963207067e-03 2.281748466257668539e+01 2.558547013703899253e+00
2.100814970511138302e+00 1.841726384006937703e-03 2.271540880503144777e+01 2.521668486070498094e+00
2.107147425483176129e+00 1.793021693532189254e-03 2.264353312302839072e+01 2.448872147185505721e+00
2.113573117004156288e+00 1.831442330790634650e-03 2.245648854961832086e+01 2.448544173231361309e+00
2.119956773712852627e+00 1.806996690666118864e-03 2.229430379746835555e+01 2.405016446912221273e+00
2.126392549358501416e+00 1.961143276791299343e-03 2.209852941176470509e+01 2.493077786835194321e+00
2.133022499541108896e+00 1.914261261225060897e-03 2.219674556213017880e+01 2.455229169517647581e+00
2.139480964562213483e+00 1.786119367506160778e-03 2.202015503875968960e+01 2.483045810170025902e+00
2.145796782645738254e+00 1.799418587043424183e-03 2.199847094801223335e+01 2.421551093222837903e+00
2.152165366120878165e+00 1.825425695775702338e-03 2.193030303030302974e+01 2.375609727928951198e+00
2.158655754564665852e+00 1.929951649106770133e-03 2.157848837209302317e+01 2.510831221891314247e+00
2.165204964825616862e+00 1.913631523374921799e-03 2.137134502923976598e+01 2.347404223831484504e+00
2.171687233764930003e+00 1.836559742283269984e-03 2.145037037037037209e+01 2.187011415160230232e+00
2.178057454997971210e+00 1.770075738143539208e-03 2.147432024169184217e+01 2.238275179008252458e+00
2.184381886656512783e+00 1.819268068842387707e-03 2.142793462109955271e+01 2.227140025910809396e+00
2.190889596552291430e+00 1.941484629964972597e-03 2.118617771509167724e+01 2.262283729292963841e+00
2.197415493733709368e+00 1.880394352234131695e-03 2.106821480406386016e+01 2.208593231545421087e+00
2.203858495652105454e+00 1.844129167940211774e-03 2.090448625180897224e+01 2.262319730446128219e+00
2.210218428929338064e+00 1.776952575370011446e-03 2.072633136094674455e+01 2.273170515168125405e+00
2.216548686487991304e+00 1.820372229284925253e-03 2.053410740203193185e+01 2.268603972003798486e+00
2.223054582631938558e+00 1.937499342758612587e-03 2.045441988950276269e+01 2.285538935755657253e+00
2.229555406010463425e+00 1.871681269043944497e-03 2.043204577968526436e+01 2.130893483747339445e+00
2.236023148886606471e+00 1.876509468722661325e-03 2.031988873435326681e+01 2.174176895659699404e+00
2.242466908337517939e+00 1.781536512235300631e-03 2.019999999999999929e+01 2.236840011581087140e+00
2.248784053696174290e+00 1.815619011182786555e-03 2.009612625538020225e+01 2.241724992682887496e+00
2.255261034229438355e+00 1.958337742873136802e-03 2.004966442953019978e+01 2.427253558993552218e+00
2.261752977112598817e+00 1.833135357339661826e-03 2.004809052333804686e+01 2.418227872526724553e+00
2.268193030407839927e+00 1.856919733580766289e-03 1.995907230559345180e+01 2.350214422737274322e+00
2.274620661936892052e+00 1.792548502283534354e-03 1.978984485190408904e+01 2.278084937877166372e+00
2.281045196159239286e+00 1.907452264699439036e-03 1.969324324324324493e+01 2.308345452699673839e+00
2.287566856146262317e+00 1.925687837049752790e-03 1.974197860962566864e+01 2.140438211126773904e+00
2.294017676381079784e+00 1.818149611703329506e-03 1.955540166204986008e+01 2.128112625103455002e+00
2.300373896127871021e+00 1.814054264739159471e-03 1.937209302325581461e+01 2.143345503234334704e+00
2.306733295622487301e+00 1.809288305020508025e-03 1.937225274725274815e+01 2.135998286259498169e+00
2.313210233147671158e+00 1.927057466226796351e-03 1.912760416666666785e+01 2.151375043526346342e+00
2.319750633036068876e+00 1.886628064392380537e-03 1.906490066225165592e+01 2.124248139124071955e+00
2.326167810919689938e+00 1.805281422939875990e-03 1.899864682002706218e+01 2.095809755192364232e+00
2.332524891627314911e+00 1.808157875111407291e-03 1.895295698924731198e+01 2.093996298821874102e+00
2.339018828040365428e+00 1.927078730268403945e-03 1.878974358974359049e+01 2.078679219559952163e+00
2.345529090540556361e+00 1.892646505679497623e-03 1.877748691099476375e+01 2.048160412572317846e+00
2.351902562585342693e+00 1.808634088653226840e-03 1.862834224598930533e+01 2.034891989746510532e+00
2.358283426411155403e+00 1.828495513811564770e-03 1.850065189048239844e+01 2.012428892374765521e+00
2.364665150299146479e+00 1.824483169818866225e-03 1.838940397350993550e+01 2.045154064295423346e+00
2.371140522023317931e+00 1.956229962378429419e-03 1.826178660049627922e+01 2.144883927952004221e+00
2.377698484074287411e+00 1.857249505322706908e-03 1.817820512820512846e+01 1.982101866870340068e+00
2.384135550776628865e+00 1.806484998011118103e-03 1.786580645161290448e+01 1.997388513557010414e+00
2.390495270780528703e+00 1.815820546892564329e-03 1.782590529247910993e+01 1.923706405006612163e+00
2.396907059408651008e+00 1.904650256318906557e-03 1.755540355677154452e+01 2.015691372535145298e+00
2.403395490390968892e+00 1.861409897307351969e-03 1.755352112676056464e+01 1.829730880815828797e+00
2.409868588547004364e+00 1.847911660654164229e-03 1.739772727272727337e+01 1.874634089640248025e+00
2.416315494183244539e+00 1.848423108511250412e-03 1.739710144927536106e+01 1.909014202066736887e+00
2.422721222723576151e+00 1.879130934971403807e-03 1.725290697674418539e+01 2.001179555150514489e+00
2.429135064156228374e+00 1.862177758942303550e-03 1.712023460410557263e+01 1.882649984315194924e+00
2.435558328952115659e+00 1.829358714226044739e-03 1.699852071005917153e+01 1.854945828257365426e+00
2.441961929587736613e+00 1.826990787003958654e-03 1.698802395209580851e+01 1.956446512797733739e+00
2.448435267415004279e+00 1.916283866918213176e-03 1.677470930232558288e+01 2.031315392923342067e+00
2.454898310690642571e+00 1.851262751470384186e-03 1.679848484848484702e+01 1.996586848848657336e+00
2.461278332832209870e+00 1.841207405127180587e-03 1.666918429003021274e+01 2.036383762335205017e+00
2.467732767309350983e+00 1.860175811866779036e-03 1.647297297297297192e+01 2.024803585360570146e+00
2.474317234005322774e+00 1.907302378477835920e-03 1.617310443490701033e+01 2.012915190668208343e+00
2.480763678027650521e+00 1.850982492662076430e-03 1.626842837273991549e+01 1.990052365604910722e+00
2.487114426650852028e+00 1.791691956921820849e-03 1.628511235955056335e+01 1.934825465871774730e+00
2.493514277050582706e+00 1.905910091373927331e-03 1.611360634081902177e+01 2.094322532606128107e+00
2.500016016455529844e+00 1.897218154373805617e-03 1.604302477183833275e+01 1.949032189645085955e+00
2.506504299072060071e+00 1.823698874814003905e-03 1.597233201581027728e+01 1.887616989140400880e+00
2.512828968428921783e+00 1.779539787674511890e-03 1.592193808882907113e+01 1.847989831196536814e+00
2.519262120792594928e+00 1.938201810876334251e-03 1.583188044831880426e+01 1.900427867197310494e+00
2.525775074220281358e+00 1.871497825325404334e-03 1.575541401273885356e+01 1.847978721738486652e+00
2.532197693037325781e+00 1.807973308604888651e-03 1.556410256410256387e+01 1.734772199025423456e+00
2.538545427775757091e+00 1.816891897915347926e-03 1.554311454311454277e+01 1.740703853760823705e+00
2.545039371368973402e+00 1.965732421291352915e-03 1.547624703087885933e+01 1.889934957108393210e+00
2.551577586228050976e+00 1.818913119815899733e-03 1.541161616161616088e+01 1.861093122454626991e+00
2.557912035390546901e+00 1.811160408138717511e-03 1.535087719298245545e+01 1.914561423029763398e+00
2.564418003384666633e+00 1.924750488034227642e-03 1.509090909090909172e+01 1.939793593217275181e+00
2.570930014234638072e+00 1.852202887801034569e-03 1.503048780487804947e+01 1.776289738465880008e+00
2.577333690207623373e+00 1.816621428331073769e-03 1.491687041564792260e+01 1.644158385147842738e+00
2.583698900290759326e+00 1.840143410056186736e-03 1.486185819070904657e+01 1.776734950073520780e+00
2.590116643848396460e+00 1.922552353981257615e-03 1.486581096849474903e+01 1.890970397946676984e+00
2.596553429180498362e+00 1.801710981220896188e-03 1.481553398058252391e+01 1.801690380441958172e+00
2.602955615407046341e+00 1.842317350104424401e-03 1.475294117647058911e+01 1.715970172589835752e+00
2.609495359574187212e+00 1.911716238635802895e-03 1.461687571265678365e+01 1.632022451037435706e+00
2.615974071523933020e+00 1.844748521006626301e-03 1.450470588235294045e+01 1.542719479038057617e+00
2.622378270172453618e+00 1.832507040312451657e-03 1.436608187134502934e+01 1.602914909161464285e+00
2.628819659223405658e+00 1.883705983027747803e-03 1.419195402298850617e+01 1.681247358561839933e+00
2.635224897504864661e+00 1.872415782458078902e-03 1.420344827586206904e+01 1.652999052036177918e+00
2.641639659702591736e+00 1.816527212418568051e-03 1.415109573241061192e+01 1.637703668021829984e+00
2.648064596936881454e+00 1.851525790120274028e-03 1.407639680729760556e+01 1.750047339551381143e+00
2.654540339871488630e+00 1.920962172705038655e-03 1.401760176017601722e+01 1.764998893219595910e+00
2.661017435989672553e+00 1.820997431850269717e-03 1.402057142857142935e+01 1.755204598807064587e+00
2.667377750780578261e+00 1.839233884157700843e-03 1.395573212258796758e+01 1.701714860821542885e+00
2.673833255939705111e+00 1.922629864361171097e-03 1.383423618634886232e+01 1.782140961303669835e+00
2.680310332336410362e+00 1.829470795604572599e-03 1.384098544232922734e+01 1.652057971487943755e+00
2.686679530094181256e+00 1.809753184080302099e-03 1.375784753363228674e+01 1.534890523110753691e+00
2.693172569770623248e+00 1.920456143785719515e-03 1.348837209302325668e+01 1.596726456030330477e+00
2.699710169678059213e+00 1.845827250732203417e-03 1.330098146128680447e+01 1.553913025382629209e+00
2.706108723802718607e+00 1.808001129835774996e-03 1.329125138427463959e+01 1.503665560837357917e+00
2.712552861480932442e+00 1.909490143508341294e-03 1.321707060063224404e+01 1.606920139897043631e+00
2.719028861112676942e+00 1.848278151304674159e-03 1.324648648648648575e+01 1.467871254229049960e+00
2.725349625855669977e+00 1.780111837505188701e-03 1.310210876803551550e+01 1.500169469564230029e+00
2.731792001493120292e+00 1.927874637693306574e-03 1.296926229508196649e+01 1.605589344312299271e+00
2.738310186615081410e+00 1.835670255000661395e-03 1.305857294994675222e+01 1.494340427339972743e+00
2.744685257899765141e+00 1.793617037467074102e-03 1.292456896551724199e+01 1.467920032025625598e+00
2.751066800196758422e+00 1.878288467704576767e-03 1.291928721174004124e+01 1.522612370339206711e+00
2.757601512830000434e+00 1.862141664063760894e-03 1.296353591160220908e+01 1.394052172503744469e+00
2.764058068263966828e+00 1.836587841443396716e-03 1.276879271070615118e+01 1.315248624471125005e+00
2.770529172478649382e+00 1.887167826034379927e-03 1.271621621621621578e+01 1.344492730081416232e+00
2.776955143396238501e+00 1.821333560803167642e-03 1.274056603773584939e+01 1.292971335877364902e+00
2.783316304171964184e+00 1.843620978786204888e-03 1.261084905660377409e+01 1.286812207630689597e+00
2.789755116199374552e+00 1.895104686621155434e-03 1.249942196531791971e+01 1.261593236640695226e+00
2.796202065730379438e+00 1.823396814250311405e-03 1.245149700598802411e+01 1.236780215033213670e+00
2.802598215598055997e+00 1.839199823105454800e-03 1.234850299401197660e+01 1.272431841985587342e+00
2.809058618291326859e+00 1.891542357478581855e-03 1.227602339181286517e+01 1.258949020015825093e+00
2.815539484174618412e+00 1.814857361145085640e-03 1.220995145631068013e+01 1.271842344176355111e+00
2.821989463872399906e+00 1.865090624993398201e-03 1.228673835125447944e+01 1.291211694203365568e+00
2.828483713597702565e+00 1.883630524017047489e-03 1.224285714285714199e+01 1.218263791904966364e+00
2.834900904292738222e+00 1.791954038426357698e-03 1.217125000000000057e+01 1.190435844554421418e+00
2.841279989216558999e+00 1.876324795384782303e-03 1.206763285024154619e+01 1.156936752306111593e+00
2.847767858763501359e+00 1.886990809494324501e-03 1.186473429951690761e+01 1.189078204181165388e+00
2.854224446368732959e+00 1.845718501710050556e-03 1.179032258064516192e+01 1.222897161408812883e+00
2.860652227376856871e+00 1.895283512592607677e-03 1.181553398058252391e+01 1.204651532334449326e+00
2.867113210476443186e+00 1.859648482407798373e-03 1.189480198019801982e+01 1.211512928986018922e+00
2.873572830144707879e+00 1.886954548921765396e-03 1.179729729729729648e+01 1.171608939792900594e+00
2.879995266294152589e+00 1.874768549312584749e-03 1.165179677819083004e+01 1.132381711847056716e+00
2.886377499349285003e+00 1.822646243021190660e-03 1.158101265822784853e+01 1.066103874657178263e+00
2.892826601299819611e+00 1.901257081905588812e-03 1.148845686512758135e+01 1.073897070243384766e+00
2.899287209408602628e+00 1.837036175435869181e-03 1.137232704402515715e+01 1.076427542430921092e+00
2.905651471559458798e+00 1.820821310380915442e-03 1.128843710292249014e+01 1.095684740468232832e+00
2.912064357739847953e+00 1.885695667761764669e-03 1.130466830466830430e+01 1.131276881118404409e+00
2.918524733004972394e+00 1.831846772134888184e-03 1.110366624525916635e+01 1.057513622662288766e+00
2.925008101889499557e+00 1.898964803942654149e-03 1.097929354445797756e+01 1.062955732340838955e+00
2.931494571104498625e+00 1.860470468068603543e-03 1.097775030902348625e+01 1.080549038595747469e+00
2.937893251398651540e+00 1.817351826735809622e-03 1.091969887076536949e+01 1.096235389118607184e+00
2.944305546311252186e+00 1.880927000690213848e-03 1.085078219013237089e+01 1.068275584363636455e+00
2.950769139483569781e+00 1.826098071515048831e-03 1.078501228501228582e+01 1.153012378794678661e+00
2.957217893682505760e+00 1.858471812583063982e-03 1.075302663438256623e+01 1.127667920766544540e+00
2.963641657319503686e+00 1.840162297927921053e-03 1.066257668711656414e+01 1.136603035766266423e+00
2.970043842149071800e+00 1.832295957600710810e-03 1.061262376237623783e+01 1.197338147863577618e+00
2.976510225225458495e+00 1.909562939757382871e-03 1.054156769596199439e+01 1.130229570324427169e+00
2.983008757323797777e+00 1.820848808918005624e-03 1.042750929368029666e+01 1.118691483678805554e+00
2.989442833175567138e+00 1.860876473636659213e-03 1.038424242424242472e+01 1.157625256755419940e+00
2.995851322080832713e+00 1.818248084975540883e-03 1.027577639751552852e+01 1.074292149531692608e+00
3.002288071879581022e+00 1.866109072499165002e-03 1.025213154689403083e+01 1.012143623897146405e+00
3.008748785923475388e+00 1.879638502675874765e-03 1.025939393939393973e+01 1.057583919391966054e+00
3.015199648864150372e+00 1.825469582085792030e-03 1.016915422885572085e+01 1.110311338113270097e+00
3.021614952218953931e+00 1.867358907394168870e-03 1.014060606060606062e+01 1.080869629135837506e+00
3.028035269137849372e+00 1.805619228951016193e-03 1.005006257822277860e+01 1.092726870873756750e+00
3.034481983401863037e+00 1.885823396422961745e-03 9.784596871239470417e+00 1.050028615060832893e+00
3.040948636384726900e+00 1.846244746713175374e-03 9.596296296296296546e+00 1.053263702096749910e+00
3.047399548284976056e+00 1.866575050031695892e-03 9.687882496940025234e+00 1.089112649724657045e+00
3.053818065407082116e+00 1.858882463793821993e-03 9.648648648648649129e+00 1.035703040884310644e+00
3.060168791671987076e+00 1.792825745411367891e-03 9.522900763358778775e+00 1.016161193549505626e+00
3.066596020837712544e+00 1.927764682785730512e-03 9.577014218009479052e+00 1.042674224276614936e+00
3.073140751332767540e+00 1.856356834428901387e-03 9.510506798516686899e+00 1.117160889782768507e+00
3.079593295930210139e+00 1.886716362797553155e-03 9.475151515151514658e+00 1.073773159033844626e+00
3.086017154762366044e+00 1.830431539716442747e-03 9.391249999999999432e+00 1.072339731614939007e+00
3.092486513109037993e+00 1.905108961471654438e-03 9.394484412470024637e+00 1.147726933360437629e+00
3.098964516853627060e+00 1.852397442341169754e-03 9.229913473423980719e+00 1.150302807135812344e+00
3.105440922044128804e+00 1.880034527507769499e-03 9.172121212121211897e+00 1.101366043844839382e+00
3.111821301298671738e+00 1.810318297736169049e-03 9.122012578616352840e+00 1.060607866796433152e+00
3.118233335063332667e+00 1.868901341642052608e-03 9.146163215590743079e+00 1.073207412496370861e+00
3.124683867316949026e+00 1.865189586864977357e-03 9.128205128205127750e+00 1.060252386998081109e+00
3.131144652615997170e+00 1.844489775254080271e-03 8.956790123456789487e+00 1.030668274425248443e+00
3.137527951480249655e+00 1.850518740970626434e-03 8.861008610086100745e+00 1.020186764821336745e+00
3.143946084488824955e+00 1.842734159383119935e-03 8.883519206939281432e+00 1.076926143722262808e+00
3.150358822729363073e+00 1.875642417003805899e-03 8.805825242718446688e+00 1.041457310786834123e+00
3.156784286039504561e+00 1.823981601210612454e-03 8.511250000000000426e+00 1.028597345903635274e+00
3.163270120323041557e+00 1.930117905744787839e-03 8.471698113207546399e+00 1.034654516232414112e+00
3.169756141428992979e+00 1.817110211355118556e-03 8.530150753768843686e+00 1.003014634797135596e+00
3.176136715832639901e+00 1.869400486556539428e-03 8.499393939393939945e+00 1.020248983817534594e+00
3.182603852824878121e+00 1.855271636042648588e-03 8.319018404907975395e+00 1.031631166035018143e+00
3.189050645908320547e+00 1.867823016262818358e-03 8.269090909090909491e+00 1.074515202363461208e+00
3.195475202712392715e+00 1.830177604982121797e-03 8.280397022332506296e+00 1.075851944701082807e+00
3.201930699474990760e+00 1.890160737295187680e-03 8.172043010752688019e+00 9.942474021136556983e-01
3.208380198036255848e+00 1.818817371399450607e-03 8.105853051058531378e+00 1.044530523529190180e+00
3.214769441202507405e+00 1.856295446885927562e-03 8.003640776699029402e+00 9.772861661468467132e-01
3.221219946103295317e+00 1.854520719188760538e-03 7.921760391198043649e+00 9.857880229519122572e-01
3.227683765295594753e+00 1.874065427032763596e-03 7.851985559566786677e+00 1.036428079570925531e+00
3.234131017772435612e+00 1.840716304877563787e-03 7.775585696670776592e+00 1.004878471706198040e+00
3.240599979113187423e+00 1.901252405176113557e-03 7.737841043890865578e+00 1.003434618745539408e+00
3.247028333220890239e+00 1.799593188369970169e-03 7.832704402515723530e+00 9.400805464869239625e-01
3.253443203786942295e+00 1.907653420062672836e-03 7.811320754716980730e+00 9.649656861074891179e-01
3.259883502116921683e+00 1.795580006981134817e-03 7.709068010075566413e+00 9.676790498394335360e-01
3.266300345605878341e+00 1.923600185575663262e-03 7.722157092614302165e+00 1.048011228854745402e+00
3.272853483066015201e+00 1.856140221165968399e-03 7.641463414634146467e+00 1.017068783987732816e+00
3.279208055010873757e+00 1.838273880463746476e-03 7.538650306748466257e+00 1.071705919306931154e+00
3.285677511815711327e+00 1.882917816817657360e-03 7.482100238663484504e+00 1.001617786740203186e+00
3.292103848527159204e+00 1.835553428200827411e-03 7.520195838433292757e+00 9.590367493174333235e-01
3.298586108799094418e+00 1.888317585372828586e-03 7.486935866983372989e+00 9.561919911790751625e-01
3.305031100311709658e+00 1.850386223069815962e-03 7.432399512789281459e+00 9.839952940435611195e-01
3.311493553422723224e+00 1.868513817595845007e-03 7.357995226730309923e+00 9.585436865654332061e-01
3.317903636599865536e+00 1.824831080609758517e-03 7.346012269938650086e+00 9.436715609281588479e-01
3.324331097200103002e+00 1.867240715589447552e-03 7.179761904761904567e+00 9.480780773841021025e-01
3.330698991454875468e+00 1.802295415888940022e-03 7.105985037406483684e+00 9.402984463200723120e-01
3.337129369178693850e+00 1.924555404658041986e-03 7.041811846689895127e+00 1.001471962752176426e+00
3.343680207265053550e+00 1.861922247852822480e-03 6.948130277442701619e+00 8.811918484830091325e-01
3.350044083295126374e+00 1.835162792558274860e-03 7.018226002430133725e+00 8.830418238430790545e-01
3.356505604070456616e+00 1.871227406804753775e-03 7.028436018957346043e+00 9.340491601658926779e-01
3.362916001860436488e+00 1.833654571443432820e-03 6.945188794153471790e+00 9.503372595341011975e-01
3.369285096640512123e+00 1.875337531839301689e-03 6.830487804878048408e+00 1.002599239466686276e+00
3.375802434903234950e+00 1.848095989791553092e-03 6.737483085250338455e+00 1.023280564904490708e+00
3.382214916359785661e+00 1.843501739730700950e-03 6.570224719101123156e+00 9.765933313211598854e-01
3.388621595555129762e+00 1.837214591020290208e-03 6.474526928675400583e+00 9.312453887466294322e-01
3.395087870480640202e+00 1.897809126909797642e-03 6.392441860465115866e+00 9.465613559018499767e-01
3.401600099274715294e+00 1.862825267528726196e-03 6.280542986425339258e+00 8.839950686028722471e-01
3.408008587822927371e+00 1.829521772960810344e-03 6.310559006211180488e+00 9.090630267423838173e-01
3.414429009776510870e+00 1.863403552598411495e-03 6.386996904024767829e+00 8.899488374498724097e-01
3.420895508941175223e+00 1.876279003669552520e-03 6.276995305164319028e+00 9.594671401063153970e-01
3.427361199308996742e+00 1.871984655860910217e-03 6.231012658227848000e+00 9.616895441681168055e-01
3.433789816721534383e+00 1.835455874914732619e-03 6.149350649350649789e+00 9.120487595449493501e-01
3.440207803416203358e+00 1.864980166185075923e-03 6.072815533980582714e+00 8.606802048707766772e-01
3.446682336316245543e+00 1.886495457043324163e-03 5.980487804878048763e+00 8.475179845211856522e-01
3.453142116062292821e+00 1.850491205141300763e-03 5.998319327731092443e+00 8.763912240387868868e-01
3.459552608189105705e+00 1.840426776601197887e-03 5.986301369863014088e+00 8.835218213389686159e-01
3.466037827277117955e+00 1.895781883946169978e-03 5.923599320882852126e+00 8.657661638845378649e-01
3.472473653977210972e+00 1.828931698347952819e-03 5.874776386404293227e+00 8.300151122993286723e-01
3.478868831430015351e+00 1.849798838882201271e-03 5.825000000000000178e+00 7.496129953897139320e-01
3.485296939778874226e+00 1.846836384750711896e-03 5.783882783882783762e+00 7.610986507636401388e-01
3.491740378822062674e+00 1.892374048568714641e-03 5.693989071038251026e+00 8.665869582991122533e-01
3.498222076309955408e+00 1.850392789083453492e-03 5.537593984962406068e+00 8.200789828614311050e-01
3.504611891581455030e+00 1.828338000025509641e-03 5.669902912621359370e+00 8.471005924359538142e-01
3.511032309223517167e+00 1.894740202114146826e-03 5.654580152671755400e+00 8.932887899148400646e-01
3.517510811405253346e+00 1.847376399887671770e-03 5.488142292490118201e+00 9.109750195585735177e-01
3.523886222494890585e+00 1.819823680849573695e-03 5.347648261758691568e+00 8.630656394987575863e-01
3.530333766363422221e+00 1.913949961282706506e-03 5.334653465346534951e+00 8.250751154784294883e-01
3.536838628960300657e+00 1.837400593869444173e-03 5.416666666666666963e+00 7.880399383562006754e-01
3.543212277439104163e+00 1.824314092004992007e-03 5.364025695931477600e+00 7.539754132212398430e-01
3.549634251627681092e+00 1.895848120010211945e-03 5.281512605042016695e+00 7.826356347793629320e-01
3.556117060308725097e+00 1.842284182035823720e-03 5.242358078602619820e+00 8.165063120030727761e-01
3.562580790750173865e+00 1.873137250446494902e-03 5.339912280701754277e+00 8.450753999007394324e-01
3.569027121761189303e+00 1.864198494303047999e-03 5.322072072072072224e+00 8.223589527816882461e-01
3.575415228040989657e+00 1.829283293316363293e-03 4.997679814385151076e+00 7.676694468644137404e-01
3.581824267593239686e+00 1.860007523854312686e-03 5.064965197215776982e+00 7.293100379789965171e-01
3.588330065081806630e+00 1.895947895659538546e-03 5.143851508120649285e+00 8.205949089844148947e-01
3.594804804657118602e+00 1.838793340235311087e-03 5.104878048780487454e+00 7.515757786813873631e-01
3.601203120605045882e+00 1.866742151695356807e-03 5.056372549019608087e+00 7.713621195104219952e-01
3.607629953215138574e+00 1.849946976811765471e-03 4.949874686716792205e+00 8.495131562012607773e-01
3.614090854913730499e+00 1.868416365547433599e-03 4.876262626262626299e+00 7.974282072639715668e-01
3.620574720227974552e+00 1.873754476683962313e-03 4.807197943444729837e+00 7.230097115082324555e-01
3.627004027770476924e+00 1.835919208150294619e-03 4.770053475935829290e+00 7.183512249381203141e-01
3.633382280898821648e+00 1.849285921997263250e-03 4.650406504065040636e+00 7.625247706287147098e-01
3.639818201334091174e+00 1.872714577785467623e-03 4.716621253405994807e+00 7.658324024782713346e-01
3.646271849872324999e+00 1.848931603973280732e-03 4.820224719101123156e+00 7.920152910040276772e-01
3.652754025121335069e+00 1.886957975833729447e-03 4.612359550561797583e+00 8.092130619146525872e-01
3.659208746855755479e+00 1.834720162372708565e-03 4.477876106194690564e+00 8.397603726591641449e-01
3.665582835495777569e+00 1.840575612045432024e-03 4.513513513513513153e+00 7.821251996554280383e-01
3.672040343112283445e+00 1.886479483533069204e-03 4.461077844311377660e+00 7.330011514894818614e-01
3.678529717319615866e+00 1.858096912976999176e-03 4.465838509316769844e+00 7.447331885221311065e-01
3.684932562337432049e+00 1.835190244932949138e-03 4.395498392282958022e+00 8.113923489060493877e-01
3.691340469028411508e+00 1.865394116403416890e-03 4.346278317152103554e+00 7.929595099419435300e-01
3.697825917576230470e+00 1.878575472322643403e-03 4.411184210526315930e+00 7.988749447099459111e-01
3.704288468942850354e+00 1.854378416201764085e-03 4.549488054607508936e+00 7.133105802047794430e-01
3.710695071708606907e+00 1.843173339766954189e-03 4.431578947368421062e+00 7.067279891161707406e-01
3.717119980493126530e+00 1.858275420549158159e-03 4.346428571428571530e+00 7.164965784557344453e-01
3.723579054116692877e+00 1.875547371405369762e-03 4.261818181818181728e+00 6.478240757009962048e-01
3.730020297411832164e+00 1.843995263516665269e-03 4.034090909090909172e+00 7.655639452521079136e-01
3.736426917509388268e+00 1.851423495632689448e-03 3.972868217054263518e+00 7.943183556617697816e-01
3.742862848593606184e+00 1.866246695943705233e-03 3.968379446640316388e+00 7.994944425788557130e-01
3.749304155234212121e+00 1.850203366498975400e-03 3.934426229508196649e+00 7.915673544595314137e-01
3.755769545342233950e+00 1.881542671327423493e-03 4.008298755186721962e+00 7.621538088874950656e-01
3.762207580716425692e+00 1.832713059301602828e-03 3.894736842105263275e+00 6.862318321265949983e-01
3.768650259547695391e+00 1.882711660849632198e-03 3.819383259911894424e+00 7.608657743015679875e-01
3.775101190588130873e+00 1.841328330998877110e-03 3.948837209302325402e+00 7.846967908322660668e-01
3.781544745172108257e+00 1.876261972947606757e-03 3.943396226415094130e+00 7.309342398195258772e-01
3.787984350729691752e+00 1.841817734800533721e-03 3.940298507462686395e+00 7.235343070770626772e-01
3.794443778523244770e+00 1.888119406057294294e-03 3.793969849246231263e+00 7.171507472723398502e-01
3.800887998049732097e+00 1.829598834944004332e-03 3.817204301075268980e+00 6.704281673838674571e-01
3.807319286871066577e+00 1.879776389761753357e-03 3.739130434782608869e+00 8.249419983047940885e-01
3.813728772969168901e+00 1.816176537965013323e-03 3.654970760233918092e+00 6.226628611685205428e-01
3.820127884734960233e+00 1.870328496078344947e-03 3.597633136094674722e+00 5.970176689055348707e-01
3.826558902351690605e+00 1.840091099185570860e-03 3.622641509433962348e+00 6.392858243810342067e-01
3.832976717434447789e+00 1.862754303780558536e-03 3.681818181818181657e+00 6.794330576378353470e-01
3.839467489846226655e+00 1.881591717002498556e-03 3.547297297297297369e+00 6.887916182364679507e-01
3.845958738964208923e+00 1.872212223355807642e-03 3.507142857142857117e+00 7.950741205339643125e-01
3.852379013358490312e+00 1.829949564810406546e-03 3.307692307692307487e+00 6.961432213383849099e-01
3.858770514458473411e+00 1.860590576749386821e-03 3.351999999999999869e+00 7.687080069831463414e-01
3.865201312403456324e+00 1.846877382617491750e-03 3.504273504273504258e+00 6.044856311140832661e-01
3.871669834970288271e+00 1.885989225799452511e-03 3.437500000000000000e+00 6.196196990320526066e-01
3.878154213609482870e+00 1.855219997046820071e-03 3.572815533980582714e+00 6.444437582631490358e-01
3.884570297975108666e+00 1.842018581107749764e-03 3.505263157894736636e+00 8.660413967190166984e-01
3.891030549524630455e+00 1.892572859664069882e-03 3.444444444444444642e+00 6.804138174397720285e-01
3.897480132485925619e+00 1.830223622249431631e-03 3.225000000000000089e+00 6.439623436195629491e-01
3.903837790606199842e+00 1.833538786489578550e-03 3.150684931506849473e+00 7.629534419531133205e-01
3.910297958451704581e+00 1.898394991490752427e-03 3.352941176470588314e+00 6.739081904346825302e-01
3.916760076293909876e+00 1.823271174774054393e-03 3.086206896551724199e+00 5.821359660735908603e-01
3.923205856217289345e+00 1.907998375040481686e-03 3.415094339622641417e+00 7.804572784885444037e-01
3.929647757040283906e+00 1.804292177573046203e-03 3.627906976744185830e+00 6.411185466088474838e-01
3.936002968608691699e+00 1.864030959871269735e-03 3.405405405405405261e+00 6.642273366186223216e-01
3.942404476100300759e+00 1.828532384993888883e-03 3.241379310344827402e+00 5.430350257939179359e-01
3.948822507765122225e+00 1.871711324841116540e-03 3.454545454545454586e+00 7.041787902195303372e-01
3.955157590966607906e+00 1.825831164639231917e-03 4.357142857142856762e+00 9.091372900969896254e-01
3.961507824082775464e+00 1.968979546566614058e-03 4.428571428571428825e+00 1.078547776467249975e+00
