# qr I
-6.014514307217141281e-02 3.468354430379746667e+00
-5.989351213680672859e-02 3.873417721518987555e+00
-5.964188092919286976e-02 3.974683544303797333e+00
-5.939024945051259163e-02 4.151898734177215111e+00
-5.913861770194916295e-02 4.000000000000000000e+00
-5.888698568468647004e-02 3.746835443037974667e+00
-5.863535339990879475e-02 4.379746835443038222e+00
-5.838372084880103646e-02 4.721518987341772444e+00
-5.813208803254867746e-02 4.265822784810126223e+00
-5.788045495233770654e-02 4.240506329113924444e+00
-5.762882160935471620e-02 4.417721518987341334e+00
-5.737718800478692344e-02 4.075949367088608000e+00
-5.712555413982212116e-02 3.936708860759493778e+00
-5.687392001564869209e-02 4.506329113924050667e+00
-5.662228563345568511e-02 4.291139240506328889e+00
-5.637065099443282212e-02 4.177215189873417778e+00
-5.611901609977051897e-02 4.430379746835442667e+00
-5.586738095065969800e-02 4.417721518987341334e+00
-5.561574554829210731e-02 4.772151898734176889e+00
-5.536410989386023745e-02 4.531645569620253333e+00
-5.511247398855716184e-02 4.443037974683544000e+00
-5.486083783357682819e-02 4.481012658227848000e+00
-5.460920143011385730e-02 4.544303797468354666e+00
-5.435756477936366793e-02 4.734177215189873777e+00
-5.410592788252246987e-02 4.177215189873417778e+00
-5.385429074078736111e-02 4.632911392405063111e+00
-5.360265335535607800e-02 4.784810126582278222e+00
-5.335101572742732834e-02 4.569620253164557333e+00
-5.309937785820074974e-02 4.810126582278480889e+00
-5.284773974887670145e-02 4.835443037974683556e+00
-5.259610140065659745e-02 4.481012658227848000e+00
-5.234446281474273988e-02 4.835443037974683556e+00
-5.209282399233833294e-02 5.253164556962024889e+00
-5.184118493464755228e-02 4.582278481012658666e+00
-5.158954564287566991e-02 4.898734177215190222e+00
-5.133790611822894312e-02 5.063291139240506666e+00
-5.108626636191461456e-02 5.037974683544304000e+00
-5.083462637514105792e-02 4.962025316455696000e+00
-5.058298615911775015e-02 4.898734177215190222e+00
-5.033134571505524374e-02 4.860759493670886222e+00
-5.007970504416531937e-02 4.822784810126582222e+00
-4.982806414766091652e-02 5.177215189873417778e+00
-4.957642302675614732e-02 5.367088607594936889e+00
-4.932478168266640761e-02 5.670886075949367111e+00
-4.907314011660837000e-02 5.354430379746835555e+00
-4.882149832980003934e-02 6.000000000000000000e+00
-4.856985632346071807e-02 5.607594936708860445e+00
-4.831821409881111029e-02 5.531645569620253333e+00
-4.806657165707331480e-02 5.303797468354430222e+00
-4.781492899947094311e-02 5.316455696202531556e+00
-4.756328612722903609e-02 5.607594936708860445e+00
-4.731164304157417511e-02 5.594936708860759111e+00
-4.705999974373451661e-02 5.202531645569620444e+00
-4.680835623493984771e-02 5.835443037974683556e+00
-4.655671251642157227e-02 5.607594936708860445e+00
-4.630506858941286358e-02 6.443037974683544000e+00
-4.605342445514856026e-02 6.151898734177215111e+00
-4.580178011486533973e-02 6.303797468354430222e+00
-4.555013556980171824e-02 6.341772151898734222e+00
-4.529849082119812020e-02 6.379746835443038222e+00
-4.504684587029687132e-02 6.151898734177215111e+00
-4.479520071834235811e-02 6.443037974683544000e+00
-4.454355536658097942e-02 5.797468354430379556e+00
-4.429190981626131285e-02 6.645569620253164445e+00
-4.404026406863398302e-02 6.835443037974683556e+00
-4.378861812495202926e-02 6.329113924050632889e+00
-4.353697198647067668e-02 6.759493670886075556e+00
-4.328532565444753039e-02 6.607594936708860445e+00
-4.303367913014269353e-02 6.683544303797468444e+00
-4.278203241481871866e-02 6.645569620253164445e+00
-4.253038550974078819e-02 6.544303797468354666e+00
-4.227873841617675599e-02 6.911392405063291555e+00
-4.202709113539712660e-02 7.734177215189873777e+00
-4.177544366867531195e-02 7.759493670886075556e+00
-4.152379601728767994e-02 7.417721518987341334e+00
-4.127214818251347117e-02 7.556962025316456000e+00
-4.102050016563508344e-02 7.911392405063291555e+00
-4.076885196793811339e-02 8.025316455696202667e+00
-4.051720359071143973e-02 7.962025316455696000e+00
-4.026555503524729962e-02 8.177215189873416890e+00
-4.001390630284140659e-02 7.860759493670886222e+00
-3.976225739479315180e-02 8.075949367088608000e+00
-3.951060831240557625e-02 8.759493670886076444e+00
-3.925895905698557897e-02 7.848101265822784889e+00
-3.900730962984402805e-02 8.645569620253164445e+00
-3.875566003229589940e-02 8.607594936708860445e+00
-3.850401026566030449e-02 8.924050632911392000e+00
-3.825236033126087898e-02 8.582278481012657778e+00
-3.800071023042554674e-02 9.405063291139240889e+00
-3.774905996448709583e-02 9.544303797468353778e+00
-3.749740953478300498e-02 9.417721518987342222e+00
-3.724575894265572118e-02 9.455696202531646222e+00
-3.699410818945289559e-02 1.013924050632911467e+01
-3.674245727652750843e-02 1.011392405063291200e+01
-3.649080620523794533e-02 1.015189873417721600e+01
-3.623915497694837201e-02 1.012658227848101333e+01
-3.598750359302877594e-02 1.112658227848101333e+01
-3.573585205485536875e-02 1.105063291139240533e+01
-3.548420036381048220e-02 1.058227848101265778e+01
-3.523254852128320652e-02 1.141772151898734222e+01
-3.498089652866922389e-02 1.164556962025316444e+01
-3.472924438737137048e-02 1.216455696202531733e+01
-3.447759209879965731e-02 1.224050632911392356e+01
-3.422593966437169344e-02 1.250632911392404978e+01
-3.397428708551294280e-02 1.297468354430379733e+01
-3.372263436365684902e-02 1.269620253164556978e+01
-3.347098150024545998e-02 1.332911392405063289e+01
-3.321932849672945554e-02 1.268354430379746844e+01
-3.296767535456852222e-02 1.329113924050632889e+01
-3.271602207523196387e-02 1.346835443037974755e+01
-3.246436866019868778e-02 1.400000000000000000e+01
-3.221271511095786383e-02 1.336708860759493689e+01
-3.196106142900914659e-02 1.464556962025316444e+01
-3.170940761586331369e-02 1.506329113924050667e+01
-3.145775367304244619e-02 1.553164556962025245e+01
-3.120609960208053577e-02 1.611392405063291022e+01
-3.095444540452398433e-02 1.670886075949367111e+01
-3.070279108193204806e-02 1.677215189873417600e+01
-3.045113663587738217e-02 1.762025316455696355e+01
-3.019948206794662027e-02 1.744303797468354489e+01
-2.994782737974093639e-02 1.822784810126582400e+01
-2.969617257287672160e-02 1.872151898734177067e+01
-2.944451764898611823e-02 1.868354430379746844e+01
-2.919286260971778318e-02 1.949367088607595022e+01
-2.894120745673764428e-02 1.917721518987341867e+01
-2.868955219172952126e-02 2.050632911392404978e+01
-2.843789681639609032e-02 2.062025316455696355e+01
-2.818624133245955024e-02 2.188607594936708978e+01
-2.793458574166261116e-02 2.239240506329113956e+01
-2.768293004576941746e-02 2.282278481012658133e+01
-2.743127424656654698e-02 2.389873417721518933e+01
-2.717961834586393385e-02 2.492405063291139200e+01
-2.692796234549609674e-02 2.507594936708860800e+01
-2.667630624732323513e-02 2.506329113924050489e+01
-2.642465005323245061e-02 2.615189873417721600e+01
-2.617299376513907219e-02 2.889873417721518933e+01
-2.592133738498798856e-02 2.851898734177215289e+01
-2.566968091475510874e-02 3.050632911392404978e+01
-2.541802435644892333e-02 2.965822784810126578e+01
-2.516636771211208656e-02 3.213924050632911644e+01
-2.491471098382318575e-02 3.307594936708860445e+01
-2.466305417369854536e-02 3.331645569620253156e+01
-2.441139728389416994e-02 3.594936708860759467e+01
-2.415974031660785351e-02 3.678481012658227911e+01
-2.390808327408133760e-02 3.726582278481012622e+01
-2.365642615860263920e-02 3.968354430379746844e+01
-2.340476897250855920e-02 4.055696202531645866e+01
-2.315311171818736427e-02 4.234177215189873067e+01
-2.290145439808156588e-02 4.525316455696202667e+01
-2.264979701469092832e-02 4.673417721518987378e+01
-2.239813957057574037e-02 4.920253164556962133e+01
-2.214648206836019803e-02 4.955696202531645866e+01
-2.189482451073611682e-02 5.203797468354430578e+01
-2.164316690046682104e-02 5.443037974683544178e+01
-2.139150924039140075e-02 5.673417721518987378e+01
-2.113985153342916659e-02 6.046835443037974755e+01
-2.088819378258453471e-02 6.130379746835443200e+01
-2.063653599095217200e-02 6.356962025316455822e+01
-2.038487816172261310e-02 6.818987341772151467e+01
-2.013322029818818970e-02 7.115189873417720889e+01
-1.988156240374952186e-02 7.315189873417720889e+01
-1.962990448192244997e-02 7.436708860759493689e+01
-1.937824653634550795e-02 7.882278481012657778e+01
-1.912658857078801053e-02 8.294936708860760177e+01
-1.887493058915871991e-02 8.920253164556962133e+01
-1.862327259551534164e-02 9.320253164556962133e+01
-1.837161459407466585e-02 9.525316455696201956e+01
-1.811995658922367289e-02 1.014303797468354418e+02
-1.786829858553144745e-02 1.082405063291139271e+02
-1.761664058776223063e-02 1.148987341772151893e+02
-1.736498260088954401e-02 1.171645569620253156e+02
-1.711332463011160793e-02 1.213797468354430436e+02
-1.686166668086805376e-02 1.302531645569620196e+02
-1.661000875885825304e-02 1.357974683544303787e+02
-1.635835087006129104e-02 1.456708860759493689e+02
-1.610669302075781392e-02 1.529873417721518933e+02
-1.585503521755393316e-02 1.620632911392405049e+02
-1.560337746740752748e-02 1.664810126582278542e+02
-1.535171977765701669e-02 1.788354430379746702e+02
-1.510006215605311751e-02 1.895443037974683591e+02
-1.484840461079373411e-02 1.981645569620253298e+02
-1.459674715056255047e-02 2.077974683544303787e+02
-1.434508978457163866e-02 2.193544303797468444e+02
-1.409343252260854620e-02 2.312658227848101262e+02
-1.384177537508874366e-02 2.515189873417721458e+02
-1.359011835311365983e-02 2.699240506329114169e+02
-1.333846146853542511e-02 2.849746835443037867e+02
-1.308680473402903249e-02 3.029113924050632818e+02
-1.283514816317302999e-02 3.191265822784810098e+02
-1.258349177053983206e-02 3.397088607594936889e+02
-1.233183557179713674e-02 3.591392405063290880e+02
-1.208017958382202016e-02 3.879873417721519218e+02
-1.182852382482954892e-02 4.142784810126582329e+02
-1.157686831451822627e-02 4.465063291139240391e+02
-1.132521307423477001e-02 4.681012658227847965e+02
-1.107355812716139844e-02 5.000253164556962133e+02
-1.082190349852924470e-02 5.396835443037974755e+02
-1.057024921586217740e-02 5.803544303797468729e+02
-1.031859530925645536e-02 6.247341772151899022e+02
-1.006694181170214239e-02 6.718227848101265636e+02
-9.815288759454079623e-03 7.165569620253164658e+02
-9.563636192461394403e-03 7.638860759493670685e+02
-9.311984154866585414e-03 8.252911392405063680e+02
-9.060332695587874560e-03 8.881265822784810098e+02
-8.808681869001279419e-03 9.514683544303796907e+02
-8.557031735743066830e-03 1.036898734177215147e+03
-8.305382363658013467e-03 1.113278481012658176e+03
-8.053733828925522392e-03 1.207341772151898795e+03
-7.802086217403471705e-03 1.303962025316455765e+03
-7.550439626240926239e-03 1.408101265822784853e+03
-7.298794165824233626e-03 1.532430379746835342e+03
-7.047149962140082831e-03 1.659506329113924039e+03
-6.795507159663467453e-03 1.818329113924050716e+03
-6.543865924911772443e-03 1.999265822784810098e+03
-6.292226450851486942e-03 2.186594936708860587e+03
-6.040588962406044128e-03 2.383202531645569707e+03
-5.788953723399664283e-03 2.606215189873417785e+03
-5.537321045393948579e-03 2.867708860759493746e+03
-5.285691299047485039e-03 3.162430379746835570e+03
-5.034064928880984703e-03 3.464240506329113941e+03
-4.782442472701511210e-03 3.808607594936708665e+03
-4.530824587495778724e-03 4.216987341772151922e+03
-4.279212084453678545e-03 4.692518987341772117e+03
-4.027605977111391872e-03 5.192481012658227883e+03
-3.776007548728651988e-03 5.749493670886075961e+03
-3.524418448502323470e-03 2.524405063291139413e+03
-3.272840832116505425e-03 3.443037974683544444e+00
-3.021277572439838750e-03 1.784810126582278444e+00
-2.769732584903740035e-03 1.734177215189873333e+00
-2.518211347613111706e-03 1.518987341772152000e+00
-2.266721767136766624e-03 1.455696202531645556e+00
-2.015275691190330631e-03 1.316455696202531556e+00
-1.763891711713961490e-03 1.556962025316455778e+00
-1.512600753524713992e-03 1.721518987341772222e+00
-1.261458312104516517e-03 1.544303797468354444e+00
-1.010574819990685356e-03 1.582278481012658222e+00
-7.602055367095209189e-04 1.556962025316455778e+00
-5.110999338473076357e-04 1.721518987341772222e+00
-1.333652196451147129e-04 1.575949367088607556e+00
2.667304392902294257e-04 1.556962025316455778e+00
5.110999338473076357e-04 1.481012658227848000e+00
7.602055367095209189e-04 1.544303797468354444e+00
1.010574819990685356e-03 1.405063291139240444e+00
1.261458312104516517e-03 1.531645569620253111e+00
1.512600753524713992e-03 1.658227848101265778e+00
1.763891711713961490e-03 1.936708860759493778e+00
2.015275691190330631e-03 1.797468354430379778e+00
2.266721767136766624e-03 2.278481012658228000e+00
2.518211347613111706e-03 1.282278481012658311e+01
2.769732584903740035e-03 4.497468354430379804e+03
3.021277572439838750e-03 5.751506329113924039e+03
3.272840832116505425e-03 5.208177215189873095e+03
3.524418448502323470e-03 4.722481012658227883e+03
3.776007548728651988e-03 4.272139240506328861e+03
4.027605977111391872e-03 3.891835443037974528e+03
4.279212084453678545e-03 3.524987341772151922e+03
4.530824587495778724e-03 3.200063291139240391e+03
4.782442472701511210e-03 2.883886075949367296e+03
5.034064928880984703e-03 2.649151898734177394e+03
5.285691299047485039e-03 2.391151898734177394e+03
5.537321045393948579e-03 2.203164556962025472e+03
5.788953723399664283e-03 2.002430379746835342e+03
6.040588962406044128e-03 1.845670886075949284e+03
6.292226450851486942e-03 1.693974683544303844e+03
6.543865924911772443e-03 1.553531645569620196e+03
6.795507159663467453e-03 1.435291139240506254e+03
7.047149962140082831e-03 1.316443037974683648e+03
7.298794165824233626e-03 1.206683544303797362e+03
7.550439626240926239e-03 1.125481012658227883e+03
7.802086217403471705e-03 1.038810126582278372e+03
8.053733828925522392e-03 9.578481012658228337e+02
8.305382363658013467e-03 8.976835443037974755e+02
8.557031735743066830e-03 8.320126582278480782e+02
8.808681869001279419e-03 7.717468354430379804e+02
9.060332695587874560e-03 7.141139240506329315e+02
9.311984154866585414e-03 6.627974683544304071e+02
9.563636192461394403e-03 6.226582278481013191e+02
9.815288759454079623e-03 5.838227848101265636e+02
1.006694181170214239e-02 5.395569620253164658e+02
1.031859530925645536e-02 5.017088607594936889e+02
1.057024921586217740e-02 4.708101265822784853e+02
1.082190349852924470e-02 4.412658227848101546e+02
1.107355812716139844e-02 4.092784810126582329e+02
1.132521307423477001e-02 3.813417721518987378e+02
1.157686831451822627e-02 3.578734177215189902e+02
1.182852382482954892e-02 3.361645569620253013e+02
1.208017958382202016e-02 3.145822784810126791e+02
1.233183557179713674e-02 2.991898734177215147e+02
1.258349177053983206e-02 2.786202531645569707e+02
1.283514816317302999e-02 2.642784810126582329e+02
1.308680473402903249e-02 2.491645569620253298e+02
1.333846146853542511e-02 2.355063291139240391e+02
1.359011835311365983e-02 2.215063291139240391e+02
1.384177537508874366e-02 2.046582278481012622e+02
1.409343252260854620e-02 1.981139240506329031e+02
1.434508978457163866e-02 1.873797468354430293e+02
1.459674715056255047e-02 1.748734177215189902e+02
1.484840461079373411e-02 1.652278481012658347e+02
1.510006215605311751e-02 1.555949367088607573e+02
1.535171977765701669e-02 1.517594936708860871e+02
1.560337746740752748e-02 1.414936708860759609e+02
1.585503521755393316e-02 1.360379746835442916e+02
1.610669302075781392e-02 1.248734177215189902e+02
1.635835087006129104e-02 1.199620253164556942e+02
1.661000875885825304e-02 1.147468354430379804e+02
1.686166668086805376e-02 1.086075949367088640e+02
1.711332463011160793e-02 1.054556962025316409e+02
1.736498260088954401e-02 9.865822784810126223e+01
1.761664058776223063e-02 9.341772151898733512e+01
1.786829858553144745e-02 8.835443037974683023e+01
1.811995658922367289e-02 8.469620253164556800e+01
1.837161459407466585e-02 8.202531645569619911e+01
1.862327259551534164e-02 7.765822784810126223e+01
1.887493058915871991e-02 7.521518987341772799e+01
1.912658857078801053e-02 7.386075949367088356e+01
1.937824653634550795e-02 6.826582278481012622e+01
1.962990448192244997e-02 6.472151898734176712e+01
1.988156240374952186e-02 6.237974683544303645e+01
2.013322029818818970e-02 6.007594936708860445e+01
2.038487816172261310e-02 5.572151898734177422e+01
2.063653599095217200e-02 5.545569620253164800e+01
2.088819378258453471e-02 5.279746835443037867e+01
2.113985153342916659e-02 5.007594936708860445e+01
2.139150924039140075e-02 4.818987341772152178e+01
2.164316690046682104e-02 4.736708860759493689e+01
2.189482451073611682e-02 4.545569620253164800e+01
2.214648206836019803e-02 4.336708860759493689e+01
2.239813957057574037e-02 4.241772151898734222e+01
2.264979701469092832e-02 4.035443037974683733e+01
2.290145439808156588e-02 3.820253164556962133e+01
2.315311171818736427e-02 3.629113924050633244e+01
2.340476897250855920e-02 3.498734177215190044e+01
2.365642615860263920e-02 3.574683544303797333e+01
2.390808327408133760e-02 3.311392405063291022e+01
2.415974031660785351e-02 3.325316455696202667e+01
2.441139728389416994e-02 3.058227848101265778e+01
2.466305417369854536e-02 3.103797468354430222e+01
2.491471098382318575e-02 2.941772151898734222e+01
2.516636771211208656e-02 2.708860759493670756e+01
2.541802435644892333e-02 2.650632911392404978e+01
2.566968091475510874e-02 2.727848101265822933e+01
2.592133738498798856e-02 2.493670886075949511e+01
2.617299376513907219e-02 2.418987341772151822e+01
2.642465005323245061e-02 2.455696202531645511e+01
2.667630624732323513e-02 2.360759493670886044e+01
2.692796234549609674e-02 2.174683544303797333e+01
2.717961834586393385e-02 2.105063291139240533e+01
2.743127424656654698e-02 2.077215189873417600e+01
2.768293004576941746e-02 1.930379746835443200e+01
2.793458574166261116e-02 2.025316455696202667e+01
2.818624133245955024e-02 1.911392405063291022e+01
2.843789681639609032e-02 1.793670886075949511e+01
2.868955219172952126e-02 1.770886075949367111e+01
2.894120745673764428e-02 1.791139240506329244e+01
2.919286260971778318e-02 1.765822784810126578e+01
2.944451764898611823e-02 1.645569620253164445e+01
2.969617257287672160e-02 1.584810126582278400e+01
2.994782737974093639e-02 1.602531645569620267e+01
3.019948206794662027e-02 1.664556962025316622e+01
3.045113663587738217e-02 1.515189873417721600e+01
3.070279108193204806e-02 1.436708860759493689e+01
3.095444540452398433e-02 1.436708860759493689e+01
3.120609960208053577e-02 1.387341772151898667e+01
3.145775367304244619e-02 1.305063291139240533e+01
3.170940761586331369e-02 1.306329113924050667e+01
3.196106142900914659e-02 1.305063291139240533e+01
3.221271511095786383e-02 1.318987341772151822e+01
3.246436866019868778e-02 1.283544303797468267e+01
3.271602207523196387e-02 1.230379746835443022e+01
3.296767535456852222e-02 1.194936708860759467e+01
3.321932849672945554e-02 1.188607594936708800e+01
3.347098150024545998e-02 1.198734177215189867e+01
3.372263436365684902e-02 1.139240506329113956e+01
3.397428708551294280e-02 1.029113924050632889e+01
3.422593966437169344e-02 1.053164556962025245e+01
3.447759209879965731e-02 1.034177215189873422e+01
3.472924438737137048e-02 1.040506329113924089e+01
3.498089652866922389e-02 9.759493670886076444e+00
3.523254852128320652e-02 1.035443037974683556e+01
3.548420036381048220e-02 1.002531645569620267e+01
3.573585205485536875e-02 9.227848101265822223e+00
3.598750359302877594e-02 9.734177215189873777e+00
3.623915497694837201e-02 8.645569620253164445e+00
3.649080620523794533e-02 9.924050632911392000e+00
3.674245727652750843e-02 9.151898734177215999e+00
3.699410818945289559e-02 8.341772151898734222e+00
3.724575894265572118e-02 9.075949367088608000e+00
3.749740953478300498e-02 8.443037974683544888e+00
3.774905996448709583e-02 7.873417721518987555e+00
3.800071023042554674e-02 8.265822784810126223e+00
3.825236033126087898e-02 8.202531645569619556e+00
3.850401026566030449e-02 8.139240506329114666e+00
3.875566003229589940e-02 7.607594936708860445e+00
3.900730962984402805e-02 7.556962025316456000e+00
3.925895905698557897e-02 7.924050632911392000e+00
3.951060831240557625e-02 7.645569620253164445e+00
3.976225739479315180e-02 7.379746835443038222e+00
4.001390630284140659e-02 7.379746835443038222e+00
4.026555503524729962e-02 7.151898734177215111e+00
4.051720359071143973e-02 7.329113924050632889e+00
4.076885196793811339e-02 7.113924050632911111e+00
4.102050016563508344e-02 6.582278481012658666e+00
4.127214818251347117e-02 7.253164556962024889e+00
4.152379601728767994e-02 6.658227848101265778e+00
4.177544366867531195e-02 7.063291139240506666e+00
4.202709113539712660e-02 7.000000000000000000e+00
4.227873841617675599e-02 6.746835443037975111e+00
4.253038550974078819e-02 6.506329113924050667e+00
4.278203241481871866e-02 6.341772151898734222e+00
4.303367913014269353e-02 6.265822784810126223e+00
4.328532565444753039e-02 6.367088607594936889e+00
4.353697198647067668e-02 6.227848101265823111e+00
4.378861812495202926e-02 6.430379746835442667e+00
4.404026406863398302e-02 6.063291139240506666e+00
4.429190981626131285e-02 6.037974683544304000e+00
4.454355536658097942e-02 6.000000000000000000e+00
4.479520071834235811e-02 5.860759493670886222e+00
4.504684587029687132e-02 5.974683544303797333e+00
4.529849082119812020e-02 5.278481012658227556e+00
4.555013556980171824e-02 5.582278481012658666e+00
4.580178011486533973e-02 5.481012658227848000e+00
4.605342445514856026e-02 5.303797468354430222e+00
4.630506858941286358e-02 5.177215189873417778e+00
4.655671251642157227e-02 5.481012658227848000e+00
4.680835623493984771e-02 5.835443037974683556e+00
4.705999974373451661e-02 5.645569620253164445e+00
4.731164304157417511e-02 5.443037974683544000e+00
4.756328612722903609e-02 4.911392405063291555e+00
4.781492899947094311e-02 5.215189873417721778e+00
4.806657165707331480e-02 5.037974683544304000e+00
4.831821409881111029e-02 5.518987341772152000e+00
4.856985632346071807e-02 5.000000000000000000e+00
4.882149832980003934e-02 4.835443037974683556e+00
4.907314011660837000e-02 5.405063291139240889e+00
4.932478168266640761e-02 4.873417721518987555e+00
4.957642302675614732e-02 4.898734177215190222e+00
4.982806414766091652e-02 5.000000000000000000e+00
5.007970504416531937e-02 5.025316455696202667e+00
5.033134571505524374e-02 4.645569620253164445e+00
5.058298615911775015e-02 5.240506329113924444e+00
5.083462637514105792e-02 4.506329113924050667e+00
5.108626636191461456e-02 4.860759493670886222e+00
5.133790611822894312e-02 4.683544303797468444e+00
5.158954564287566991e-02 4.468354430379746667e+00
5.184118493464755228e-02 5.088607594936708445e+00
5.209282399233833294e-02 4.670886075949367111e+00
5.234446281474273988e-02 5.037974683544304000e+00
5.259610140065659745e-02 4.658227848101265778e+00
5.284773974887670145e-02 4.708860759493671111e+00
5.309937785820074974e-02 4.924050632911392000e+00
5.335101572742732834e-02 4.405063291139240889e+00
5.360265335535607800e-02 4.227848101265823111e+00
5.385429074078736111e-02 3.987341772151898667e+00
5.410592788252246987e-02 4.569620253164557333e+00
5.435756477936366793e-02 4.189873417721519111e+00
5.460920143011385730e-02 4.265822784810126223e+00
5.486083783357682819e-02 4.417721518987341334e+00
5.511247398855716184e-02 4.025316455696202667e+00
5.536410989386023745e-02 4.303797468354430222e+00
5.561574554829210731e-02 4.392405063291139555e+00
5.586738095065969800e-02 4.227848101265823111e+00
5.611901609977051897e-02 4.088607594936708445e+00
5.637065099443282212e-02 4.101265822784809778e+00
5.662228563345568511e-02 4.316455696202531556e+00
5.687392001564869209e-02 4.177215189873417778e+00
5.712555413982212116e-02 4.430379746835442667e+00
5.737718800478692344e-02 4.037974683544304000e+00
5.762882160935471620e-02 4.126582278481012445e+00
5.788045495233770654e-02 4.063291139240506666e+00
5.813208803254867746e-02 4.379746835443038222e+00
5.838372084880103646e-02 4.063291139240506666e+00
5.863535339990879475e-02 3.873417721518987555e+00
5.888698568468647004e-02 4.012658227848101333e+00
5.913861770194916295e-02 3.632911392405063111e+00
5.939024945051259163e-02 4.075949367088608000e+00
5.964188092919286976e-02 3.848101265822784889e+00
5.989351213680672859e-02 4.050632911392405333e+00
6.014514307217141281e-02 4.227848101265823111e+00
6.039677373410463207e-02 3.873417721518987555e+00
6.064840412142458170e-02 3.873417721518987555e+00
6.090003423294999829e-02 3.848101265822784889e+00
6.115166406749998618e-02 4.012658227848101333e+00
6.140329362389427420e-02 3.898734177215189778e+00
6.165492290095279243e-02 4.000000000000000000e+00
6.190655189749615095e-02 3.291139240506329333e+00
6.215818061234537617e-02 3.126582278481012445e+00
6.417120004879972583e-02 3.341772151898734222e+00
6.442282617541193745e-02 3.240506329113924000e+00
6.467445200856165866e-02 3.746835443037974667e+00
6.492607754707417633e-02 3.822784810126582222e+00
6.517770278977498555e-02 3.493670886075949333e+00
6.542932773548992831e-02 3.367088607594936889e+00
6.568095238304537398e-02 3.797468354430379556e+00
6.593257673126777518e-02 3.645569620253164445e+00
6.618420077898408416e-02 3.670886075949367111e+00
6.643582452502139191e-02 3.405063291139240444e+00
6.668744796820726128e-02 3.278481012658228000e+00
6.693907110736953270e-02 3.797468354430379556e+00
6.719069394133632411e-02 3.189873417721519111e+00
6.744231646893590615e-02 3.481012658227848000e+00
6.769393868899696576e-02 3.113924050632911555e+00
6.794556060034855072e-02 3.405063291139240444e+00
6.819718220181983370e-02 3.455696202531645778e+00
6.844880349224037597e-02 3.759493670886076000e+00
6.870042447043990530e-02 3.607594936708860889e+00
6.895204513524842704e-02 3.265822784810126667e+00
6.920366548549626573e-02 3.126582278481012445e+00
6.945528552001398181e-02 3.291139240506329333e+00
6.970690523763231616e-02 3.189873417721519111e+00
6.995852463718231495e-02 3.075949367088607556e+00
7.021014371749527416e-02 3.088607594936708889e+00
7.046176247740272569e-02 2.911392405063291111e+00
7.071338091573629858e-02 3.531645569620253333e+00
7.096499903132812148e-02 3.240506329113924000e+00
7.121661682301028140e-02 3.215189873417721333e+00
7.146823428961518454e-02 3.177215189873417778e+00
7.171985142997548690e-02 3.139240506329113778e+00
7.197146824292406653e-02 3.240506329113924000e+00
7.222308472729392637e-02 2.797468354430379556e+00
7.247470088191840243e-02 3.430379746835443111e+00
7.272631670563080297e-02 3.645569620253164445e+00
7.297793219726488034e-02 3.037974683544304000e+00
7.322954735565448403e-02 2.886075949367088445e+00
7.348116217963367169e-02 2.582278481012658222e+00
7.373277666803673691e-02 3.367088607594936889e+00
7.398439081969791775e-02 3.354430379746835555e+00
7.423600463345202127e-02 3.139240506329113778e+00
7.448761810813371576e-02 3.417721518987341778e+00
7.473923124257797479e-02 3.202531645569620444e+00
7.499084403562003565e-02 2.822784810126582222e+00
7.524245648609508008e-02 3.025316455696202667e+00
7.549406859283869231e-02 2.797468354430379556e+00
7.574568035468649818e-02 3.075949367088607556e+00
7.599729177047424844e-02 2.898734177215189778e+00
7.624890283903799915e-02 3.265822784810126667e+00
7.650051355921388962e-02 2.987341772151898667e+00
7.675212392983810084e-02 3.037974683544304000e+00
7.700373394974721619e-02 3.025316455696202667e+00
7.725534361777773584e-02 2.683544303797468444e+00
7.750695293276646525e-02 3.215189873417721333e+00
7.775856189355027925e-02 2.848101265822784889e+00
7.801017049896617761e-02 2.582278481012658222e+00
7.826177874785140987e-02 3.189873417721519111e+00
7.851338663904335047e-02 3.177215189873417778e+00
7.876499417137933223e-02 2.936708860759493778e+00
7.901660134369702104e-02 2.658227848101265778e+00
7.926820815483417992e-02 2.860759493670886222e+00
7.951981460362864129e-02 3.113924050632911555e+00
7.977142068891841797e-02 3.329113924050632889e+00
8.002302640954168933e-02 3.367088607594936889e+00
8.027463176433660696e-02 3.000000000000000000e+00
8.052623675214160004e-02 3.240506329113924000e+00
8.077784137179522261e-02 2.974683544303797333e+00
8.102944562213609814e-02 2.911392405063291111e+00
8.128104950200294720e-02 2.721518987341772000e+00
8.153265301023462919e-02 2.835443037974683556e+00
8.178425614567018387e-02 3.164556962025316444e+00
8.203585890714867879e-02 2.949367088607595111e+00
8.228746129350927863e-02 2.683544303797468444e+00
8.253906330359142562e-02 2.848101265822784889e+00
8.279066493623442324e-02 2.531645569620253333e+00
8.304226619027796352e-02 2.822784810126582222e+00
8.329386706456159972e-02 2.949367088607595111e+00
8.354546755792512103e-02 2.886075949367088445e+00
8.379706766920844152e-02 2.873417721518987555e+00
8.404866739725155855e-02 2.886075949367088445e+00
8.430026674089437233e-02 2.987341772151898667e+00
8.455186569897715776e-02 2.696202531645569778e+00
8.480346427034027301e-02 2.734177215189873333e+00
8.505506245382399300e-02 2.645569620253164445e+00
8.530666024826878691e-02 2.797468354430379556e+00
8.555825765251529047e-02 2.911392405063291111e+00
8.580985466540407003e-02 3.050632911392404889e+00
8.606145128577595560e-02 2.898734177215189778e+00
8.631304751247173557e-02 2.607594936708860889e+00
8.656464334433243424e-02 2.721518987341772000e+00
8.681623878019896490e-02 2.962025316455696000e+00
8.706783381891249063e-02 2.974683544303797333e+00
8.731942845931424391e-02 2.784810126582278667e+00
8.757102270024551272e-02 2.962025316455696000e+00
8.782261654054765443e-02 2.898734177215189778e+00
8.807420997906205418e-02 2.924050632911392444e+00
8.832580301463037464e-02 2.746835443037974667e+00
8.857739564609419525e-02 2.835443037974683556e+00
8.882898787229520643e-02 2.670886075949367111e+00
8.908057969207523741e-02 3.126582278481012445e+00
8.933217110427608965e-02 3.075949367088607556e+00
8.958376210773978665e-02 2.569620253164556889e+00
8.983535270130825479e-02 2.860759493670886222e+00
9.008694288382361470e-02 3.025316455696202667e+00
9.033853265412819522e-02 2.987341772151898667e+00
9.059012201106408924e-02 2.746835443037974667e+00
9.084171095347365332e-02 2.734177215189873333e+00
9.109329948019929957e-02 2.860759493670886222e+00
9.134488759008344005e-02 3.037974683544304000e+00
9.159647528196875055e-02 2.924050632911392444e+00
9.184806255469767089e-02 2.860759493670886222e+00
9.209964940711304338e-02 2.835443037974683556e+00
9.235123583805752989e-02 2.911392405063291111e+00
9.260282184637395886e-02 3.101265822784810222e+00
9.285440743090531135e-02 2.708860759493670667e+00
9.310599259049441578e-02 2.886075949367088445e+00
9.335757732398435038e-02 2.417721518987341778e+00
9.360916163021822112e-02 2.797468354430379556e+00
9.386074550803914784e-02 3.075949367088607556e+00
9.411232895629033368e-02 2.898734177215189778e+00
9.436391197381512053e-02 2.632911392405063111e+00
9.461549455945676701e-02 2.734177215189873333e+00
9.486707671205880932e-02 3.113924050632911555e+00
9.511865843046463098e-02 2.848101265822784889e+00
9.537023971351772655e-02 2.822784810126582222e+00
9.562182056006175712e-02 2.481012658227848000e+00
9.587340096894034214e-02 2.974683544303797333e+00
9.612498093899710105e-02 2.392405063291139111e+00
9.637656046907597251e-02 2.721518987341772000e+00
9.662813955802067312e-02 2.822784810126582222e+00
9.687971820467505824e-02 2.620253164556962222e+00
9.713129640788317753e-02 2.696202531645569778e+00
9.738287416648896966e-02 2.594936708860759556e+00
9.763445147933648427e-02 2.582278481012658222e+00
9.788602834526972940e-02 2.670886075949367111e+00
9.813760476313306003e-02 2.886075949367088445e+00
9.838918073177058132e-02 2.835443037974683556e+00
9.864075625002645398e-02 2.848101265822784889e+00
9.889233131674521338e-02 2.721518987341772000e+00
9.914390593077110347e-02 2.784810126582278667e+00
9.939548009094860415e-02 2.582278481012658222e+00
9.964705379612212588e-02 2.822784810126582222e+00
9.989862704513627345e-02 3.088607594936708889e+00
1.001501998368355822e-01 2.594936708860759556e+00
1.004017721700647126e-01 2.645569620253164445e+00
1.006533440436682691e-01 3.000000000000000000e+00
1.009049154564911482e-01 2.430379746835443111e+00
1.011564864073779407e-01 2.468354430379746667e+00
1.014080568951735983e-01 2.708860759493670667e+00
1.016596269187229201e-01 3.063291139240506222e+00
1.019111964768708717e-01 2.835443037974683556e+00
1.021627655684624048e-01 2.632911392405063111e+00
1.024143341923425404e-01 2.443037974683544444e+00
1.026659023473563415e-01 2.189873417721519111e+00
1.029174700323489261e-01 2.949367088607595111e+00
1.031690372461654265e-01 2.620253164556962222e+00
1.034206039876510580e-01 2.569620253164556889e+00
1.036721702556510499e-01 2.962025316455696000e+00
1.039237360490108258e-01 2.974683544303797333e+00
1.041753013665755734e-01 2.658227848101265778e+00
1.044268662071906745e-01 2.607594936708860889e+00
1.046784305697015249e-01 2.556962025316455556e+00
1.049299944529536732e-01 2.797468354430379556e+00
1.051815578557925429e-01 2.759493670886076000e+00
1.054331207770638490e-01 2.329113924050632889e+00
1.056846832156130567e-01 2.531645569620253333e+00
1.059362451702858671e-01 2.316455696202531556e+00
1.061878066399277870e-01 2.405063291139240444e+00
1.064393676233847813e-01 2.455696202531645778e+00
1.066909281195024400e-01 2.784810126582278667e+00
1.069424881271265754e-01 2.202531645569620444e+00
1.071940476451031382e-01 2.620253164556962222e+00
1.074456066722778297e-01 2.443037974683544444e+00
1.076971652074967395e-01 2.443037974683544444e+00
1.079487232496057492e-01 2.848101265822784889e+00
1.082002807974508790e-01 2.658227848101265778e+00
1.084518378498781493e-01 2.670886075949367111e+00
1.087033944057336221e-01 2.810126582278480889e+00
1.089549504638634564e-01 2.531645569620253333e+00
1.092065060231137974e-01 2.341772151898734222e+00
1.094580610823308320e-01 2.721518987341772000e+00
1.097096156403607470e-01 2.569620253164556889e+00
1.099611696960498125e-01 2.569620253164556889e+00
1.102127232482444097e-01 2.784810126582278667e+00
1.104642762957907254e-01 2.468354430379746667e+00
1.107158288375353350e-01 2.556962025316455556e+00
1.109673808723245364e-01 2.556962025316455556e+00
1.112189323990047940e-01 2.569620253164556889e+00
1.114704834164225861e-01 2.556962025316455556e+00
1.117220339234244603e-01 2.075949367088607556e+00
1.119735839188569643e-01 1.886075949367088667e+00
1.122251334015666735e-01 2.088607594936708889e+00
1.124766823704001217e-01 1.962025316455696222e+00
1.127282308242042591e-01 1.797468354430379778e+00
1.129797787618255361e-01 1.759493670886076000e+00
1.132313261821106670e-01 1.860759493670886000e+00
1.134828730839065603e-01 1.607594936708860667e+00
1.137344194660599161e-01 1.455696202531645556e+00
1.139859653274176016e-01 1.544303797468354444e+00
1.142375106668265389e-01 1.645569620253164667e+00
1.144890554831334561e-01 1.367088607594936667e+00
1.147405997751854978e-01 9.873417721518987777e-01
1.149921435418294613e-01 1.202531645569620222e+00
1.152436867819125188e-01 1.126582278481012667e+00
1.154952294942815649e-01 1.379746835443038000e+00
1.157467716777837718e-01 1.253164556962025333e+00
1.159983133312660619e-01 1.189873417721518889e+00
1.162498544535757183e-01 1.518987341772152000e+00
1.165013950435598300e-01 1.405063291139240444e+00
1.167529351000657079e-01 1.620253164556962000e+00
1.170044746219403575e-01 1.354430379746835333e+00
1.172560136080312843e-01 1.582278481012658222e+00
1.175075520571855769e-01 1.417721518987341778e+00
1.177590899682508380e-01 1.468354430379746889e+00
1.180106273400740452e-01 1.481012658227848000e+00
1.182621641715027733e-01 1.582278481012658222e+00
1.185137004613845135e-01 1.721518987341772222e+00
1.187652362085665075e-01 1.556962025316455778e+00
1.190167714118963438e-01 1.405063291139240444e+00
1.192683060702215414e-01 1.405063291139240444e+00
1.195198401823896611e-01 1.316455696202531556e+00
1.197713737472482637e-01 1.354430379746835333e+00
1.200229067636448127e-01 1.658227848101265778e+00
1.202744392304270354e-01 1.746835443037974667e+00
1.205259711464426176e-01 1.443037974683544222e+00
1.207775025105392169e-01 1.544303797468354444e+00
1.210290333215644498e-01 1.417721518987341778e+00
1.212805635783662656e-01 1.291139240506329111e+00
1.215320932797922387e-01 1.202531645569620222e+00
1.217836224246901800e-01 1.481012658227848000e+00
1.220351510119080801e-01 1.430379746835443111e+00
1.222866790402937637e-01 1.620253164556962000e+00
1.225382065086949163e-01 1.417721518987341778e+00
1.227897334159596676e-01 1.417721518987341778e+00
1.230412597609358838e-01 1.430379746835443111e+00
1.232927855424715002e-01 1.556962025316455778e+00
1.235443107594146189e-01 1.443037974683544222e+00
1.237958354106132308e-01 1.544303797468354444e+00
1.240473594949154656e-01 1.443037974683544222e+00
1.242988830111691340e-01 1.468354430379746889e+00
1.245504059582227263e-01 1.544303797468354444e+00
1.248019283349240116e-01 1.354430379746835333e+00
1.250534501401215082e-01 1.493670886075949333e+00
1.253049713726631653e-01 1.405063291139240444e+00
1.255564920313973765e-01 1.531645569620253111e+00
1.258080121151722297e-01 1.569620253164556889e+00
1.260595316228361740e-01 1.329113924050632889e+00
1.263110505532374084e-01 1.518987341772152000e+00
1.265625689052242431e-01 1.417721518987341778e+00
1.268140866776450437e-01 1.227848101265822889e+00
1.270656038693483980e-01 1.632911392405063333e+00
1.273171204791825051e-01 1.430379746835443111e+00
1.275686365059957861e-01 1.316455696202531556e+00
1.278201519486368287e-01 1.607594936708860667e+00
1.280716668059540819e-01 1.113924050632911333e+00
1.283231810767960779e-01 1.734177215189873333e+00
1.285746947600114043e-01 1.405063291139240444e+00
1.288262078544485656e-01 1.518987341772152000e+00
1.290777203589560940e-01 1.518987341772152000e+00
1.293292322723827992e-01 1.227848101265822889e+00
1.295807435935772689e-01 1.493670886075949333e+00
1.298322543213881464e-01 1.265822784810126667e+00
1.300837644546641303e-01 1.367088607594936667e+00
1.303352739922539749e-01 1.468354430379746889e+00
1.305867829330064067e-01 1.291139240506329111e+00
1.308382912757702077e-01 1.392405063291139333e+00
1.310897990193942986e-01 1.392405063291139333e+00
1.313413061627274336e-01 1.379746835443038000e+00
1.315928127046183949e-01 1.417721518987341778e+00
1.318443186439161585e-01 1.177215189873417778e+00
1.320958239794696454e-01 1.354430379746835333e+00
1.323473287101277762e-01 1.253164556962025333e+00
1.325988328347394440e-01 1.506329113924050667e+00
1.328503363521537084e-01 1.291139240506329111e+00
1.331018392612195733e-01 1.253164556962025333e+00
1.333533415607859873e-01 1.531645569620253111e+00
1.336048432497022043e-01 1.455696202531645556e+00
1.338563443268172004e-01 1.215189873417721556e+00
1.341078447909799520e-01 1.265822784810126667e+00
1.343593446410398518e-01 1.544303797468354444e+00
1.346108438758459869e-01 1.405063291139240444e+00
1.348623424942474169e-01 1.582278481012658222e+00
1.351138404950933680e-01 1.455696202531645556e+00
1.353653378772332883e-01 1.354430379746835333e+00
1.356168346395162372e-01 1.417721518987341778e+00
1.358683307807914686e-01 1.582278481012658222e+00
1.361198262999084307e-01 1.291139240506329111e+00
1.363713211957165994e-01 1.341772151898734222e+00
1.366228154670649508e-01 1.493670886075949333e+00
1.368743091128030998e-01 1.392405063291139333e+00
1.371258021317804110e-01 1.303797468354430444e+00
1.373772945228464160e-01 1.354430379746835333e+00
1.376287862848503962e-01 1.341772151898734222e+00
1.378802774166419387e-01 1.240506329113924000e+00
1.381317679170706025e-01 1.417721518987341778e+00
1.383832433912576543e-01 1.428571428571428603e+00
1.386347253227204757e-01 1.605263157894736947e+00
1.388862065484754438e-01 1.613333333333333286e+00
1.391376870671647281e-01 1.662162162162162060e+00
1.393891668774307202e-01 1.397260273972602773e+00
1.396406459779157561e-01 1.708333333333333259e+00
1.398921243672626713e-01 1.507042253521126751e+00
1.401436020441145514e-01 1.428571428571428603e+00
1.403950790071143706e-01 1.391304347826086918e+00
1.406465552549059084e-01 1.470588235294117752e+00
1.408980229558835506e-01 1.590909090909090828e+00
1.411494977115367588e-01 1.661538461538461631e+00
1.414009717477980321e-01 1.796875000000000000e+00
1.416524450633122323e-01 1.380952380952380931e+00
1.419039176567239713e-01 1.435483870967741993e+00
1.421553895266784162e-01 1.852459016393442681e+00
1.424068606718207897e-01 1.883333333333333304e+00
1.426583310907965918e-01 1.830508474576271194e+00
1.429098007822515171e-01 1.775862068965517349e+00
1.431612697448314542e-01 1.842105263157894690e+00
1.434127379771825139e-01 1.732142857142857206e+00
1.436641969646899331e-01 1.740740740740740700e+00
1.439156636735983985e-01 2.339622641509433887e+00
1.441671296481055464e-01 1.980769230769230838e+00
1.444185948868583202e-01 2.137254901960784270e+00
1.446700593885042463e-01 1.620000000000000107e+00
1.449215231516908786e-01 1.897959183673469497e+00
1.451729772640123761e-01 2.042553191489361541e+00
1.454244394866141266e-01 1.826086956521739024e+00
1.456759009665901106e-01 2.266666666666666607e+00
1.459273617025886871e-01 2.568181818181818343e+00
1.461788125005495098e-01 1.904761904761904656e+00
1.464302716844747831e-01 2.463414634146341431e+00
1.466817199396409088e-01 2.634146341463414753e+00
1.469331775854787192e-01 2.524999999999999911e+00
1.471846249835858655e-01 2.184210526315789380e+00
1.474360810657261434e-01 2.702702702702702631e+00
1.476875363941518304e-01 2.194444444444444642e+00
1.479389909675135895e-01 2.628571428571428559e+00
1.481904350023854067e-01 2.424242424242424310e+00
1.484418880005937691e-01 2.750000000000000000e+00
1.486933402395837212e-01 2.516129032258064502e+00
1.489447917180066472e-01 2.533333333333333215e+00
1.491962323654609512e-01 2.500000000000000000e+00
1.494476822572899100e-01 1.888888888888888840e+00
1.496991313844009963e-01 2.692307692307692513e+00
1.499505797454466771e-01 3.279999999999999805e+00
1.502020169813564066e-01 2.000000000000000000e+00
1.504534637443820655e-01 2.909090909090909172e+00
1.507049097371951640e-01 2.428571428571428381e+00
1.509563549584487241e-01 2.549999999999999822e+00
1.512077887587401082e-01 2.611111111111111160e+00
1.514592323705620247e-01 2.588235294117647189e+00
1.517106752066806619e-01 2.312500000000000000e+00
1.519621172657500685e-01 2.133333333333333304e+00
1.522135476064012116e-01 2.307692307692307487e+00
1.524649880446410088e-01 2.416666666666666519e+00
1.527164277016911931e-01 2.636363636363636243e+00
1.529678665762064793e-01 1.600000000000000089e+00
1.532192934332457790e-01 3.125000000000000000e+00
1.534707306755469236e-01 3.571428571428571619e+00
1.537221671311760351e-01 2.166666666666666519e+00
1.539735913334601691e-01 3.750000000000000000e+00
1.542250261482933926e-01 3.000000000000000000e+00
1.544764601723202235e-01 2.500000000000000000e+00
1.547278934041965981e-01 7.000000000000000000e+00
