# q qerr I(q) I(q)err
6.111313073595031620e-02 3.154100855865873791e-03 3.322500000000000000e+02 1.004598721162447248e+02
6.800242608866982619e-02 2.110752812487300123e-03 5.121666666666666288e+02 7.003451530019562199e+01
7.478812129850326285e-02 1.894856213165734514e-03 5.614444444444444571e+02 1.184293819899374398e+02
8.081736842982174818e-02 1.577734731020807597e-03 6.024444444444444571e+02 1.142427564767561279e+02
8.706192866790804508e-02 2.018057842609979804e-03 6.165384615384615472e+02 1.069449064600622989e+02
9.311361532868518698e-02 1.734318039620741251e-03 6.308333333333333712e+02 1.063549481688557847e+02
9.924832822165428892e-02 1.939409616079583844e-03 6.162500000000000000e+02 1.484733246243243343e+02
1.056867454532435108e-01 2.068262530006435406e-03 5.652083333333333712e+02 1.609499361430269175e+02
1.120935416356093062e-01 1.699923986068800717e-03 5.391153846153846416e+02 1.650659272988510793e+02
1.177168722532570266e-01 1.903764278506084144e-03 5.442187500000000000e+02 1.773999442907888806e+02
1.242406998858587575e-01 2.007415885574503726e-03 5.472857142857143344e+02 1.548505039430888246e+02
1.307844605212421796e-01 1.948859987027574741e-03 5.520714285714285552e+02 1.251724422791312463e+02
1.372938405551752672e-01 1.976444694498947011e-03 5.486129032258064626e+02 1.247353285369615321e+02
1.433626874055373979e-01 1.479129257371093872e-03 5.306799999999999500e+02 1.166091111363087123e+02
1.497414395840910573e-01 2.132896554945924294e-03 5.396486486486486456e+02 1.159792713400535433e+02
1.562016171858009728e-01 1.470810848565314282e-03 5.323333333333333712e+02 1.087757348576747631e+02
1.620883487451751925e-01 1.817360580555445800e-03 5.403030303030302548e+02 1.058794730338102710e+02
1.684939590642719198e-01 1.975568076388520972e-03 5.371891891891891646e+02 1.096361137070268796e+02
1.749358117034872373e-01 1.810730169671130639e-03 5.407714285714286007e+02 1.070104057499807197e+02
1.813634234827302405e-01 1.982290824745188643e-03 5.481463414634146147e+02 1.057294370589247876e+02
1.877608813777307539e-01 1.710969833005861022e-03 5.529459459459459367e+02 1.141027083362673409e+02
1.936838392192468117e-01 1.708352888559126238e-03 5.571315789473684390e+02 1.137165767766292248e+02
1.998200724089964908e-01 1.901042836663710675e-03 5.632558139534884276e+02 1.115840950844911816e+02
2.064988844748374130e-01 2.083185659227047067e-03 5.598750000000000000e+02 1.307508066418712360e+02
2.131062600015138364e-01 1.923054290541973939e-03 5.758297872340425556e+02 1.116015393096298567e+02
2.193208008558340527e-01 1.649587748772136844e-03 5.773953488372093261e+02 1.158968742097708997e+02
2.255197753110727010e-01 1.943898002345461392e-03 5.850196078431372371e+02 1.088153680034465083e+02
2.319084130262620835e-01 1.853433278599466881e-03 5.917599999999999909e+02 1.090657489773943780e+02
2.380456302514551703e-01 1.717913041466973250e-03 5.971875000000000000e+02 1.093812617255198205e+02
2.441826744061198484e-01 1.910984005326162374e-03 6.018727272727272748e+02 1.045537688393507665e+02
2.508567628905887248e-01 1.865639566994751813e-03 5.583064516129031745e+02 1.494711906576933416e+02
2.571616352083493928e-01 2.042758540577210586e-03 5.422682926829268126e+02 1.479347403028079952e+02
2.636090936505812721e-01 1.759536909171210452e-03 5.510129870129869687e+02 1.318888749086719656e+02
2.696276322290375727e-01 1.767913466712890637e-03 5.602500000000000000e+02 1.229304300203981200e+02
2.756934411426098519e-01 1.847457432374286813e-03 5.734523809523809632e+02 1.152348668870896091e+02
2.820483295007140123e-01 1.942127748479487680e-03 5.773033707865168935e+02 1.119449158462106197e+02
2.885873542857223528e-01 1.999902870285049771e-03 5.870736842105262667e+02 1.065758715605552425e+02
2.950059364807982032e-01 1.753155416080761590e-03 5.922558139534884276e+02 1.021004195551464875e+02
3.012776628394395750e-01 1.916275679195857595e-03 6.010526315789473983e+02 9.913870079065911511e+01
3.076468654533095481e-01 1.858480647863890167e-03 6.036021505376344294e+02 9.647752436019122513e+01
3.139397285054469910e-01 1.849733180513128640e-03 6.094042553191488878e+02 9.330925717189116142e+01
3.202097007249891103e-01 1.889977811219999311e-03 6.116734693877550626e+02 9.109701178424199952e+01
3.264390569218261762e-01 1.757358001834326191e-03 6.161827956989246786e+02 8.861430715746773501e+01
3.326951465344144543e-01 1.930481388006281569e-03 6.268750000000000000e+02 8.621207360118063434e+01
3.390239669727912464e-01 1.785238221274862988e-03 6.270510204081632537e+02 8.747044958263002457e+01
3.452290355408559885e-01 1.822729964848564038e-03 6.338431372549019898e+02 8.608223002918421685e+01
3.515217579766085620e-01 1.894166946962649433e-03 6.392857142857143344e+02 8.139432028188245738e+01
3.581115149106128270e-01 1.984833837990382030e-03 6.470088495575221259e+02 7.809433823086547477e+01
3.646365217867122976e-01 1.807385512883236643e-03 6.542523364485981574e+02 7.569358046659974093e+01
3.707522342694583029e-01 1.646676631311451595e-03 6.560199999999999818e+02 7.635142303847388234e+01
3.768404479121448269e-01 1.835047814059704218e-03 6.641171171171171181e+02 7.516106396857510674e+01
3.831651369708888866e-01 1.834489868729198949e-03 6.638108108108108354e+02 7.457065322808566066e+01
3.894643253735652899e-01 1.853753096359237081e-03 6.666371681415929515e+02 7.316261201603165887e+01
3.958807651630259494e-01 1.912159574900255954e-03 6.663750000000000000e+02 6.975567479902024104e+01
4.022473572087105209e-01 1.746533598099251966e-03 6.683873873873874345e+02 6.710491514937466206e+01
4.083991683103055381e-01 1.862831917861469243e-03 6.765042016806722813e+02 6.563204357403890299e+01
4.147868792651558945e-01 1.850918924272050396e-03 6.824049586776859542e+02 6.519617960106360499e+01
4.211381020132339281e-01 1.813003092898375071e-03 6.929834710743801907e+02 6.332057689219615071e+01
4.273404438934948479e-01 1.765577699919095717e-03 7.008991596638655892e+02 6.424295331828788846e+01
4.337195733954657406e-01 1.911235613422362228e-03 7.108999999999999773e+02 6.372057993844929769e+01
4.400834723796714920e-01 1.795304431444431784e-03 7.139274193548386620e+02 6.374762956969004790e+01
4.463380503116383125e-01 1.781136916513354146e-03 7.122301587301586778e+02 6.151245554315688935e+01
4.525475293404462862e-01 1.782735370135076804e-03 7.084173228346456881e+02 5.745270559013528100e+01
4.588781844142776345e-01 1.863542184770878652e-03 6.989701492537313925e+02 5.429485907511942600e+01
4.652813857520213814e-01 1.809454061223974295e-03 6.909473684210526017e+02 5.289225670316163530e+01
4.715886271752884884e-01 1.786725641485754782e-03 6.780298507462686075e+02 5.130650583166752909e+01
4.778700308571910971e-01 1.749120838384908864e-03 6.715864661654135261e+02 4.890668128666739278e+01
4.841075358786299798e-01 1.812598873705853009e-03 6.649565217391303804e+02 4.636845939283544027e+01
4.904685449060671165e-01 1.813034819841214708e-03 6.588500000000000227e+02 4.522552218761942555e+01
4.967988078032400945e-01 1.775169993053363985e-03 6.591489361702127781e+02 4.419661272574807498e+01
5.030461340587593089e-01 1.710738770771227935e-03 6.549057971014492523e+02 4.345301320078600327e+01
5.093789740337634209e-01 1.844995629980458740e-03 6.534563758389261920e+02 4.031623507799773876e+01
5.157895609665918979e-01 1.772173611217854692e-03 6.509657534246575779e+02 3.829605245586526507e+01
5.220653538623039047e-01 1.710912446064493482e-03 6.513426573426573896e+02 3.684265850406590914e+01
5.282420832211931483e-01 1.776221308977217429e-03 6.523581081081081265e+02 3.630393270134293715e+01
5.345849814872509764e-01 1.797460663252185451e-03 6.535000000000000000e+02 3.576766218100837591e+01
5.409400198384390901e-01 1.769240412124692928e-03 6.565686274509804434e+02 3.553163903910613186e+01
5.471612929737256215e-01 1.671871176479489780e-03 6.579932432432432279e+02 3.539172548798377704e+01
5.535187503546902255e-01 1.843477994232445120e-03 6.611913580246913398e+02 3.505905593188347069e+01
5.599303633336802921e-01 1.774845713676194252e-03 6.643439490445859974e+02 3.717661160356774985e+01
5.661980099607780703e-01 1.715649351238413218e-03 6.734805194805194333e+02 3.108366611594077966e+01
5.724333289920446877e-01 1.764199560704661452e-03 6.830375000000000227e+02 3.384734226087773123e+01
5.786575496797814466e-01 1.687338640378493104e-03 6.940649350649350708e+02 3.577830507702281437e+01
5.849918082512260975e-01 1.882166412490617838e-03 7.102500000000000000e+02 3.593538290022866732e+01
5.913559560974818163e-01 1.673563701773732749e-03 7.222292993630572937e+02 3.708691586216722413e+01
5.976003341774964728e-01 1.789272139650604403e-03 7.358934911242603221e+02 3.738572144069429726e+01
6.039710484280985670e-01 1.760471037718898532e-03 7.503333333333333712e+02 3.818997520749660168e+01
6.103455122609070527e-01 1.778153705054047679e-03 7.605964912280701355e+02 4.012639055075069194e+01
6.165941547084902163e-01 1.709282904712068618e-03 7.609760479041916597e+02 4.194527945430957061e+01
6.227886440901039267e-01 1.708031916550016484e-03 7.555178571428571104e+02 4.244740893753355948e+01
6.292222757675741684e-01 1.895555695838723603e-03 7.434117647058823195e+02 3.910965701841610098e+01
6.355837393651907474e-01 1.609918394456906487e-03 7.250181818181818016e+02 3.612721324971085579e+01
6.417201133152361514e-01 1.735489606861494215e-03 7.077640449438201813e+02 3.229167057284750086e+01
6.480234646877054416e-01 1.746502386866512820e-03 6.866853932584269842e+02 2.872722032722313656e+01
6.543745591304535036e-01 1.808595843625667669e-03 6.685054347826087451e+02 2.532575806840005583e+01
6.607410482875138991e-01 1.776914150084337417e-03 6.530000000000000000e+02 2.391072617230510744e+01
6.669765730033264672e-01 1.670208017253243388e-03 6.408977272727272521e+02 2.391308324125740725e+01
6.731673103258457580e-01 1.796482171393593615e-03 6.318138297872339990e+02 2.305385668020858958e+01
6.795850853652600776e-01 1.822834825668488831e-03 6.221989528795811566e+02 2.223960887347880089e+01
6.858902177354958551e-01 1.747430487391250960e-03 6.166129032258064626e+02 2.088971835584368364e+01
6.921278880332987216e-01 1.765781770802452586e-03 6.114126984126984325e+02 1.944674211670317021e+01
6.985070946107704293e-01 1.847715388967816497e-03 6.086969696969697452e+02 1.915256597935406901e+01
7.048037128132643714e-01 1.757666077632949074e-03 6.053280423280423292e+02 1.995643262884890135e+01
7.109847861020758275e-01 1.767854622430342420e-03 6.013281250000000000e+02 1.912454469093098552e+01
7.172345948602801835e-01 1.822657136245004524e-03 5.981111111111110858e+02 1.843329040855688206e+01
7.236608500653414211e-01 1.906739358311473767e-03 5.953219512195122434e+02 1.739358911485068404e+01
7.299519259881649402e-01 1.814756391122580772e-03 5.937551020408163822e+02 1.770160836691147210e+01
7.362298620906445601e-01 1.872001608046580190e-03 5.918823529411764639e+02 1.752659866887052331e+01
7.427109241448597299e-01 1.961252361706546793e-03 5.897897196261682211e+02 1.715750661345265726e+01
7.489749171607754663e-01 1.795506848231544564e-03 5.857948717948718240e+02 1.800022645777628583e+01
7.553119902396251417e-01 1.968290517240121971e-03 5.839178082191780277e+02 1.747227919989567013e+01
7.617428847945948434e-01 1.878647625832918257e-03 5.792367149758454161e+02 2.514812520563427967e+01
7.679897535333021219e-01 1.889655825210407886e-03 5.806267942583732520e+02 1.268678941186130871e+01
7.742716946001383382e-01 1.890740870187222538e-03 5.768215962441314559e+02 1.979591201853653004e+01
7.806130493972306406e-01 1.874127862848933099e-03 5.741273584905660528e+02 1.760168418711275251e+01
7.869955317179381238e-01 1.962138593108325030e-03 5.727098214285714448e+02 1.838415080868932705e+01
7.933337815560531636e-01 1.823456314192357453e-03 5.740380952380952522e+02 2.399620340340900881e+01
7.995722808394026826e-01 1.873920736445982161e-03 5.778778280542986749e+02 3.167907364052508967e+01
8.059029702364099990e-01 1.855844282913126459e-03 5.820000000000000000e+02 3.312657336661458629e+01
8.122482529694946551e-01 1.899897789708842157e-03 5.896784140969162991e+02 4.334388679683844003e+01
8.185971333973350861e-01 1.831057107996742058e-03 5.995156950672645735e+02 5.837105718864333426e+01
8.248840800988579414e-01 1.805078930334647752e-03 6.064439461883407603e+02 5.921555566417308825e+01
8.311527541867054225e-01 1.843524136775542745e-03 6.071441048034934056e+02 5.622690262891450885e+01
8.375116084758876811e-01 1.829773299230467044e-03 6.078304347826086769e+02 6.030351555803229502e+01
8.438261475186588090e-01 1.817550564165925373e-03 5.967413793103448825e+02 4.847543032735362800e+01
8.500843452560248314e-01 1.755513946144033992e-03 5.877433628318584624e+02 3.941838540574597971e+01
8.563647400134730692e-01 1.844487251387733453e-03 5.769294605809128598e+02 2.991403522228156575e+01
8.626696591174244366e-01 1.710203360544058351e-03 5.674210526315789593e+02 2.414838994306049358e+01
8.689830853488446083e-01 1.844123492424595270e-03 5.613902439024390105e+02 1.937141541236278286e+01
8.753179752476163422e-01 1.741457950302257533e-03 5.577276595744681345e+02 1.869922035834540708e+01
8.815756228481118617e-01 1.752464905610253906e-03 5.562116182572614207e+02 1.993770579567165413e+01
8.877944678552249780e-01 1.716242394594354789e-03 5.536371308016878174e+02 2.000447527775152068e+01
8.941407927930166144e-01 1.839522330085644050e-03 5.515691699604742553e+02 1.891917578108992259e+01
9.005003621585947471e-01 1.752218829319661820e-03 5.504448979591836633e+02 1.902296689454759004e+01
9.067627482844141662e-01 1.720498064613873055e-03 5.498688524590163524e+02 1.926983459004393850e+01
9.130278025298368405e-01 1.789374596252915357e-03 5.498769841269840981e+02 1.984294119944661716e+01
9.193563827426239898e-01 1.786117629316656989e-03 5.493253968253968651e+02 2.077703276945358013e+01
9.256709965929463824e-01 1.773964252230773864e-03 5.496117647058823650e+02 2.107057947690340782e+01
9.319487846442510159e-01 1.740175819907428248e-03 5.505040000000000191e+02 2.174773551430125451e+01
9.382375230166524194e-01 1.835219923763222079e-03 5.523282442748092080e+02 2.080297424755489288e+01
9.445114335627492475e-01 1.754301698834087597e-03 5.549723320158102524e+02 2.113309775624964004e+01
9.507739483173833772e-01 1.796477233495237351e-03 5.592298850574712787e+02 2.131477612257728538e+01
9.571000001339345920e-01 1.844157663989784944e-03 5.690150943396226921e+02 2.186467425012500954e+01
9.634651872700409347e-01 1.860525514413665987e-03 5.956090225563909826e+02 3.048560287394770896e+01
9.697902983397413967e-01 1.869026222830578836e-03 6.879661654135338722e+02 1.019586135566731144e+02
9.761731987705594138e-01 1.898719003246270758e-03 9.402767527675276824e+02 2.782879029017580592e+02
9.824546988499620603e-01 1.850375251942234242e-03 1.447939622641509459e+03 4.653938440600601893e+02
9.887603507672997338e-01 1.885371791598095068e-03 2.216036764705882433e+03 5.253695536488272637e+02
9.951547945742836854e-01 1.923480157877882840e-03 3.041708185053380930e+03 4.327618734043624045e+02
1.001497743307979915e+00 1.816985016266823736e-03 3.633397003745318216e+03 3.626460150952229355e+02
1.007730073445106012e+00 1.872875193246743668e-03 3.908561151079136835e+03 3.937493680323019589e+02
1.014110590476311025e+00 1.881534321868284657e-03 3.936549645390070964e+03 4.079252832547583694e+02
1.020442888611849064e+00 1.823625195420996601e-03 3.877293906810035878e+03 4.121823864385007141e+02
1.026691701700078063e+00 1.782759485576686145e-03 3.730829710144927503e+03 4.248508767624496727e+02
1.033057845114525142e+00 1.884320384582664851e-03 3.510040816326530603e+03 4.729133312574534216e+02
1.039437792018165441e+00 1.793463056649077922e-03 3.059498233215547771e+03 5.687471577915231364e+02
1.045681248368910410e+00 1.745618337461533540e-03 2.433187943262411409e+03 5.910417603747775956e+02
1.051944871571292683e+00 1.801987856022948175e-03 1.658000000000000000e+03 4.782097577567746498e+02
1.058324809813473877e+00 1.829265674919061668e-03 1.012680134680134643e+03 2.720448151641093091e+02
1.064596602572098316e+00 1.714864743882408334e-03 6.779542253521126440e+02 1.089492768521290458e+02
1.070868750588993112e+00 1.792957436204007347e-03 5.624107744107743656e+02 4.363038419771311283e+01
1.077195490251847465e+00 1.798916779777443367e-03 5.280568561872909186e+02 2.763377860644912687e+01
1.083505800573759448e+00 1.740543057611223946e-03 5.148532423208191631e+02 2.402597731368131306e+01
1.089676915900379850e+00 1.748165881083384946e-03 5.081734693877551194e+02 2.322708998750805165e+01
1.096052400832523421e+00 1.863573573199493825e-03 5.031341853035143572e+02 2.242926391748891390e+01
1.102364289960501065e+00 1.744372504095847640e-03 4.988677966101694778e+02 2.213293518445633268e+01
1.108625070827478076e+00 1.829094711995288541e-03 4.939609120521172372e+02 2.277531464520028948e+01
1.114924075445366869e+00 1.842999932655674591e-03 4.773311688311688386e+02 4.601635620942163030e+01
1.121282665432693726e+00 1.762017027877181303e-03 4.857404580152671656e+02 3.368478101112399514e+01
1.127553932619258736e+00 1.851826979229859085e-03 4.863345724907063072e+02 2.974190234041015302e+01
1.133905639228342421e+00 1.803927404845938115e-03 4.834235294117647186e+02 2.991816828518995663e+01
1.140144523104706709e+00 1.820967272376473748e-03 4.803070866141732154e+02 3.193055668354217858e+01
1.146455214771981312e+00 1.831860927088285957e-03 4.789043824701195149e+02 2.752258106307470342e+01
1.152869066430118439e+00 1.902391342003174283e-03 4.791660231660231943e+02 2.783854630428843890e+01
1.159252377890596986e+00 1.791659613503928782e-03 4.773609958506224302e+02 2.959568169386666625e+01
1.165575291556828930e+00 1.872439892399787795e-03 4.777808764940239143e+02 2.791940086313521263e+01
1.171828433925186763e+00 1.747387590499659572e-03 4.748095238095237960e+02 3.012459182755423015e+01
1.178029580193284076e+00 1.845903894892485285e-03 4.768148148148148380e+02 2.789807149119643626e+01
1.184400904434957269e+00 1.829516060217846983e-03 4.766903765690376531e+02 2.810037137313804223e+01
1.190737654720273042e+00 1.816225366119703435e-03 4.770168776371307899e+02 2.815995221448170227e+01
1.196977477342464180e+00 1.780548390738201196e-03 4.767947598253275032e+02 2.712756123352541238e+01
1.203312963818603976e+00 1.874247930763579166e-03 4.770289256198346948e+02 2.862624831781536727e+01
1.209645773529357093e+00 1.750259837788138012e-03 4.757300884955752167e+02 2.859979156173856296e+01
1.215952225700388523e+00 1.837678281197498587e-03 4.770720338983051079e+02 2.724083172291270571e+01
1.222254898926581568e+00 1.775628514659025698e-03 4.536666666666666856e+02 5.939416357409766789e+01
1.228537298751265050e+00 1.780223345631782141e-03 4.618152173913043725e+02 3.906856622714402505e+01
1.234759587745337228e+00 1.795376270296014523e-03 4.601397849462365457e+02 3.617637440558091555e+01
1.241110555825225781e+00 1.895169703334604900e-03 4.588187919463087496e+02 3.462740474808077096e+01
1.247523323486311897e+00 1.874537877840588536e-03 4.546283783783783861e+02 3.317672529577552609e+01
1.253854431820907944e+00 1.857283623330970761e-03 4.544161073825503081e+02 3.357905721122095599e+01
1.260138295168494293e+00 1.856490137450314505e-03 4.519302325581395507e+02 3.422368597111410082e+01
1.266501421045549414e+00 1.881588491645209797e-03 4.535434083601286375e+02 3.309339348858058116e+01
1.272807251993681055e+00 1.824447191781883651e-03 4.517475409836065410e+02 3.350308565171231834e+01
1.279100636071537789e+00 1.831925956271344968e-03 4.518821656050955653e+02 3.334716645364702003e+01
1.285385940199903265e+00 1.796864974607813087e-03 4.502500000000000000e+02 3.316976293368589523e+01
1.291734086560349049e+00 1.833790085687247952e-03 4.498404907975460105e+02 3.159315498261338817e+01
1.297999116585571544e+00 1.712347548001254965e-03 4.471941747572815302e+02 3.161456505969453445e+01
1.304332283077917598e+00 1.862331657852500611e-03 4.462035398230088390e+02 3.103785676369874835e+01
1.310629912671008812e+00 1.689758514739712848e-03 4.431442307692307736e+02 3.257966832195260309e+01
1.316859893871710430e+00 1.807323329610554348e-03 4.427253731343283789e+02 3.238958095333764931e+01
1.323169508333509325e+00 1.772103529485381237e-03 4.423586626139817781e+02 3.043015004623482156e+01
1.329416719622044551e+00 1.761213072716576004e-03 4.432175226586102781e+02 3.136769346038835238e+01
1.335676763851219473e+00 1.808340606324402439e-03 4.425684523809524080e+02 3.026662245222503955e+01
1.342102166253144047e+00 1.916040745002256648e-03 4.424394366197183217e+02 3.182911623575397897e+01
1.348432554966731090e+00 1.804515701739407276e-03 4.406193353474320134e+02 3.067245610826373081e+01
1.354697325729501189e+00 1.895450207138361931e-03 4.407960339943342660e+02 3.259556055564170407e+01
1.361035554581970564e+00 1.836151892644552735e-03 4.408488372093023031e+02 3.121628359601415426e+01
1.367445372286436589e+00 1.911657172750392099e-03 4.431452054794520450e+02 3.058482251029894883e+01
1.373833054624600258e+00 1.794265400870382644e-03 4.441565217391304259e+02 3.009230747423888630e+01
1.380048052911932777e+00 1.791287036868802413e-03 4.552136752136752307e+02 3.177028427729856830e+01
1.386332670155489666e+00 1.806335848089170130e-03 4.804073033707865079e+02 3.598861978032382325e+01
1.392624520144640332e+00 1.796075039907524609e-03 5.310055555555555884e+02 4.110639969249329084e+01
1.398923000198597277e+00 1.771229759338340285e-03 5.897837078651685943e+02 4.012277958480578377e+01
1.405184482923453881e+00 1.808998902686751115e-03 6.389918478260869961e+02 3.909589546006327510e+01
1.411475199677901360e+00 1.734371386327675756e-03 6.678820224719100906e+02 4.311856292835416582e+01
1.417706081410672780e+00 1.817237095201347432e-03 6.776236559139784958e+02 4.378751649457975503e+01
1.424046144262549829e+00 1.816956160244514703e-03 6.814579945799457619e+02 4.615488995725493027e+01
1.430457268966005335e+00 1.925855730949348329e-03 6.837506426735218383e+02 4.717207364625194543e+01
1.436865665354877475e+00 1.843763745384080412e-03 6.863521505376344294e+02 4.676011823199532813e+01
1.443084111958556903e+00 1.831535442318516687e-03 6.841747311827956537e+02 4.873159473912190265e+01
1.449466238371406979e+00 1.910439897345804971e-03 6.802177215189873323e+02 4.408867628294129304e+01
1.455780432464144347e+00 1.769262236301017126e-03 6.703405405405405872e+02 4.575231296567723405e+01
1.462109939136078340e+00 1.873282905934200038e-03 6.532681704260651259e+02 4.807402327788260266e+01
1.468414112563870999e+00 1.734923018383166060e-03 6.266213333333333821e+02 5.036217762479211046e+01
1.474680891373796765e+00 1.804015195942032307e-03 5.843477157360406409e+02 4.689451686855049672e+01
1.480924591063775386e+00 1.742163032935032654e-03 5.282506527415143864e+02 4.065938845364534870e+01
1.487138550370334267e+00 1.742602934721402272e-03 4.833367609254498802e+02 3.280385820776883321e+01
1.493462591150057195e+00 1.833511633313982111e-03 4.566509900990099027e+02 3.203696969460467869e+01
1.499809278721849770e+00 1.805357266360340307e-03 4.467430730478589567e+02 3.381035182438195363e+01
1.506175762378094918e+00 1.888906516140883814e-03 4.436992665036675021e+02 3.430168575435256884e+01
1.512543466733061504e+00 1.879653113941155348e-03 4.424779411764706083e+02 3.581058144817376387e+01
1.518927121842702510e+00 1.865813122140227640e-03 4.421372549019607732e+02 3.480528649629530946e+01
1.525176469146275027e+00 1.826629940430822378e-03 4.423374689826302983e+02 3.355061513443709487e+01
1.531416651941075235e+00 1.798854978931840659e-03 4.422153465346534631e+02 3.453626592230961734e+01
1.537728221615372926e+00 1.856986876758172280e-03 4.423617021276595551e+02 3.419288982525286258e+01
1.544096010846849332e+00 1.769518617434322075e-03 4.433673965936739592e+02 3.521387177283197190e+01
1.550405005344789089e+00 1.809055686031393537e-03 4.433900709219857958e+02 3.412596705368795824e+01
1.556696834359960313e+00 1.740139413919524446e-03 4.432766990291262346e+02 3.512984696923425787e+01
1.562969221032702194e+00 1.804120915253569534e-03 4.434268867924528195e+02 3.603061985211650864e+01
1.569251838380229191e+00 1.803338776033149233e-03 4.438568019093078760e+02 3.513788947347693181e+01
1.575556094315494926e+00 1.863019847936644557e-03 4.443916083916083721e+02 3.437800976943974973e+01
1.581892448177514066e+00 1.865480693804838323e-03 4.442731481481481524e+02 3.590574214067771663e+01
1.588269483401412163e+00 1.861295980786164313e-03 4.453663594470045837e+02 3.457064213625256599e+01
1.594574325321363339e+00 1.830133252637398044e-03 4.461041666666666856e+02 3.465986901391474362e+01
1.600916934751582588e+00 1.832077894544300927e-03 4.462209567198177638e+02 3.426899447211148697e+01
1.607201343968552854e+00 1.780442356845074459e-03 4.472500000000000000e+02 3.420263181610661007e+01
1.613445462524496721e+00 1.775524639999344866e-03 4.492339449541284466e+02 3.330631299361303377e+01
1.619730849749851931e+00 1.787630240083115185e-03 4.538058690744920796e+02 3.365336212645295433e+01
1.625979803600224649e+00 1.755895091839796123e-03 4.695609195402298610e+02 3.254594264847044371e+01
1.632226613292544926e+00 1.821174808670054370e-03 5.095369127516778462e+02 3.579592536309591821e+01
1.638606704061473573e+00 1.894452323361247963e-03 5.718242950108459581e+02 3.960325454402898515e+01
1.645050487946952522e+00 1.887301666918968484e-03 6.317565217391304486e+02 5.160292557759058241e+01
1.651415996904310735e+00 1.851783837096881687e-03 6.642346491228070136e+02 6.178652636566880574e+01
1.657788871265904573e+00 1.852242853945953917e-03 6.785118790496760539e+02 6.478617757385649156e+01
1.664006124760511351e+00 1.741113674427757210e-03 6.823696145124716850e+02 6.510178882371492648e+01
1.670281873961185770e+00 1.842366346193471905e-03 6.862494714587737690e+02 6.443615933372690563e+01
1.676541801276667298e+00 1.721555322686186195e-03 6.890627802690582939e+02 6.648674477511202952e+01
1.682793682471841024e+00 1.824670227224382997e-03 6.906603375527425897e+02 6.613697228258867256e+01
1.689107465299970467e+00 1.791603935857043455e-03 6.942603036876355418e+02 6.346415156071507369e+01
1.695415952935033443e+00 1.877357617877282179e-03 7.176868475991649348e+02 5.735886216503407553e+01
1.701806617780016628e+00 1.875253898477295287e-03 7.663841336116910270e+02 5.759254517746993685e+01
1.708145235544118012e+00 1.851238026496159058e-03 8.348063157894737287e+02 6.243104806809577667e+01
1.714469347376187613e+00 1.845626368464784459e-03 8.847929606625258430e+02 6.810946142090226374e+01
1.720739519194126599e+00 1.771881702320935673e-03 8.977179487179487296e+02 7.703856963834400062e+01
1.726990948287859817e+00 1.820993782645452704e-03 8.770755102040816382e+02 8.043330716370630284e+01
1.733361150263370787e+00 1.784216608021570085e-03 8.328987603305785115e+02 8.634053444624893814e+01
1.739571674833123582e+00 1.760427731239605715e-03 7.960419287211740311e+02 2.082899285771031543e+02
1.745887440247851030e+00 1.853392121839796862e-03 7.727815631262525358e+02 3.207401759443574178e+02
1.752250177420427102e+00 1.860925844240075020e-03 7.534291497975708580e+02 1.951597832307506621e+02
1.758607387389414800e+00 1.864192030273802104e-03 7.323980000000000246e+02 6.530347917224624155e+01
1.764972322429467777e+00 1.851098948525789619e-03 7.252580000000000382e+02 5.015422167674422838e+01
1.771273520234028620e+00 1.808016239517707931e-03 7.150604838709676869e+02 4.999780733030387836e+01
1.777586992161852564e+00 1.807004964737956481e-03 7.064297029702970576e+02 4.903706789803472077e+01
1.783840233931820451e+00 1.746107465683986813e-03 6.945885947046842830e+02 5.019273413076327728e+01
1.790071520275328565e+00 1.795583184790444783e-03 6.734940944881889209e+02 4.856719665880647341e+01
1.796393698957722052e+00 1.819993601147859141e-03 6.392094861660078777e+02 4.901651338973938010e+01
1.802712928873270393e+00 1.883216042231023422e-03 5.843735632183908137e+02 5.043072196473448088e+01
1.809114577024696358e+00 1.850157529878445435e-03 5.132228682170542697e+02 4.637420663194944126e+01
1.815345782948464493e+00 1.803540499391122600e-03 4.582312252964426875e+02 3.482242297754280713e+01
1.821700705453981772e+00 1.863872113208649628e-03 4.312779850746268835e+02 3.028554585447114533e+01
1.828034416566336029e+00 1.759461126105644731e-03 4.207066929133858366e+02 2.900264731118699402e+01
1.834289862490237510e+00 1.817049905439401892e-03 4.179246704331450246e+02 2.852873502627078039e+01
1.840620947190598100e+00 1.780340576699249600e-03 4.161673076923077019e+02 2.886649013923549134e+01
1.846876290479544158e+00 1.833628160635640113e-03 4.126843100189036022e+02 3.007435536830104894e+01
1.853225331533147280e+00 1.864396810776891523e-03 4.114407407407407504e+02 3.077410360473392714e+01
1.859586416204100923e+00 1.843230203276794224e-03 4.124392523364485896e+02 3.281856708796178879e+01
1.865884580336470755e+00 1.827085395033201023e-03 4.143333333333333144e+02 3.202721336656239970e+01
1.872200528994375501e+00 1.799198018262535481e-03 4.164314814814814554e+02 3.388069745161624979e+01
1.878453452628845000e+00 1.760356359008985331e-03 4.181807909604519864e+02 3.818866893153326458e+01
1.884712324747962020e+00 1.805687576808031941e-03 4.160948905109489147e+02 3.628619915671479390e+01
1.891113706724730337e+00 1.861939656346446982e-03 4.146456834532373819e+02 4.023728731103295786e+01
1.897400945427566432e+00 1.833350088909791505e-03 4.156433823529411598e+02 5.044300911233052886e+01
1.903772875545957088e+00 1.875180743362649160e-03 4.170176056338028161e+02 5.132513114678496180e+01
1.910018917854334752e+00 1.739883276586547947e-03 4.181361058601134459e+02 4.673482966024668173e+01
1.916236012056648175e+00 1.833205283437960029e-03 4.190052631578947171e+02 4.419196540202960932e+01
1.922638163561010805e+00 1.793373418488206777e-03 4.219410714285714334e+02 5.792465852338726506e+01
1.928888348891847349e+00 1.792288115248428593e-03 4.210251798561151304e+02 6.360940092535460622e+01
1.935240631371640818e+00 1.865766417879262265e-03 4.211885813148788884e+02 5.522307127209759869e+01
1.941608872090050619e+00 1.856644915843207438e-03 4.288471001757469026e+02 4.789884891380954457e+01
1.947917338414854704e+00 1.837601359788319485e-03 4.707688266199649547e+02 9.235582083782141183e+01
1.954236834815996637e+00 1.805754229573221887e-03 5.493758741258741338e+02 1.748847750680123170e+02
1.960488135501994522e+00 1.772905664188001006e-03 6.544707964601769845e+02 2.533732188561345993e+02
1.966755922696415082e+00 1.810201296061439468e-03 7.849741824440619666e+02 2.921391151970032638e+02
1.973091583736556354e+00 1.814240900008777741e-03 9.737137931034483245e+02 2.804969364988780853e+02
1.979420480567132490e+00 1.865397302840512408e-03 1.203859083191850686e+03 2.436377573637193734e+02
1.985762243830389018e+00 1.849873766110382307e-03 1.387876271186440590e+03 2.006135919997201142e+02
1.992143605840229093e+00 1.840662096304069391e-03 1.485619765494137255e+03 1.788968443418303593e+02
1.998372952698491245e+00 1.738412627792555948e-03 1.525889279437609730e+03 1.933953939666842530e+02
2.004614638405731508e+00 1.821010887715033720e-03 1.559144039735099341e+03 1.949943012097433837e+02
2.010981699228176822e+00 1.807963355431743604e-03 1.565294612794612704e+03 1.990830188122961601e+02
2.017216781415232862e+00 1.822968187424302972e-03 1.565350758853288426e+03 2.275618122684385582e+02
2.023555507756473748e+00 1.866836436713831520e-03 1.559484552845528469e+03 2.511061094269763601e+02
2.029945947492921121e+00 1.842053164818473936e-03 1.545949013157894797e+03 2.174387518436492712e+02
2.036236367431154548e+00 1.802040352124230577e-03 1.528880991735537236e+03 2.043042226494382305e+02
2.042538823796997693e+00 1.786279422623429517e-03 1.506866995073891530e+03 2.015746350288682436e+02
2.048720173306640469e+00 1.747373060808409071e-03 1.486735593220339069e+03 2.001280077136038074e+02
2.055017041239767028e+00 1.892889576395914968e-03 1.441865414710485084e+03 1.945924688612770979e+02
2.061465280497128294e+00 1.850343878148330047e-03 1.368605769230769283e+03 2.039902022259075807e+02
2.067778354784032935e+00 1.826644103880053095e-03 1.271657004830917913e+03 2.242741794475729478e+02
2.074107962816127415e+00 1.810449409964311413e-03 1.145565079365079328e+03 2.328616402223097737e+02
2.080392027050733006e+00 1.757304311173108879e-03 1.004635179153094441e+03 2.391238108814582688e+02
2.086560915145909245e+00 1.789004268885935290e-03 8.302171799027552197e+02 2.088521889168346775e+02
2.092907509218693285e+00 1.897916204239676529e-03 6.309618902439024168e+02 1.450836754421263208e+02
2.099341076602548206e+00 1.841856996552926774e-03 4.653625000000000114e+02 7.274769393359659375e+01
2.105598503643897335e+00 1.780460926307301031e-03 3.917747603833865924e+02 3.025680859596473127e+01
2.111872942412509335e+00 1.813036870717739954e-03 3.662669753086419746e+02 2.306616490325173885e+01
2.118179840511383194e+00 1.773074262998883873e-03 3.589858267716535352e+02 2.144275874937283888e+01
2.124489700938873238e+00 1.854176769044688739e-03 3.567629969418960059e+02 2.184022561531899953e+01
2.130866139955553962e+00 1.876679961187130126e-03 3.569319213313161754e+02 2.393747744851038917e+01
2.137196345481136905e+00 1.803165093871285981e-03 3.644659442724458245e+02 2.472039357892601430e+01
2.143477781291089013e+00 1.808033309626025679e-03 3.779419847328244373e+02 2.797047891427700961e+01
2.149749346762158453e+00 1.787076492040512573e-03 3.915576036866359573e+02 2.833582208637971789e+01
2.156014428448592479e+00 1.811767013668930289e-03 4.011293759512937527e+02 2.818359930963043425e+01
2.162388958755252943e+00 1.899773100682969557e-03 4.057810218978102057e+02 2.937069730703649739e+01
2.168776559916051561e+00 1.828625003914755194e-03 4.087702702702702595e+02 2.835708124065171631e+01
2.175079146577416189e+00 1.799027495536281414e-03 4.179358208955223972e+02 3.197606791932363635e+01
2.181358965593887422e+00 1.775037425494343461e-03 4.427680722891566347e+02 5.027893657047511766e+01
2.187625576602315824e+00 1.830837683859201127e-03 4.917988165680473571e+02 8.616780825970219837e+01
2.193923842198696850e+00 1.837507381709080519e-03 5.697151248164464050e+02 1.258406472537086245e+02
2.200310743338333541e+00 1.859271066102410235e-03 6.926298421807747445e+02 1.522977485141347529e+02
2.206637920896229677e+00 1.789161753318371274e-03 8.572844444444444889e+02 1.465382805307382910e+02
2.212855268310565560e+00 1.778695396750237757e-03 1.031322533136966058e+03 1.081242241428991520e+02
2.219155297956861617e+00 1.826812665150635666e-03 1.164467625899280620e+03 8.037173963051590420e+01
2.225534449623195243e+00 1.883537061579874895e-03 1.245466854724964833e+03 9.602541343469611945e+01
2.231816049321749151e+00 1.789850136339156059e-03 1.282293685756240848e+03 1.156158861171961831e+02
2.238124350048766420e+00 1.838516226422660244e-03 1.298534916201117312e+03 1.224472675351771329e+02
2.244461256680506001e+00 1.769483755913013904e-03 1.308081041968162026e+03 1.278951018631905043e+02
2.250672411056880762e+00 1.815340560525242463e-03 1.310451936872309943e+03 1.309216150421849818e+02
2.256976265699253581e+00 1.875232856265233962e-03 1.300691988950276254e+03 1.323540319999226256e+02
2.263404067221236105e+00 1.844596500685106652e-03 1.281577134986225929e+03 1.328904287647040690e+02
2.269740131332425914e+00 1.784620609829179342e-03 1.260087694483734140e+03 1.340524747400328636e+02
2.275928662030326066e+00 1.770462641505800294e-03 1.239890313390313395e+03 1.365591428411536583e+02
2.282234771450446509e+00 1.859120215862977580e-03 1.224762872628726200e+03 1.438787235164925846e+02
2.288651494096741512e+00 1.861574731480084791e-03 1.208706919945725986e+03 1.581858026829807500e+02
2.294929189507614264e+00 1.787386468760323059e-03 1.180342696629213378e+03 1.606962236605539829e+02
2.301123790424945526e+00 1.773889529887621910e-03 1.135601388888888778e+03 1.621022833823687108e+02
2.307427473574251042e+00 1.823767960867003161e-03 1.049495263870094732e+03 1.593187808214893835e+02
2.313824548022820782e+00 1.807223345639351721e-03 9.593298662704308981e+02 1.726206195836111021e+02
2.320154992066300714e+00 1.861695907969135875e-03 8.462795857988165835e+02 1.831455771316477978e+02
2.326479049872378635e+00 1.797363522119922990e-03 7.105331278890600970e+02 1.754605125962877139e+02
2.332811122143054305e+00 1.834923033436536115e-03 5.563237082066868879e+02 1.422921262768794577e+02
2.339146829363451641e+00 1.809933127175767861e-03 4.187943485086342434e+02 8.698830515600288038e+01
2.345346999874724947e+00 1.788822558822959720e-03 3.349598070739550053e+02 4.094253197362678520e+01
2.351591514044208964e+00 1.821961582186779451e-03 2.999559055118110109e+02 2.124890812423529951e+01
2.357940827546205931e+00 1.821480796874143165e-03 2.877325949367088356e+02 1.850930065300564564e+01
2.364269371024037891e+00 1.822839816105960298e-03 2.822564102564102768e+02 1.835796265655337578e+01
2.370575565839220911e+00 1.828742917233826173e-03 2.780434083601286375e+02 1.987727100344591591e+01
2.376891771469677561e+00 1.815523241845057745e-03 2.749207119741100200e+02 1.890951180996244574e+01
2.383240749019818416e+00 1.833462819707767054e-03 2.740434083601286375e+02 1.864130321363372644e+01
2.389601619010945921e+00 1.828185711102788165e-03 2.743485342019544078e+02 1.925111622530415190e+01
2.395961259100775731e+00 1.812604844355751544e-03 2.742034976152623358e+02 2.621751243636839490e+01
2.402160007896914973e+00 1.807533258736503850e-03 2.840567164179104225e+02 2.809588862185263025e+01
2.408453972146052724e+00 1.793232887210479852e-03 3.021038011695906675e+02 3.016440657226516464e+01
2.414771780432101167e+00 1.830638750947721858e-03 3.236025824964132198e+02 3.211695177021079672e+01
2.421058800843912895e+00 1.849123668637423033e-03 3.462347949080622129e+02 3.061873170189732818e+01
2.427397847212681370e+00 1.833909450969152099e-03 3.645527777777778056e+02 2.552647175053505180e+01
2.433701938443864954e+00 1.777285794113256248e-03 3.740703234880450054e+02 2.341482316719248757e+01
2.440001432560962691e+00 1.835928632076300280e-03 3.795485636114910903e+02 2.237378567210988223e+01
2.446276920633820851e+00 1.825543246774167941e-03 3.800618982118294298e+02 2.443857292479779275e+01
2.452612917458465880e+00 1.850886418197054181e-03 3.796618037135278314e+02 2.365328757132745352e+01
2.458937188373468086e+00 1.764090576915684772e-03 3.784561643835616565e+02 2.326687201706397801e+01
2.465235494564519847e+00 1.842465198645606636e-03 3.773487450462351376e+02 2.340204238771833900e+01
2.471581205305689810e+00 1.856761058240425245e-03 3.760763157894737105e+02 2.482167055110046050e+01
2.477865992864338285e+00 1.798850075022648308e-03 3.739027962716378397e+02 2.517501474495939817e+01
2.484122936716935737e+00 1.780971833254360159e-03 3.712668428005284227e+02 2.401720443996529042e+01
2.490467721662181333e+00 1.849468727863495983e-03 3.693882503192847935e+02 2.246420055797980808e+01
2.496849546734450254e+00 1.852734310658727887e-03 3.680217113665389661e+02 2.314302944242266236e+01
2.503105859710241798e+00 1.772860352036017325e-03 3.668350923482849453e+02 2.331320590224519052e+01
2.509322203788900918e+00 1.804578376445024500e-03 3.633782051282051384e+02 2.300186190045436518e+01
2.515643032193938478e+00 1.830400595634155535e-03 3.568967254408060512e+02 2.260610103031768858e+01
2.522012436559997628e+00 1.844427975373299751e-03 3.472171215880893556e+02 2.491922984233416472e+01
2.528376527697731913e+00 1.805263014170996501e-03 3.364635678391960028e+02 2.464670992943477401e+01
2.534662305746367750e+00 1.817191430107880853e-03 3.229609571788412836e+02 2.536615365842494185e+01
2.540923642722284104e+00 1.847774197163838152e-03 3.043725247524752717e+02 2.707674376085338253e+01
2.547222087144660030e+00 1.810867478977307979e-03 2.812611386138613625e+02 2.634475263125169775e+01
2.553540685742163419e+00 1.807658101810726481e-03 2.582668298653611032e+02 2.255921347273040922e+01
2.559925401613222018e+00 1.856915584780679824e-03 2.422778443113772369e+02 1.765090006234425957e+01
2.566280305514876403e+00 1.838802799104265022e-03 2.348244552058111481e+02 1.647495606405089319e+01
2.572544852388987113e+00 1.785952156998167010e-03 2.335067484662576760e+02 1.580095592479463029e+01
2.578799894204640619e+00 1.806472379669163885e-03 2.342128174123337487e+02 1.654712799626686959e+01
2.585123793491197919e+00 1.855120447360665906e-03 2.353349001175088233e+02 1.775108240080776056e+01
2.591472256141813091e+00 1.805120360344933915e-03 2.347914183551847316e+02 1.753318969606985078e+01
2.597744265483155957e+00 1.788819714346394623e-03 2.345575539568345391e+02 1.803634403619207305e+01
2.604038454996993934e+00 1.850630787333012181e-03 2.348403263403263281e+02 1.886592261648732816e+01
2.610374414453144443e+00 1.837105816396599096e-03 2.330605355064028004e+02 1.904934810434296821e+01
2.616634120485421100e+00 1.761050173804210722e-03 2.319785202863961899e+02 1.916252532813984644e+01
2.622940397920966227e+00 1.848634675493098997e-03 2.307576791808873793e+02 1.820394334459392027e+01
2.629323187355575353e+00 1.839581463337864892e-03 2.290433789954337840e+02 1.754483477103409683e+01
2.635681273538560632e+00 1.815290224604702678e-03 2.272290950744558984e+02 1.643472318276577582e+01
2.641934789831782204e+00 1.778405014700361417e-03 2.256537558685446072e+02 1.546381934101685296e+01
2.648176773767660031e+00 1.853093332118325998e-03 2.240992108229988844e+02 1.512098404792745754e+01
2.654514065851063087e+00 1.823524830511773481e-03 2.231672316384180874e+02 1.558256366385279890e+01
2.660817448321032508e+00 1.798052776896779401e-03 2.221114903299203718e+02 1.604498743092997515e+01
2.667123571907564994e+00 1.844852426740933296e-03 2.200088888888888903e+02 1.676729414921858208e+01
2.673472329675100401e+00 1.839448802019330543e-03 2.189346622369878048e+02 1.718655632816132339e+01
2.679761377760365715e+00 1.786299887381436651e-03 2.171357466063348340e+02 1.737719829362676194e+01
2.686129035698236578e+00 1.877272974428747035e-03 2.111855779427359607e+02 3.192677381033566064e+01
2.692300573720700196e+00 1.798376592015874225e-03 2.131122334455667726e+02 2.008634249328262200e+01
2.698561328278970439e+00 1.798779619418457414e-03 2.116738882554161876e+02 1.905182292038891845e+01
2.704947056964875252e+00 1.860594623228957294e-03 2.072235955056179648e+02 2.054197478800139720e+01
2.711339925705444909e+00 1.826229981736538378e-03 2.039479166666666572e+02 2.056608038080998568e+01
2.717643416720191052e+00 1.774618570520191145e-03 2.013186157517899630e+02 2.112496199626650295e+01
2.723934694222051256e+00 1.823763048442502126e-03 1.985076741440377930e+02 2.057021286641888480e+01
2.730274673678132036e+00 1.841398355898408350e-03 1.970531286894923255e+02 1.976585676536746661e+01
2.736591263199737778e+00 1.788312012670147501e-03 1.972658536585365994e+02 1.960802815163321711e+01
2.742885231028380222e+00 1.844652457607765493e-03 1.957913669064748206e+02 1.907964781335898508e+01
2.749161241756704843e+00 1.804773587711254630e-03 1.958009828009828084e+02 1.907406874585421974e+01
2.755398232824302962e+00 1.776157869081165970e-03 1.966047087980173558e+02 1.912042015577948817e+01
2.761751565609168679e+00 1.857903093933079139e-03 1.983118279569892479e+02 2.046484658909984589e+01
2.768124311574730267e+00 1.813883183384283311e-03 2.060576687116564472e+02 2.499262092912770683e+01
2.774423663616722546e+00 1.776295681999270643e-03 2.274656679151061098e+02 4.000069867578923777e+01
2.780754869867226198e+00 1.842436817654598789e-03 2.685956151035322819e+02 6.424162992660323823e+01
2.787077464795406190e+00 1.805278297034774168e-03 3.333075000000000045e+02 8.381710492569521875e+01
2.793346642012575654e+00 1.793644434711254678e-03 4.050315258511979550e+02 9.004490433217829093e+01
2.799634253246212179e+00 1.838111547031318375e-03 4.670173697270471393e+02 8.736846742100790664e+01
2.805924842988945844e+00 1.808245895551135627e-03 5.237777777777778283e+02 7.379592960041377125e+01
2.812167973206011862e+00 1.789098639402584082e-03 5.617979539641943347e+02 6.299218352314183278e+01
2.818496662748549042e+00 1.874446068014908040e-03 5.850513447432763314e+02 6.300140580246952027e+01
2.824858807967614460e+00 1.791571154666717633e-03 5.971515923566878428e+02 6.760933218761989849e+01
2.831150482550185643e+00 1.815112775054883139e-03 5.985708860759493746e+02 6.800554799841212628e+01
2.837475400148095517e+00 1.850316795954077458e-03 5.987471980074719795e+02 6.638022508198243088e+01
2.843805018276897911e+00 1.786824753329564535e-03 6.025442875481386409e+02 6.082340192119468014e+01
2.850131561922547352e+00 1.845583173970813699e-03 6.034881398252184681e+02 5.697948056387091498e+01
2.856484494638581229e+00 1.841115527677602507e-03 6.032067247820672264e+02 6.578985460827929899e+01
2.862782859862781137e+00 1.780809355167121575e-03 5.987971938775509670e+02 6.451828516939596625e+01
2.869068523143336158e+00 1.847699945098150954e-03 5.933705521472392093e+02 6.601150172882991285e+01
2.875378514069953706e+00 1.802909528894259443e-03 5.874956304619225875e+02 6.300872589172253413e+01
2.881671995666307051e+00 1.819305449905813353e-03 5.817118012422359925e+02 6.249439080110941802e+01
2.887980092673573917e+00 1.848812746508326317e-03 5.708933823529412166e+02 6.616227652788094815e+01
2.894292086458025270e+00 1.795011172749967111e-03 5.529183417085426981e+02 7.589210314512247635e+01
2.900588101801901963e+00 1.834444505730529681e-03 5.164487021013596859e+02 1.027620204298136599e+02
2.906894294921833044e+00 1.834235081131648307e-03 4.825427509293680259e+02 1.259342426799018710e+02
2.913143215321425394e+00 1.775388414920497622e-03 4.520717029449423876e+02 1.424185822459089650e+02
2.919469846096636179e+00 1.902110692867622259e-03 4.088357314148681212e+02 1.503391263603407140e+02
2.925831071463227850e+00 1.799019204260941503e-03 3.820000000000000000e+02 1.323707874899543810e+02
2.932125236913744715e+00 1.849572311535908030e-03 3.467725587144623205e+02 1.084094178704911400e+02
2.938426190430696305e+00 1.829943172517629413e-03 3.245892634207240803e+02 7.870514561468175430e+01
2.944698497868602605e+00 1.792371922793937686e-03 3.153121827411167715e+02 5.172592889289691698e+01
2.951032364443879619e+00 1.872648010744969562e-03 3.237694174757281758e+02 3.984188955756020789e+01
2.957349976869245278e+00 1.772646084934545842e-03 3.591751918158567491e+02 4.347410338178855937e+01
2.963641534615172990e+00 1.843499637433317897e-03 4.082197530864197574e+02 4.553326153271958532e+01
2.969974563050315375e+00 1.835483252247156055e-03 4.595354037267080685e+02 3.902338487309161508e+01
2.976261971728969780e+00 1.784595762971840369e-03 4.984349489795918089e+02 3.287846973516555948e+01
2.982555079221103078e+00 1.856376802478345786e-03 5.208176254589963037e+02 3.217000137958283545e+01
2.988860230475899549e+00 1.767956570045068222e-03 5.338988476312420062e+02 3.282021229706948873e+01
2.995178874680174186e+00 1.856934622757372335e-03 5.389706601466992879e+02 3.384450034421716680e+01
3.001496400543723020e+00 1.797819739674591305e-03 5.396147021546261158e+02 3.811380603655443622e+01
3.007822553902104179e+00 1.849516356328991537e-03 5.390853960396040065e+02 3.636558379143274777e+01
3.014155913686516808e+00 1.844070628166239031e-03 5.363801242236024791e+02 4.162345346556138992e+01
3.020427983220980828e+00 1.780401570183770890e-03 5.326141025641026090e+02 4.933809911545132820e+01
3.026726854870708916e+00 1.864734463497724846e-03 5.251112469437653090e+02 1.383883218101041450e+02
3.033042693621903041e+00 1.790509691971886499e-03 5.620982142857143344e+02 7.245749330410711764e+02
3.039417687211595442e+00 1.892848977299335135e-03 5.519770531400965865e+02 9.568079722820768893e+02
3.045771113053035606e+00 1.809002971513908259e-03 4.802091254752851910e+02 3.109571036062229155e+02
3.052089874155329063e+00 1.844438578281415919e-03 4.301439205955334728e+02 1.288096362601161218e+02
3.058386304167925118e+00 1.824217551217444024e-03 3.980814536340852214e+02 1.451051463334101754e+02
3.064635661305841197e+00 1.781811879387494579e-03 3.686884615384615245e+02 1.514427199180389039e+02
3.070942258104439215e+00 1.879278577764203085e-03 3.324739393939394176e+02 1.561209405465358486e+02
3.077306102136554866e+00 1.789896323379901438e-03 3.096721728081321316e+02 1.497471782661533553e+02
3.083610248093582751e+00 1.842323938384468965e-03 2.806814268142681499e+02 1.422432957711791062e+02
3.089899276602742884e+00 1.781295098450355954e-03 2.626229299363057521e+02 1.300719595557159494e+02
3.096219282790054539e+00 1.849962857272845727e-03 2.359877450980392268e+02 1.185528955803500395e+02
3.102516781183005889e+00 1.793151767743564459e-03 2.198631178707224194e+02 1.039953145566850168e+02
3.108846425703184035e+00 1.844538984569745127e-03 1.935719557195571952e+02 8.262799614712439222e+01
3.115155056293756886e+00 1.812510444856532069e-03 1.735721455457967295e+02 6.002256658201497430e+01
3.121484332076036150e+00 1.832521331068808152e-03 1.586265508684863619e+02 4.284916731288132752e+01
3.127777573742708483e+00 1.818133687887086257e-03 1.524476309226932642e+02 3.421504438119406188e+01
3.134074710556275623e+00 1.800750836428910992e-03 1.534703656998738950e+02 3.031189329465816940e+01
3.140350968701055567e+00 1.840082388152106639e-03 1.546477832512315160e+02 2.840128339987439432e+01
3.146669598331559570e+00 1.795769837056059460e-03 1.580568181818181870e+02 2.730792656968583643e+01
3.152959210157879166e+00 1.842768641532451131e-03 1.578662576687116541e+02 2.729557118941666616e+01
3.159264892205651432e+00 1.791857333635609589e-03 1.584759493670886172e+02 2.560081879098376234e+01
3.165581888857809112e+00 1.858342078644047027e-03 1.547512135922330003e+02 2.424868002613150253e+01
3.171905560319084216e+00 1.782720971754531017e-03 1.547832699619771972e+02 2.405071538566062728e+01
3.178180461481988406e+00 1.828434529921516482e-03 1.516240786240786349e+02 2.418567082773817134e+01
3.184506679420991304e+00 1.810619157308176325e-03 1.512166874221668706e+02 2.404446672147784625e+01
3.190846230582273346e+00 1.831490456789015321e-03 1.474046454767726289e+02 2.626809463654633703e+01
3.197132365687451294e+00 1.780884113596707067e-03 1.469227848101265863e+02 2.897260191271563201e+01
3.203454230992797136e+00 1.862619862555806765e-03 1.413727382388419755e+02 3.169542166735146793e+01
3.209790152929830498e+00 1.796864404628749357e-03 1.388540880503144592e+02 3.044917258435039997e+01
3.216105270782768422e+00 1.849581865447865814e-03 1.329186893203883528e+02 3.201957211820975857e+01
3.222383723154825574e+00 1.773184836801974633e-03 1.325329949238578706e+02 3.271509600331663137e+01
3.228652903688512765e+00 1.829814433570467642e-03 1.281875761266747986e+02 3.397529554682423480e+01
3.234977992221026444e+00 1.801123950508762587e-03 1.295833333333333428e+02 3.331451583280365725e+01
3.241301441286830176e+00 1.830570155328411054e-03 1.298007290400971954e+02 3.394157513777265223e+01
3.247581817024004280e+00 1.774748969754167847e-03 1.361782553729456424e+02 3.288627387167504423e+01
3.253885986942128827e+00 1.868811343678552150e-03 1.394191616766466950e+02 3.250567361946082201e+01
3.260235987169183947e+00 1.804603356501592029e-03 1.430912500000000023e+02 3.023874646046028047e+01
3.266546856392692710e+00 1.857627301288636550e-03 1.412752403846153868e+02 2.822972479515138389e+01
3.272886904023045052e+00 1.792569475559808913e-03 1.416024999999999920e+02 2.683792087466910914e+01
3.279153478698136670e+00 1.837211362056317054e-03 1.395187878787878901e+02 2.667386594279598100e+01
3.285516195699416553e+00 1.819318898053023329e-03 1.389201474201474298e+02 2.552343264372148113e+01
3.291677990232397821e+00 1.824817096246810931e-03 1.394416775884665753e+02 2.455868933650503649e+01
3.298068987764390059e+00 1.863784166448585874e-03 1.381383561643835662e+02 2.394162891379729174e+01
3.304430978840338096e+00 1.814787339162488022e-03 1.355610465116278931e+02 2.572345654660306025e+01
3.310737564052387061e+00 1.817945227602999880e-03 1.332366071428571388e+02 2.752067988867399251e+01
3.317033906120231190e+00 1.800198345421728579e-03 1.294453004622496053e+02 2.901160050289197656e+01
3.323313479518194669e+00 1.810036704891648416e-03 1.269529780564263319e+02 3.086596420950881026e+01
3.329645772824664451e+00 1.853775369266378323e-03 1.259859594383775345e+02 3.264910258373450347e+01
3.335990548707715053e+00 1.826590486813650920e-03 1.227736757624398081e+02 3.336109800780157286e+01
3.342268739174953929e+00 1.807641793864574143e-03 1.205579119086460054e+02 3.377586017995460566e+01
3.348554594221377023e+00 1.807536448754866812e-03 1.183404605263157947e+02 3.375591724764073831e+01
3.354810866618635590e+00 1.798386852034845364e-03 1.163936348408710160e+02 3.364244172427513746e+01
3.361143554435736203e+00 1.860575678898459748e-03 1.157901639344262321e+02 3.378380956562565984e+01
3.367505271257411170e+00 1.829077091643749146e-03 1.127618243243243228e+02 3.334915055884801660e+01
3.373804785089639324e+00 1.803149868685275390e-03 1.104402079722703576e+02 3.206429382151001306e+01
3.380079784639911100e+00 1.805631642174917659e-03 1.078119507908611610e+02 2.993979579139782743e+01
3.386416571036835244e+00 1.843579116849991192e-03 1.066848591549295833e+02 2.977016639991578018e+01
3.392732849186819166e+00 1.821713749179523084e-03 1.050072595281306747e+02 2.857857567650401265e+01
3.399077842768783331e+00 1.840157085703132342e-03 1.020525362318840621e+02 2.561064122224048845e+01
3.405368445234043140e+00 1.771416845865005909e-03 1.013396946564885468e+02 2.389292566920116556e+01
3.411642977450664915e+00 1.840004348347408980e-03 1.044172932330827024e+02 2.371041529793484770e+01
3.417946432239648225e+00 1.816648589106147462e-03 1.119339805825242706e+02 2.411065466932157619e+01
3.424268333461439884e+00 1.838339958730071926e-03 1.243829787234042499e+02 2.404302048466647435e+01
3.430601598134079389e+00 1.799761940178920376e-03 1.406633266533066262e+02 2.358322584999350013e+01
3.436922606236269218e+00 1.844213366763177700e-03 1.558979999999999961e+02 2.386586248179605008e+01
3.443269856433799347e+00 1.834668830692703879e-03 1.638588957055214621e+02 2.141989990312014314e+01
3.449516618902171317e+00 1.769622948488585408e-03 1.660598290598290703e+02 2.027515766668514985e+01
3.455771942280530862e+00 1.817195070858158281e-03 1.664249471458773826e+02 2.121021387101447786e+01
3.462154010515302804e+00 1.866018191136946868e-03 1.685864978902953624e+02 2.111579188296524379e+01
3.468478914699885340e+00 1.799468636805881495e-03 1.669002217294900277e+02 1.841294072797141013e+01
3.474737530089159865e+00 1.798535080277152308e-03 1.635672645739910251e+02 2.099247405861661164e+01
3.481027808853469629e+00 1.828779808500339806e-03 1.611447963800904972e+02 2.678656539356684618e+01
3.487370903609774420e+00 1.855504762412056021e-03 1.542081447963800827e+02 2.868368049518866769e+01
3.493710577164840458e+00 1.791815171782784382e-03 1.464208037825059137e+02 3.163793088616373694e+01
3.499981309375833849e+00 1.817721919481020843e-03 1.419594272076372192e+02 3.747260796512841097e+01
3.506294281862427642e+00 1.840208171226962808e-03 1.335731414868105560e+02 4.191545654272402999e+01
3.512643170548069183e+00 1.819719049123772565e-03 1.252997542997542979e+02 4.223110425281480218e+01
3.518887929185086527e+00 1.780316295825717758e-03 1.191717948717948730e+02 4.151949377002483033e+01
3.525201780775713889e+00 1.871585280235478531e-03 1.140297766749379633e+02 4.079780295185879879e+01
3.531587235286628879e+00 1.812415240060859375e-03 1.080625000000000000e+02 3.687360740661378600e+01
3.537791204901774123e+00 1.765649031450039182e-03 1.055585831062670366e+02 3.435660279247014870e+01
3.544104483213670331e+00 1.881636984785636617e-03 1.046640625000000000e+02 3.278188365788113856e+01
3.550526160049383151e+00 1.823753900979235669e-03 1.047868852459016438e+02 2.763867983047772015e+01
3.556826252644191833e+00 1.805941154371571225e-03 1.058676056338028104e+02 2.074327619351935326e+01
3.563110991539715666e+00 1.831382697511484874e-03 1.094261363636363598e+02 1.618163114757206245e+01
3.569418747584309326e+00 1.819035597463529485e-03 1.133633720930232585e+02 1.324335527337015073e+01
3.575721219182565580e+00 1.815191134896390569e-03 1.188397626112759582e+02 1.210539607266215079e+01
3.582041784633743120e+00 1.836067019019354488e-03 1.258918918918918877e+02 1.097116066632725762e+01
3.588351193306853926e+00 1.816205673054769026e-03 1.288916408668730753e+02 9.728210401704787458e+00
3.594644124218077774e+00 1.816162507538995278e-03 1.304227129337539566e+02 9.260304888285729064e+00
3.600965899690116157e+00 1.832434222657099978e-03 1.311948881789137431e+02 9.774176498697176640e+00
3.607301933810233674e+00 1.823864462282996299e-03 1.300786885245901772e+02 1.105873887274325540e+01
3.613589615564896995e+00 1.801875725405921403e-03 1.283966101694915380e+02 1.257533140990509679e+01
3.619872304563952703e+00 1.819848024125704684e-03 1.258006872852233613e+02 1.527820365894116073e+01
3.626184481674183946e+00 1.827760715362539709e-03 1.215964912280701782e+02 1.844234191682387447e+01
3.632455309189269510e+00 1.797655079431180383e-03 1.142919708029197068e+02 2.053170365881663884e+01
3.638754857574894697e+00 1.841922947680418475e-03 1.081313868613138709e+02 2.211478032849454678e+01
3.645110863435991444e+00 1.833895812584415653e-03 1.005601503759398554e+02 2.218853745805866495e+01
3.651399341121458253e+00 1.797724079201825547e-03 9.314509803921568221e+01 2.175611489165236279e+01
3.657684783062496781e+00 1.823089633617003442e-03 8.630555555555555713e+01 2.023059306949657099e+01
3.663989311092172851e+00 1.817352227903809700e-03 8.032377049180327333e+01 1.679624102921949813e+01
3.670338462676961733e+00 1.852037082036360515e-03 7.580578512396694180e+01 1.260586209002989833e+01
3.676667454351053799e+00 1.802731285318214709e-03 7.306113537117903434e+01 9.956281122984099952e+00
3.682957402673964431e+00 1.831301914300888494e-03 7.184513274336282507e+01 8.002605985608040484e+00
3.689264510226057059e+00 1.810576500315507495e-03 7.173271889400920998e+01 6.839243771609223366e+00
3.695607159299667099e+00 1.851070780809128090e-03 7.353953488372093261e+01 6.611108863952629200e+00
3.701906411334345837e+00 1.786914693256676148e-03 7.739800995024876329e+01 6.301526788826675052e+00
3.708163258087520564e+00 1.825159420261267002e-03 8.161306532663316204e+01 5.929577974202519641e+00
3.714507337749332283e+00 1.833043865117713490e-03 8.500518134715025553e+01 5.378907183345572385e+00
3.720870273368275249e+00 1.842023606415223082e-03 8.816042780748662722e+01 5.549653163312422421e+00
3.727157013165883104e+00 1.785929560704693081e-03 9.054857142857143515e+01 4.809446486884333183e+00
3.733414267292576749e+00 1.823616893326991065e-03 9.128488372093023884e+01 5.800123084798300965e+00
3.739747614563589284e+00 1.832601406324968355e-03 8.906626506024096557e+01 6.333757972689829430e+00
3.746091684029914770e+00 1.828992002129592063e-03 8.735849056603773022e+01 6.238410400810659340e+00
3.752406222021260618e+00 1.812401454337024109e-03 8.503973509933774722e+01 5.574778423122242366e+00
3.758712131096641595e+00 1.823143945980814458e-03 8.220000000000000284e+01 5.741200162887968972e+00
3.765000355804634324e+00 1.809969724265664184e-03 7.897810218978102625e+01 7.578259535156037785e+00
3.771324791207556704e+00 1.846593531196991230e-03 7.335338345864661846e+01 8.923966362883804848e+00
3.777640884128447674e+00 1.800430178895984180e-03 6.898373983739837456e+01 7.600252038777706609e+00
3.783890033752419058e+00 1.812352582976840126e-03 6.536752136752136266e+01 6.742240936248737881e+00
3.790205950757557840e+00 1.839564216382759279e-03 6.416071428571429180e+01 5.267206376268552148e+00
3.796547481197723339e+00 1.823144808823023381e-03 6.421153846153846700e+01 3.499392381745739300e+00
3.802839460639445335e+00 1.822115437231795494e-03 6.560824742268040666e+01 2.492714434590913353e+00
3.809162628389719529e+00 1.835235423465040759e-03 6.739560439560439420e+01 2.888312648889411971e+00
3.815477698903783743e+00 1.813833779597889004e-03 6.798795180722891018e+01 3.730331397168932028e+00
3.821777178949230969e+00 1.830898415393102585e-03 6.974025974025974506e+01 3.579424343446925505e+00
3.828076951026545771e+00 1.795694771849016581e-03 7.098550724637681242e+01 3.318745647651838659e+00
3.834316772867639944e+00 1.791896653628349866e-03 6.998387096774193594e+01 3.013324554363032259e+00
3.840583618544390898e+00 1.820001018717854217e-03 6.816071428571429180e+01 3.250588643709359182e+00
3.846911872181034475e+00 1.824281646184678762e-03 6.689795918367346417e+01 3.205186342769853702e+00
3.853313008086272973e+00 1.880829953221405115e-03 6.332558139534883423e+01 3.237740533797737630e+00
3.859656947796285653e+00 1.787945514535103963e-03 5.967647058823529704e+01 3.204397929403493439e+00
3.865825284683709118e+00 1.773175751446867720e-03 5.759259259259259522e+01 4.312390035575404568e+00
3.872064552013789740e+00 1.858490478498285668e-03 5.638095238095237960e+01 2.575833968818765474e+00
3.878243048288448236e+00 1.738115315901965106e-03 5.200000000000000000e+01 2.601774542351963593e+00
3.884441558101385361e+00 1.990091083924331716e-03 5.314285714285714590e+01 4.000000000000000000e+00
