# q qerr I(q) I(q)err
6.111313073595031620e-02 3.154100855865873791e-03 3.795000000000000000e+02 1.053443878477653186e+02
6.800242608866982619e-02 2.110752812487300123e-03 7.451666666666666288e+02 2.254122149899305612e+02
7.478812129850326285e-02 1.894856213165734514e-03 9.045555555555555429e+02 3.603823244182300414e+02
8.081736842982174818e-02 1.577734731020807597e-03 9.242222222222221717e+02 3.483988419705491992e+02
8.706192866790804508e-02 2.018057842609979804e-03 9.714615384615384528e+02 2.951938987679496336e+02
9.311361532868518698e-02 1.734318039620741251e-03 9.297500000000000000e+02 2.668816841473639556e+02
9.924832822165428892e-02 1.939409616079583844e-03 8.895625000000000000e+02 2.824074516545199458e+02
1.056867454532435108e-01 2.068262530006435406e-03 8.172500000000000000e+02 2.865025996100791872e+02
1.120935416356093062e-01 1.699923986068800717e-03 7.381153846153846416e+02 2.653153978852897126e+02
1.177168722532570266e-01 1.903764278506084144e-03 7.612187500000000000e+02 2.786680758256586046e+02
1.242406998858587575e-01 2.007415885574503726e-03 7.908214285714285552e+02 2.393165065475477320e+02
1.307844605212421796e-01 1.948859987027574741e-03 8.021428571428571104e+02 1.904426771112665335e+02
1.372938405551752672e-01 1.976444694498947011e-03 7.840000000000000000e+02 1.848256370989486470e+02
1.433626874055373979e-01 1.479129257371093872e-03 7.486399999999999864e+02 1.806783218872701298e+02
1.497414395840910573e-01 2.132896554945924294e-03 7.660540540540540633e+02 1.598135692532333394e+02
1.562016171858009728e-01 1.470810848565314282e-03 7.473703703703703241e+02 1.586778318511683210e+02
1.620883487451751925e-01 1.817360580555445800e-03 7.565757575757576205e+02 1.558912437881203630e+02
1.684939590642719198e-01 1.975568076388520972e-03 7.506756756756756204e+02 1.569987763580980982e+02
1.749358117034872373e-01 1.810730169671130639e-03 7.510571428571428214e+02 1.545950417664664656e+02
1.813634234827302405e-01 1.982290824745188643e-03 7.616341463414634063e+02 1.489921545112002264e+02
1.877608813777307539e-01 1.710969833005861022e-03 7.650540540540540633e+02 1.603070487858564945e+02
1.936838392192468117e-01 1.708352888559126238e-03 7.760526315789473983e+02 1.631463620711896567e+02
1.998200724089964908e-01 1.901042836663710675e-03 7.921860465116278647e+02 1.664206422847684337e+02
2.064988844748374130e-01 2.083185659227047067e-03 7.919375000000000000e+02 2.009398101215054453e+02
2.131062600015138364e-01 1.923054290541973939e-03 8.352127659574467771e+02 1.869094151463445712e+02
2.193208008558340527e-01 1.649587748772136844e-03 8.673023255813953938e+02 2.158841405515889278e+02
2.255197753110727010e-01 1.943898002345461392e-03 9.206274509803921546e+02 2.381852364096518215e+02
2.319084130262620835e-01 1.853433278599466881e-03 1.020899999999999977e+03 3.191942793973601624e+02
2.380456302514551703e-01 1.717913041466973250e-03 1.170729166666666742e+03 4.494052599532087129e+02
2.441826744061198484e-01 1.910984005326162374e-03 1.395109090909090810e+03 6.345940786267226486e+02
2.508567628905887248e-01 1.865639566994751813e-03 1.515000000000000000e+03 8.959874081056444766e+02
2.571616352083493928e-01 2.042758540577210586e-03 1.689829268292682855e+03 1.056545425933628621e+03
2.636090936505812721e-01 1.759536909171210452e-03 1.938207792207792181e+03 1.144124634950327163e+03
2.696276322290375727e-01 1.767913466712890637e-03 2.169074999999999818e+03 1.138731139388266683e+03
2.756934411426098519e-01 1.847457432374286813e-03 2.328857142857142662e+03 1.085505473340904700e+03
2.820483295007140123e-01 1.942127748479487680e-03 2.165808988764044898e+03 9.282788928665498815e+02
2.885873542857223528e-01 1.999902870285049771e-03 1.770757894736842218e+03 6.864058964097254147e+02
2.950059364807982032e-01 1.753155416080761590e-03 1.306534883720930338e+03 4.348029482879727539e+02
3.012776628394395750e-01 1.916275679195857595e-03 1.011778947368421086e+03 2.680702212960372890e+02
3.076468654533095481e-01 1.858480647863890167e-03 8.433548387096774377e+02 1.723917969869824276e+02
3.139397285054469910e-01 1.849733180513128640e-03 7.801382978723404449e+02 1.370109228611001413e+02
3.202097007249891103e-01 1.889977811219999311e-03 7.492448979591836178e+02 1.218007475994506734e+02
3.264390569218261762e-01 1.757358001834326191e-03 7.397634408602150415e+02 1.150876505215843366e+02
3.326951465344144543e-01 1.930481388006281569e-03 7.439903846153846416e+02 1.089686343707546996e+02
3.390239669727912464e-01 1.785238221274862988e-03 7.372653061224490330e+02 1.072520570825480917e+02
3.452290355408559885e-01 1.822729964848564038e-03 7.430196078431372371e+02 1.048486762234290666e+02
3.515217579766085620e-01 1.894166946962649433e-03 7.471523809523810087e+02 9.756466545618977193e+01
3.581115149106128270e-01 1.984833837990382030e-03 7.539380530973451187e+02 9.397092868215906947e+01
3.646365217867122976e-01 1.807385512883236643e-03 7.611495327102803685e+02 9.331179554055978542e+01
3.707522342694583029e-01 1.646676631311451595e-03 7.607500000000000000e+02 9.401475947956257073e+01
3.768404479121448269e-01 1.835047814059704218e-03 7.710090090090089916e+02 9.182631470374967364e+01
3.831651369708888866e-01 1.834489868729198949e-03 7.703693693693693376e+02 9.095599496485691304e+01
3.894643253735652899e-01 1.853753096359237081e-03 7.718318584070796078e+02 8.909275454823698226e+01
3.958807651630259494e-01 1.912159574900255954e-03 7.703583333333333485e+02 8.546977779698895006e+01
4.022473572087105209e-01 1.746533598099251966e-03 7.727567567567567721e+02 8.153798590748087349e+01
4.083991683103055381e-01 1.862831917861469243e-03 7.804369747899160075e+02 7.949111859304831285e+01
4.147868792651558945e-01 1.850918924272050396e-03 7.849008264462810303e+02 8.100676998255532624e+01
4.211381020132339281e-01 1.813003092898375071e-03 7.971900826446280917e+02 8.041492697777866283e+01
4.273404438934948479e-01 1.765577699919095717e-03 8.066806722689075286e+02 8.178083779472704862e+01
4.337195733954657406e-01 1.911235613422362228e-03 8.184846153846153811e+02 8.110842476615690089e+01
4.400834723796714920e-01 1.795304431444431784e-03 8.241854838709676869e+02 8.317737165892781093e+01
4.463380503116383125e-01 1.781136916513354146e-03 8.266904761904761472e+02 8.670739057164047381e+01
4.525475293404462862e-01 1.782735370135076804e-03 8.280787401574802971e+02 8.783589258548040846e+01
4.588781844142776345e-01 1.863542184770878652e-03 8.277537313432835617e+02 9.154187635100791454e+01
4.652813857520213814e-01 1.809454061223974295e-03 8.290300751879699419e+02 9.432597891914988963e+01
4.715886271752884884e-01 1.786725641485754782e-03 8.348134328358208904e+02 1.108787541811287980e+02
4.778700308571910971e-01 1.749120838384908864e-03 8.523533834586465900e+02 1.322575166464290817e+02
4.841075358786299798e-01 1.812598873705853009e-03 8.813840579710144993e+02 1.671423074349447404e+02
4.904685449060671165e-01 1.813034819841214708e-03 9.212357142857142662e+02 2.171845570862133741e+02
4.967988078032400945e-01 1.775169993053363985e-03 9.555531914893616658e+02 2.467360608385463081e+02
5.030461340587593089e-01 1.710738770771227935e-03 9.905652173913043725e+02 2.799228993001734125e+02
5.093789740337634209e-01 1.844995629980458740e-03 1.017805369127516769e+03 2.876344758283667034e+02
5.157895609665918979e-01 1.772173611217854692e-03 1.036856164383561691e+03 2.887064778991536400e+02
5.220653538623039047e-01 1.710912446064493482e-03 1.061013986013985914e+03 2.825717185529576341e+02
5.282420832211931483e-01 1.776221308977217429e-03 1.106155405405405418e+03 2.853739081271044142e+02
5.345849814872509764e-01 1.797460663252185451e-03 1.173546052631578959e+03 3.021755896791175928e+02
5.409400198384390901e-01 1.769240412124692928e-03 1.261241830065359409e+03 3.108014865051981133e+02
5.471612929737256215e-01 1.671871176479489780e-03 1.308472972972972912e+03 3.187410980724611136e+02
5.535187503546902255e-01 1.843477994232445120e-03 1.321518518518518476e+03 3.023110976649323902e+02
5.599303633336802921e-01 1.774845713676194252e-03 1.263554140127388564e+03 2.706670969105663289e+02
5.661980099607780703e-01 1.715649351238413218e-03 1.184181818181818244e+03 2.183598407922991953e+02
5.724333289920446877e-01 1.764199560704661452e-03 1.071387500000000045e+03 1.661347601064418882e+02
5.786575496797814466e-01 1.687338640378493104e-03 9.676233766233766573e+02 1.161299031710805139e+02
5.849918082512260975e-01 1.882166412490617838e-03 9.070058139534884276e+02 8.374733595207533199e+01
5.913559560974818163e-01 1.673563701773732749e-03 8.681910828025477258e+02 6.385216098467042656e+01
5.976003341774964728e-01 1.789272139650604403e-03 8.597633136094674455e+02 5.662156612668871958e+01
6.039710484280985670e-01 1.760471037718898532e-03 8.597619047619048160e+02 5.298720859204054534e+01
6.103455122609070527e-01 1.778153705054047679e-03 8.603333333333333712e+02 5.040864200793173922e+01
6.165941547084902163e-01 1.709282904712068618e-03 8.575748502994011915e+02 4.899336318377446986e+01
6.227886440901039267e-01 1.708031916550016484e-03 8.507142857142856656e+02 4.683132091931231145e+01
6.292222757675741684e-01 1.895555695838723603e-03 8.377165775401069823e+02 4.417852063495183756e+01
6.355837393651907474e-01 1.609918394456906487e-03 8.169696969696969973e+02 4.250118131561922752e+01
6.417201133152361514e-01 1.735489606861494215e-03 7.980393258426965986e+02 3.910894923626628383e+01
6.480234646877054416e-01 1.746502386866512820e-03 7.774438202247190475e+02 3.531363345779382001e+01
6.543745591304535036e-01 1.808595843625667669e-03 7.616413043478261216e+02 3.231300446509790447e+01
6.607410482875138991e-01 1.776914150084337417e-03 7.471032608695652470e+02 3.039666576612544446e+01
6.669765730033264672e-01 1.670208017253243388e-03 7.334545454545454959e+02 2.910708002253088367e+01
6.731673103258457580e-01 1.796482171393593615e-03 7.237393617021276668e+02 2.719804906226031349e+01
6.795850853652600776e-01 1.822834825668488831e-03 7.148167539267016082e+02 2.618254515697775275e+01
6.858902177354958551e-01 1.747430487391250960e-03 7.104516129032258505e+02 2.688271180967628737e+01
6.921278880332987216e-01 1.765781770802452586e-03 7.068994708994708844e+02 2.706879237664848148e+01
6.985070946107704293e-01 1.847715388967816497e-03 7.059898989898989612e+02 2.703476714960164173e+01
7.048037128132643714e-01 1.757666077632949074e-03 7.051798941798941769e+02 2.797268731115663343e+01
7.109847861020758275e-01 1.767854622430342420e-03 7.090260416666666288e+02 3.032427999912410144e+01
7.172345948602801835e-01 1.822657136245004524e-03 7.146515151515151274e+02 3.475931719149878063e+01
7.236608500653414211e-01 1.906739358311473767e-03 7.214829268292683082e+02 4.279677860972041969e+01
7.299519259881649402e-01 1.814756391122580772e-03 7.283979591836734926e+02 5.243116756626267261e+01
7.362298620906445601e-01 1.872001608046580190e-03 7.367500000000000000e+02 6.367268475817338214e+01
7.427109241448597299e-01 1.961252361706546793e-03 7.442570093457943585e+02 7.234422909688804282e+01
7.489749171607754663e-01 1.795506848231544564e-03 7.513384615384615017e+02 8.107910034540660149e+01
7.553119902396251417e-01 1.968290517240121971e-03 7.527214611872145724e+02 7.999528326830456137e+01
7.617428847945948434e-01 1.878647625832918257e-03 7.516521739130434980e+02 8.241847409971781246e+01
7.679897535333021219e-01 1.889655825210407886e-03 7.531004784688994960e+02 7.288563468672818146e+01
7.742716946001383382e-01 1.890740870187222538e-03 7.485539906103285830e+02 7.007277180104060221e+01
7.806130493972306406e-01 1.874127862848933099e-03 7.464952830188678945e+02 6.497305285277590770e+01
7.869955317179381238e-01 1.962138593108325030e-03 7.481160714285714448e+02 6.091098226005885863e+01
7.933337815560531636e-01 1.823456314192357453e-03 7.570238095238095184e+02 6.376183007926205448e+01
7.995722808394026826e-01 1.873920736445982161e-03 7.750271493212669611e+02 6.860170519672023204e+01
8.059029702364099990e-01 1.855844282913126459e-03 7.942146118721460653e+02 7.647123576140359091e+01
8.122482529694946551e-01 1.899897789708842157e-03 8.166255506607928965e+02 8.277925098502896617e+01
8.185971333973350861e-01 1.831057107996742058e-03 8.255156950672645735e+02 8.590304292449474133e+01
8.248840800988579414e-01 1.805078930334647752e-03 8.303991031390135049e+02 8.499991767138634202e+01
8.311527541867054225e-01 1.843524136775542745e-03 8.211834061135371030e+02 8.039937105571375753e+01
8.375116084758876811e-01 1.829773299230467044e-03 8.064130434782608745e+02 7.280755377416858209e+01
8.438261475186588090e-01 1.817550564165925373e-03 7.864094827586206975e+02 6.409712823132541359e+01
8.500843452560248314e-01 1.755513946144033992e-03 7.571061946902655109e+02 5.424781540082152986e+01
8.563647400134730692e-01 1.844487251387733453e-03 7.315311203319502056e+02 4.454842801562414678e+01
8.626696591174244366e-01 1.710203360544058351e-03 7.010526315789473983e+02 3.386909921757275299e+01
8.689830853488446083e-01 1.844123492424595270e-03 6.821260162601626007e+02 2.872530537259369865e+01
8.753179752476163422e-01 1.741457950302257533e-03 6.676382978723404449e+02 2.570949767519250173e+01
8.815756228481118617e-01 1.752464905610253906e-03 6.592572614107883737e+02 2.431376051603894339e+01
8.877944678552249780e-01 1.716242394594354789e-03 6.539578059071729967e+02 2.357907388276069227e+01
8.941407927930166144e-01 1.839522330085644050e-03 6.505217391304347530e+02 2.190075099096000599e+01
9.005003621585947471e-01 1.752218829319661820e-03 6.474775510204082138e+02 2.173500929156974237e+01
9.067627482844141662e-01 1.720498064613873055e-03 6.440204918032786736e+02 2.208950849114289383e+01
9.130278025298368405e-01 1.789374596252915357e-03 6.426388888888889142e+02 2.289925986342722553e+01
9.193563827426239898e-01 1.786117629316656989e-03 6.404007936507936165e+02 2.324241817280478983e+01
9.256709965929463824e-01 1.773964252230773864e-03 6.398549019607843320e+02 2.239568290633743786e+01
9.319487846442510159e-01 1.740175819907428248e-03 6.390439999999999827e+02 2.193787227604354229e+01
9.382375230166524194e-01 1.835219923763222079e-03 6.391259541984733232e+02 2.215696687650632768e+01
9.445114335627492475e-01 1.754301698834087597e-03 6.385770750988142481e+02 2.340351685597598674e+01
9.507739483173833772e-01 1.796477233495237351e-03 6.392452107279693791e+02 2.368451259524020003e+01
9.571000001339345920e-01 1.844157663989784944e-03 6.398981132075472260e+02 2.309015531214354056e+01
9.634651872700409347e-01 1.860525514413665987e-03 6.410751879699248548e+02 2.497258432314493604e+01
9.697902983397413967e-01 1.869026222830578836e-03 6.442932330827068199e+02 1.749322329075229732e+01
9.761731987705594138e-01 1.898719003246270758e-03 6.465350553505535345e+02 1.805791748438253919e+01
9.824546988499620603e-01 1.850375251942234242e-03 6.489547169811320373e+02 1.701435701419897129e+01
9.887603507672997338e-01 1.885371791598095068e-03 6.518897058823529278e+02 1.659227549750549713e+01
9.951547945742836854e-01 1.923480157877882840e-03 6.533167259786476961e+02 2.095598913991676682e+01
1.001497743307979915e+00 1.816985016266823736e-03 6.556554307116105065e+02 1.798355002137953562e+01
1.007730073445106012e+00 1.872875193246743668e-03 6.581258992805755952e+02 1.853896532549175902e+01
1.014110590476311025e+00 1.881534321868284657e-03 6.593723404255318883e+02 1.884965494310895551e+01
1.020442888611849064e+00 1.823625195420996601e-03 6.581971326164874654e+02 1.934374532744024222e+01
1.026691701700078063e+00 1.782759485576686145e-03 6.558043478260869961e+02 2.028432313303412471e+01
1.033057845114525142e+00 1.884320384582664851e-03 6.538945578231292757e+02 2.010361136629792966e+01
1.039437792018165441e+00 1.793463056649077922e-03 6.527667844522968608e+02 2.127336583255213753e+01
1.045681248368910410e+00 1.745618337461533540e-03 6.537163120567375927e+02 2.163175211494428041e+01
1.051944871571292683e+00 1.801987856022948175e-03 6.557241379310345337e+02 2.219472251439702148e+01
1.058324809813473877e+00 1.829265674919061668e-03 6.590202020202019639e+02 2.220753800117730492e+01
1.064596602572098316e+00 1.714864743882408334e-03 6.637746478873239084e+02 2.328719591008099954e+01
1.070868750588993112e+00 1.792957436204007347e-03 6.699898989898989612e+02 2.488917926390584157e+01
1.077195490251847465e+00 1.798916779777443367e-03 6.753043478260869961e+02 2.562167565160719462e+01
1.083505800573759448e+00 1.740543057611223946e-03 6.804232081911262640e+02 2.658195809604904625e+01
1.089676915900379850e+00 1.748165881083384946e-03 6.853571428571428896e+02 2.750688578868991385e+01
1.096052400832523421e+00 1.863573573199493825e-03 6.891916932907348610e+02 2.763567692827254163e+01
1.102364289960501065e+00 1.744372504095847640e-03 6.922440677966101248e+02 2.834560744893203577e+01
1.108625070827478076e+00 1.829094711995288541e-03 6.928371335504886019e+02 3.048258400666470536e+01
1.114924075445366869e+00 1.842999932655674591e-03 6.758831168831168270e+02 6.749708207557182504e+01
1.121282665432693726e+00 1.762017027877181303e-03 6.950267175572519136e+02 4.506025820014318839e+01
1.127553932619258736e+00 1.851826979229859085e-03 7.028438661710036968e+02 4.166757657597891296e+01
1.133905639228342421e+00 1.803927404845938115e-03 7.126823529411764184e+02 4.014981517507706599e+01
1.140144523104706709e+00 1.820967272376473748e-03 7.297480314960629357e+02 4.243752341839457642e+01
1.146455214771981312e+00 1.831860927088285957e-03 7.534183266932270726e+02 3.752940382539614461e+01
1.152869066430118439e+00 1.902391342003174283e-03 7.835868725868725733e+02 3.811476179331731373e+01
1.159252377890596986e+00 1.791659613503928782e-03 8.104149377593361123e+02 3.999268196345403936e+01
1.165575291556828930e+00 1.872439892399787795e-03 8.367011952191235196e+02 3.897518317765404561e+01
1.171828433925186763e+00 1.747387590499659572e-03 8.538484848484848726e+02 4.495546355301466690e+01
1.178029580193284076e+00 1.845903894892485285e-03 8.687736625514403386e+02 4.140392841855976513e+01
1.184400904434957269e+00 1.829516060217846983e-03 8.780543933054393619e+02 4.214034865110333783e+01
1.190737654720273042e+00 1.816225366119703435e-03 8.855232067510548859e+02 4.279075995380964059e+01
1.196977477342464180e+00 1.780548390738201196e-03 8.914454148471616008e+02 4.069269287862008611e+01
1.203312963818603976e+00 1.874247930763579166e-03 8.923760330578512594e+02 4.267226425286204261e+01
1.209645773529357093e+00 1.750259837788138012e-03 8.885929203539823220e+02 4.176700764242398378e+01
1.215952225700388523e+00 1.837678281197498587e-03 8.853347457627119184e+02 3.827885473235580349e+01
1.222254898926581568e+00 1.775628514659025698e-03 8.531722846441947468e+02 7.620815293489998510e+01
1.228537298751265050e+00 1.780223345631782141e-03 8.742536231884057543e+02 5.146817294296501188e+01
1.234759587745337228e+00 1.795376270296014523e-03 8.774121863799283574e+02 5.059732843021326687e+01
1.241110555825225781e+00 1.895169703334604900e-03 8.789664429530200778e+02 4.661122336806226230e+01
1.247523323486311897e+00 1.874537877840588536e-03 8.810810810810810381e+02 4.427559326807853779e+01
1.253854431820907944e+00 1.857283623330970761e-03 8.854832214765100389e+02 4.364468722055485728e+01
1.260138295168494293e+00 1.856490137450314505e-03 8.892292358803986190e+02 4.685406806478718522e+01
1.266501421045549414e+00 1.881588491645209797e-03 8.956655948553054714e+02 4.346166168991073420e+01
1.272807251993681055e+00 1.824447191781883651e-03 9.046655737704918465e+02 4.763779165499924773e+01
1.279100636071537789e+00 1.831925956271344968e-03 9.238089171974522742e+02 5.247602861741308544e+01
1.285385940199903265e+00 1.796864974607813087e-03 9.565929487179487296e+02 7.123601746370593446e+01
1.291734086560349049e+00 1.833790085687247952e-03 1.014046012269938615e+03 1.094071637136513573e+02
1.297999116585571544e+00 1.712347548001254965e-03 1.096385113268608393e+03 1.751428779350537752e+02
1.304332283077917598e+00 1.862331657852500611e-03 1.185277286135693203e+03 2.504482895914059384e+02
1.310629912671008812e+00 1.689758514739712848e-03 1.279298076923076906e+03 3.340983492585940553e+02
1.316859893871710430e+00 1.807323329610554348e-03 1.343131343283582055e+03 3.898870075591125328e+02
1.323169508333509325e+00 1.772103529485381237e-03 1.394480243161094222e+03 4.271957994519291333e+02
1.329416719622044551e+00 1.761213072716576004e-03 1.432353474320241730e+03 4.492339568945410520e+02
1.335676763851219473e+00 1.808340606324402439e-03 1.471419642857142890e+03 4.701245821778064737e+02
1.342102166253144047e+00 1.916040745002256648e-03 1.509481690140845103e+03 4.882927836564026620e+02
1.348432554966731090e+00 1.804515701739407276e-03 1.526498489425981916e+03 4.959326142210647959e+02
1.354697325729501189e+00 1.895450207138361931e-03 1.492560906515580655e+03 4.726697111211781817e+02
1.361035554581970564e+00 1.836151892644552735e-03 1.475674418604651237e+03 4.587059123016946955e+02
1.367445372286436589e+00 1.911657172750392099e-03 1.425060273972602772e+03 4.206752032972335655e+02
1.373833054624600258e+00 1.794265400870382644e-03 1.361808695652173810e+03 3.791099079006390298e+02
1.380048052911932777e+00 1.791287036868802413e-03 1.272487179487179446e+03 3.176024597648472536e+02
1.386332670155489666e+00 1.806335848089170130e-03 1.183525280898876417e+03 2.517572527645040168e+02
1.392624520144640332e+00 1.796075039907524609e-03 1.102263888888888914e+03 1.926696524743009888e+02
1.398923000198597277e+00 1.771229759338340285e-03 1.035207865168539229e+03 1.454637279187068657e+02
1.405184482923453881e+00 1.808998902686751115e-03 9.825434782608696196e+02 1.140979490516296693e+02
1.411475199677901360e+00 1.734371386327675756e-03 9.387359550561798187e+02 9.052431412985531267e+01
1.417706081410672780e+00 1.817237095201347432e-03 9.045376344086021163e+02 7.299942941949439046e+01
1.424046144262549829e+00 1.816956160244514703e-03 8.761869918699186428e+02 6.414592705805874573e+01
1.430457268966005335e+00 1.925855730949348329e-03 8.541233933161953473e+02 5.499226869040392529e+01
1.436865665354877475e+00 1.843763745384080412e-03 8.354543010752688588e+02 4.837870536556065559e+01
1.443084111958556903e+00 1.831535442318516687e-03 8.220322580645160997e+02 5.182911450766479788e+01
1.449466238371406979e+00 1.910439897345804971e-03 8.153316455696202638e+02 4.545519106910657570e+01
1.455780432464144347e+00 1.769262236301017126e-03 8.112918918918918507e+02 4.346373970451154634e+01
1.462109939136078340e+00 1.873282905934200038e-03 8.096365914786966869e+02 4.252152462024143631e+01
1.468414112563870999e+00 1.734923018383166060e-03 8.087333333333333485e+02 4.241138421592852836e+01
1.474680891373796765e+00 1.804015195942032307e-03 8.109162436548223241e+02 4.059378913648641429e+01
1.480924591063775386e+00 1.742163032935032654e-03 8.108929503916449448e+02 4.222652773660732350e+01
1.487138550370334267e+00 1.742602934721402272e-03 8.130411311053984491e+02 4.025115186310809179e+01
1.493462591150057195e+00 1.833511633313982111e-03 8.146856435643563827e+02 4.050112339158985719e+01
1.499809278721849770e+00 1.805357266360340307e-03 8.165743073047858616e+02 4.158720109985078039e+01
1.506175762378094918e+00 1.888906516140883814e-03 8.193863080684596980e+02 4.004137070951066590e+01
1.512543466733061504e+00 1.879653113941155348e-03 8.216862745098038658e+02 4.529011950777824325e+01
1.518927121842702510e+00 1.865813122140227640e-03 8.249607843137255259e+02 4.388460618634647403e+01
1.525176469146275027e+00 1.826629940430822378e-03 8.282282878411911042e+02 4.135896318511888126e+01
1.531416651941075235e+00 1.798854978931840659e-03 8.285519801980198054e+02 4.338842697125239312e+01
1.537728221615372926e+00 1.856986876758172280e-03 8.303356973995271346e+02 4.253933422914357720e+01
1.544096010846849332e+00 1.769518617434322075e-03 8.325012165450121984e+02 4.396402119495934357e+01
1.550405005344789089e+00 1.809055686031393537e-03 8.376288416075650503e+02 4.216124504640337278e+01
1.556696834359960313e+00 1.740139413919524446e-03 8.426310679611650585e+02 4.484121266098752301e+01
1.562969221032702194e+00 1.804120915253569534e-03 8.499622641509433834e+02 4.622793605507077785e+01
1.569251838380229191e+00 1.803338776033149233e-03 8.584105011933173728e+02 4.436563755267932407e+01
1.575556094315494926e+00 1.863019847936644557e-03 8.715221445221445720e+02 4.413030508588555278e+01
1.581892448177514066e+00 1.865480693804838323e-03 8.823703703703703241e+02 5.064206070804387849e+01
1.588269483401412163e+00 1.861295980786164313e-03 8.985230414746544056e+02 5.000476458005523739e+01
1.594574325321363339e+00 1.830133252637398044e-03 9.173101851851852189e+02 5.215751928520919023e+01
1.600916934751582588e+00 1.832077894544300927e-03 9.398952164009111812e+02 5.429521671819464501e+01
1.607201343968552854e+00 1.780442356845074459e-03 9.662754629629629335e+02 5.873044385648352517e+01
1.613445462524496721e+00 1.775524639999344866e-03 9.942706422018349031e+02 6.154464954241797869e+01
1.619730849749851931e+00 1.787630240083115185e-03 1.021164785553047409e+03 6.610498755938269255e+01
1.625979803600224649e+00 1.755895091839796123e-03 1.044489655172413904e+03 6.687863760614374087e+01
1.632226613292544926e+00 1.821174808670054370e-03 1.064816554809843410e+03 6.792392398687323407e+01
1.638606704061473573e+00 1.894452323361247963e-03 1.080117136659436028e+03 6.887380064987623030e+01
1.645050487946952522e+00 1.887301666918968484e-03 1.090297826086956547e+03 7.460068328822427475e+01
1.651415996904310735e+00 1.851783837096881687e-03 1.095120614035087783e+03 7.532991016775348214e+01
1.657788871265904573e+00 1.852242853945953917e-03 1.098879049676025943e+03 7.476569745434630931e+01
1.664006124760511351e+00 1.741113674427757210e-03 1.098857142857142890e+03 7.378781335299825628e+01
1.670281873961185770e+00 1.842366346193471905e-03 1.094670190274841389e+03 7.164711531474387129e+01
1.676541801276667298e+00 1.721555322686186195e-03 1.089607623318385549e+03 7.109704007171974638e+01
1.682793682471841024e+00 1.824670227224382997e-03 1.082297468354430293e+03 6.825107770946119956e+01
1.689107465299970467e+00 1.791603935857043455e-03 1.071479392624728916e+03 6.560081962119843979e+01
1.695415952935033443e+00 1.877357617877282179e-03 1.057152400835072967e+03 6.029927150755736420e+01
1.701806617780016628e+00 1.875253898477295287e-03 1.038265135699373786e+03 6.054256414180064638e+01
1.708145235544118012e+00 1.851238026496159058e-03 1.016387368421052656e+03 5.511471503918363624e+01
1.714469347376187613e+00 1.845626368464784459e-03 9.960559006211179849e+02 5.055639793151025430e+01
1.720739519194126599e+00 1.771881702320935673e-03 9.742948717948718240e+02 4.794502733865623867e+01
1.726990948287859817e+00 1.820993782645452704e-03 9.555244897959183845e+02 4.936527182619346377e+01
1.733361150263370787e+00 1.784216608021570085e-03 9.420413223140495802e+02 6.476268207396364573e+01
1.739571674833123582e+00 1.760427731239605715e-03 9.419014675052410439e+02 2.037877192797074031e+02
1.745887440247851030e+00 1.853392121839796862e-03 9.358316633266532563e+02 3.184213493064713703e+02
1.752250177420427102e+00 1.860925844240075020e-03 9.134352226720648105e+02 1.916665609112739332e+02
1.758607387389414800e+00 1.864192030273802104e-03 8.872119999999999891e+02 6.253182773596174826e+01
1.764972322429467777e+00 1.851098948525789619e-03 8.751079999999999472e+02 5.112430490481019518e+01
1.771273520234028620e+00 1.808016239517707931e-03 8.640584677419354875e+02 5.095810587375060408e+01
1.777586992161852564e+00 1.807004964737956481e-03 8.553227722772277275e+02 4.804168385790772078e+01
1.783840233931820451e+00 1.746107465683986813e-03 8.434623217922606955e+02 4.809828522196164613e+01
1.790071520275328565e+00 1.795583184790444783e-03 8.353681102362204456e+02 4.431467495458849726e+01
1.796393698957722052e+00 1.819993601147859141e-03 8.243972332015810025e+02 4.431685127617876674e+01
1.802712928873270393e+00 1.883216042231023422e-03 8.168927203065134108e+02 3.971345846983114569e+01
1.809114577024696358e+00 1.850157529878445435e-03 8.088062015503876410e+02 4.295363072155755191e+01
1.815345782948464493e+00 1.803540499391122600e-03 8.036620553359683754e+02 4.027486768974487319e+01
1.821700705453981772e+00 1.863872113208649628e-03 8.001287313432835617e+02 3.906391257191986455e+01
1.828034416566336029e+00 1.759461126105644731e-03 7.963976377952756138e+02 3.878534899748349574e+01
1.834289862490237510e+00 1.817049905439401892e-03 7.936591337099811199e+02 3.711403920983722315e+01
1.840620947190598100e+00 1.780340576699249600e-03 7.915365384615384983e+02 3.460671461935620385e+01
1.846876290479544158e+00 1.833628160635640113e-03 7.894555765595463299e+02 3.535268327572039482e+01
1.853225331533147280e+00 1.864396810776891523e-03 7.890425925925925412e+02 3.622100533819002521e+01
1.859586416204100923e+00 1.843230203276794224e-03 7.880429906542055960e+02 3.724834699225377932e+01
1.865884580336470755e+00 1.827085395033201023e-03 7.897895716945996583e+02 3.528814644681855128e+01
1.872200528994375501e+00 1.799198018262535481e-03 7.904055555555555657e+02 3.655033538096340351e+01
1.878453452628845000e+00 1.760356359008985331e-03 7.909209039548022702e+02 3.591425231755905401e+01
1.884712324747962020e+00 1.805687576808031941e-03 7.910802919708029322e+02 3.567655662221832102e+01
1.891113706724730337e+00 1.861939656346446982e-03 7.921870503597122024e+02 3.458746430014691953e+01
1.897400945427566432e+00 1.833350088909791505e-03 7.915919117647058556e+02 3.482448102320980610e+01
1.903772875545957088e+00 1.875180743362649160e-03 7.909366197183098848e+02 3.843910161966224592e+01
1.910018917854334752e+00 1.739883276586547947e-03 7.901455576559545761e+02 3.721805001494856668e+01
1.916236012056648175e+00 1.833205283437960029e-03 7.897877192982456336e+02 3.647347273847372406e+01
1.922638163561010805e+00 1.793373418488206777e-03 7.884803571428570876e+02 3.534680891551886361e+01
1.928888348891847349e+00 1.792288115248428593e-03 7.854388489208632791e+02 3.740528469646282161e+01
1.935240631371640818e+00 1.865766417879262265e-03 7.832266435986159649e+02 3.464107948834676165e+01
1.941608872090050619e+00 1.856644915843207438e-03 7.778435852372583668e+02 3.939130274930099773e+01
1.947917338414854704e+00 1.837601359788319485e-03 7.743607705779334083e+02 3.314115758086183661e+01
1.954236834815996637e+00 1.805754229573221887e-03 7.689318181818181301e+02 3.443599699999033703e+01
1.960488135501994522e+00 1.772905664188001006e-03 7.652424778761062498e+02 3.478273966749492985e+01
1.966755922696415082e+00 1.810201296061439468e-03 7.592771084337349521e+02 3.465968464227419332e+01
1.973091583736556354e+00 1.814240900008777741e-03 7.529431034482759060e+02 3.441601635759545985e+01
1.979420480567132490e+00 1.865397302840512408e-03 7.481578947368420813e+02 3.314116725774441363e+01
1.985762243830389018e+00 1.849873766110382307e-03 7.399084745762711464e+02 3.684500210114502750e+01
1.992143605840229093e+00 1.840662096304069391e-03 7.356951423785594670e+02 3.331520975617016234e+01
1.998372952698491245e+00 1.738412627792555948e-03 7.306397188049209035e+02 3.415265487378127318e+01
2.004614638405731508e+00 1.821010887715033720e-03 7.267367549668873608e+02 3.273796934871375441e+01
2.010981699228176822e+00 1.807963355431743604e-03 7.221919191919191690e+02 3.450404536696693469e+01
2.017216781415232862e+00 1.822968187424302972e-03 7.198010118043845296e+02 3.344302044069632984e+01
2.023555507756473748e+00 1.866836436713831520e-03 7.150666666666667197e+02 3.846297624996562803e+01
2.029945947492921121e+00 1.842053164818473936e-03 7.125115131578946830e+02 3.585961367558575574e+01
2.036236367431154548e+00 1.802040352124230577e-03 7.096099173553718629e+02 3.845154835544268934e+01
2.042538823796997693e+00 1.786279422623429517e-03 7.041116584564859977e+02 3.631233147135748851e+01
2.048720173306640469e+00 1.747373060808409071e-03 7.005966101694915551e+02 3.225004506186599684e+01
2.055017041239767028e+00 1.892889576395914968e-03 6.985367762128325921e+02 3.242396722009576848e+01
2.061465280497128294e+00 1.850343878148330047e-03 6.940977564102564656e+02 3.579842816828033136e+01
2.067778354784032935e+00 1.826644103880053095e-03 6.922415458937198309e+02 3.428755002055372358e+01
2.074107962816127415e+00 1.810449409964311413e-03 6.899380952380952294e+02 3.271033339494979231e+01
2.080392027050733006e+00 1.757304311173108879e-03 6.868387622149837171e+02 3.208858555368740895e+01
2.086560915145909245e+00 1.789004268885935290e-03 6.843403565640194302e+02 3.284418460987257049e+01
2.092907509218693285e+00 1.897916204239676529e-03 6.815152439024390105e+02 3.195631933967275984e+01
2.099341076602548206e+00 1.841856996552926774e-03 6.771390625000000227e+02 3.502114902321524426e+01
2.105598503643897335e+00 1.780460926307301031e-03 6.763961661341852505e+02 3.141940719533327098e+01
2.111872942412509335e+00 1.813036870717739954e-03 6.733132716049382225e+02 3.297657977233504312e+01
2.118179840511383194e+00 1.773074262998883873e-03 6.720141732283464080e+02 2.800379295497022270e+01
2.124489700938873238e+00 1.854176769044688739e-03 6.704602446483180529e+02 2.775727379683153018e+01
2.130866139955553962e+00 1.876679961187130126e-03 6.651664145234493617e+02 3.064670727654139881e+01
2.137196345481136905e+00 1.803165093871285981e-03 6.627801857585138805e+02 2.727277548409744767e+01
2.143477781291089013e+00 1.808033309626025679e-03 6.605374045801527245e+02 2.774885654730663376e+01
2.149749346762158453e+00 1.787076492040512573e-03 6.576543778801843700e+02 2.593779896911838279e+01
2.156014428448592479e+00 1.811767013668930289e-03 6.538706240487061905e+02 2.546839368944438675e+01
2.162388958755252943e+00 1.899773100682969557e-03 6.499080291970802818e+02 2.917786166748733123e+01
2.168776559916051561e+00 1.828625003914755194e-03 6.465645645645645345e+02 2.721001317988806534e+01
2.175079146577416189e+00 1.799027495536281414e-03 6.433283582089552510e+02 2.723192511741240551e+01
2.181358965593887422e+00 1.775037425494343461e-03 6.394623493975904012e+02 2.657152546408391203e+01
2.187625576602315824e+00 1.830837683859201127e-03 6.358254437869823050e+02 2.637893042058564674e+01
2.193923842198696850e+00 1.837507381709080519e-03 6.330763582966226295e+02 2.606433657897910905e+01
2.200310743338333541e+00 1.859271066102410235e-03 6.290502152080343876e+02 2.767189118863072750e+01
2.206637920896229677e+00 1.789161753318371274e-03 6.262044444444444480e+02 2.667933007963172898e+01
2.212855268310565560e+00 1.778695396750237757e-03 6.228512518409426093e+02 2.546992299652396952e+01
2.219155297956861617e+00 1.826812665150635666e-03 6.202820143884891877e+02 2.486142911888705953e+01
2.225534449623195243e+00 1.883537061579874895e-03 6.169266572637517356e+02 2.536740222563161495e+01
2.231816049321749151e+00 1.789850136339156059e-03 6.132437591776798627e+02 2.545488594371928670e+01
2.238124350048766420e+00 1.838516226422660244e-03 6.097905027932961275e+02 2.458625126544127681e+01
2.244461256680506001e+00 1.769483755913013904e-03 6.070520984081041433e+02 2.448748688266769946e+01
2.250672411056880762e+00 1.815340560525242463e-03 6.055695839311334794e+02 2.452885879076208653e+01
2.256976265699253581e+00 1.875232856265233962e-03 6.040386740331491637e+02 2.596009889295326190e+01
2.263404067221236105e+00 1.844596500685106652e-03 6.035592286501376975e+02 2.657430230967758433e+01
2.269740131332425914e+00 1.784620609829179342e-03 6.040990099009901542e+02 2.470090299264001743e+01
2.275928662030326066e+00 1.770462641505800294e-03 6.058874643874644335e+02 2.413943343688583809e+01
2.282234771450446509e+00 1.859120215862977580e-03 6.084756097560975832e+02 2.595390265689924547e+01
2.288651494096741512e+00 1.861574731480084791e-03 6.120447761194029681e+02 2.930491845770940529e+01
2.294929189507614264e+00 1.787386468760323059e-03 6.171264044943819727e+02 2.923494883091243324e+01
2.301123790424945526e+00 1.773889529887621910e-03 6.201972222222221944e+02 2.786106880743437131e+01
2.307427473574251042e+00 1.823767960867003161e-03 6.135142083897158045e+02 4.163219509584345701e+01
2.313824548022820782e+00 1.807223345639351721e-03 6.214576523031203124e+02 3.542659784236848708e+01
2.320154992066300714e+00 1.861695907969135875e-03 6.231094674556212567e+02 3.583676438755102822e+01
2.326479049872378635e+00 1.797363522119922990e-03 6.246841294298920957e+02 3.506069864704257100e+01
2.332811122143054305e+00 1.834923033436536115e-03 6.256550151975684457e+02 3.484259750665422928e+01
2.339146829363451641e+00 1.809933127175767861e-03 6.258398744113029579e+02 3.415794661879577632e+01
2.345346999874724947e+00 1.788822558822959720e-03 6.238617363344051228e+02 3.522376725793233732e+01
2.351591514044208964e+00 1.821961582186779451e-03 6.223795275590550773e+02 3.273578103028426511e+01
2.357940827546205931e+00 1.821480796874143165e-03 6.204319620253164658e+02 3.277424472980814585e+01
2.364269371024037891e+00 1.822839816105960298e-03 6.185961538461538112e+02 3.293132974909140387e+01
2.370575565839220911e+00 1.828742917233826173e-03 6.146366559485530843e+02 3.504187942083826357e+01
2.376891771469677561e+00 1.815523241845057745e-03 6.097847896440129034e+02 3.201461442705662819e+01
2.383240749019818416e+00 1.833462819707767054e-03 6.052090032154341088e+02 3.186607925948403874e+01
2.389601619010945921e+00 1.828185711102788165e-03 5.986498371335504771e+02 3.168925785224600133e+01
2.395961259100775731e+00 1.812604844355751544e-03 5.859109697933226926e+02 3.877666117592713846e+01
2.402160007896914973e+00 1.807533258736503850e-03 5.827268656716418036e+02 3.746337003598456761e+01
2.408453972146052724e+00 1.793232887210479852e-03 5.789663742690058825e+02 3.813566873029125759e+01
2.414771780432101167e+00 1.830638750947721858e-03 5.712812051649927980e+02 3.963828861025077543e+01
2.421058800843912895e+00 1.849123668637423033e-03 5.636407355021216290e+02 3.881188788912147203e+01
2.427397847212681370e+00 1.833909450969152099e-03 5.522263888888888914e+02 3.662137970351319893e+01
2.433701938443864954e+00 1.777285794113256248e-03 5.421940928270041695e+02 3.521621800027507021e+01
2.440001432560962691e+00 1.835928632076300280e-03 5.349274965800273094e+02 3.305432424540773440e+01
2.446276920633820851e+00 1.825543246774167941e-03 5.263136176066025200e+02 3.433055610182254469e+01
2.452612917458465880e+00 1.850886418197054181e-03 5.179084880636604566e+02 3.107206038481571397e+01
2.458937188373468086e+00 1.764090576915684772e-03 5.102931506849315042e+02 2.937465963438158312e+01
2.465235494564519847e+00 1.842465198645606636e-03 5.039062087186261465e+02 2.931968034025289427e+01
2.471581205305689810e+00 1.856761058240425245e-03 4.976013157894736878e+02 2.820474484158557260e+01
2.477865992864338285e+00 1.798850075022648308e-03 4.910545938748335288e+02 2.798444061327816357e+01
2.484122936716935737e+00 1.780971833254360159e-03 4.864161162483487715e+02 2.636479026625056576e+01
2.490467721662181333e+00 1.849468727863495983e-03 4.822298850574712787e+02 2.634327012128340328e+01
2.496849546734450254e+00 1.852734310658727887e-03 4.773678160919540119e+02 2.765476447999413523e+01
2.503105859710241798e+00 1.772860352036017325e-03 4.733350923482849453e+02 2.562717837155400957e+01
2.509322203788900918e+00 1.804578376445024500e-03 4.702948717948717672e+02 2.574197595564973895e+01
2.515643032193938478e+00 1.830400595634155535e-03 4.685428211586901739e+02 2.447652416893887306e+01
2.522012436559997628e+00 1.844427975373299751e-03 4.631066997518610151e+02 2.514784893102061503e+01
2.528376527697731913e+00 1.805263014170996501e-03 4.605942211055276516e+02 2.406243260483130442e+01
2.534662305746367750e+00 1.817191430107880853e-03 4.607619647355163579e+02 2.263617547034208499e+01
2.540923642722284104e+00 1.847774197163838152e-03 4.609938118811880940e+02 2.285035159270002936e+01
2.547222087144660030e+00 1.810867478977307979e-03 4.609207920792078994e+02 2.060141094746120061e+01
2.553540685742163419e+00 1.807658101810726481e-03 4.611676866585067387e+02 2.012534754907766654e+01
2.559925401613222018e+00 1.856915584780679824e-03 4.640347305389221333e+02 1.969017590068439461e+01
2.566280305514876403e+00 1.838802799104265022e-03 4.664769975786924761e+02 2.178762060353651009e+01
2.572544852388987113e+00 1.785952156998167010e-03 4.699496932515337448e+02 2.036835290697369771e+01
2.578799894204640619e+00 1.806472379669163885e-03 4.735211608222491009e+02 2.081785755750776090e+01
2.585123793491197919e+00 1.855120447360665906e-03 4.769917743830787344e+02 2.222505161182166589e+01
2.591472256141813091e+00 1.805120360344933915e-03 4.792431466030989213e+02 2.214922952567727066e+01
2.597744265483155957e+00 1.788819714346394623e-03 4.821882494004796058e+02 2.116837923622494344e+01
2.604038454996993934e+00 1.850630787333012181e-03 4.859055944055943996e+02 2.287467779694005543e+01
2.610374414453144443e+00 1.837105816396599096e-03 4.866810244470314046e+02 2.547196595741408487e+01
2.616634120485421100e+00 1.761050173804210722e-03 4.873699284009546773e+02 2.499557698640262160e+01
2.622940397920966227e+00 1.848634675493098997e-03 4.884141069397041974e+02 2.579775367413355625e+01
2.629323187355575353e+00 1.839581463337864892e-03 4.882066210045662160e+02 2.718614608698681678e+01
2.635681273538560632e+00 1.815290224604702678e-03 4.870733104238258875e+02 2.554672249604922740e+01
2.641934789831782204e+00 1.778405014700361417e-03 4.855727699530516475e+02 2.472154932871890409e+01
2.648176773767660031e+00 1.853093332118325998e-03 4.844881623449830954e+02 2.649430633495052945e+01
2.654514065851063087e+00 1.823524830511773481e-03 4.822180790960451873e+02 2.667382239048757242e+01
2.660817448321032508e+00 1.798052776896779401e-03 4.804823663253697532e+02 2.623916340694211513e+01
2.667123571907564994e+00 1.844852426740933296e-03 4.776744444444444184e+02 2.677750479344486934e+01
2.673472329675100401e+00 1.839448802019330543e-03 4.727641196013289004e+02 2.686217481654291461e+01
2.679761377760365715e+00 1.786299887381436651e-03 4.676447963800904972e+02 2.639681762278462074e+01
2.686129035698236578e+00 1.877272974428747035e-03 4.543828207847295744e+02 6.715692188817691033e+01
2.692300573720700196e+00 1.798376592015874225e-03 4.590291806958473444e+02 3.275488449764554133e+01
2.698561328278970439e+00 1.798779619418457414e-03 4.553728620296465124e+02 2.304005849168505549e+01
2.704947056964875252e+00 1.860594623228957294e-03 4.491606741573033901e+02 2.250471072458773492e+01
2.711339925705444909e+00 1.826229981736538378e-03 4.422800925925926094e+02 2.288534469809108884e+01
2.717643416720191052e+00 1.774618570520191145e-03 4.352852028639617856e+02 2.279628894447664678e+01
2.723934694222051256e+00 1.823763048442502126e-03 4.284651711924439041e+02 2.185368290649811129e+01
2.730274673678132036e+00 1.841398355898408350e-03 4.216942148760330724e+02 2.129285028547230141e+01
2.736591263199737778e+00 1.788312012670147501e-03 4.152719512195121752e+02 2.154710174696888458e+01
2.742885231028380222e+00 1.844652457607765493e-03 4.082553956834532300e+02 2.100790236479393513e+01
2.749161241756704843e+00 1.804773587711254630e-03 4.026941031941032065e+02 2.180006102482628449e+01
2.755398232824302962e+00 1.776157869081165970e-03 3.967075588599752223e+02 2.164097298722315799e+01
2.761751565609168679e+00 1.857903093933079139e-03 3.899928315412186635e+02 2.164042938059063914e+01
2.768124311574730267e+00 1.813883183384283311e-03 3.847435582822085962e+02 2.120667064977848781e+01
2.774423663616722546e+00 1.776295681999270643e-03 3.798289637952559019e+02 2.170697480789396749e+01
2.780754869867226198e+00 1.842436817654598789e-03 3.753507917174177919e+02 2.150337261531904431e+01
2.787077464795406190e+00 1.805278297034774168e-03 3.716625000000000227e+02 2.131990084111555106e+01
2.793346642012575654e+00 1.793644434711254678e-03 3.680025220680958569e+02 2.057741503274711192e+01
2.799634253246212179e+00 1.838111547031318375e-03 3.630583126550868656e+02 2.060244383158417136e+01
2.805924842988945844e+00 1.808245895551135627e-03 3.600000000000000000e+02 2.018118685881241703e+01
2.812167973206011862e+00 1.789098639402584082e-03 3.568554987212276046e+02 2.018145076689352280e+01
2.818496662748549042e+00 1.874446068014908040e-03 3.525452322738386215e+02 1.996847673527734912e+01
2.824858807967614460e+00 1.791571154666717633e-03 3.502471337579617625e+02 2.049745372363361184e+01
2.831150482550185643e+00 1.815112775054883139e-03 3.472113924050632932e+02 2.024836011052546780e+01
2.837475400148095517e+00 1.850316795954077458e-03 3.434134495641345097e+02 2.036626481362302599e+01
2.843805018276897911e+00 1.786824753329564535e-03 3.412657252888318453e+02 2.032904107180737086e+01
2.850131561922547352e+00 1.845583173970813699e-03 3.383395755305867851e+02 2.015260056796513766e+01
2.856484494638581229e+00 1.841115527677602507e-03 3.366724782067248043e+02 2.034318065253658503e+01
2.862782859862781137e+00 1.780809355167121575e-03 3.343048469387754835e+02 2.024109927934851427e+01
2.869068523143336158e+00 1.847699945098150954e-03 3.300515337423312872e+02 2.061156644480638889e+01
2.875378514069953706e+00 1.802909528894259443e-03 3.277752808988764173e+02 2.087556994497900575e+01
2.881671995666307051e+00 1.819305449905813353e-03 3.240795031055900495e+02 2.140374934660648520e+01
2.887980092673573917e+00 1.848812746508326317e-03 3.208308823529411598e+02 2.247011884679390192e+01
2.894292086458025270e+00 1.795011172749967111e-03 3.197336683417085510e+02 2.228626205936910054e+01
2.900588101801901963e+00 1.834444505730529681e-03 3.164894932014832989e+02 2.220142230283331486e+01
2.906894294921833044e+00 1.834235081131648307e-03 3.147955390334572598e+02 2.265035292402947320e+01
2.913143215321425394e+00 1.775388414920497622e-03 3.128079385403328843e+02 2.267969921235976472e+01
2.919469846096636179e+00 1.902110692867622259e-03 3.088465227817745813e+02 2.406185079323164189e+01
2.925831071463227850e+00 1.799019204260941503e-03 3.079720812182741270e+02 2.455397446991140953e+01
2.932125236913744715e+00 1.849572311535908030e-03 3.050197775030902108e+02 2.502717196637837915e+01
2.938426190430696305e+00 1.829943172517629413e-03 3.029550561797752835e+02 2.496617779729321995e+01
2.944698497868602605e+00 1.792371922793937686e-03 3.023007614213198053e+02 2.543205390582407333e+01
2.951032364443879619e+00 1.872648010744969562e-03 2.985266990291262346e+02 2.693546628212370564e+01
2.957349976869245278e+00 1.772646084934545842e-03 2.973708439897698099e+02 2.711036046629548224e+01
2.963641534615172990e+00 1.843499637433317897e-03 2.940728395061728406e+02 2.813408756468013294e+01
2.969974563050315375e+00 1.835483252247156055e-03 2.927366459627328936e+02 2.803442660849616885e+01
2.976261971728969780e+00 1.784595762971840369e-03 2.907755102040816269e+02 2.861552992146712526e+01
2.982555079221103078e+00 1.856376802478345786e-03 2.861774785801713392e+02 3.059886644976164760e+01
2.988860230475899549e+00 1.767956570045068222e-03 2.864379001280409511e+02 3.039662433361301552e+01
2.995178874680174186e+00 1.856934622757372335e-03 2.831515892420537739e+02 3.185450485970934409e+01
3.001496400543723020e+00 1.797819739674591305e-03 2.823650190114068437e+02 3.195666504011871467e+01
3.007822553902104179e+00 1.849516356328991537e-03 2.797475247524752717e+02 3.314064393480736470e+01
3.014155913686516808e+00 1.844070628166239031e-03 2.776608695652174106e+02 3.402852435662290986e+01
3.020427983220980828e+00 1.780401570183770890e-03 2.768141025641025408e+02 3.438199549284029644e+01
3.026726854870708916e+00 1.864734463497724846e-03 2.827371638141809171e+02 1.485604485704132571e+02
3.033042693621903041e+00 1.790509691971886499e-03 3.383877551020408418e+02 8.230119432997531703e+02
3.039417687211595442e+00 1.892848977299335135e-03 3.489021739130434980e+02 1.083700000366799486e+03
3.045771113053035606e+00 1.809002971513908259e-03 2.884461343472750059e+02 3.325949351436355528e+02
3.052089874155329063e+00 1.844438578281415919e-03 2.666476426799007413e+02 4.031089752486618494e+01
3.058386304167925118e+00 1.824217551217444024e-03 2.636002506265664351e+02 3.679985630148779308e+01
3.064635661305841197e+00 1.781811879387494579e-03 2.623538461538461775e+02 3.670629604884219077e+01
3.070942258104439215e+00 1.879278577764203085e-03 2.587054545454545291e+02 3.771211735028044387e+01
3.077306102136554866e+00 1.789896323379901438e-03 2.582160101651842297e+02 3.724934858306755103e+01
3.083610248093582751e+00 1.842323938384468965e-03 2.548523985239852436e+02 3.744413042255563084e+01
3.089899276602742884e+00 1.781295098450355954e-03 2.549872611464968202e+02 3.665537316688137537e+01
3.096219282790054539e+00 1.849962857272845727e-03 2.505330882352941160e+02 3.746425812550494783e+01
3.102516781183005889e+00 1.793151767743564459e-03 2.500076045627376402e+02 3.686040466630466739e+01
3.108846425703184035e+00 1.844538984569745127e-03 2.466088560885608842e+02 3.795997479530690555e+01
3.115155056293756886e+00 1.812510444856532069e-03 2.449247176913425221e+02 3.799918125940887137e+01
3.121484332076036150e+00 1.832521331068808152e-03 2.421017369727047139e+02 3.820247350327270652e+01
3.127777573742708483e+00 1.818133687887086257e-03 2.395087281795511274e+02 3.885140095476970856e+01
3.134074710556275623e+00 1.800750836428910992e-03 2.378562421185372102e+02 3.947932668645934484e+01
3.140350968701055567e+00 1.840082388152106639e-03 2.337438423645320142e+02 3.963665739782613429e+01
3.146669598331559570e+00 1.795769837056059460e-03 2.323181818181818130e+02 3.984468166549702062e+01
3.152959210157879166e+00 1.842768641532451131e-03 2.277668711656441758e+02 4.086295324277264740e+01
3.159264892205651432e+00 1.791857333635609589e-03 2.267367088607595065e+02 4.026859146307609194e+01
3.165581888857809112e+00 1.858342078644047027e-03 2.209830097087378533e+02 4.089803127970072438e+01
3.171905560319084216e+00 1.782720971754531017e-03 2.210038022813688201e+02 4.119144447689444632e+01
3.178180461481988406e+00 1.828434529921516482e-03 2.158857493857493921e+02 4.231051501852698493e+01
3.184506679420991304e+00 1.810619157308176325e-03 2.164072229140722357e+02 4.228495879313355488e+01
3.190846230582273346e+00 1.831490456789015321e-03 2.114119804400978069e+02 4.300192715548607936e+01
3.197132365687451294e+00 1.780884113596707067e-03 2.119139240506329145e+02 4.238488596095791650e+01
3.203454230992797136e+00 1.862619862555806765e-03 2.080639324487334250e+02 4.295291100667948569e+01
3.209790152929830498e+00 1.796864404628749357e-03 2.083257861635220252e+02 4.350931292155073038e+01
3.216105270782768422e+00 1.849581865447865814e-03 2.045716019417475593e+02 4.413610276013972822e+01
3.222383723154825574e+00 1.773184836801974633e-03 2.052690355329949341e+02 4.365296684759386636e+01
3.228652903688512765e+00 1.829814433570467642e-03 2.009232643118148474e+02 4.328050716835755196e+01
3.234977992221026444e+00 1.801123950508762587e-03 2.019626865671641838e+02 4.319665840798794676e+01
3.241301441286830176e+00 1.830570155328411054e-03 1.987436208991494482e+02 4.451968106333771402e+01
3.247581817024004280e+00 1.774748969754167847e-03 2.001795195954487951e+02 4.376974992522939090e+01
3.253885986942128827e+00 1.868811343678552150e-03 1.975257485029940199e+02 4.422904080449693964e+01
3.260235987169183947e+00 1.804603356501592029e-03 1.981999999999999886e+02 4.412343764939440405e+01
3.266546856392692710e+00 1.857627301288636550e-03 1.941887019230769340e+02 4.444499575020314097e+01
3.272886904023045052e+00 1.792569475559808913e-03 1.947112500000000068e+02 4.406428556665817808e+01
3.279153478698136670e+00 1.837211362056317054e-03 1.913442424242424238e+02 4.394869707992444319e+01
3.285516195699416553e+00 1.819318898053023329e-03 1.914004914004914042e+02 4.332346256042585253e+01
3.291677990232397821e+00 1.824817096246810931e-03 1.930288335517693383e+02 4.329154410448692403e+01
3.298068987764390059e+00 1.863784166448585874e-03 1.949246575342465633e+02 4.267644727259810367e+01
3.304430978840338096e+00 1.814787339162488022e-03 1.945930232558139608e+02 4.276389750194101680e+01
3.310737564052387061e+00 1.817945227602999880e-03 1.942485119047618980e+02 4.250447712804250955e+01
3.317033906120231190e+00 1.800198345421728579e-03 1.927935285053929135e+02 4.257810961165429120e+01
3.323313479518194669e+00 1.810036704891648416e-03 1.924169278996865273e+02 4.243249320733914942e+01
3.329645772824664451e+00 1.853775369266378323e-03 1.940000000000000000e+02 4.304095934069358975e+01
3.335990548707715053e+00 1.826590486813650920e-03 1.921460674157303288e+02 4.259431709757728157e+01
3.342268739174953929e+00 1.807641793864574143e-03 1.914681892332789630e+02 4.228602401365026253e+01
3.348554594221377023e+00 1.807536448754866812e-03 1.901661184210526301e+02 4.203746739199900873e+01
3.354810866618635590e+00 1.798386852034845364e-03 1.897956448911222651e+02 4.074545867392779286e+01
3.361143554435736203e+00 1.860575678898459748e-03 1.903622950819672042e+02 4.134091164384511075e+01
3.367505271257411170e+00 1.829077091643749146e-03 1.871537162162162247e+02 4.171703597380934525e+01
3.373804785089639324e+00 1.803149868685275390e-03 1.859549393414211522e+02 4.139317301027143259e+01
3.380079784639911100e+00 1.805631642174917659e-03 1.833936731107205560e+02 4.009582570335199847e+01
3.386416571036835244e+00 1.843579116849991192e-03 1.835792253521126725e+02 4.016515232656767864e+01
3.392732849186819166e+00 1.821713749179523084e-03 1.826842105263157805e+02 4.034006391317751650e+01
3.399077842768783331e+00 1.840157085703132342e-03 1.793007246376811565e+02 3.876007069779148395e+01
3.405368445234043140e+00 1.771416845865005909e-03 1.778091603053435108e+02 3.792501453478210749e+01
3.411642977450664915e+00 1.840004348347408980e-03 1.764755639097744222e+02 3.825491166790783382e+01
3.417946432239648225e+00 1.816648589106147462e-03 1.750446601941747531e+02 3.823608364079510835e+01
3.424268333461439884e+00 1.838339958730071926e-03 1.726595744680851112e+02 3.707655170099373976e+01
3.430601598134079389e+00 1.799761940178920376e-03 1.708056112224448952e+02 3.674340833280741947e+01
3.436922606236269218e+00 1.844213366763177700e-03 1.707800000000000011e+02 3.723091672253050177e+01
3.443269856433799347e+00 1.834668830692703879e-03 1.685685071574642109e+02 3.591909004537696859e+01
3.449516618902171317e+00 1.769622948488585408e-03 1.667735042735042725e+02 3.496740744238867649e+01
3.455771942280530862e+00 1.817195070858158281e-03 1.639154334038055083e+02 3.408776549414523060e+01
3.462154010515302804e+00 1.866018191136946868e-03 1.654388185654008510e+02 3.449106056007833132e+01
3.468478914699885340e+00 1.799468636805881495e-03 1.617383592017738465e+02 3.213486218276916162e+01
3.474737530089159865e+00 1.798535080277152308e-03 1.593878923766816058e+02 3.144399543124005802e+01
3.481027808853469629e+00 1.828779808500339806e-03 1.603936651583710500e+02 3.171043677941349870e+01
3.487370903609774420e+00 1.855504762412056021e-03 1.568099547511312153e+02 2.992096853068315809e+01
3.493710577164840458e+00 1.791815171782784382e-03 1.549054373522458548e+02 2.865285511464613677e+01
3.499981309375833849e+00 1.817721919481020843e-03 1.542959427207637191e+02 2.826298248780263123e+01
3.506294281862427642e+00 1.840208171226962808e-03 1.518297362110311610e+02 2.726461243341540808e+01
3.512643170548069183e+00 1.819719049123772565e-03 1.498132678132677995e+02 2.595533972045028293e+01
3.518887929185086527e+00 1.780316295825717758e-03 1.483589743589743648e+02 2.513012813154670866e+01
3.525201780775713889e+00 1.871585280235478531e-03 1.469503722084367325e+02 2.542404431480238358e+01
3.531587235286628879e+00 1.812415240060859375e-03 1.439765625000000000e+02 2.395170736047371918e+01
3.537791204901774123e+00 1.765649031450039182e-03 1.436594005449591407e+02 2.307257147373328365e+01
3.544104483213670331e+00 1.881636984785636617e-03 1.417812500000000000e+02 2.418771028386196420e+01
3.550526160049383151e+00 1.823753900979235669e-03 1.401775956284153040e+02 2.287383034005527449e+01
3.556826252644191833e+00 1.805941154371571225e-03 1.384873239436619770e+02 2.188659505375412806e+01
3.563110991539715666e+00 1.831382697511484874e-03 1.380028409090909065e+02 2.183349959455549083e+01
3.569418747584309326e+00 1.819035597463529485e-03 1.355901162790697754e+02 2.133677879611322936e+01
3.575721219182565580e+00 1.815191134896390569e-03 1.338694362017804167e+02 2.133623188813371385e+01
3.582041784633743120e+00 1.836067019019354488e-03 1.336096096096096062e+02 2.003786646999239807e+01
3.588351193306853926e+00 1.816205673054769026e-03 1.319969040247678151e+02 1.949446168934728618e+01
3.594644124218077774e+00 1.816162507538995278e-03 1.307728706624605763e+02 1.879546387640406380e+01
3.600965899690116157e+00 1.832434222657099978e-03 1.301821086261980724e+02 1.875270390871579451e+01
3.607301933810233674e+00 1.823864462282996299e-03 1.292065573770491937e+02 1.783211262849931700e+01
3.613589615564896995e+00 1.801875725405921403e-03 1.277050847457627185e+02 1.724411444253402692e+01
3.619872304563952703e+00 1.819848024125704684e-03 1.266185567010309256e+02 1.707908412669082665e+01
3.626184481674183946e+00 1.827760715362539709e-03 1.267298245614035039e+02 1.655918956358583927e+01
3.632455309189269510e+00 1.797655079431180383e-03 1.261131386861313928e+02 1.544564354513647508e+01
3.638754857574894697e+00 1.841922947680418475e-03 1.256459854014598534e+02 1.502580585173230965e+01
3.645110863435991444e+00 1.833895812584415653e-03 1.249962406015037573e+02 1.527984476178906270e+01
3.651399341121458253e+00 1.797724079201825547e-03 1.242117647058823593e+02 1.476041028052288517e+01
3.657684783062496781e+00 1.823089633617003442e-03 1.229166666666666714e+02 1.431812131124742926e+01
3.663989311092172851e+00 1.817352227903809700e-03 1.228770491803278730e+02 1.469989245591726679e+01
3.670338462676961733e+00 1.852037082036360515e-03 1.215578512396694180e+02 1.344306142786087754e+01
3.676667454351053799e+00 1.802731285318214709e-03 1.205502183406113517e+02 1.271852184214075265e+01
3.682957402673964431e+00 1.831301914300888494e-03 1.197168141592920421e+02 1.259716095988909146e+01
3.689264510226057059e+00 1.810576500315507495e-03 1.185944700460829466e+02 1.209465507003569051e+01
3.695607159299667099e+00 1.851070780809128090e-03 1.170000000000000000e+02 1.182999734612406151e+01
3.701906411334345837e+00 1.786914693256676148e-03 1.164079601990049753e+02 1.113618887260678392e+01
3.708163258087520564e+00 1.825159420261267002e-03 1.147085427135678373e+02 1.116207776359334680e+01
3.714507337749332283e+00 1.833043865117713490e-03 1.129378238341968910e+02 1.115138219780285667e+01
3.720870273368275249e+00 1.842023606415223082e-03 1.122994652406417089e+02 1.063329686418799902e+01
3.727157013165883104e+00 1.785929560704693081e-03 1.103599999999999994e+02 1.017466882577932985e+01
3.733414267292576749e+00 1.823616893326991065e-03 1.082790697674418539e+02 9.432404475607206962e+00
3.739747614563589284e+00 1.832601406324968355e-03 1.083975903614457792e+02 9.329366972709461692e+00
3.746091684029914770e+00 1.828992002129592063e-03 1.064213836477987485e+02 8.939766532501320029e+00
3.752406222021260618e+00 1.812401454337024109e-03 1.048874172185430496e+02 8.383985645119786057e+00
3.758712131096641595e+00 1.823143945980814458e-03 1.041448275862069011e+02 7.827495062510522850e+00
3.765000355804634324e+00 1.809969724265664184e-03 1.026131386861313928e+02 6.960320011652231464e+00
3.771324791207556704e+00 1.846593531196991230e-03 1.013157894736842053e+02 7.170350727875447028e+00
3.777640884128447674e+00 1.800430178895984180e-03 1.004227642276422756e+02 6.921416641727037522e+00
3.783890033752419058e+00 1.812352582976840126e-03 9.912820512820512420e+01 6.351663842994433651e+00
3.790205950757557840e+00 1.839564216382759279e-03 9.842857142857143060e+01 6.602121644144527401e+00
3.796547481197723339e+00 1.823144808823023381e-03 9.737500000000000000e+01 5.817538139110047801e+00
3.802839460639445335e+00 1.822115437231795494e-03 9.509278350515464240e+01 5.265387593999022009e+00
3.809162628389719529e+00 1.835235423465040759e-03 9.328571428571429180e+01 4.605129895027770814e+00
3.815477698903783743e+00 1.813833779597889004e-03 9.262650602409638623e+01 5.091983059591782101e+00
3.821777178949230969e+00 1.830898415393102585e-03 9.223376623376623229e+01 5.965295710141132801e+00
3.828076951026545771e+00 1.795694771849016581e-03 9.165217391304348382e+01 6.037688812813895467e+00
3.834316772867639944e+00 1.791896653628349866e-03 9.045161290322580783e+01 5.435555661438415953e+00
3.840583618544390898e+00 1.820001018717854217e-03 8.803571428571429180e+01 4.114357018231329377e+00
3.846911872181034475e+00 1.824281646184678762e-03 8.669387755102040671e+01 3.473227167266090376e+00
3.853313008086272973e+00 1.880829953221405115e-03 8.667441860465116577e+01 3.685661340010827125e+00
3.859656947796285653e+00 1.787945514535103963e-03 8.497058823529411598e+01 3.514428982447129091e+00
3.865825284683709118e+00 1.773175751446867720e-03 8.477777777777777146e+01 3.039520213384345304e+00
3.872064552013789740e+00 1.858490478498285668e-03 8.400000000000000000e+01 3.070597894314953891e+00
3.878243048288448236e+00 1.738115315901965106e-03 8.438461538461538680e+01 3.204102399947466484e+00
3.884441558101385361e+00 1.990091083924331716e-03 9.071428571428570820e+01 5.266373883190503591e+00
