# angle I
-8.754652124446791106e+01 1.209312500000000000e+03
-8.719654980623292317e+01 1.651375000000000000e+03
-8.683539946373248597e+01 1.683647058823529505e+03
-8.646589270816332373e+01 1.687705882352941217e+03
-8.609631673959441400e+01 1.707470588235294144e+03
-8.572669705626906023e+01 1.773000000000000000e+03
-8.536637750593260421e+01 1.884625000000000000e+03
-8.502018487171564232e+01 1.844000000000000000e+03
-8.466969763801341742e+01 1.881562500000000000e+03
-8.433298562829912726e+01 1.803705882352941217e+03
-8.397517091127048161e+01 1.808055555555555657e+03
-8.361434234434295831e+01 1.867250000000000000e+03
-8.326607584953563901e+01 1.846812500000000000e+03
-8.290822045908785753e+01 1.851352941176470495e+03
-8.256094363858535701e+01 1.826533333333333303e+03
-8.222545383659355878e+01 1.822500000000000000e+03
-8.187877332057486512e+01 1.763235294117647072e+03
-8.152105618366013573e+01 1.810277777777777828e+03
-8.116606705071296801e+01 1.771705882352941217e+03
-8.081107421409767255e+01 1.836187500000000000e+03
-8.045350404883059525e+01 1.751411764705882433e+03
-8.008882058051904096e+01 1.851235294117647072e+03
-7.972822444829769495e+01 1.744529411764705856e+03
-7.937439308418619532e+01 1.708111111111111086e+03
-7.902501736267767285e+01 1.884687500000000000e+03
-7.866998805738397493e+01 1.811058823529411711e+03
-7.830740774206556409e+01 1.909411764705882433e+03
-7.794388718365480884e+01 1.921235294117647072e+03
-7.759192843210504975e+01 1.814411764705882433e+03
-7.723874214138137972e+01 1.880437500000000000e+03
-7.688679255460537831e+01 1.916235294117647072e+03
-7.652605617568150365e+01 1.789294117647058783e+03
-7.617561003842214973e+01 1.820500000000000000e+03
-7.583657836964684407e+01 1.797625000000000000e+03
-7.548584628764038484e+01 1.721529411764705856e+03
-7.512734507451129673e+01 1.809117647058823422e+03
-7.476849805532499715e+01 1.822235294117647072e+03
-7.440233842846397749e+01 1.709411764705882433e+03
-7.405489406685747156e+01 1.718562500000000000e+03
-7.370788122929599240e+01 1.744588235294117567e+03
-7.334669385894829929e+01 1.714750000000000000e+03
-7.299115277943971591e+01 1.693944444444444343e+03
-7.263481133505072762e+01 1.723875000000000000e+03
-7.227357098105133559e+01 1.870294117647058783e+03
-7.191601891996008078e+01 1.674294117647058783e+03
-7.157191663680728766e+01 1.710687500000000000e+03
-7.123304241232068534e+01 1.788133333333333439e+03
-7.087782041438271108e+01 1.720277777777777828e+03
-7.051813263509309593e+01 1.752823529411764639e+03
-7.015935381037103014e+01 1.813875000000000000e+03
-6.980240141578494217e+01 1.656294117647058783e+03
-6.944367431428300108e+01 1.684111111111111086e+03
-6.908600758053113111e+01 1.742200000000000045e+03
-6.873866207375860427e+01 1.727941176470588289e+03
-6.840157147713199493e+01 1.678875000000000000e+03
-6.803589666022060101e+01 1.769777777777777828e+03
-6.767214703188048475e+01 1.645823529411764639e+03
-6.732150736996732121e+01 1.796375000000000000e+03
-6.696602297061517106e+01 1.766705882352941217e+03
-6.660357212856628450e+01 1.670687500000000000e+03
-6.626195751094286379e+01 1.737875000000000000e+03
-6.590958458738025172e+01 1.650470588235294144e+03
-6.554462630422271729e+01 1.595555555555555657e+03
-6.518333605810005338e+01 1.689937500000000000e+03
-6.483482922477291766e+01 1.742529411764705856e+03
-6.447878197598760153e+01 1.595941176470588289e+03
-6.413621252578040810e+01 1.667066666666666606e+03
-6.382118788512903507e+01 1.679666666666666742e+03
-6.342760035281536801e+01 1.685727272727272748e+03
-6.303836075617765289e+01 1.620599999999999909e+03
-6.272978339202143871e+01 1.684428571428571331e+03
-6.237827262875153878e+01 1.617842105263157919e+03
-6.201445998709871787e+01 1.771437500000000000e+03
-6.165905302340574679e+01 1.565529411764705856e+03
-6.130898100986352262e+01 1.628117647058823422e+03
-6.093889260142156417e+01 1.713764705882352928e+03
-6.059047923637870525e+01 1.607941176470588289e+03
-6.023355464908956236e+01 1.689312500000000000e+03
-5.988572024135848437e+01 1.690312500000000000e+03
-5.953663514977896654e+01 1.616058823529411711e+03
-5.918151106924398164e+01 1.656470588235294144e+03
-5.881679659832923335e+01 1.624647058823529505e+03
-5.846474250612753565e+01 1.577058823529411711e+03
-5.811767042454251708e+01 1.675599999999999909e+03
-5.775829128833665038e+01 1.579666666666666742e+03
-5.740158310776777739e+01 1.608187500000000000e+03
-5.704412870355421461e+01 1.597000000000000000e+03
-5.670974894766039398e+01 1.526500000000000000e+03
-5.636113799193925189e+01 1.507684210526315837e+03
-5.597920247523168058e+01 1.629235294117647072e+03
-5.562832391957682177e+01 1.521117647058823422e+03
-5.527740956220922897e+01 1.665375000000000000e+03
-5.492860123459479382e+01 1.693235294117647072e+03
-5.458167554737808302e+01 1.647750000000000000e+03
-5.422087726494484627e+01 1.632235294117647072e+03
-5.386173209072669010e+01 1.590470588235294144e+03
-5.348641437404793919e+01 1.537444444444444343e+03
-5.312584231303669213e+01 1.571062500000000000e+03
-5.278463784234666889e+01 1.524823529411764639e+03
-5.244223038635665546e+01 1.571687500000000000e+03
-5.208920210232281534e+01 1.512588235294117567e+03
-5.173943090965746450e+01 1.564375000000000000e+03
-5.138509194964115068e+01 1.536823529411764639e+03
-5.102195102587344167e+01 1.498176470588235361e+03
-5.066476111916448133e+01 1.587235294117647072e+03
-5.030952437540356215e+01 1.456777777777777828e+03
-4.995894854944197760e+01 1.690200000000000045e+03
-4.961910321542423219e+01 1.673588235294117567e+03
-4.924856778802785584e+01 1.593529411764705856e+03
-4.889987789527070561e+01 1.670562500000000000e+03
-4.856434418756161620e+01 1.791666666666666742e+03
-4.821088021446319516e+01 1.443444444444444343e+03
-4.784377552087068608e+01 1.730000000000000000e+03
-4.749516350919158469e+01 1.396166666666666742e+03
-4.712183347689600055e+01 1.658444444444444343e+03
-4.677664422238280650e+01 1.583437500000000000e+03
-4.642567778243204657e+01 1.487823529411764639e+03
-4.607250678112187359e+01 1.592894736842105203e+03
-4.574150936454941530e+01 1.542833333333333258e+03
-4.537184040948153552e+01 1.548625000000000000e+03
-4.500000000000000000e+01 1.527416666666666742e+03
-4.462815959051846448e+01 1.512541666666666742e+03
-4.425849063545058470e+01 1.533000000000000000e+03
-4.393679699583316989e+01 1.598055555555555657e+03
-4.358463905179681319e+01 1.508944444444444343e+03
-4.322335577761719350e+01 1.578437500000000000e+03
-4.287816652310399945e+01 1.613055555555555657e+03
-4.251437926573277792e+01 1.351764705882352928e+03
-4.217843678045918665e+01 1.711000000000000000e+03
-4.181907588013757504e+01 1.427000000000000000e+03
-4.145893622704212333e+01 1.642235294117647072e+03
-4.110012210472929439e+01 1.582562500000000000e+03
-4.075143221197214416e+01 1.554470588235294144e+03
-4.039123593912205479e+01 1.620500000000000000e+03
-4.005195262938783429e+01 1.697562500000000000e+03
-3.969047562459645206e+01 1.495444444444444343e+03
-3.933523888083551867e+01 1.653176470588235361e+03
-3.897804897412655833e+01 1.582117647058823422e+03
-3.862547609040582586e+01 1.624250000000000000e+03
-3.827146616794634326e+01 1.692705882352941217e+03
-3.791079789767718466e+01 1.665176470588235361e+03
-3.755776961364335165e+01 1.712437500000000000e+03
-3.721536215765333111e+01 1.625117647058823422e+03
-3.687415768696330787e+01 1.640687500000000000e+03
-3.651358562595206081e+01 1.591666666666666742e+03
-3.613826790927331700e+01 1.648058823529411711e+03
-3.577912273505516794e+01 1.669588235294117567e+03
-3.541832445262192408e+01 1.633562500000000000e+03
-3.508195521224774893e+01 1.718750000000000000e+03
-3.473317309532806263e+01 1.561705882352941217e+03
-3.438292026921962474e+01 1.574750000000000000e+03
-3.403029594337454000e+01 1.616222222222222172e+03
-3.363886200806076232e+01 1.571578947368421041e+03
-3.329025105233960602e+01 1.626142857142857110e+03
-3.295587129644577118e+01 1.676777777777777828e+03
-3.259841689223221550e+01 1.683187500000000000e+03
-3.224170871166334251e+01 1.655500000000000000e+03
-3.188232957545748647e+01 1.812666666666666742e+03
-3.153525749387247146e+01 1.649470588235294144e+03
-3.118320340167077376e+01 1.660294117647058783e+03
-3.081848893075602192e+01 1.661000000000000000e+03
-3.046336485022103702e+01 1.634470588235294144e+03
-3.011427975864152629e+01 1.705875000000000000e+03
-2.976644535091043409e+01 1.785000000000000000e+03
-2.940952076362131251e+01 1.759058823529411711e+03
-2.906110739857844294e+01 1.843000000000000000e+03
-2.870151276412551411e+01 1.859562500000000000e+03
-2.835106762268968339e+01 1.570222222222222172e+03
-2.798554001290129634e+01 1.822000000000000000e+03
-2.762172737124844346e+01 1.782842105263157919e+03
-2.727021660797856484e+01 1.853428571428571331e+03
-2.696163924382235066e+01 1.764200000000000045e+03
-2.657239964718463554e+01 1.790409090909090992e+03
-2.617881211487097914e+01 1.810533333333333303e+03
-2.586378747421959545e+01 1.851000000000000000e+03
-2.552121802401240203e+01 1.874058823529411711e+03
-2.516517077522709300e+01 1.925470588235294144e+03
-2.481666394189995017e+01 1.816062500000000000e+03
-2.445537369577728981e+01 1.798388888888888914e+03
-2.409041541261976249e+01 1.808411764705882433e+03
-2.373804248905714331e+01 1.858687500000000000e+03
-2.339642787143371550e+01 1.808125000000000000e+03
-2.303397702938483960e+01 1.880941176470588289e+03
-2.267849263003267879e+01 1.958250000000000000e+03
-2.232785296811950460e+01 1.899294117647058783e+03
-2.196410333977940255e+01 2.002111111111111086e+03
-2.159842852286798376e+01 1.913000000000000000e+03
-2.126133792624139929e+01 2.050823529411764866e+03
-2.091399241946885112e+01 1.986933333333333394e+03
-2.055632568571700958e+01 1.862777777777777828e+03
-2.019759858421505427e+01 1.858235294117647072e+03
-1.984064618962897342e+01 1.952750000000000000e+03
-1.948186736490690762e+01 1.952529411764705856e+03
-1.912217958561728182e+01 2.008944444444444343e+03
-1.876695758767931466e+01 2.024000000000000000e+03
-1.842808336319271589e+01 1.904500000000000000e+03
-1.808398108003990856e+01 1.905117647058823422e+03
-1.772642901894867506e+01 2.094058823529411711e+03
-1.736518866494925462e+01 1.976625000000000000e+03
-1.701942965508501615e+01 1.940235294117647072e+03
-1.666363788767452903e+01 1.995823529411764639e+03
-1.629211877070400405e+01 2.048235294117646845e+03
-1.594510593314254265e+01 2.032437500000000000e+03
-1.559766157153602251e+01 2.061529411764705856e+03
-1.523150194467500995e+01 2.104411764705882433e+03
-1.487265492548868906e+01 2.090705882352940989e+03
-1.451415371235961871e+01 2.050705882352940989e+03
-1.416342163035315949e+01 2.036875000000000000e+03
-1.382438996157784139e+01 2.023312500000000000e+03
-1.347394382431848214e+01 2.010705882352941217e+03
-1.311320744539462702e+01 2.079176470588235134e+03
-1.276125785861861672e+01 2.058875000000000000e+03
-1.240807156789495558e+01 2.087058823529411711e+03
-1.206772833414253121e+01 2.168562500000000000e+03
-1.171355892541095756e+01 2.158176470588235134e+03
-1.134022412271997560e+01 2.137888888888888687e+03
-1.097498263732232715e+01 2.105375000000000000e+03
-1.062560691581379935e+01 2.036944444444444343e+03
-1.027177555170229795e+01 2.143411764705882433e+03
-9.911179419480955488e+00 2.297176470588235134e+03
-9.546495951169385208e+00 2.170235294117646845e+03
-9.188925785902346988e+00 2.242750000000000000e+03
-8.833932949287021330e+00 2.199176470588235134e+03
-8.487961080217088394e+00 2.230411764705882433e+03
-8.132583548925238048e+00 2.309833333333333485e+03
-7.774546163406440336e+00 2.360812500000000000e+03
-7.439056361414642105e+00 2.437466666666666697e+03
-7.091779540912148683e+00 2.419529411764705856e+03
-6.733924150464356551e+00 2.394375000000000000e+03
-6.385657655657047016e+00 2.419000000000000000e+03
-6.024829088729536153e+00 2.391277777777777828e+03
-5.667014371700874520e+00 2.325588235294117567e+03
-5.330302361986582582e+00 2.474750000000000000e+03
-4.979815128284348802e+00 2.513500000000000000e+03
-4.633622494067397568e+00 2.616312500000000000e+03
-4.273302943730915793e+00 2.642941176470588289e+03
-3.903683260405588662e+00 2.555764705882353155e+03
-3.534107291836679821e+00 2.471411764705882433e+03
-3.164600536267520692e+00 2.418411764705882433e+03
-2.803450193767086152e+00 2.511687500000000000e+03
-2.453478755532081834e+00 2.532000000000000000e+03
-2.103323598802973482e+00 2.546375000000000000e+03
-1.753010815001693867e+00 2.576312500000000000e+03
-1.402566566515035973e+00 2.614937500000000000e+03
-1.052017074990128087e+00 2.646687500000000000e+03
-7.013886095630199602e-01 2.629187500000000000e+03
-1.748362013076045218e-01 2.475676470588235134e+03
3.496724026152090437e-01 2.512411764705882433e+03
7.013886095630199602e-01 2.667000000000000000e+03
1.052017074990128087e+00 2.676625000000000000e+03
1.402566566515035973e+00 2.630750000000000000e+03
1.753010815001693867e+00 2.573687500000000000e+03
2.103323598802973482e+00 2.524500000000000000e+03
2.453478755532081834e+00 2.510312500000000000e+03
2.803450193767086152e+00 2.510500000000000000e+03
3.164600536267520692e+00 2.431705882352940989e+03
3.534107291836679821e+00 2.491705882352940989e+03
3.903683260405588662e+00 2.507176470588235134e+03
4.273302943730915793e+00 2.459823529411764866e+03
4.633622494067397568e+00 2.448125000000000000e+03
4.979815128284349690e+00 2.478611111111111313e+03
5.330302361986582582e+00 2.566062500000000000e+03
5.667014371700874520e+00 2.462000000000000000e+03
6.024829088729536153e+00 2.548277777777777828e+03
6.355088139840021633e+00 2.581909090909090992e+03
6.602988644847760824e+00 8.085000000000000000e+02
