# angle I
-8.754652124446791106e+01 1.083562500000000000e+03
-8.719654980623292317e+01 1.506625000000000000e+03
-8.683539946373248597e+01 1.638764705882352928e+03
-8.646589270816332373e+01 1.820058823529411711e+03
-8.609631673959441400e+01 1.884352941176470495e+03
-8.572669705626906023e+01 1.858176470588235361e+03
-8.536637750593260421e+01 1.909187500000000000e+03
-8.502018487171564232e+01 1.987055555555555657e+03
-8.466969763801341742e+01 2.245562500000000000e+03
-8.433298562829912726e+01 2.348529411764705856e+03
-8.397517091127048161e+01 2.336277777777777828e+03
-8.361434234434295831e+01 2.463312500000000000e+03
-8.326607584953563901e+01 2.572562500000000000e+03
-8.290822045908785753e+01 2.648882352941176578e+03
-8.256094363858535701e+01 2.697000000000000000e+03
-8.222545383659355878e+01 2.765562500000000000e+03
-8.187877332057486512e+01 2.537294117647059011e+03
-8.152105618366013573e+01 2.327777777777777828e+03
-8.116606705071296801e+01 2.214823529411764866e+03
-8.081107421409767255e+01 2.419312500000000000e+03
-8.045350404883059525e+01 2.408823529411764866e+03
-8.008882058051904096e+01 2.677058823529411711e+03
-7.972822444829769495e+01 2.375882352941176578e+03
-7.937439308418619532e+01 2.178444444444444343e+03
-7.902501736267767285e+01 2.363125000000000000e+03
-7.866998805738397493e+01 2.374117647058823422e+03
-7.830740774206556409e+01 2.788294117647059011e+03
-7.794388718365480884e+01 3.051647058823529278e+03
-7.759192843210504975e+01 2.759352941176470722e+03
-7.723874214138137972e+01 2.620375000000000000e+03
-7.688679255460537831e+01 2.518294117647059011e+03
-7.652605617568150365e+01 2.315764705882353155e+03
-7.617561003842214973e+01 2.442312500000000000e+03
-7.583657836964684407e+01 2.560187500000000000e+03
-7.548584628764038484e+01 2.498117647058823422e+03
-7.512734507451129673e+01 2.600058823529411711e+03
-7.476849805532499715e+01 2.709294117647059011e+03
-7.440233842846397749e+01 2.616294117647059011e+03
-7.405489406685747156e+01 2.743250000000000000e+03
-7.370788122929599240e+01 2.864058823529411711e+03
-7.334669385894829929e+01 2.804625000000000000e+03
-7.299115277943971591e+01 2.822944444444444343e+03
-7.263481133505072762e+01 2.913812500000000000e+03
-7.227357098105133559e+01 3.099823529411764866e+03
-7.191601891996008078e+01 2.497941176470588289e+03
-7.157191663680728766e+01 2.403437500000000000e+03
-7.123304241232068534e+01 2.518666666666666515e+03
-7.087782041438271108e+01 2.454888888888888687e+03
-7.051813263509309593e+01 2.718000000000000000e+03
-7.015935381037103014e+01 2.879312500000000000e+03
-6.980240141578494217e+01 2.497294117647059011e+03
-6.944367431428300108e+01 2.466000000000000000e+03
-6.908600758053113111e+01 2.592599999999999909e+03
-6.873866207375860427e+01 2.767058823529411711e+03
-6.840157147713199493e+01 2.912750000000000000e+03
-6.803589666022060101e+01 3.175888888888888687e+03
-6.767214703188048475e+01 2.865000000000000000e+03
-6.732150736996732121e+01 3.223125000000000000e+03
-6.696602297061517106e+01 2.995882352941176578e+03
-6.660357212856628450e+01 2.653375000000000000e+03
-6.626195751094286379e+01 2.751812500000000000e+03
-6.590958458738025172e+01 2.602529411764705856e+03
-6.554462630422271729e+01 2.460277777777777828e+03
-6.518333605810005338e+01 2.535062500000000000e+03
-6.483482922477291766e+01 2.503352941176470722e+03
-6.447878197598760153e+01 2.195941176470588289e+03
-6.413621252578040810e+01 2.386266666666666879e+03
-6.382118788512903507e+01 2.425733333333333121e+03
-6.342760035281536801e+01 2.519545454545454504e+03
-6.303836075617765289e+01 2.634733333333333121e+03
-6.272978339202143871e+01 2.888642857142857338e+03
-6.237827262875153878e+01 2.600052631578947512e+03
-6.201445998709871787e+01 2.873125000000000000e+03
-6.165905302340574679e+01 2.397529411764705856e+03
-6.130898100986352262e+01 2.370882352941176578e+03
-6.093889260142156417e+01 2.514882352941176578e+03
-6.059047923637870525e+01 2.566823529411764866e+03
-6.023355464908956236e+01 2.944312500000000000e+03
-5.988572024135848437e+01 2.739187500000000000e+03
-5.953663514977896654e+01 2.236647058823529278e+03
-5.918151106924398164e+01 2.231882352941176578e+03
-5.881679659832923335e+01 2.286882352941176578e+03
-5.846474250612753565e+01 2.421294117647059011e+03
-5.811767042454251708e+01 2.666000000000000000e+03
-5.775829128833665038e+01 2.421444444444444343e+03
-5.740158310776777739e+01 2.396625000000000000e+03
-5.704412870355421461e+01 2.462333333333333485e+03
-5.670974894766039398e+01 2.332357142857142662e+03
-5.636113799193925189e+01 2.285736842105263349e+03
-5.597920247523168058e+01 2.464529411764705856e+03
-5.562832391957682177e+01 2.303529411764705856e+03
-5.527740956220922897e+01 2.434437500000000000e+03
-5.492860123459479382e+01 2.198470588235294144e+03
-5.458167554737808302e+01 1.991812500000000000e+03
-5.422087726494484627e+01 2.056647058823529278e+03
-5.386173209072669010e+01 2.017352941176470495e+03
-5.348641437404793919e+01 1.922833333333333258e+03
-5.312584231303669213e+01 2.115625000000000000e+03
-5.278463784234666889e+01 2.092588235294117567e+03
-5.244223038635665546e+01 2.200625000000000000e+03
-5.208920210232281534e+01 2.181823529411764866e+03
-5.173943090965746450e+01 2.265625000000000000e+03
-5.138509194964115068e+01 2.055647058823529278e+03
-5.102195102587344167e+01 1.995470588235294144e+03
-5.066476111916448133e+01 2.116647058823529278e+03
-5.030952437540356215e+01 1.856055555555555657e+03
-4.995894854944197760e+01 2.047333333333333258e+03
-4.961910321542423219e+01 2.157941176470588289e+03
-4.924856778802785584e+01 2.059529411764705856e+03
-4.889987789527070561e+01 2.113875000000000000e+03
-4.856434418756161620e+01 2.276333333333333485e+03
-4.821088021446319516e+01 1.792000000000000000e+03
-4.784377552087068608e+01 2.360562500000000000e+03
-4.749516350919158469e+01 1.810722222222222172e+03
-4.712183347689600055e+01 2.593777777777777828e+03
-4.677664422238280650e+01 2.110250000000000000e+03
-4.642567778243204657e+01 2.359882352941176578e+03
-4.607250678112187359e+01 1.963105263157894797e+03
-4.574150936454941530e+01 1.947500000000000000e+03
-4.537184040948153552e+01 1.914208333333333258e+03
-4.500000000000000000e+01 1.946833333333333258e+03
-4.462815959051846448e+01 1.962708333333333258e+03
-4.425849063545058470e+01 1.992166666666666742e+03
-4.393679699583316989e+01 2.012944444444444343e+03
-4.358463905179681319e+01 2.238000000000000000e+03
-4.322335577761719350e+01 1.863312500000000000e+03
-4.287816652310399945e+01 2.128555555555555657e+03
-4.251437926573277792e+01 1.536764705882352928e+03
-4.217843678045918665e+01 2.052750000000000000e+03
-4.181907588013757504e+01 1.921941176470588289e+03
-4.145893622704212333e+01 2.203117647058823422e+03
-4.110012210472929439e+01 2.216000000000000000e+03
-4.075143221197214416e+01 2.101941176470588289e+03
-4.039123593912205479e+01 2.164875000000000000e+03
-4.005195262938783429e+01 2.459562500000000000e+03
-3.969047562459645206e+01 2.044277777777777828e+03
-3.933523888083551867e+01 2.316000000000000000e+03
-3.897804897412655833e+01 2.184411764705882433e+03
-3.862547609040582586e+01 2.247250000000000000e+03
-3.827146616794634326e+01 2.610882352941176578e+03
-3.791079789767718466e+01 2.412882352941176578e+03
-3.755776961364335165e+01 2.557125000000000000e+03
-3.721536215765333111e+01 2.381882352941176578e+03
-3.687415768696330787e+01 2.423250000000000000e+03
-3.651358562595206081e+01 2.217944444444444343e+03
-3.613826790927331700e+01 2.200941176470588289e+03
-3.577912273505516794e+01 2.190764705882353155e+03
-3.541832445262192408e+01 2.124500000000000000e+03
-3.508195521224774893e+01 2.449375000000000000e+03
-3.473317309532806263e+01 2.522058823529411711e+03
-3.438292026921962474e+01 2.505250000000000000e+03
-3.403029594337454000e+01 2.722055555555555657e+03
-3.363886200806076232e+01 2.631157894736842081e+03
-3.329025105233960602e+01 2.617000000000000000e+03
-3.295587129644577118e+01 2.722777777777777828e+03
-3.259841689223221550e+01 2.848375000000000000e+03
-3.224170871166334251e+01 3.045111111111111313e+03
-3.188232957545748647e+01 3.376466666666666697e+03
-3.153525749387247146e+01 2.939941176470588289e+03
-3.118320340167077376e+01 2.793352941176470722e+03
-3.081848893075602192e+01 2.891411764705882433e+03
-3.046336485022103702e+01 2.935352941176470722e+03
-3.011427975864152629e+01 3.098687500000000000e+03
-2.976644535091043409e+01 3.086812500000000000e+03
-2.940952076362131251e+01 2.968058823529411711e+03
-2.906110739857844294e+01 3.153235294117646845e+03
-2.870151276412551411e+01 3.149875000000000000e+03
-2.835106762268968339e+01 2.821611111111111313e+03
-2.798554001290129634e+01 3.383437500000000000e+03
-2.762172737124844346e+01 3.039578947368421268e+03
-2.727021660797856484e+01 3.469857142857142662e+03
-2.696163924382235066e+01 3.416133333333333212e+03
-2.657239964718463554e+01 3.394954545454545496e+03
-2.617881211487097914e+01 3.273800000000000182e+03
-2.586378747421959545e+01 3.216866666666666788e+03
-2.552121802401240203e+01 2.878411764705882433e+03
-2.516517077522709300e+01 3.093705882352940989e+03
-2.481666394189995017e+01 3.023937500000000000e+03
-2.445537369577728981e+01 2.823166666666666515e+03
-2.409041541261976249e+01 3.131411764705882433e+03
-2.373804248905714331e+01 3.568187500000000000e+03
-2.339642787143371550e+01 3.365500000000000000e+03
-2.303397702938483960e+01 3.389470588235294144e+03
-2.267849263003267879e+01 3.168125000000000000e+03
-2.232785296811950460e+01 2.801058823529411711e+03
-2.196410333977940255e+01 3.184944444444444343e+03
-2.159842852286798376e+01 3.095125000000000000e+03
-2.126133792624139929e+01 3.114294117647059011e+03
-2.091399241946885112e+01 2.853599999999999909e+03
-2.055632568571700958e+01 2.668944444444444343e+03
-2.019759858421505427e+01 2.699941176470588289e+03
-1.984064618962897342e+01 3.029562500000000000e+03
-1.948186736490690762e+01 2.937941176470588289e+03
-1.912217958561728182e+01 2.836777777777777828e+03
-1.876695758767931466e+01 3.010266666666666879e+03
-1.842808336319271589e+01 2.989250000000000000e+03
-1.808398108003990856e+01 3.062588235294117567e+03
-1.772642901894867506e+01 3.354000000000000000e+03
-1.736518866494925462e+01 3.004000000000000000e+03
-1.701942965508501615e+01 2.951529411764705856e+03
-1.666363788767452903e+01 2.793470588235294144e+03
-1.629211877070400405e+01 2.810058823529411711e+03
-1.594510593314254265e+01 2.722375000000000000e+03
-1.559766157153602251e+01 2.666882352941176578e+03
-1.523150194467500995e+01 2.839058823529411711e+03
-1.487265492548868906e+01 2.850588235294117567e+03
-1.451415371235961871e+01 2.702823529411764866e+03
-1.416342163035315949e+01 2.736750000000000000e+03
-1.382438996157784139e+01 2.707062500000000000e+03
-1.347394382431848214e+01 2.638647058823529278e+03
-1.311320744539462702e+01 2.779352941176470722e+03
-1.276125785861861672e+01 2.667937500000000000e+03
-1.240807156789495558e+01 2.590470588235294144e+03
-1.206772833414253121e+01 2.694625000000000000e+03
-1.171355892541095756e+01 2.843647058823529278e+03
-1.134022412271997560e+01 2.810555555555555657e+03
-1.097498263732232715e+01 2.904750000000000000e+03
-1.062560691581379935e+01 2.634500000000000000e+03
-1.027177555170229795e+01 2.705117647058823422e+03
-9.911179419480955488e+00 2.882411764705882433e+03
-9.546495951169385208e+00 2.696058823529411711e+03
-9.188925785902346988e+00 2.867812500000000000e+03
-8.833932949287021330e+00 2.764470588235294144e+03
-8.487961080217088394e+00 2.798235294117646845e+03
-8.132583548925238048e+00 2.874222222222222172e+03
-7.774546163406440336e+00 2.842250000000000000e+03
-7.439056361414642105e+00 2.770333333333333485e+03
-7.091779540912148683e+00 2.775882352941176578e+03
-6.733924150464356551e+00 2.894812500000000000e+03
-6.385657655657047016e+00 3.072625000000000000e+03
-6.024829088729536153e+00 3.045333333333333485e+03
-5.667014371700874520e+00 2.943352941176470722e+03
-5.330302361986582582e+00 2.900687500000000000e+03
-4.979815128284348802e+00 2.769888888888888687e+03
-4.633622494067397568e+00 3.014437500000000000e+03
-4.273302943730915793e+00 3.038000000000000000e+03
-3.903683260405588662e+00 3.050764705882353155e+03
-3.534107291836679821e+00 3.103235294117646845e+03
-3.164600536267520692e+00 3.126647058823529278e+03
-2.803450193767086152e+00 3.205312500000000000e+03
-2.453478755532081834e+00 3.123750000000000000e+03
-2.103323598802973482e+00 3.225500000000000000e+03
-1.753010815001693867e+00 3.383062500000000000e+03
-1.402566566515035973e+00 3.398312500000000000e+03
-1.052017074990128087e+00 3.326000000000000000e+03
-7.013886095630199602e-01 3.376375000000000000e+03
-1.748362013076045218e-01 3.333500000000000000e+03
3.496724026152090437e-01 3.222941176470588289e+03
7.013886095630199602e-01 3.267562500000000000e+03
1.052017074990128087e+00 3.300312500000000000e+03
1.402566566515035973e+00 3.415500000000000000e+03
1.753010815001693867e+00 3.396875000000000000e+03
2.103323598802973482e+00 3.261125000000000000e+03
2.453478755532081834e+00 3.150250000000000000e+03
2.803450193767086152e+00 3.040750000000000000e+03
3.164600536267520692e+00 2.800941176470588289e+03
3.534107291836679821e+00 2.820000000000000000e+03
3.903683260405588662e+00 2.941411764705882433e+03
4.273302943730915793e+00 3.041352941176470722e+03
4.633622494067397568e+00 3.105812500000000000e+03
4.979815128284349690e+00 2.958388888888888687e+03
5.330302361986582582e+00 3.020875000000000000e+03
5.667014371700874520e+00 2.915823529411764866e+03
6.024829088729536153e+00 3.059444444444444343e+03
6.355088139840021633e+00 4.082727272727272521e+03
6.602988644847760824e+00 2.362000000000000000e+03
