# angle I
-8.754652124446791106e+01 5.161250000000000000e+02
-8.719654980623292317e+01 6.958750000000000000e+02
-8.683539946373248597e+01 7.494705882352941444e+02
-8.646589270816332373e+01 7.637647058823529278e+02
-8.609631673959441400e+01 7.732941176470587834e+02
-8.572669705626906023e+01 7.801764705882352473e+02
-8.536637750593260421e+01 7.752500000000000000e+02
-8.502018487171564232e+01 7.711111111111110858e+02
-8.466969763801341742e+01 7.738125000000000000e+02
-8.433298562829912726e+01 7.722941176470587834e+02
-8.397517091127048161e+01 7.866666666666666288e+02
-8.361434234434295831e+01 7.831250000000000000e+02
-8.326607584953563901e+01 7.907500000000000000e+02
-8.290822045908785753e+01 8.039411764705882888e+02
-8.256094363858535701e+01 8.085333333333333030e+02
-8.222545383659355878e+01 7.996250000000000000e+02
-8.187877332057486512e+01 7.945294117647058556e+02
-8.152105618366013573e+01 8.083888888888889142e+02
-8.116606705071296801e+01 8.056470588235293917e+02
-8.081107421409767255e+01 8.013750000000000000e+02
-8.045350404883059525e+01 8.108235294117647527e+02
-8.008882058051904096e+01 8.160588235294117112e+02
-7.972822444829769495e+01 8.074117647058823195e+02
-7.937439308418619532e+01 8.172777777777778283e+02
-7.902501736267767285e+01 8.047500000000000000e+02
-7.866998805738397493e+01 8.181764705882352473e+02
-7.830740774206556409e+01 8.255882352941176805e+02
-7.794388718365480884e+01 8.227647058823529278e+02
-7.759192843210504975e+01 8.218235294117647527e+02
-7.723874214138137972e+01 8.191250000000000000e+02
-7.688679255460537831e+01 8.334117647058823195e+02
-7.652605617568150365e+01 8.432352941176470722e+02
-7.617561003842214973e+01 8.417500000000000000e+02
-7.583657836964684407e+01 8.300000000000000000e+02
-7.548584628764038484e+01 8.405882352941176805e+02
-7.512734507451129673e+01 8.407058823529412166e+02
-7.476849805532499715e+01 8.342941176470587834e+02
-7.440233842846397749e+01 8.367058823529412166e+02
-7.405489406685747156e+01 8.322500000000000000e+02
-7.370788122929599240e+01 8.432352941176470722e+02
-7.334669385894829929e+01 8.294375000000000000e+02
-7.299115277943971591e+01 8.394444444444444571e+02
-7.263481133505072762e+01 8.475625000000000000e+02
-7.227357098105133559e+01 8.472352941176470722e+02
-7.191601891996008078e+01 8.453529411764706083e+02
-7.157191663680728766e+01 8.440000000000000000e+02
-7.123304241232068534e+01 8.452000000000000455e+02
-7.087782041438271108e+01 8.595555555555555429e+02
-7.051813263509309593e+01 8.547647058823529278e+02
-7.015935381037103014e+01 8.518750000000000000e+02
-6.980240141578494217e+01 8.676470588235293917e+02
-6.944367431428300108e+01 8.696666666666666288e+02
-6.908600758053113111e+01 8.760666666666667197e+02
-6.873866207375860427e+01 8.922941176470587834e+02
-6.840157147713199493e+01 8.735000000000000000e+02
-6.803589666022060101e+01 8.697777777777778283e+02
-6.767214703188048475e+01 8.830000000000000000e+02
-6.732150736996732121e+01 8.802500000000000000e+02
-6.696602297061517106e+01 8.830588235294117112e+02
-6.660357212856628450e+01 8.798125000000000000e+02
-6.626195751094286379e+01 8.793125000000000000e+02
-6.590958458738025172e+01 8.878235294117647527e+02
-6.554462630422271729e+01 8.956111111111110858e+02
-6.518333605810005338e+01 8.906250000000000000e+02
-6.483482922477291766e+01 8.927058823529412166e+02
-6.447878197598760153e+01 9.122941176470587834e+02
-6.413621252578040810e+01 8.862000000000000455e+02
-6.382118788512903507e+01 8.976666666666666288e+02
-6.342760035281536801e+01 8.981818181818181301e+02
-6.303836075617765289e+01 9.044666666666666970e+02
-6.272978339202143871e+01 9.085714285714285552e+02
-6.237827262875153878e+01 9.300000000000000000e+02
-6.201445998709871787e+01 9.012500000000000000e+02
-6.165905302340574679e+01 9.077058823529412166e+02
-6.130898100986352262e+01 9.247058823529412166e+02
-6.093889260142156417e+01 9.256470588235293917e+02
-6.059047923637870525e+01 9.355294117647058556e+02
-6.023355464908956236e+01 9.332500000000000000e+02
-5.988572024135848437e+01 9.218750000000000000e+02
-5.953663514977896654e+01 9.384117647058823195e+02
-5.918151106924398164e+01 9.310588235294117112e+02
-5.881679659832923335e+01 9.411176470588235361e+02
-5.846474250612753565e+01 9.484117647058823195e+02
-5.811767042454251708e+01 9.581333333333333258e+02
-5.775829128833665038e+01 9.528888888888889142e+02
-5.740158310776777739e+01 9.593750000000000000e+02
-5.704412870355421461e+01 9.506666666666666288e+02
-5.670974894766039398e+01 9.641428571428571104e+02
-5.636113799193925189e+01 9.495263157894736423e+02
-5.597920247523168058e+01 9.565882352941176805e+02
-5.562832391957682177e+01 9.677058823529412166e+02
-5.527740956220922897e+01 9.531875000000000000e+02
-5.492860123459479382e+01 9.640588235294117112e+02
-5.458167554737808302e+01 9.580000000000000000e+02
-5.422087726494484627e+01 9.614117647058823195e+02
-5.386173209072669010e+01 9.681176470588235361e+02
-5.348641437404793919e+01 9.852777777777778283e+02
-5.312584231303669213e+01 9.690625000000000000e+02
-5.278463784234666889e+01 9.778823529411764639e+02
-5.244223038635665546e+01 9.890000000000000000e+02
-5.208920210232281534e+01 9.777647058823529278e+02
-5.173943090965746450e+01 9.705625000000000000e+02
-5.138509194964115068e+01 9.828235294117647527e+02
-5.102195102587344167e+01 9.840000000000000000e+02
-5.066476111916448133e+01 9.968823529411764639e+02
-5.030952437540356215e+01 9.751111111111110858e+02
-4.995894854944197760e+01 1.003866666666666674e+03
-4.961910321542423219e+01 9.972352941176470722e+02
-4.924856778802785584e+01 9.721176470588235361e+02
-4.889987789527070561e+01 9.946875000000000000e+02
-4.856434418756161620e+01 9.957333333333333485e+02
-4.821088021446319516e+01 9.684444444444444571e+02
-4.784377552087068608e+01 9.961250000000000000e+02
-4.749516350919158469e+01 9.897777777777778283e+02
-4.712183347689600055e+01 9.692777777777778283e+02
-4.677664422238280650e+01 1.036750000000000000e+03
-4.642567778243204657e+01 9.279411764705882888e+02
-4.607250678112187359e+01 1.034789473684210634e+03
-4.574150936454941530e+01 9.936666666666666288e+02
-4.537184040948153552e+01 9.865416666666666288e+02
-4.500000000000000000e+01 9.830000000000000000e+02
-4.462815959051846448e+01 9.950000000000000000e+02
-4.425849063545058470e+01 1.003666666666666629e+03
-4.393679699583316989e+01 1.041722222222222172e+03
-4.358463905179681319e+01 9.279444444444444571e+02
-4.322335577761719350e+01 1.045125000000000000e+03
-4.287816652310399945e+01 9.733888888888889142e+02
-4.251437926573277792e+01 9.822941176470587834e+02
-4.217843678045918665e+01 1.024125000000000000e+03
-4.181907588013757504e+01 9.637058823529412166e+02
-4.145893622704212333e+01 1.009647058823529392e+03
-4.110012210472929439e+01 1.010062500000000000e+03
-4.075143221197214416e+01 9.814117647058823195e+02
-4.039123593912205479e+01 1.013937500000000000e+03
-4.005195262938783429e+01 9.923750000000000000e+02
-3.969047562459645206e+01 9.679444444444444571e+02
-3.933523888083551867e+01 1.004529411764705856e+03
-3.897804897412655833e+01 9.948823529411764639e+02
-3.862547609040582586e+01 9.908750000000000000e+02
-3.827146616794634326e+01 9.935882352941176805e+02
-3.791079789767718466e+01 9.863529411764706083e+02
-3.755776961364335165e+01 9.923750000000000000e+02
-3.721536215765333111e+01 9.717647058823529278e+02
-3.687415768696330787e+01 9.643125000000000000e+02
-3.651358562595206081e+01 9.897222222222221717e+02
-3.613826790927331700e+01 9.706470588235293917e+02
-3.577912273505516794e+01 9.635294117647058556e+02
-3.541832445262192408e+01 9.587500000000000000e+02
-3.508195521224774893e+01 9.806250000000000000e+02
-3.473317309532806263e+01 9.271764705882352473e+02
-3.438292026921962474e+01 9.870000000000000000e+02
-3.403029594337454000e+01 9.412777777777778283e+02
-3.363886200806076232e+01 9.447368421052631220e+02
-3.329025105233960602e+01 9.608571428571428896e+02
-3.295587129644577118e+01 9.332777777777778283e+02
-3.259841689223221550e+01 9.451250000000000000e+02
-3.224170871166334251e+01 9.355000000000000000e+02
-3.188232957545748647e+01 9.450666666666667197e+02
-3.153525749387247146e+01 9.301764705882352473e+02
-3.118320340167077376e+01 9.214705882352941444e+02
-3.081848893075602192e+01 9.164117647058823195e+02
-3.046336485022103702e+01 9.289411764705882888e+02
-3.011427975864152629e+01 9.056250000000000000e+02
-2.976644535091043409e+01 9.275000000000000000e+02
-2.940952076362131251e+01 9.311764705882352473e+02
-2.906110739857844294e+01 9.137647058823529278e+02
-2.870151276412551411e+01 9.330625000000000000e+02
-2.835106762268968339e+01 8.823888888888889142e+02
-2.798554001290129634e+01 8.837500000000000000e+02
-2.762172737124844346e+01 9.344210526315789593e+02
-2.727021660797856484e+01 9.022142857142856656e+02
-2.696163924382235066e+01 9.033999999999999773e+02
-2.657239964718463554e+01 8.948181818181818699e+02
-2.617881211487097914e+01 8.931333333333333258e+02
-2.586378747421959545e+01 8.755333333333333030e+02
-2.552121802401240203e+01 9.174117647058823195e+02
-2.516517077522709300e+01 8.810588235294117112e+02
-2.481666394189995017e+01 8.783125000000000000e+02
-2.445537369577728981e+01 8.903333333333333712e+02
-2.409041541261976249e+01 8.834705882352941444e+02
-2.373804248905714331e+01 8.776250000000000000e+02
-2.339642787143371550e+01 8.875000000000000000e+02
-2.303397702938483960e+01 8.868235294117647527e+02
-2.267849263003267879e+01 8.781250000000000000e+02
-2.232785296811950460e+01 8.911764705882352473e+02
-2.196410333977940255e+01 8.663333333333333712e+02
-2.159842852286798376e+01 8.762500000000000000e+02
-2.126133792624139929e+01 8.930588235294117112e+02
-2.091399241946885112e+01 8.627999999999999545e+02
-2.055632568571700958e+01 8.577222222222221717e+02
-2.019759858421505427e+01 8.650000000000000000e+02
-1.984064618962897342e+01 8.430625000000000000e+02
-1.948186736490690762e+01 8.567058823529412166e+02
-1.912217958561728182e+01 8.714444444444444571e+02
-1.876695758767931466e+01 8.532000000000000455e+02
-1.842808336319271589e+01 8.530000000000000000e+02
-1.808398108003990856e+01 8.565882352941176805e+02
-1.772642901894867506e+01 8.501764705882352473e+02
-1.736518866494925462e+01 8.478125000000000000e+02
-1.701942965508501615e+01 8.240588235294117112e+02
-1.666363788767452903e+01 8.387647058823529278e+02
-1.629211877070400405e+01 8.472941176470587834e+02
-1.594510593314254265e+01 8.344375000000000000e+02
-1.559766157153602251e+01 8.390588235294117112e+02
-1.523150194467500995e+01 8.364705882352941444e+02
-1.487265492548868906e+01 8.418235294117647527e+02
-1.451415371235961871e+01 8.447647058823529278e+02
-1.416342163035315949e+01 8.215000000000000000e+02
-1.382438996157784139e+01 8.363125000000000000e+02
-1.347394382431848214e+01 8.402352941176470722e+02
-1.311320744539462702e+01 8.249411764705882888e+02
-1.276125785861861672e+01 8.157500000000000000e+02
-1.240807156789495558e+01 8.217647058823529278e+02
-1.206772833414253121e+01 8.321875000000000000e+02
-1.171355892541095756e+01 8.192352941176470722e+02
-1.134022412271997560e+01 8.361666666666666288e+02
-1.097498263732232715e+01 8.096250000000000000e+02
-1.062560691581379935e+01 8.288888888888889142e+02
-1.027177555170229795e+01 8.151764705882352473e+02
-9.911179419480955488e+00 8.320588235294117112e+02
-9.546495951169385208e+00 8.382941176470587834e+02
-9.188925785902346988e+00 8.207500000000000000e+02
-8.833932949287021330e+00 8.265882352941176805e+02
-8.487961080217088394e+00 8.208823529411764639e+02
-8.132583548925238048e+00 8.182222222222221717e+02
-7.774546163406440336e+00 8.177500000000000000e+02
-7.439056361414642105e+00 8.221333333333333258e+02
-7.091779540912148683e+00 8.160000000000000000e+02
-6.733924150464356551e+00 8.105625000000000000e+02
-6.385657655657047016e+00 8.062500000000000000e+02
-6.024829088729536153e+00 8.198333333333333712e+02
-5.667014371700874520e+00 8.091764705882352473e+02
-5.330302361986582582e+00 8.181250000000000000e+02
-4.979815128284348802e+00 8.130000000000000000e+02
-4.633622494067397568e+00 8.131250000000000000e+02
-4.273302943730915793e+00 8.203529411764706083e+02
-3.903683260405588662e+00 8.224705882352941444e+02
-3.534107291836679821e+00 8.232941176470587834e+02
-3.164600536267520692e+00 8.191764705882352473e+02
-2.803450193767086152e+00 8.032500000000000000e+02
-2.453478755532081834e+00 7.996875000000000000e+02
-2.103323598802973482e+00 7.988750000000000000e+02
-1.753010815001693867e+00 7.991875000000000000e+02
-1.402566566515035973e+00 8.015000000000000000e+02
-1.052017074990128087e+00 8.046875000000000000e+02
-7.013886095630199602e-01 8.061875000000000000e+02
-1.748362013076045218e-01 8.168823529411764639e+02
3.496724026152090437e-01 8.130588235294117112e+02
7.013886095630199602e-01 8.011875000000000000e+02
1.052017074990128087e+00 8.010625000000000000e+02
1.402566566515035973e+00 8.024375000000000000e+02
1.753010815001693867e+00 8.000625000000000000e+02
2.103323598802973482e+00 7.979375000000000000e+02
2.453478755532081834e+00 8.030000000000000000e+02
2.803450193767086152e+00 8.091250000000000000e+02
3.164600536267520692e+00 8.225294117647058556e+02
3.534107291836679821e+00 8.221176470588235361e+02
3.903683260405588662e+00 8.258823529411764639e+02
4.273302943730915793e+00 8.308235294117647527e+02
4.633622494067397568e+00 8.197500000000000000e+02
4.979815128284349690e+00 8.186111111111110858e+02
5.330302361986582582e+00 8.255000000000000000e+02
5.667014371700874520e+00 8.292941176470587834e+02
6.024829088729536153e+00 8.697777777777778283e+02
6.355088139840021633e+00 7.765454545454545041e+02
6.602988644847760824e+00 6.575000000000000000e+02
