# angle I
-8.754652124446791106e+01 4.361250000000000000e+02
-8.719654980623292317e+01 5.858125000000000000e+02
-8.683539946373248597e+01 6.221176470588235361e+02
-8.646589270816332373e+01 6.282352941176470722e+02
-8.609631673959441400e+01 6.313529411764706083e+02
-8.572669705626906023e+01 6.339411764705882888e+02
-8.536637750593260421e+01 6.386250000000000000e+02
-8.502018487171564232e+01 6.432222222222221717e+02
-8.466969763801341742e+01 6.480625000000000000e+02
-8.433298562829912726e+01 6.512941176470587834e+02
-8.397517091127048161e+01 6.507222222222221717e+02
-8.361434234434295831e+01 6.483125000000000000e+02
-8.326607584953563901e+01 6.456250000000000000e+02
-8.290822045908785753e+01 6.467647058823529278e+02
-8.256094363858535701e+01 6.485333333333333030e+02
-8.222545383659355878e+01 6.487500000000000000e+02
-8.187877332057486512e+01 6.498823529411764639e+02
-8.152105618366013573e+01 6.521111111111110858e+02
-8.116606705071296801e+01 6.519411764705882888e+02
-8.081107421409767255e+01 6.515625000000000000e+02
-8.045350404883059525e+01 6.515294117647058556e+02
-8.008882058051904096e+01 6.552941176470587834e+02
-7.972822444829769495e+01 6.585882352941176805e+02
-7.937439308418619532e+01 6.610555555555555429e+02
-7.902501736267767285e+01 6.627500000000000000e+02
-7.866998805738397493e+01 6.594117647058823195e+02
-7.830740774206556409e+01 6.574705882352941444e+02
-7.794388718365480884e+01 6.568235294117647527e+02
-7.759192843210504975e+01 6.536470588235293917e+02
-7.723874214138137972e+01 6.575625000000000000e+02
-7.688679255460537831e+01 6.611176470588235361e+02
-7.652605617568150365e+01 6.628823529411764639e+02
-7.617561003842214973e+01 6.640625000000000000e+02
-7.583657836964684407e+01 6.625000000000000000e+02
-7.548584628764038484e+01 6.621764705882352473e+02
-7.512734507451129673e+01 6.642352941176470722e+02
-7.476849805532499715e+01 6.668235294117647527e+02
-7.440233842846397749e+01 6.697058823529412166e+02
-7.405489406685747156e+01 6.724375000000000000e+02
-7.370788122929599240e+01 6.691176470588235361e+02
-7.334669385894829929e+01 6.673125000000000000e+02
-7.299115277943971591e+01 6.690555555555555429e+02
-7.263481133505072762e+01 6.680000000000000000e+02
-7.227357098105133559e+01 6.665294117647058556e+02
-7.191601891996008078e+01 6.670000000000000000e+02
-7.157191663680728766e+01 6.684375000000000000e+02
-7.123304241232068534e+01 6.680000000000000000e+02
-7.087782041438271108e+01 6.695555555555555429e+02
-7.051813263509309593e+01 6.744117647058823195e+02
-7.015935381037103014e+01 6.746250000000000000e+02
-6.980240141578494217e+01 6.707647058823529278e+02
-6.944367431428300108e+01 6.674444444444444571e+02
-6.908600758053113111e+01 6.659333333333332803e+02
-6.873866207375860427e+01 6.676470588235293917e+02
-6.840157147713199493e+01 6.686250000000000000e+02
-6.803589666022060101e+01 6.657222222222221717e+02
-6.767214703188048475e+01 6.635294117647058556e+02
-6.732150736996732121e+01 6.644375000000000000e+02
-6.696602297061517106e+01 6.646470588235293917e+02
-6.660357212856628450e+01 6.630000000000000000e+02
-6.626195751094286379e+01 6.678125000000000000e+02
-6.590958458738025172e+01 6.712352941176470722e+02
-6.554462630422271729e+01 6.707222222222221717e+02
-6.518333605810005338e+01 6.731875000000000000e+02
-6.483482922477291766e+01 6.707058823529412166e+02
-6.447878197598760153e+01 6.706470588235293917e+02
-6.413621252578040810e+01 6.713333333333333712e+02
-6.382118788512903507e+01 6.710666666666667197e+02
-6.342760035281536801e+01 6.678181818181818699e+02
-6.303836075617765289e+01 6.696000000000000227e+02
-6.272978339202143871e+01 6.705714285714285552e+02
-6.237827262875153878e+01 6.725263157894736423e+02
-6.201445998709871787e+01 6.688750000000000000e+02
-6.165905302340574679e+01 6.685294117647058556e+02
-6.130898100986352262e+01 6.688823529411764639e+02
-6.093889260142156417e+01 6.701176470588235361e+02
-6.059047923637870525e+01 6.696470588235293917e+02
-6.023355464908956236e+01 6.713750000000000000e+02
-5.988572024135848437e+01 6.726875000000000000e+02
-5.953663514977896654e+01 6.722941176470587834e+02
-5.918151106924398164e+01 6.674705882352941444e+02
-5.881679659832923335e+01 6.646470588235293917e+02
-5.846474250612753565e+01 6.642941176470587834e+02
-5.811767042454251708e+01 6.595333333333333030e+02
-5.775829128833665038e+01 6.592777777777778283e+02
-5.740158310776777739e+01 6.564375000000000000e+02
-5.704412870355421461e+01 6.591111111111110858e+02
-5.670974894766039398e+01 6.639285714285714448e+02
-5.636113799193925189e+01 6.630526315789473983e+02
-5.597920247523168058e+01 6.633529411764706083e+02
-5.562832391957682177e+01 6.661176470588235361e+02
-5.527740956220922897e+01 6.661875000000000000e+02
-5.492860123459479382e+01 6.655294117647058556e+02
-5.458167554737808302e+01 6.655625000000000000e+02
-5.422087726494484627e+01 6.662352941176470722e+02
-5.386173209072669010e+01 6.673529411764706083e+02
-5.348641437404793919e+01 6.688333333333333712e+02
-5.312584231303669213e+01 6.666250000000000000e+02
-5.278463784234666889e+01 6.650000000000000000e+02
-5.244223038635665546e+01 6.647500000000000000e+02
-5.208920210232281534e+01 6.641764705882352473e+02
-5.173943090965746450e+01 6.652500000000000000e+02
-5.138509194964115068e+01 6.672941176470587834e+02
-5.102195102587344167e+01 6.663529411764706083e+02
-5.066476111916448133e+01 6.653529411764706083e+02
-5.030952437540356215e+01 6.617222222222221717e+02
-4.995894854944197760e+01 6.596000000000000227e+02
-4.961910321542423219e+01 6.634117647058823195e+02
-4.924856778802785584e+01 6.631176470588235361e+02
-4.889987789527070561e+01 6.663125000000000000e+02
-4.856434418756161620e+01 6.649333333333332803e+02
-4.821088021446319516e+01 6.674444444444444571e+02
-4.784377552087068608e+01 6.687500000000000000e+02
-4.749516350919158469e+01 6.658888888888889142e+02
-4.712183347689600055e+01 6.616111111111110858e+02
-4.677664422238280650e+01 6.584375000000000000e+02
-4.642567778243204657e+01 6.574117647058823195e+02
-4.607250678112187359e+01 6.611052631578946830e+02
-4.574150936454941530e+01 6.630833333333333712e+02
-4.537184040948153552e+01 6.614583333333333712e+02
-4.500000000000000000e+01 6.585000000000000000e+02
-4.462815959051846448e+01 6.586666666666666288e+02
-4.425849063545058470e+01 6.606666666666666288e+02
-4.393679699583316989e+01 6.608333333333333712e+02
-4.358463905179681319e+01 6.598888888888889142e+02
-4.322335577761719350e+01 6.631250000000000000e+02
-4.287816652310399945e+01 6.640555555555555429e+02
-4.251437926573277792e+01 6.608823529411764639e+02
-4.217843678045918665e+01 6.625000000000000000e+02
-4.181907588013757504e+01 6.626470588235293917e+02
-4.145893622704212333e+01 6.633529411764706083e+02
-4.110012210472929439e+01 6.647500000000000000e+02
-4.075143221197214416e+01 6.645882352941176805e+02
-4.039123593912205479e+01 6.641250000000000000e+02
-4.005195262938783429e+01 6.618125000000000000e+02
-3.969047562459645206e+01 6.650000000000000000e+02
-3.933523888083551867e+01 6.706470588235293917e+02
-3.897804897412655833e+01 6.722941176470587834e+02
-3.862547609040582586e+01 6.717500000000000000e+02
-3.827146616794634326e+01 6.658235294117647527e+02
-3.791079789767718466e+01 6.613529411764706083e+02
-3.755776961364335165e+01 6.656250000000000000e+02
-3.721536215765333111e+01 6.651764705882352473e+02
-3.687415768696330787e+01 6.646250000000000000e+02
-3.651358562595206081e+01 6.651111111111110858e+02
-3.613826790927331700e+01 6.595294117647058556e+02
-3.577912273505516794e+01 6.593529411764706083e+02
-3.541832445262192408e+01 6.609375000000000000e+02
-3.508195521224774893e+01 6.666250000000000000e+02
-3.473317309532806263e+01 6.683529411764706083e+02
-3.438292026921962474e+01 6.701250000000000000e+02
-3.403029594337454000e+01 6.692222222222221717e+02
-3.363886200806076232e+01 6.701578947368420813e+02
-3.329025105233960602e+01 6.690000000000000000e+02
-3.295587129644577118e+01 6.651666666666666288e+02
-3.259841689223221550e+01 6.640625000000000000e+02
-3.224170871166334251e+01 6.662222222222221717e+02
-3.188232957545748647e+01 6.638666666666666742e+02
-3.153525749387247146e+01 6.607647058823529278e+02
-3.118320340167077376e+01 6.600000000000000000e+02
-3.081848893075602192e+01 6.595294117647058556e+02
-3.046336485022103702e+01 6.626470588235293917e+02
-3.011427975864152629e+01 6.628750000000000000e+02
-2.976644535091043409e+01 6.626250000000000000e+02
-2.940952076362131251e+01 6.621764705882352473e+02
-2.906110739857844294e+01 6.654117647058823195e+02
-2.870151276412551411e+01 6.692500000000000000e+02
-2.835106762268968339e+01 6.666111111111110858e+02
-2.798554001290129634e+01 6.646875000000000000e+02
-2.762172737124844346e+01 6.647894736842105203e+02
-2.727021660797856484e+01 6.640714285714285552e+02
-2.696163924382235066e+01 6.658666666666666742e+02
-2.657239964718463554e+01 6.664545454545454959e+02
-2.617881211487097914e+01 6.650000000000000000e+02
-2.586378747421959545e+01 6.650666666666667197e+02
-2.552121802401240203e+01 6.652352941176470722e+02
-2.516517077522709300e+01 6.645882352941176805e+02
-2.481666394189995017e+01 6.631250000000000000e+02
-2.445537369577728981e+01 6.627222222222221717e+02
-2.409041541261976249e+01 6.655294117647058556e+02
-2.373804248905714331e+01 6.655000000000000000e+02
-2.339642787143371550e+01 6.616250000000000000e+02
-2.303397702938483960e+01 6.594117647058823195e+02
-2.267849263003267879e+01 6.568750000000000000e+02
-2.232785296811950460e+01 6.571764705882352473e+02
-2.196410333977940255e+01 6.581666666666666288e+02
-2.159842852286798376e+01 6.630000000000000000e+02
-2.126133792624139929e+01 6.645882352941176805e+02
-2.091399241946885112e+01 6.619333333333332803e+02
-2.055632568571700958e+01 6.576666666666666288e+02
-2.019759858421505427e+01 6.565882352941176805e+02
-1.984064618962897342e+01 6.565000000000000000e+02
-1.948186736490690762e+01 6.583529411764706083e+02
-1.912217958561728182e+01 6.627222222222221717e+02
-1.876695758767931466e+01 6.652000000000000455e+02
-1.842808336319271589e+01 6.645000000000000000e+02
-1.808398108003990856e+01 6.616470588235293917e+02
-1.772642901894867506e+01 6.632941176470587834e+02
-1.736518866494925462e+01 6.625000000000000000e+02
-1.701942965508501615e+01 6.573529411764706083e+02
-1.666363788767452903e+01 6.534117647058823195e+02
-1.629211877070400405e+01 6.542352941176470722e+02
-1.594510593314254265e+01 6.585625000000000000e+02
-1.559766157153602251e+01 6.615882352941176805e+02
-1.523150194467500995e+01 6.657058823529412166e+02
-1.487265492548868906e+01 6.666470588235293917e+02
-1.451415371235961871e+01 6.632941176470587834e+02
-1.416342163035315949e+01 6.586250000000000000e+02
-1.382438996157784139e+01 6.583125000000000000e+02
-1.347394382431848214e+01 6.597058823529412166e+02
-1.311320744539462702e+01 6.619411764705882888e+02
-1.276125785861861672e+01 6.610625000000000000e+02
-1.240807156789495558e+01 6.569411764705882888e+02
-1.206772833414253121e+01 6.543125000000000000e+02
-1.171355892541095756e+01 6.550000000000000000e+02
-1.134022412271997560e+01 6.561111111111110858e+02
-1.097498263732232715e+01 6.588750000000000000e+02
-1.062560691581379935e+01 6.631111111111110858e+02
-1.027177555170229795e+01 6.660588235294117112e+02
-9.911179419480955488e+00 6.661764705882352473e+02
-9.546495951169385208e+00 6.667058823529412166e+02
-9.188925785902346988e+00 6.656250000000000000e+02
-8.833932949287021330e+00 6.657647058823529278e+02
-8.487961080217088394e+00 6.649411764705882888e+02
-8.132583548925238048e+00 6.600000000000000000e+02
-7.774546163406440336e+00 6.561250000000000000e+02
-7.439056361414642105e+00 6.536000000000000227e+02
-7.091779540912148683e+00 6.541764705882352473e+02
-6.733924150464356551e+00 6.536875000000000000e+02
-6.385657655657047016e+00 6.541875000000000000e+02
-6.024829088729536153e+00 6.526666666666666288e+02
-5.667014371700874520e+00 6.521764705882352473e+02
-5.330302361986582582e+00 6.558125000000000000e+02
-4.979815128284348802e+00 6.592222222222221717e+02
-4.633622494067397568e+00 6.559375000000000000e+02
-4.273302943730915793e+00 6.502352941176470722e+02
-3.903683260405588662e+00 6.492941176470587834e+02
-3.534107291836679821e+00 6.543529411764706083e+02
-3.164600536267520692e+00 6.589411764705882888e+02
-2.803450193767086152e+00 6.596875000000000000e+02
-2.453478755532081834e+00 6.590000000000000000e+02
-2.103323598802973482e+00 6.590625000000000000e+02
-1.753010815001693867e+00 6.595000000000000000e+02
-1.402566566515035973e+00 6.591875000000000000e+02
-1.052017074990128087e+00 6.601250000000000000e+02
-7.013886095630199602e-01 6.610000000000000000e+02
-1.748362013076045218e-01 6.612647058823529278e+02
3.496724026152090437e-01 6.605882352941176805e+02
7.013886095630199602e-01 6.571250000000000000e+02
1.052017074990128087e+00 6.584375000000000000e+02
1.402566566515035973e+00 6.623125000000000000e+02
1.753010815001693867e+00 6.635000000000000000e+02
2.103323598802973482e+00 6.618750000000000000e+02
2.453478755532081834e+00 6.595000000000000000e+02
2.803450193767086152e+00 6.583125000000000000e+02
3.164600536267520692e+00 6.572352941176470722e+02
3.534107291836679821e+00 6.577058823529412166e+02
3.903683260405588662e+00 6.586470588235293917e+02
4.273302943730915793e+00 6.585882352941176805e+02
4.633622494067397568e+00 6.580000000000000000e+02
4.979815128284349690e+00 6.548888888888889142e+02
5.330302361986582582e+00 6.569375000000000000e+02
5.667014371700874520e+00 6.693529411764706083e+02
6.024829088729536153e+00 6.930000000000000000e+02
6.355088139840021633e+00 7.072727272727272521e+02
6.602988644847760824e+00 7.285000000000000000e+02
