# q qerr I(q) I(q)err
6.111313073595031620e-02 3.154100855865873791e-03 5.137500000000000000e+02 1.823855167548640281e+02
6.800242608866982619e-02 2.110752812487300123e-03 7.701666666666666288e+02 1.593920742487948417e+02
7.478812129850326285e-02 1.894856213165734514e-03 7.265555555555555429e+02 1.954006646689985587e+02
8.081736842982174818e-02 1.577734731020807597e-03 7.520000000000000000e+02 1.666173260298380114e+02
8.706192866790804508e-02 2.018057842609979804e-03 7.271538461538461888e+02 1.473386591271034263e+02
9.311361532868518698e-02 1.734318039620741251e-03 7.412500000000000000e+02 1.387562310913158967e+02
9.924832822165428892e-02 1.939409616079583844e-03 7.176250000000000000e+02 1.825238640219409945e+02
1.056867454532435108e-01 2.068262530006435406e-03 6.545416666666666288e+02 1.915653174072314471e+02
1.120935416356093062e-01 1.699923986068800717e-03 6.323846153846153584e+02 2.030159655015356464e+02
1.177168722532570266e-01 1.903764278506084144e-03 6.277812500000000000e+02 2.122000272443432038e+02
1.242406998858587575e-01 2.007415885574503726e-03 6.108571428571428896e+02 1.840370969702154298e+02
1.307844605212421796e-01 1.948859987027574741e-03 6.163214285714285552e+02 1.531612628864739918e+02
1.372938405551752672e-01 1.976444694498947011e-03 6.061612903225806122e+02 1.507343695249607265e+02
1.433626874055373979e-01 1.479129257371093872e-03 5.892000000000000455e+02 1.360210571933625658e+02
1.497414395840910573e-01 2.132896554945924294e-03 5.992972972972972912e+02 1.388856254141385307e+02
1.562016171858009728e-01 1.470810848565314282e-03 5.953703703703703241e+02 1.318225050570128474e+02
1.620883487451751925e-01 1.817360580555445800e-03 6.019696969696969973e+02 1.293268046689353241e+02
1.684939590642719198e-01 1.975568076388520972e-03 5.978378378378378102e+02 1.323027716063653543e+02
1.749358117034872373e-01 1.810730169671130639e-03 6.044857142857142662e+02 1.295521107035894772e+02
1.813634234827302405e-01 1.982290824745188643e-03 6.130243902439024168e+02 1.290210797675722461e+02
1.877608813777307539e-01 1.710969833005861022e-03 6.177027027027027088e+02 1.391877433669332049e+02
1.936838392192468117e-01 1.708352888559126238e-03 6.223157894736841627e+02 1.382161280782449921e+02
1.998200724089964908e-01 1.901042836663710675e-03 6.311627906976743816e+02 1.363186266901678607e+02
2.064988844748374130e-01 2.083185659227047067e-03 6.298125000000000000e+02 1.593793381762516788e+02
2.131062600015138364e-01 1.923054290541973939e-03 6.537659574468085566e+02 1.395582842848808127e+02
2.193208008558340527e-01 1.649587748772136844e-03 6.581162790697674154e+02 1.437360739368660063e+02
2.255197753110727010e-01 1.943898002345461392e-03 6.676078431372549176e+02 1.354113388180897459e+02
2.319084130262620835e-01 1.853433278599466881e-03 6.733400000000000318e+02 1.361790409718030048e+02
2.380456302514551703e-01 1.717913041466973250e-03 6.779791666666666288e+02 1.375052240169239610e+02
2.441826744061198484e-01 1.910984005326162374e-03 6.825636363636364194e+02 1.329448341441660943e+02
2.508567628905887248e-01 1.865639566994751813e-03 6.285967741935484128e+02 1.887575470026781659e+02
2.571616352083493928e-01 2.042758540577210586e-03 6.077804878048780211e+02 1.924270476040551898e+02
2.636090936505812721e-01 1.759536909171210452e-03 6.145194805194805667e+02 1.761281167499009825e+02
2.696276322290375727e-01 1.767913466712890637e-03 6.249750000000000227e+02 1.658215503560981574e+02
2.756934411426098519e-01 1.847457432374286813e-03 6.408809523809524080e+02 1.537689860703305271e+02
2.820483295007140123e-01 1.942127748479487680e-03 6.488651685393258504e+02 1.481606039916816258e+02
2.885873542857223528e-01 1.999902870285049771e-03 6.620842105263158146e+02 1.443638462732388064e+02
2.950059364807982032e-01 1.753155416080761590e-03 6.655813953488371908e+02 1.423886146328725602e+02
3.012776628394395750e-01 1.916275679195857595e-03 6.745684210526316065e+02 1.382545278095216474e+02
3.076468654533095481e-01 1.858480647863890167e-03 6.785591397849461828e+02 1.328473731684309485e+02
3.139397285054469910e-01 1.849733180513128640e-03 6.889255319148936678e+02 1.282674816692835407e+02
3.202097007249891103e-01 1.889977811219999311e-03 6.933265306122449374e+02 1.261538936100253636e+02
3.264390569218261762e-01 1.757358001834326191e-03 7.011290322580645125e+02 1.232559876905007457e+02
3.326951465344144543e-01 1.930481388006281569e-03 7.152211538461538112e+02 1.171682359905957185e+02
3.390239669727912464e-01 1.785238221274862988e-03 7.177040816326530148e+02 1.158357441242828116e+02
3.452290355408559885e-01 1.822729964848564038e-03 7.274607843137255259e+02 1.121181451408258738e+02
3.515217579766085620e-01 1.894166946962649433e-03 7.333428571428571558e+02 1.092619831065725720e+02
3.581115149106128270e-01 1.984833837990382030e-03 7.446548672566372034e+02 1.064679184173629096e+02
3.646365217867122976e-01 1.807385512883236643e-03 7.555981308411214741e+02 1.037647103750807105e+02
3.707522342694583029e-01 1.646676631311451595e-03 7.584400000000000546e+02 1.030688643577681063e+02
3.768404479121448269e-01 1.835047814059704218e-03 7.719369369369369451e+02 9.957235114514486440e+01
3.831651369708888866e-01 1.834489868729198949e-03 7.722792792792793080e+02 9.777325403093830403e+01
3.894643253735652899e-01 1.853753096359237081e-03 7.728761061946902373e+02 9.338364780738358206e+01
3.958807651630259494e-01 1.912159574900255954e-03 7.709833333333333485e+02 8.931904192276135745e+01
4.022473572087105209e-01 1.746533598099251966e-03 7.723963963963964261e+02 8.558210614074697276e+01
4.083991683103055381e-01 1.862831917861469243e-03 7.767731092436974905e+02 8.196051760373690342e+01
4.147868792651558945e-01 1.850918924272050396e-03 7.778099173553719083e+02 7.890827597068337695e+01
4.211381020132339281e-01 1.813003092898375071e-03 7.857272727272727479e+02 7.626279745053427916e+01
4.273404438934948479e-01 1.765577699919095717e-03 7.891596638655462357e+02 7.467144426525439371e+01
4.337195733954657406e-01 1.911235613422362228e-03 7.955000000000000000e+02 7.148975182069536061e+01
4.400834723796714920e-01 1.795304431444431784e-03 7.967822580645160997e+02 7.112471459355435854e+01
4.463380503116383125e-01 1.781136916513354146e-03 7.966904761904761472e+02 7.033805101801478088e+01
4.525475293404462862e-01 1.782735370135076804e-03 7.971811023622046832e+02 6.883107335668475457e+01
4.588781844142776345e-01 1.863542184770878652e-03 7.920373134328358447e+02 6.742894827350239950e+01
4.652813857520213814e-01 1.809454061223974295e-03 7.882932330827068199e+02 6.430612040369770455e+01
4.715886271752884884e-01 1.786725641485754782e-03 7.771716417910447490e+02 6.219086076979509414e+01
4.778700308571910971e-01 1.749120838384908864e-03 7.726766917293233519e+02 5.912251676173198689e+01
4.841075358786299798e-01 1.812598873705853009e-03 7.695652173913043725e+02 5.788015343198952678e+01
4.904685449060671165e-01 1.813034819841214708e-03 7.634571428571429124e+02 5.741840172926146835e+01
4.967988078032400945e-01 1.775169993053363985e-03 7.618439716312057044e+02 5.449239724103348692e+01
5.030461340587593089e-01 1.710738770771227935e-03 7.579855072463767556e+02 5.374820229698413243e+01
5.093789740337634209e-01 1.844995629980458740e-03 7.600738255033556925e+02 5.167439760089982315e+01
5.157895609665918979e-01 1.772173611217854692e-03 7.570000000000000000e+02 4.973346768745547308e+01
5.220653538623039047e-01 1.710912446064493482e-03 7.557972027972027718e+02 4.786847628205692473e+01
5.282420832211931483e-01 1.776221308977217429e-03 7.550067567567567721e+02 4.569005450949999414e+01
5.345849814872509764e-01 1.797460663252185451e-03 7.554934210526315610e+02 4.503912676496617706e+01
5.409400198384390901e-01 1.769240412124692928e-03 7.581503267973856737e+02 4.529999443149176841e+01
5.471612929737256215e-01 1.671871176479489780e-03 7.581148648648648987e+02 4.496929599378638187e+01
5.535187503546902255e-01 1.843477994232445120e-03 7.633950617283950351e+02 4.339824988727614397e+01
5.599303633336802921e-01 1.774845713676194252e-03 7.675859872611464425e+02 4.395928017058685811e+01
5.661980099607780703e-01 1.715649351238413218e-03 7.770259740259740511e+02 3.783121452866374312e+01
5.724333289920446877e-01 1.764199560704661452e-03 7.843687499999999773e+02 4.005976882266046601e+01
5.786575496797814466e-01 1.687338640378493104e-03 7.938831168831168270e+02 4.146597566435966087e+01
5.849918082512260975e-01 1.882166412490617838e-03 8.082151162790697754e+02 4.200050219896002801e+01
5.913559560974818163e-01 1.673563701773732749e-03 8.190254777070064165e+02 4.361316078226401061e+01
5.976003341774964728e-01 1.789272139650604403e-03 8.333076923076922640e+02 4.394774382751004538e+01
6.039710484280985670e-01 1.760471037718898532e-03 8.469047619047619264e+02 4.369832873509423621e+01
6.103455122609070527e-01 1.778153705054047679e-03 8.551929824561403848e+02 4.383634000503973738e+01
6.165941547084902163e-01 1.709282904712068618e-03 8.566526946107784397e+02 4.453166195034825847e+01
6.227886440901039267e-01 1.708031916550016484e-03 8.521309523809524080e+02 4.395921066603622762e+01
6.292222757675741684e-01 1.895555695838723603e-03 8.406149732620320947e+02 4.225406306116793331e+01
6.355837393651907474e-01 1.609918394456906487e-03 8.212666666666666515e+02 4.106104349537761777e+01
6.417201133152361514e-01 1.735489606861494215e-03 8.049719101123595237e+02 3.763215152540117714e+01
6.480234646877054416e-01 1.746502386866512820e-03 7.840168539325842403e+02 3.410434799557096142e+01
6.543745591304535036e-01 1.808595843625667669e-03 7.654945652173912549e+02 3.067815831251958869e+01
6.607410482875138991e-01 1.776914150084337417e-03 7.480163043478261216e+02 2.823859594667725048e+01
6.669765730033264672e-01 1.670208017253243388e-03 7.333806818181818699e+02 2.710028461356750640e+01
6.731673103258457580e-01 1.796482171393593615e-03 7.238510638297872219e+02 2.607534916955416548e+01
6.795850853652600776e-01 1.822834825668488831e-03 7.133507853403141326e+02 2.419736130388778861e+01
6.858902177354958551e-01 1.747430487391250960e-03 7.088010752688171578e+02 2.322823190242822022e+01
6.921278880332987216e-01 1.765781770802452586e-03 7.040052910052910420e+02 2.178405319367756121e+01
6.985070946107704293e-01 1.847715388967816497e-03 7.012575757575757507e+02 2.092061971725855685e+01
7.048037128132643714e-01 1.757666077632949074e-03 6.958253968253968651e+02 2.209396281973202036e+01
7.109847861020758275e-01 1.767854622430342420e-03 6.921562500000000000e+02 2.327277879998253596e+01
7.172345948602801835e-01 1.822657136245004524e-03 6.885151515151515014e+02 2.219563721997765526e+01
7.236608500653414211e-01 1.906739358311473767e-03 6.843951219512194939e+02 2.009409453884671493e+01
7.299519259881649402e-01 1.814756391122580772e-03 6.804540816326530148e+02 2.030897067502971964e+01
7.362298620906445601e-01 1.872001608046580190e-03 6.773627450980392268e+02 2.120147511606846180e+01
7.427109241448597299e-01 1.961252361706546793e-03 6.758738317757009781e+02 2.156271740128459768e+01
7.489749171607754663e-01 1.795506848231544564e-03 6.713128205128205082e+02 2.054179364116131623e+01
7.553119902396251417e-01 1.968290517240121971e-03 6.693698630136985912e+02 1.980157400677231294e+01
7.617428847945948434e-01 1.878647625832918257e-03 6.644782608695652470e+02 2.850460852940114620e+01
7.679897535333021219e-01 1.889655825210407886e-03 6.645215311004784553e+02 1.555891329662845024e+01
7.742716946001383382e-01 1.890740870187222538e-03 6.596713615023473949e+02 2.252954936697994270e+01
7.806130493972306406e-01 1.874127862848933099e-03 6.561556603773584584e+02 2.052150492705986196e+01
7.869955317179381238e-01 1.962138593108325030e-03 6.527276785714285552e+02 2.102943473607594171e+01
7.933337815560531636e-01 1.823456314192357453e-03 6.519428571428571786e+02 2.401916468382786007e+01
7.995722808394026826e-01 1.873920736445982161e-03 6.540497737556561333e+02 2.771611928383649115e+01
8.059029702364099990e-01 1.855844282913126459e-03 6.567305936073059911e+02 3.099254849436421821e+01
8.122482529694946551e-01 1.899897789708842157e-03 6.596607929515417936e+02 2.902592960868862804e+01
8.185971333973350861e-01 1.831057107996742058e-03 6.630313901345291470e+02 3.083616562705778463e+01
8.248840800988579414e-01 1.805078930334647752e-03 6.683856502242152828e+02 3.408254420405354779e+01
8.311527541867054225e-01 1.843524136775542745e-03 6.730786026200872811e+02 4.028022279329040600e+01
8.375116084758876811e-01 1.829773299230467044e-03 6.724869565217391028e+02 4.448761175028231918e+01
8.438261475186588090e-01 1.817550564165925373e-03 6.649353448275861638e+02 4.061621074774640761e+01
8.500843452560248314e-01 1.755513946144033992e-03 6.546548672566372034e+02 3.462413441065429964e+01
8.563647400134730692e-01 1.844487251387733453e-03 6.446556016597510279e+02 2.780959792370410355e+01
8.626696591174244366e-01 1.710203360544058351e-03 6.347763157894736423e+02 2.406318149374907733e+01
8.689830853488446083e-01 1.844123492424595270e-03 6.284349593495934414e+02 2.293317389003319917e+01
8.753179752476163422e-01 1.741457950302257533e-03 6.237659574468085566e+02 2.299286601822411669e+01
8.815756228481118617e-01 1.752464905610253906e-03 6.204107883817426909e+02 2.298427594735195356e+01
8.877944678552249780e-01 1.716242394594354789e-03 6.160843881856540065e+02 2.314587719933916432e+01
8.941407927930166144e-01 1.839522330085644050e-03 6.137312252964427444e+02 2.371966167511741475e+01
9.005003621585947471e-01 1.752218829319661820e-03 6.120040816326530830e+02 2.493493574100730115e+01
9.067627482844141662e-01 1.720498064613873055e-03 6.104467213114753577e+02 2.534699792247211647e+01
9.130278025298368405e-01 1.789374596252915357e-03 6.091388888888889142e+02 2.436244815429161292e+01
9.193563827426239898e-01 1.786117629316656989e-03 6.069484126984126533e+02 2.475140510503840474e+01
9.256709965929463824e-01 1.773964252230773864e-03 6.059372549019607277e+02 2.521149234784067517e+01
9.319487846442510159e-01 1.740175819907428248e-03 6.056720000000000255e+02 2.628100272059648645e+01
9.382375230166524194e-01 1.835219923763222079e-03 6.047404580152672224e+02 2.625630361267494806e+01
9.445114335627492475e-01 1.754301698834087597e-03 6.047747035573122503e+02 2.684643290474156530e+01
9.507739483173833772e-01 1.796477233495237351e-03 6.062107279693486817e+02 2.687502085464077695e+01
9.571000001339345920e-01 1.844157663989784944e-03 6.093283018867924739e+02 2.801089855535249740e+01
9.634651872700409347e-01 1.860525514413665987e-03 6.155714285714285552e+02 2.980568108824665430e+01
9.697902983397413967e-01 1.869026222830578836e-03 6.417406015037594216e+02 2.478712694222268453e+01
9.761731987705594138e-01 1.898719003246270758e-03 7.238302583025830472e+02 6.059891801002768119e+01
9.824546988499620603e-01 1.850375251942234242e-03 9.217245283018868349e+02 1.390846167733782863e+02
9.887603507672997338e-01 1.885371791598095068e-03 1.263014705882352928e+03 2.200350152272089304e+02
9.951547945742836854e-01 1.923480157877882840e-03 1.689338078291815009e+03 2.399306262475306823e+02
1.001497743307979915e+00 1.816985016266823736e-03 2.053014981273408466e+03 2.020372175735317342e+02
1.007730073445106012e+00 1.872875193246743668e-03 2.281395683453237325e+03 1.696491075074386572e+02
1.014110590476311025e+00 1.881534321868284657e-03 2.385475177304964745e+03 1.588120996138309522e+02
1.020442888611849064e+00 1.823625195420996601e-03 2.449010752688172033e+03 1.674141729342646840e+02
1.026691701700078063e+00 1.782759485576686145e-03 2.459876811594202991e+03 1.841488615736235488e+02
1.033057845114525142e+00 1.884320384582664851e-03 2.437064625850340235e+03 2.088973549063096584e+02
1.039437792018165441e+00 1.793463056649077922e-03 2.331176678445229754e+03 2.477655504617316353e+02
1.045681248368910410e+00 1.745618337461533540e-03 2.071099290780141928e+03 2.951940119274663061e+02
1.051944871571292683e+00 1.801987856022948175e-03 1.654593103448275770e+03 3.270036622135448283e+02
1.058324809813473877e+00 1.829265674919061668e-03 1.184245791245791224e+03 2.788160352126192834e+02
1.064596602572098316e+00 1.714864743882408334e-03 8.452816901408450576e+02 1.752361258746190344e+02
1.070868750588993112e+00 1.792957436204007347e-03 6.681212121212121247e+02 9.276086625477299208e+01
1.077195490251847465e+00 1.798916779777443367e-03 5.957157190635451798e+02 4.927883098663746608e+01
1.083505800573759448e+00 1.740543057611223946e-03 5.699829351535836395e+02 3.466893139588871264e+01
1.089676915900379850e+00 1.748165881083384946e-03 5.606326530612244596e+02 3.138703744656953987e+01
1.096052400832523421e+00 1.863573573199493825e-03 5.559073482428115085e+02 3.038308237687148150e+01
1.102364289960501065e+00 1.744372504095847640e-03 5.520677966101694665e+02 3.058130102565484165e+01
1.108625070827478076e+00 1.829094711995288541e-03 5.460032573289902302e+02 3.064820881524827101e+01
1.114924075445366869e+00 1.842999932655674591e-03 5.276136363636363740e+02 5.190490294020965933e+01
1.121282665432693726e+00 1.762017027877181303e-03 5.361297709923663888e+02 4.032197313369090352e+01
1.127553932619258736e+00 1.851826979229859085e-03 5.355910780669145197e+02 3.734788775748673118e+01
1.133905639228342421e+00 1.803927404845938115e-03 5.327529411764705856e+02 3.741721257658235800e+01
1.140144523104706709e+00 1.820967272376473748e-03 5.301496062992125644e+02 3.964430754020356318e+01
1.146455214771981312e+00 1.831860927088285957e-03 5.289003984063745065e+02 3.735846652833689063e+01
1.152869066430118439e+00 1.902391342003174283e-03 5.297027027027027088e+02 3.717535462571314753e+01
1.159252377890596986e+00 1.791659613503928782e-03 5.259502074688796256e+02 3.761429898814665762e+01
1.165575291556828930e+00 1.872439892399787795e-03 5.277290836653386350e+02 3.637932662199445133e+01
1.171828433925186763e+00 1.747387590499659572e-03 5.248571428571428896e+02 3.973773016310531858e+01
1.178029580193284076e+00 1.845903894892485285e-03 5.264115226337448803e+02 3.673087863788933305e+01
1.184400904434957269e+00 1.829516060217846983e-03 5.251171548117155226e+02 3.633617080638304486e+01
1.190737654720273042e+00 1.816225366119703435e-03 5.245907172995780456e+02 3.675152571794061629e+01
1.196977477342464180e+00 1.780548390738201196e-03 5.229213973799127189e+02 3.694357237085505119e+01
1.203312963818603976e+00 1.874247930763579166e-03 5.235371900826446563e+02 3.734580986372412070e+01
1.209645773529357093e+00 1.750259837788138012e-03 5.214469026548672446e+02 3.956138446033203593e+01
1.215952225700388523e+00 1.837678281197498587e-03 5.227372881355931895e+02 3.855452056155170482e+01
1.222254898926581568e+00 1.775628514659025698e-03 4.991610486891385676e+02 6.209239327971225464e+01
1.228537298751265050e+00 1.780223345631782141e-03 5.102427536231883778e+02 4.730800167714031801e+01
1.234759587745337228e+00 1.795376270296014523e-03 5.094731182795699169e+02 4.501417624197164713e+01
1.241110555825225781e+00 1.895169703334604900e-03 5.099395973154362309e+02 4.389167768835722683e+01
1.247523323486311897e+00 1.874537877840588536e-03 5.058581081081081265e+02 4.225261460999270469e+01
1.253854431820907944e+00 1.857283623330970761e-03 5.055939597315436345e+02 4.258601493539885752e+01
1.260138295168494293e+00 1.856490137450314505e-03 5.014584717607973516e+02 4.494249516501109554e+01
1.266501421045549414e+00 1.881588491645209797e-03 5.026109324758842263e+02 4.334437489741632277e+01
1.272807251993681055e+00 1.824447191781883651e-03 4.999180327868852487e+02 4.279791893410273218e+01
1.279100636071537789e+00 1.831925956271344968e-03 4.996592356687897905e+02 4.328891965774253947e+01
1.285385940199903265e+00 1.796864974607813087e-03 4.971602564102564088e+02 4.338066254458734505e+01
1.291734086560349049e+00 1.833790085687247952e-03 4.962269938650306926e+02 4.435922205278607322e+01
1.297999116585571544e+00 1.712347548001254965e-03 4.934983818770226662e+02 4.371690139835153133e+01
1.304332283077917598e+00 1.862331657852500611e-03 4.943687315634218180e+02 4.412496591911693855e+01
1.310629912671008812e+00 1.689758514739712848e-03 4.921955128205128176e+02 4.477090076407693431e+01
1.316859893871710430e+00 1.807323329610554348e-03 4.923074626865671917e+02 4.486475992360703202e+01
1.323169508333509325e+00 1.772103529485381237e-03 4.910455927051671665e+02 4.447386998628092414e+01
1.329416719622044551e+00 1.761213072716576004e-03 4.920332326283987641e+02 4.606283202846440616e+01
1.335676763851219473e+00 1.808340606324402439e-03 4.898898809523809632e+02 4.591758972398367433e+01
1.342102166253144047e+00 1.916040745002256648e-03 4.901408450704225288e+02 4.749069882519916064e+01
1.348432554966731090e+00 1.804515701739407276e-03 4.868519637462235892e+02 4.858911513216951050e+01
1.354697325729501189e+00 1.895450207138361931e-03 4.872152974504249414e+02 5.180260126392142439e+01
1.361035554581970564e+00 1.836151892644552735e-03 4.853895348837209553e+02 5.021694770496985427e+01
1.367445372286436589e+00 1.911657172750392099e-03 4.882657534246575324e+02 4.947337702962783368e+01
1.373833054624600258e+00 1.794265400870382644e-03 4.858289855072463865e+02 4.914612164598382549e+01
1.380048052911932777e+00 1.791287036868802413e-03 4.888945868945868938e+02 4.991514150323259713e+01
1.386332670155489666e+00 1.806335848089170130e-03 4.932528089887640590e+02 4.628564523754832294e+01
1.392624520144640332e+00 1.796075039907524609e-03 5.096250000000000000e+02 4.522634433847403557e+01
1.398923000198597277e+00 1.771229759338340285e-03 5.359241573033707482e+02 4.473225203276419393e+01
1.405184482923453881e+00 1.808998902686751115e-03 5.636603260869565020e+02 4.746045840117157866e+01
1.411475199677901360e+00 1.734371386327675756e-03 5.856797752808988662e+02 5.289350053946390062e+01
1.417706081410672780e+00 1.817237095201347432e-03 5.979274193548386620e+02 5.496487069082366617e+01
1.424046144262549829e+00 1.816956160244514703e-03 6.030189701897019177e+02 5.759794029973625840e+01
1.430457268966005335e+00 1.925855730949348329e-03 6.048020565552699281e+02 5.671727928678249242e+01
1.436865665354877475e+00 1.843763745384080412e-03 6.042123655913978837e+02 5.774462772302391045e+01
1.443084111958556903e+00 1.831535442318516687e-03 6.026639784946236205e+02 6.217469451374257261e+01
1.449466238371406979e+00 1.910439897345804971e-03 6.037240506329113714e+02 6.074192441130682596e+01
1.455780432464144347e+00 1.769262236301017126e-03 6.032108108108108127e+02 6.078817380467140907e+01
1.462109939136078340e+00 1.873282905934200038e-03 6.030476190476190368e+02 6.059453028031975919e+01
1.468414112563870999e+00 1.734923018383166060e-03 5.983946666666666943e+02 6.474532640018634311e+01
1.474680891373796765e+00 1.804015195942032307e-03 5.895558375634517461e+02 6.843991821003930909e+01
1.480924591063775386e+00 1.742163032935032654e-03 5.621697127937336518e+02 7.227153863060111405e+01
1.487138550370334267e+00 1.742602934721402272e-03 5.317120822622107426e+02 7.113247471885726725e+01
1.493462591150057195e+00 1.833511633313982111e-03 5.009257425742574128e+02 6.497498943843132224e+01
1.499809278721849770e+00 1.805357266360340307e-03 4.862090680100755549e+02 6.148555269315553318e+01
1.506175762378094918e+00 1.888906516140883814e-03 4.812713936430317858e+02 5.730598493002422344e+01
1.512543466733061504e+00 1.879653113941155348e-03 4.777083333333333144e+02 5.968816022117146503e+01
1.518927121842702510e+00 1.865813122140227640e-03 4.758774509803921546e+02 5.938904116740994255e+01
1.525176469146275027e+00 1.826629940430822378e-03 4.750099255583126592e+02 5.933692689931292108e+01
1.531416651941075235e+00 1.798854978931840659e-03 4.744331683168317113e+02 5.908740020639486090e+01
1.537728221615372926e+00 1.856986876758172280e-03 4.726903073286052290e+02 5.887778584189383935e+01
1.544096010846849332e+00 1.769518617434322075e-03 4.736472019464720233e+02 5.959619779761391811e+01
1.550405005344789089e+00 1.809055686031393537e-03 4.739361702127659441e+02 5.958225759612075478e+01
1.556696834359960313e+00 1.740139413919524446e-03 4.745194174757281758e+02 6.046593689392701521e+01
1.562969221032702194e+00 1.804120915253569534e-03 4.740683962264150750e+02 6.030979544538593018e+01
1.569251838380229191e+00 1.803338776033149233e-03 4.740238663484486779e+02 5.971031471246593725e+01
1.575556094315494926e+00 1.863019847936644557e-03 4.757062937062937067e+02 5.920480630218309415e+01
1.581892448177514066e+00 1.865480693804838323e-03 4.742685185185185333e+02 6.239508083149224404e+01
1.588269483401412163e+00 1.861295980786164313e-03 4.731889400921659217e+02 6.295561482066739245e+01
1.594574325321363339e+00 1.830133252637398044e-03 4.741342592592592382e+02 6.306056662459038620e+01
1.600916934751582588e+00 1.832077894544300927e-03 4.732095671981776945e+02 6.411087934613929917e+01
1.607201343968552854e+00 1.780442356845074459e-03 4.736828703703703809e+02 6.347738070658171239e+01
1.613445462524496721e+00 1.775524639999344866e-03 4.733417431192660274e+02 6.467351708364628848e+01
1.619730849749851931e+00 1.787630240083115185e-03 4.743792325056433583e+02 6.339169623561746647e+01
1.625979803600224649e+00 1.755895091839796123e-03 4.771977011494253134e+02 6.305520652484091926e+01
1.632226613292544926e+00 1.821174808670054370e-03 4.868680089485458780e+02 6.026863948194183962e+01
1.638606704061473573e+00 1.894452323361247963e-03 5.077809110629067391e+02 5.857550984348235090e+01
1.645050487946952522e+00 1.887301666918968484e-03 5.379043478260869051e+02 6.394932939193842714e+01
1.651415996904310735e+00 1.851783837096881687e-03 5.648464912280701355e+02 7.132622270794463759e+01
1.657788871265904573e+00 1.852242853945953917e-03 5.824643628509719520e+02 7.657325613966862932e+01
1.664006124760511351e+00 1.741113674427757210e-03 5.905510204081632537e+02 8.161629229473294345e+01
1.670281873961185770e+00 1.842366346193471905e-03 5.927061310782240753e+02 8.131959836943410380e+01
1.676541801276667298e+00 1.721555322686186195e-03 5.934910313901344807e+02 8.291790411739714273e+01
1.682793682471841024e+00 1.824670227224382997e-03 5.947637130801688272e+02 8.132100661731438151e+01
1.689107465299970467e+00 1.791603935857043455e-03 5.949544468546637290e+02 8.237037404455773526e+01
1.695415952935033443e+00 1.877357617877282179e-03 6.008204592901878414e+02 7.991121613001760693e+01
1.701806617780016628e+00 1.875253898477295287e-03 6.111002087682671799e+02 7.725178164011364856e+01
1.708145235544118012e+00 1.851238026496159058e-03 6.361410526315789866e+02 7.348119258875652804e+01
1.714469347376187613e+00 1.845626368464784459e-03 6.749068322981366919e+02 7.157011235116235071e+01
1.720739519194126599e+00 1.771881702320935673e-03 7.070085470085469979e+02 8.067557926975565863e+01
1.726990948287859817e+00 1.820993782645452704e-03 7.206510204081632764e+02 9.057039178665492329e+01
1.733361150263370787e+00 1.784216608021570085e-03 7.100888429752066031e+02 1.007363311133977248e+02
1.739571674833123582e+00 1.760427731239605715e-03 6.851865828092243191e+02 1.129680719695312092e+02
1.745887440247851030e+00 1.853392121839796862e-03 6.570661322645290738e+02 1.220893418046786962e+02
1.752250177420427102e+00 1.860925844240075020e-03 6.365323886639675948e+02 9.672821302327575665e+01
1.758607387389414800e+00 1.864192030273802104e-03 6.239120000000000346e+02 8.357159852485771978e+01
1.764972322429467777e+00 1.851098948525789619e-03 6.190679999999999836e+02 7.832849744505507772e+01
1.771273520234028620e+00 1.808016239517707931e-03 6.165725806451613380e+02 7.792389224891556410e+01
1.777586992161852564e+00 1.807004964737956481e-03 6.131267326732672700e+02 7.593333469891986454e+01
1.783840233931820451e+00 1.746107465683986813e-03 6.084378818737270649e+02 7.704463875609431511e+01
1.790071520275328565e+00 1.795583184790444783e-03 6.086082677165354653e+02 7.712028713689657877e+01
1.796393698957722052e+00 1.819993601147859141e-03 6.059802371541502453e+02 8.192259653683677811e+01
1.802712928873270393e+00 1.883216042231023422e-03 5.967605363984674796e+02 8.654263701896195471e+01
1.809114577024696358e+00 1.850157529878445435e-03 5.604844961240310113e+02 9.284202804465240888e+01
1.815345782948464493e+00 1.803540499391122600e-03 5.101541501976284394e+02 9.013275376495778346e+01
1.821700705453981772e+00 1.863872113208649628e-03 4.726735074626865867e+02 7.924565689537057267e+01
1.828034416566336029e+00 1.759461126105644731e-03 4.510748031496062822e+02 7.318217254571469255e+01
1.834289862490237510e+00 1.817049905439401892e-03 4.431676082862523458e+02 6.824657922031398982e+01
1.840620947190598100e+00 1.780340576699249600e-03 4.396211538461538453e+02 6.660994365104407677e+01
1.846876290479544158e+00 1.833628160635640113e-03 4.380170132325141594e+02 6.695133892835107758e+01
1.853225331533147280e+00 1.864396810776891523e-03 4.363444444444444343e+02 6.756262222420544106e+01
1.859586416204100923e+00 1.843230203276794224e-03 4.341887850467289809e+02 6.834210428241345880e+01
1.865884580336470755e+00 1.827085395033201023e-03 4.334636871508379841e+02 6.788199045883135341e+01
1.872200528994375501e+00 1.799198018262535481e-03 4.329037037037036839e+02 6.539294185914211255e+01
1.878453452628845000e+00 1.760356359008985331e-03 4.309416195856873628e+02 6.573255365375061388e+01
1.884712324747962020e+00 1.805687576808031941e-03 4.302372262773722582e+02 6.374108493281870125e+01
1.891113706724730337e+00 1.861939656346446982e-03 4.312697841726618435e+02 6.462774982193990070e+01
1.897400945427566432e+00 1.833350088909791505e-03 4.316397058823529278e+02 6.734616214198987905e+01
1.903772875545957088e+00 1.875180743362649160e-03 4.305246478873239653e+02 7.053765076405960599e+01
1.910018917854334752e+00 1.739883276586547947e-03 4.304442344045368714e+02 7.684771292223803130e+01
1.916236012056648175e+00 1.833205283437960029e-03 4.266824561403508937e+02 6.951256616193035143e+01
1.922638163561010805e+00 1.793373418488206777e-03 4.232178571428571558e+02 6.717454129895111237e+01
1.928888348891847349e+00 1.792288115248428593e-03 4.207535971223021534e+02 6.534165874563542786e+01
1.935240631371640818e+00 1.865766417879262265e-03 4.215622837370242451e+02 6.283159537432072028e+01
1.941608872090050619e+00 1.856644915843207438e-03 4.200000000000000000e+02 6.296867857551540482e+01
1.947917338414854704e+00 1.837601359788319485e-03 4.265236427320490407e+02 5.710961216087980574e+01
1.954236834815996637e+00 1.805754229573221887e-03 4.484720279720279450e+02 5.071811279874579270e+01
1.960488135501994522e+00 1.772905664188001006e-03 4.917716814159292085e+02 5.205084849790958401e+01
1.966755922696415082e+00 1.810201296061439468e-03 5.521222030981067519e+02 5.788472201415493856e+01
1.973091583736556354e+00 1.814240900008777741e-03 6.288551724137930705e+02 7.189365577563002319e+01
1.979420480567132490e+00 1.865397302840512408e-03 7.252546689303904941e+02 9.064793230096512389e+01
1.985762243830389018e+00 1.849873766110382307e-03 8.371067796610169580e+02 9.608389148455260909e+01
1.992143605840229093e+00 1.840662096304069391e-03 9.344221105527637974e+02 9.807367457841063185e+01
1.998372952698491245e+00 1.738412627792555948e-03 9.867644991212654304e+02 1.140668352117393027e+02
2.004614638405731508e+00 1.821010887715033720e-03 1.005932119205298022e+03 1.254517541958089453e+02
2.010981699228176822e+00 1.807963355431743604e-03 1.013670033670033717e+03 1.381230176610678200e+02
2.017216781415232862e+00 1.822968187424302972e-03 1.026844856661045469e+03 1.327484312122918482e+02
2.023555507756473748e+00 1.866836436713831520e-03 1.033427642276422830e+03 1.317071521026769574e+02
2.029945947492921121e+00 1.842053164818473936e-03 1.038574013157894797e+03 1.260781480412901061e+02
2.036236367431154548e+00 1.802040352124230577e-03 1.039545454545454504e+03 1.272730230220885090e+02
2.042538823796997693e+00 1.786279422623429517e-03 1.039875205254515549e+03 1.257562632703901926e+02
2.048720173306640469e+00 1.747373060808409071e-03 1.041974576271186379e+03 1.336925932130665160e+02
2.055017041239767028e+00 1.892889576395914968e-03 1.034189358372457036e+03 1.347808066758504140e+02
2.061465280497128294e+00 1.850343878148330047e-03 1.003658653846153811e+03 1.429864165141886474e+02
2.067778354784032935e+00 1.826644103880053095e-03 9.733140096618357120e+02 1.546928340876740720e+02
2.074107962816127415e+00 1.810449409964311413e-03 9.277444444444444116e+02 1.696359107683931029e+02
2.080392027050733006e+00 1.757304311173108879e-03 8.636140065146579445e+02 1.837154325372867447e+02
2.086560915145909245e+00 1.789004268885935290e-03 7.907941653160453370e+02 1.956983988060090098e+02
2.092907509218693285e+00 1.897916204239676529e-03 6.947027439024390105e+02 1.885859436355151217e+02
2.099341076602548206e+00 1.841856996552926774e-03 5.576296875000000455e+02 1.565281467581439756e+02
2.105598503643897335e+00 1.780460926307301031e-03 4.532635782747603912e+02 1.117717377644281527e+02
2.111872942412509335e+00 1.813036870717739954e-03 3.962175925925926094e+02 8.045400243476520075e+01
2.118179840511383194e+00 1.773074262998883873e-03 3.733448818897637693e+02 6.559629353543878949e+01
2.124489700938873238e+00 1.854176769044688739e-03 3.643012232415902076e+02 6.014625345485307406e+01
2.130866139955553962e+00 1.876679961187130126e-03 3.588456883509833801e+02 5.999527346360708435e+01
2.137196345481136905e+00 1.803165093871285981e-03 3.568204334365324826e+02 5.833842218170002525e+01
2.143477781291089013e+00 1.808033309626025679e-03 3.587435114503816749e+02 5.517768181185166299e+01
2.149749346762158453e+00 1.787076492040512573e-03 3.654976958525345481e+02 5.384651687699381739e+01
2.156014428448592479e+00 1.811767013668930289e-03 3.735631659056316494e+02 5.378274114174237752e+01
2.162388958755252943e+00 1.899773100682969557e-03 3.782598540145985453e+02 5.508297663610815675e+01
2.168776559916051561e+00 1.828625003914755194e-03 3.791216216216216139e+02 5.763815196523369622e+01
2.175079146577416189e+00 1.799027495536281414e-03 3.806522388059701711e+02 5.662727869462826646e+01
2.181358965593887422e+00 1.775037425494343461e-03 3.836490963855421796e+02 5.318606360956267309e+01
2.187625576602315824e+00 1.830837683859201127e-03 3.924571005917159709e+02 4.534111691569093239e+01
2.193923842198696850e+00 1.837507381709080519e-03 4.158560939794419937e+02 3.544596833940784819e+01
2.200310743338333541e+00 1.859271066102410235e-03 4.588048780487804947e+02 3.208364847866523206e+01
2.206637920896229677e+00 1.789161753318371274e-03 5.254281481481481251e+02 3.898852050109363887e+01
2.212855268310565560e+00 1.778695396750237757e-03 6.111678939617083870e+02 4.798640621178793708e+01
2.219155297956861617e+00 1.826812665150635666e-03 7.053741007194244048e+02 5.459161803416356662e+01
2.225534449623195243e+00 1.883537061579874895e-03 7.807136812411847586e+02 6.691039406198866857e+01
2.231816049321749151e+00 1.789850136339156059e-03 8.235991189427312520e+02 8.230873043077066598e+01
2.238124350048766420e+00 1.838516226422660244e-03 8.417849162011173121e+02 9.298301837819374782e+01
2.244461256680506001e+00 1.769483755913013904e-03 8.448393632416787113e+02 9.602245884695190625e+01
2.250672411056880762e+00 1.815340560525242463e-03 8.464964131994261152e+02 9.576728382160806063e+01
2.256976265699253581e+00 1.875232856265233962e-03 8.489116022099447036e+02 9.741034448612522567e+01
2.263404067221236105e+00 1.844596500685106652e-03 8.471336088154270101e+02 1.016565083681323500e+02
2.269740131332425914e+00 1.784620609829179342e-03 8.392913719943422848e+02 1.058564536616077589e+02
2.275928662030326066e+00 1.770462641505800294e-03 8.266011396011396073e+02 1.043655838868339316e+02
2.282234771450446509e+00 1.859120215862977580e-03 8.246476964769648248e+02 1.025126011738632741e+02
2.288651494096741512e+00 1.861574731480084791e-03 8.230651289009498441e+02 1.008548397251513222e+02
2.294929189507614264e+00 1.787386468760323059e-03 8.191376404494382086e+02 9.648724699509040192e+01
2.301123790424945526e+00 1.773889529887621910e-03 8.106333333333333258e+02 9.510016527422644117e+01
2.307427473574251042e+00 1.823767960867003161e-03 7.854668470906630091e+02 9.955565286336666020e+01
2.313824548022820782e+00 1.807223345639351721e-03 7.656805349182764076e+02 1.087546688758314986e+02
2.320154992066300714e+00 1.861695907969135875e-03 7.225931952662722324e+02 1.214683568620953764e+02
2.326479049872378635e+00 1.797363522119922990e-03 6.632557781201849139e+02 1.319069966790883370e+02
2.332811122143054305e+00 1.834923033436536115e-03 5.791398176291793334e+02 1.404204729907571050e+02
2.339146829363451641e+00 1.809933127175767861e-03 4.784976452119309442e+02 1.333436545567074063e+02
2.345346999874724947e+00 1.788822558822959720e-03 3.826382636655948772e+02 1.082224118665189820e+02
2.351591514044208964e+00 1.821961582186779451e-03 3.216267716535433010e+02 7.746574728616515415e+01
2.357940827546205931e+00 1.821480796874143165e-03 2.901977848101265636e+02 5.968737747264967908e+01
2.364269371024037891e+00 1.822839816105960298e-03 2.783733974358974592e+02 5.224811939620889234e+01
2.370575565839220911e+00 1.828742917233826173e-03 2.714405144694533760e+02 5.078336087776726515e+01
2.376891771469677561e+00 1.815523241845057745e-03 2.675566343042071367e+02 4.937499456283869392e+01
2.383240749019818416e+00 1.833462819707767054e-03 2.638826366559485450e+02 4.808019016888462716e+01
2.389601619010945921e+00 1.828185711102788165e-03 2.622785016286645146e+02 4.697697916224822023e+01
2.395961259100775731e+00 1.812604844355751544e-03 2.583354531001589862e+02 4.679499916973664853e+01
2.402160007896914973e+00 1.807533258736503850e-03 2.611268656716417809e+02 4.516958663901711901e+01
2.408453972146052724e+00 1.793232887210479852e-03 2.665745614035087669e+02 4.305307094768105003e+01
2.414771780432101167e+00 1.830638750947721858e-03 2.747015781922524980e+02 4.027417922153964014e+01
2.421058800843912895e+00 1.849123668637423033e-03 2.858104667609617877e+02 4.000980100952016016e+01
2.427397847212681370e+00 1.833909450969152099e-03 2.969430555555555316e+02 4.157292134733679489e+01
2.433701938443864954e+00 1.777285794113256248e-03 3.067777777777777715e+02 4.445082408502442206e+01
2.440001432560962691e+00 1.835928632076300280e-03 3.141067031463748549e+02 4.626663613776581485e+01
2.446276920633820851e+00 1.825543246774167941e-03 3.155708390646492489e+02 4.881697667120211293e+01
2.452612917458465880e+00 1.850886418197054181e-03 3.153315649867374191e+02 5.018346235884244777e+01
2.458937188373468086e+00 1.764090576915684772e-03 3.147136986301370030e+02 4.854552836527237503e+01
2.465235494564519847e+00 1.842465198645606636e-03 3.149339498018493941e+02 4.711075838280218164e+01
2.471581205305689810e+00 1.856761058240425245e-03 3.133276315789473756e+02 4.718071008825675960e+01
2.477865992864338285e+00 1.798850075022648308e-03 3.109360852197070813e+02 4.673772855563586859e+01
2.484122936716935737e+00 1.780971833254360159e-03 3.097212681638044955e+02 4.555916948876026140e+01
2.490467721662181333e+00 1.849468727863495983e-03 3.097330779054917116e+02 4.557215303236510096e+01
2.496849546734450254e+00 1.852734310658727887e-03 3.072784163473818921e+02 4.706934347685109543e+01
2.503105859710241798e+00 1.772860352036017325e-03 3.053799472295514761e+02 4.619435189099900896e+01
2.509322203788900918e+00 1.804578376445024500e-03 3.039153846153845961e+02 4.546777290324505572e+01
2.515643032193938478e+00 1.830400595634155535e-03 3.037178841309823838e+02 4.457044524493588966e+01
2.522012436559997628e+00 1.844427975373299751e-03 3.001203473945409428e+02 4.649290143862066316e+01
2.528376527697731913e+00 1.805263014170996501e-03 2.967449748743718487e+02 4.607697807076363006e+01
2.534662305746367750e+00 1.817191430107880853e-03 2.933677581863979640e+02 4.762013817343591171e+01
2.540923642722284104e+00 1.847774197163838152e-03 2.874876237623762449e+02 4.993789910634186668e+01
2.547222087144660030e+00 1.810867478977307979e-03 2.764603960396039497e+02 5.358496068137394275e+01
2.553540685742163419e+00 1.807658101810726481e-03 2.621835985312117714e+02 5.329609036550699130e+01
2.559925401613222018e+00 1.856915584780679824e-03 2.467508982035928113e+02 5.118592314117069009e+01
2.566280305514876403e+00 1.838802799104265022e-03 2.310641646489104062e+02 4.712078991204344192e+01
2.572544852388987113e+00 1.785952156998167010e-03 2.224441717791411008e+02 4.210742402792118355e+01
2.578799894204640619e+00 1.806472379669163885e-03 2.198403869407497098e+02 3.882457946108691971e+01
2.585123793491197919e+00 1.855120447360665906e-03 2.195323149236192819e+02 3.840172638682118134e+01
2.591472256141813091e+00 1.805120360344933915e-03 2.179666269368295559e+02 3.924740499428795459e+01
2.597744265483155957e+00 1.788819714346394623e-03 2.181690647482014356e+02 3.903987586553298428e+01
2.604038454996993934e+00 1.850630787333012181e-03 2.187902097902097864e+02 3.992520728967571841e+01
2.610374414453144443e+00 1.837105816396599096e-03 2.157648428405122161e+02 4.087028036779072693e+01
2.616634120485421100e+00 1.761050173804210722e-03 2.142338902147971282e+02 3.988232080032686611e+01
2.622940397920966227e+00 1.848634675493098997e-03 2.136018202502844190e+02 3.922221977852325381e+01
2.629323187355575353e+00 1.839581463337864892e-03 2.115901826484018216e+02 3.886858002831015568e+01
2.635681273538560632e+00 1.815290224604702678e-03 2.091420389461626712e+02 3.878084116811193383e+01
2.641934789831782204e+00 1.778405014700361417e-03 2.072570422535211208e+02 3.792223889492384359e+01
2.648176773767660031e+00 1.853093332118325998e-03 2.044216459977452018e+02 3.735757207990865680e+01
2.654514065851063087e+00 1.823524830511773481e-03 2.010949152542372929e+02 3.714401841472063381e+01
2.660817448321032508e+00 1.798052776896779401e-03 1.987906712172923847e+02 3.594488060364105309e+01
2.667123571907564994e+00 1.844852426740933296e-03 1.950955555555555634e+02 3.518959564950000640e+01
2.673472329675100401e+00 1.839448802019330543e-03 1.925581395348837077e+02 3.605848049069517458e+01
2.679761377760365715e+00 1.786299887381436651e-03 1.909049773755656076e+02 3.531027504626200653e+01
2.686129035698236578e+00 1.877272974428747035e-03 1.832460233297985042e+02 4.365406972327890855e+01
2.692300573720700196e+00 1.798376592015874225e-03 1.853479236812570150e+02 3.605811949580938602e+01
2.698561328278970439e+00 1.798779619418457414e-03 1.873489167616875761e+02 3.272400358960324951e+01
2.704947056964875252e+00 1.860594623228957294e-03 1.844797752808988776e+02 3.361300938174098718e+01
2.711339925705444909e+00 1.826229981736538378e-03 1.826504629629629619e+02 3.374700072883327095e+01
2.717643416720191052e+00 1.774618570520191145e-03 1.803424821002386693e+02 3.327937448709314339e+01
2.723934694222051256e+00 1.823763048442502126e-03 1.761593860684769766e+02 3.332544334091809191e+01
2.730274673678132036e+00 1.841398355898408350e-03 1.751759149940968143e+02 3.231277859705333810e+01
2.736591263199737778e+00 1.788312012670147501e-03 1.747658536585365994e+02 3.218918561309475024e+01
2.742885231028380222e+00 1.844652457607765493e-03 1.724844124700239831e+02 3.281301545032307132e+01
2.749161241756704843e+00 1.804773587711254630e-03 1.728488943488943619e+02 3.200739439481196769e+01
2.755398232824302962e+00 1.776157869081165970e-03 1.734460966542750953e+02 3.163231394285478260e+01
2.761751565609168679e+00 1.857903093933079139e-03 1.711027479091995360e+02 3.229564493108314593e+01
2.768124311574730267e+00 1.813883183384283311e-03 1.717533742331288238e+02 3.230698573235426352e+01
2.774423663616722546e+00 1.776295681999270643e-03 1.733071161048689248e+02 3.304432306137701403e+01
2.780754869867226198e+00 1.842436817654598789e-03 1.775200974421437365e+02 3.573430915491592685e+01
2.787077464795406190e+00 1.805278297034774168e-03 1.942937499999999886e+02 4.101414790197402027e+01
2.793346642012575654e+00 1.793644434711254678e-03 2.242912988650693649e+02 5.172158468079701521e+01
2.799634253246212179e+00 1.838111547031318375e-03 2.598014888337468733e+02 5.899808677242626942e+01
2.805924842988945844e+00 1.808245895551135627e-03 3.007449494949494806e+02 5.776302626216862279e+01
2.812167973206011862e+00 1.789098639402584082e-03 3.314053708439897719e+02 5.363280839737834782e+01
2.818496662748549042e+00 1.874446068014908040e-03 3.547762836185818855e+02 5.035537323780943098e+01
2.824858807967614460e+00 1.791571154666717633e-03 3.692777070063694396e+02 4.703957864075898954e+01
2.831150482550185643e+00 1.815112775054883139e-03 3.741582278481012622e+02 4.609908672791569018e+01
2.837475400148095517e+00 1.850316795954077458e-03 3.780958904109589298e+02 4.616797141384056147e+01
2.843805018276897911e+00 1.786824753329564535e-03 3.817843388960205289e+02 4.791774018549395464e+01
2.850131561922547352e+00 1.845583173970813699e-03 3.831660424469413329e+02 4.789055983015021667e+01
2.856484494638581229e+00 1.841115527677602507e-03 3.846064757160647787e+02 4.690740000623512174e+01
2.862782859862781137e+00 1.780809355167121575e-03 3.843163265306122298e+02 4.614111379041553818e+01
2.869068523143336158e+00 1.847699945098150954e-03 3.799055214723926497e+02 4.768191681352673328e+01
2.875378514069953706e+00 1.802909528894259443e-03 3.800349563046192429e+02 4.811296860556070953e+01
2.881671995666307051e+00 1.819305449905813353e-03 3.796049689440993689e+02 4.700329029176982232e+01
2.887980092673573917e+00 1.848812746508326317e-03 3.781066176470588402e+02 4.696674134691464531e+01
2.894292086458025270e+00 1.795011172749967111e-03 3.750603015075377016e+02 5.100010057420796983e+01
2.900588101801901963e+00 1.834444505730529681e-03 3.632472187886279471e+02 6.727527535611514509e+01
2.906894294921833044e+00 1.834235081131648307e-03 3.483717472118959222e+02 8.315467476364685240e+01
2.913143215321425394e+00 1.775388414920497622e-03 3.324391805377720743e+02 9.779949438253889582e+01
2.919469846096636179e+00 1.902110692867622259e-03 3.088129496402877976e+02 1.149336876536470555e+02
2.925831071463227850e+00 1.799019204260941503e-03 2.990558375634518029e+02 1.186081003590937684e+02
2.932125236913744715e+00 1.849572311535908030e-03 2.753065512978986362e+02 1.180054223567662035e+02
2.938426190430696305e+00 1.829943172517629413e-03 2.560249687890137125e+02 1.067334617969328150e+02
2.944698497868602605e+00 1.792371922793937686e-03 2.383134517766497424e+02 8.720937151929564379e+01
2.951032364443879619e+00 1.872648010744969562e-03 2.199235436893203826e+02 6.710853861357476546e+01
2.957349976869245278e+00 1.772646084934545842e-03 2.192161125319693156e+02 5.379234123761796837e+01
2.963641534615172990e+00 1.843499637433317897e-03 2.289098765432098901e+02 4.974834609651374251e+01
2.969974563050315375e+00 1.835483252247156055e-03 2.521999999999999886e+02 5.035021449188553788e+01
2.976261971728969780e+00 1.784595762971840369e-03 2.796364795918367463e+02 5.096336010225707724e+01
2.982555079221103078e+00 1.856376802478345786e-03 3.032949816401468865e+02 4.673073476953698702e+01
2.988860230475899549e+00 1.767956570045068222e-03 3.228950064020486366e+02 4.091802312621481974e+01
2.995178874680174186e+00 1.856934622757372335e-03 3.303826405867970379e+02 3.605404826445155209e+01
3.001496400543723020e+00 1.797819739674591305e-03 3.344347275031685740e+02 3.458877234907107123e+01
3.007822553902104179e+00 1.849516356328991537e-03 3.350866336633663423e+02 3.512521840736205547e+01
3.014155913686516808e+00 1.844070628166239031e-03 3.336360248447205095e+02 3.672043097935737421e+01
3.020427983220980828e+00 1.780401570183770890e-03 3.311884615384615245e+02 3.901223484313120338e+01
3.026726854870708916e+00 1.864734463497724846e-03 3.546320293398533181e+02 4.085045433618367952e+02
3.033042693621903041e+00 1.790509691971886499e-03 5.115344387755101820e+02 2.346429183138806820e+03
3.039417687211595442e+00 1.892848977299335135e-03 5.447838164251207900e+02 3.093848285139023574e+03
3.045771113053035606e+00 1.809002971513908259e-03 3.681432192648922523e+02 9.452553205287374567e+02
3.052089874155329063e+00 1.844438578281415919e-03 2.989950372208436988e+02 8.755642615352002167e+01
3.058386304167925118e+00 1.824217551217444024e-03 2.792481203007519071e+02 8.587177974612998810e+01
3.064635661305841197e+00 1.781811879387494579e-03 2.647564102564102768e+02 9.661102603607039896e+01
3.070942258104439215e+00 1.879278577764203085e-03 2.439296969696969768e+02 1.071214538799724352e+02
3.077306102136554866e+00 1.789896323379901438e-03 2.314167725540025344e+02 1.102884327257692689e+02
3.083610248093582751e+00 1.842323938384468965e-03 2.140135301353013517e+02 1.129157610046984104e+02
3.089899276602742884e+00 1.781295098450355954e-03 2.056076433121019136e+02 1.111801244769271761e+02
3.096219282790054539e+00 1.849962857272845727e-03 1.890061274509803866e+02 1.077554987876863919e+02
3.102516781183005889e+00 1.793151767743564459e-03 1.833726235741444839e+02 1.041579417666780500e+02
3.108846425703184035e+00 1.844538984569745127e-03 1.690861008610086174e+02 9.609961172644591443e+01
3.115155056293756886e+00 1.812510444856532069e-03 1.550639899623588462e+02 8.339214253161023294e+01
3.121484332076036150e+00 1.832521331068808152e-03 1.402196029776675061e+02 6.816106627086359993e+01
3.127777573742708483e+00 1.818133687887086257e-03 1.286770573566084863e+02 5.461691610507520522e+01
3.134074710556275623e+00 1.800750836428910992e-03 1.222105926860025278e+02 4.604934632671164962e+01
3.140350968701055567e+00 1.840082388152106639e-03 1.174298029556650249e+02 4.089227149106297787e+01
3.146669598331559570e+00 1.795769837056059460e-03 1.171704545454545467e+02 3.877836464458916055e+01
3.152959210157879166e+00 1.842768641532451131e-03 1.164012269938650377e+02 3.774772897731445909e+01
3.159264892205651432e+00 1.791857333635609589e-03 1.177594936708860729e+02 3.722677788242990005e+01
3.165581888857809112e+00 1.858342078644047027e-03 1.152584951456310733e+02 3.614858090899802789e+01
3.171905560319084216e+00 1.782720971754531017e-03 1.162788339670468929e+02 3.603091433103048757e+01
3.178180461481988406e+00 1.828434529921516482e-03 1.132457002457002488e+02 3.542729873820300668e+01
3.184506679420991304e+00 1.810619157308176325e-03 1.127310087173100897e+02 3.557747459411949364e+01
3.190846230582273346e+00 1.831490456789015321e-03 1.100672371638141840e+02 3.513055234493317158e+01
3.197132365687451294e+00 1.780884113596707067e-03 1.093974683544303730e+02 3.546277407108100732e+01
3.203454230992797136e+00 1.862619862555806765e-03 1.063630880579010807e+02 3.520397351158505472e+01
3.209790152929830498e+00 1.796864404628749357e-03 1.058301886792452819e+02 3.576474328813060310e+01
3.216105270782768422e+00 1.849581865447865814e-03 1.020885922330097060e+02 3.548113510376303026e+01
3.222383723154825574e+00 1.773184836801974633e-03 1.011218274111675157e+02 3.559889040355596990e+01
3.228652903688512765e+00 1.829814433570467642e-03 9.775152253349573073e+01 3.543522786831795202e+01
3.234977992221026444e+00 1.801123950508762587e-03 9.704477611940298232e+01 3.577478323438788976e+01
3.241301441286830176e+00 1.830570155328411054e-03 9.452976913730255148e+01 3.590698714612008047e+01
3.247581817024004280e+00 1.774748969754167847e-03 9.513653603034134676e+01 3.577684718846595757e+01
3.253885986942128827e+00 1.868811343678552150e-03 9.614850299401197731e+01 3.620245358627990839e+01
3.260235987169183947e+00 1.804603356501592029e-03 9.893750000000000000e+01 3.586209371502170740e+01
3.266546856392692710e+00 1.857627301288636550e-03 9.924639423076922640e+01 3.392670506841457012e+01
3.272886904023045052e+00 1.792569475559808913e-03 1.010812499999999972e+02 3.332084182610038425e+01
3.279153478698136670e+00 1.837211362056317054e-03 1.001006060606060544e+02 3.190749413829753323e+01
3.285516195699416553e+00 1.819318898053023329e-03 9.988329238329238535e+01 3.067936336845750134e+01
3.291677990232397821e+00 1.824817096246810931e-03 1.004927916120576725e+02 3.120521856971346253e+01
3.298068987764390059e+00 1.863784166448585874e-03 9.962876712328767326e+01 3.087801950533688355e+01
3.304430978840338096e+00 1.814787339162488022e-03 9.802761627906976116e+01 3.022528066758949805e+01
3.310737564052387061e+00 1.817945227602999880e-03 9.653273809523810201e+01 2.977584442897181560e+01
3.317033906120231190e+00 1.800198345421728579e-03 9.432665639445301053e+01 2.905297948755726267e+01
3.323313479518194669e+00 1.810036704891648416e-03 9.277742946708464444e+01 2.945958318443983259e+01
3.329645772824664451e+00 1.853775369266378323e-03 9.291575663026520715e+01 3.186326007508618474e+01
3.335990548707715053e+00 1.826590486813650920e-03 9.077046548956661809e+01 3.259742643709510901e+01
3.342268739174953929e+00 1.807641793864574143e-03 8.988091353996738064e+01 3.342211582815486537e+01
3.348554594221377023e+00 1.807536448754866812e-03 8.835032894736842479e+01 3.328082095135250995e+01
3.354810866618635590e+00 1.798386852034845364e-03 8.651926298157454198e+01 3.285579751045562347e+01
3.361143554435736203e+00 1.860575678898459748e-03 8.702295081967213264e+01 3.430553895054628555e+01
3.367505271257411170e+00 1.829077091643749146e-03 8.457601351351351582e+01 3.372186403300509028e+01
3.373804785089639324e+00 1.803149868685275390e-03 8.347140381282495980e+01 3.423912367799381684e+01
3.380079784639911100e+00 1.805631642174917659e-03 8.085940246045694835e+01 3.321664550852229070e+01
3.386416571036835244e+00 1.843579116849991192e-03 8.052992957746478453e+01 3.328610559869381547e+01
3.392732849186819166e+00 1.821713749179523084e-03 7.911433756805807604e+01 3.270349973420734813e+01
3.399077842768783331e+00 1.840157085703132342e-03 7.600905797101449934e+01 3.047382351904294850e+01
3.405368445234043140e+00 1.771416845865005909e-03 7.482442748091602880e+01 2.891520479325913584e+01
3.411642977450664915e+00 1.840004348347408980e-03 7.464661654135338154e+01 2.888349069665753177e+01
3.417946432239648225e+00 1.816648589106147462e-03 7.392233009708738223e+01 2.748672461685948321e+01
3.424268333461439884e+00 1.838339958730071926e-03 7.381624758220502258e+01 2.553343315045067285e+01
3.430601598134079389e+00 1.799761940178920376e-03 7.772945891783567163e+01 2.575490327901610499e+01
3.436922606236269218e+00 1.844213366763177700e-03 8.676600000000000534e+01 2.759109957939334734e+01
3.443269856433799347e+00 1.834668830692703879e-03 9.395910020449898070e+01 2.544962308447232502e+01
3.449516618902171317e+00 1.769622948488585408e-03 9.873717948717948900e+01 2.260320160442115878e+01
3.455771942280530862e+00 1.817195070858158281e-03 1.005602536997885892e+02 2.047538061833422773e+01
3.462154010515302804e+00 1.866018191136946868e-03 1.039894514767932492e+02 2.209105326612743170e+01
3.468478914699885340e+00 1.799468636805881495e-03 1.018181818181818130e+02 1.830845037049166280e+01
3.474737530089159865e+00 1.798535080277152308e-03 1.009013452914798137e+02 1.679155781226367949e+01
3.481027808853469629e+00 1.828779808500339806e-03 1.013823529411764639e+02 1.719884800321646878e+01
3.487370903609774420e+00 1.855504762412056021e-03 9.863574660633484825e+01 1.596312145207586042e+01
3.493710577164840458e+00 1.791815171782784382e-03 9.450118203309692433e+01 1.641730121472405557e+01
3.499981309375833849e+00 1.817721919481020843e-03 9.159904534606205573e+01 1.890714899730804532e+01
3.506294281862427642e+00 1.840208171226962808e-03 8.772661870503597470e+01 2.002627537507340705e+01
3.512643170548069183e+00 1.819719049123772565e-03 8.425798525798525418e+01 2.113279468357199420e+01
3.518887929185086527e+00 1.780316295825717758e-03 8.090512820512820724e+01 2.166152176815594999e+01
3.525201780775713889e+00 1.871585280235478531e-03 7.658312655086848508e+01 2.094471917946009398e+01
3.531587235286628879e+00 1.812415240060859375e-03 7.140104166666667140e+01 1.832018756620513855e+01
3.537791204901774123e+00 1.765649031450039182e-03 6.892643051771116802e+01 1.757288753080405286e+01
3.544104483213670331e+00 1.881636984785636617e-03 6.678125000000000000e+01 1.737817763583708697e+01
3.550526160049383151e+00 1.823753900979235669e-03 6.531967213114754145e+01 1.625437461358180968e+01
3.556826252644191833e+00 1.805941154371571225e-03 6.442253521126760063e+01 1.351629608543234617e+01
3.563110991539715666e+00 1.831382697511484874e-03 6.536363636363635976e+01 1.113537797122233108e+01
3.569418747584309326e+00 1.819035597463529485e-03 6.548837209302325846e+01 7.127461194755634999e+00
3.575721219182565580e+00 1.815191134896390569e-03 6.720474777448070824e+01 5.890715208836540207e+00
3.582041784633743120e+00 1.836067019019354488e-03 7.073573573573573015e+01 6.007872832993291112e+00
3.588351193306853926e+00 1.816205673054769026e-03 7.450154798761609243e+01 5.449813464014204634e+00
3.594644124218077774e+00 1.816162507538995278e-03 7.806624605678233308e+01 5.211512092756518832e+00
3.600965899690116157e+00 1.832434222657099978e-03 8.044089456869009780e+01 5.313073105817558428e+00
3.607301933810233674e+00 1.823864462282996299e-03 8.024590163934426812e+01 5.127490447653905825e+00
3.613589615564896995e+00 1.801875725405921403e-03 7.866779661016948921e+01 4.638860126062819944e+00
3.619872304563952703e+00 1.819848024125704684e-03 7.822336769759449737e+01 5.750453281806009898e+00
3.626184481674183946e+00 1.827760715362539709e-03 7.643157894736842195e+01 6.783454424132620453e+00
3.632455309189269510e+00 1.797655079431180383e-03 7.328832116788321116e+01 8.313982363057448310e+00
3.638754857574894697e+00 1.841922947680418475e-03 7.057299270072992670e+01 9.325346736021646876e+00
3.645110863435991444e+00 1.833895812584415653e-03 6.736090225563910394e+01 9.401390531791390615e+00
3.651399341121458253e+00 1.797724079201825547e-03 6.441960784313725696e+01 9.923337825674408919e+00
3.657684783062496781e+00 1.823089633617003442e-03 6.056349206349206327e+01 9.832031313931308247e+00
3.663989311092172851e+00 1.817352227903809700e-03 5.699180327868852203e+01 9.117847614556794156e+00
3.670338462676961733e+00 1.852037082036360515e-03 5.315702479338843034e+01 7.505697583121455629e+00
3.676667454351053799e+00 1.802731285318214709e-03 5.055458515283842758e+01 5.654971252998318043e+00
3.682957402673964431e+00 1.831301914300888494e-03 4.888053097345132869e+01 4.600238002334958942e+00
3.689264510226057059e+00 1.810576500315507495e-03 4.760829493087557296e+01 3.338998279690417181e+00
3.695607159299667099e+00 1.851070780809128090e-03 4.728837209302325562e+01 2.972282266421170771e+00
3.701906411334345837e+00 1.786914693256676148e-03 4.826368159203980213e+01 3.104553354095802131e+00
3.708163258087520564e+00 1.825159420261267002e-03 4.972361809045226266e+01 3.169834747579348022e+00
3.714507337749332283e+00 1.833043865117713490e-03 5.193782383419689097e+01 3.000165547975108815e+00
3.720870273368275249e+00 1.842023606415223082e-03 5.400534759358288994e+01 3.377338761850738891e+00
3.727157013165883104e+00 1.785929560704693081e-03 5.603999999999999915e+01 3.184569941810937888e+00
3.733414267292576749e+00 1.823616893326991065e-03 5.704069767441860250e+01 3.087630812550831827e+00
3.739747614563589284e+00 1.832601406324968355e-03 5.739759036144578630e+01 3.779428007422459768e+00
3.746091684029914770e+00 1.828992002129592063e-03 5.645911949685534381e+01 2.649247426336826194e+00
3.752406222021260618e+00 1.812401454337024109e-03 5.627814569536423761e+01 2.599791161365786696e+00
3.758712131096641595e+00 1.823143945980814458e-03 5.565517241379310320e+01 2.729675733051452724e+00
3.765000355804634324e+00 1.809969724265664184e-03 5.424817518248175219e+01 3.606371307441794904e+00
3.771324791207556704e+00 1.846593531196991230e-03 5.211278195488721821e+01 3.608074750229679495e+00
3.777640884128447674e+00 1.800430178895984180e-03 4.952032520325203535e+01 3.640579235824714655e+00
3.783890033752419058e+00 1.812352582976840126e-03 4.665811965811965933e+01 3.311444679154667892e+00
3.790205950757557840e+00 1.839564216382759279e-03 4.440178571428571530e+01 3.272342745009503506e+00
3.796547481197723339e+00 1.823144808823023381e-03 4.237500000000000000e+01 3.001201682403489723e+00
3.802839460639445335e+00 1.822115437231795494e-03 4.103092783505154983e+01 2.428223533609333185e+00
3.809162628389719529e+00 1.835235423465040759e-03 4.146153846153845990e+01 1.851868444871029196e+00
3.815477698903783743e+00 1.813833779597889004e-03 4.368674698795180689e+01 2.121440090203272621e+00
3.821777178949230969e+00 1.830898415393102585e-03 4.540259740259740084e+01 2.340834788164583458e+00
3.828076951026545771e+00 1.795694771849016581e-03 4.562318840579710155e+01 2.553276062540788427e+00
3.834316772867639944e+00 1.791896653628349866e-03 4.567741935483871174e+01 2.446939518517791790e+00
3.840583618544390898e+00 1.820001018717854217e-03 4.598214285714285410e+01 2.453002117356424261e+00
3.846911872181034475e+00 1.824281646184678762e-03 4.593877551020408134e+01 2.605939456283008937e+00
3.853313008086272973e+00 1.880829953221405115e-03 4.500000000000000000e+01 2.663273034409719298e+00
3.859656947796285653e+00 1.787945514535103963e-03 4.388235294117647101e+01 3.251297318925995050e+00
3.865825284683709118e+00 1.773175751446867720e-03 4.174074074074074048e+01 1.875040008718094287e+00
3.872064552013789740e+00 1.858490478498285668e-03 4.109523809523809490e+01 1.986918670954768151e+00
3.878243048288448236e+00 1.738115315901965106e-03 3.976923076923076650e+01 3.138800886631256670e+00
3.884441558101385361e+00 1.990091083924331716e-03 4.157142857142856940e+01 4.330716111778319721e+00
