# q qerr I(q) I(q)err
6.111313073595031620e-02 3.154100855865873791e-03 2.852500000000000000e+02 7.854129089211610903e+01
6.800242608866982619e-02 2.110752812487300123e-03 4.838333333333333144e+02 9.599189780624428181e+01
7.478812129850326285e-02 1.894856213165734514e-03 5.748888888888889142e+02 1.858074803474995065e+02
8.081736842982174818e-02 1.577734731020807597e-03 6.031111111111110858e+02 1.958434749147049558e+02
8.706192866790804508e-02 2.018057842609979804e-03 6.593076923076922640e+02 1.892454809790868353e+02
9.311361532868518698e-02 1.734318039620741251e-03 6.279166666666666288e+02 1.734543247595106266e+02
9.924832822165428892e-02 1.939409616079583844e-03 5.974375000000000000e+02 1.791175199066244090e+02
1.056867454532435108e-01 2.068262530006435406e-03 5.725000000000000000e+02 1.918863053129812783e+02
1.120935416356093062e-01 1.699923986068800717e-03 5.008846153846153584e+02 1.817216318419189633e+02
1.177168722532570266e-01 1.903764278506084144e-03 5.163750000000000000e+02 1.879218483672135562e+02
1.242406998858587575e-01 2.007415885574503726e-03 5.392857142857143344e+02 1.345042484724659175e+02
1.307844605212421796e-01 1.948859987027574741e-03 5.450000000000000000e+02 1.236886933278173757e+02
1.372938405551752672e-01 1.976444694498947011e-03 5.296451612903225623e+02 1.151227594346761833e+02
1.433626874055373979e-01 1.479129257371093872e-03 5.106000000000000227e+02 1.119232951623566237e+02
1.497414395840910573e-01 2.132896554945924294e-03 5.233783783783783292e+02 9.260962548202594746e+01
1.562016171858009728e-01 1.470810848565314282e-03 5.085925925925926094e+02 9.195270747249713850e+01
1.620883487451751925e-01 1.817360580555445800e-03 5.088787878787878753e+02 8.586712672908593902e+01
1.684939590642719198e-01 1.975568076388520972e-03 4.971081081081081265e+02 8.192063985637392420e+01
1.749358117034872373e-01 1.810730169671130639e-03 4.987428571428571331e+02 7.627570827904115447e+01
1.813634234827302405e-01 1.982290824745188643e-03 4.958292682926829116e+02 7.374240500724280878e+01
1.877608813777307539e-01 1.710969833005861022e-03 4.879729729729729684e+02 7.748704267374556309e+01
1.936838392192468117e-01 1.708352888559126238e-03 4.841315789473684390e+02 7.539413520472727726e+01
1.998200724089964908e-01 1.901042836663710675e-03 4.890000000000000000e+02 7.302771057364394380e+01
2.064988844748374130e-01 2.083185659227047067e-03 4.793333333333333144e+02 8.910270291448328805e+01
2.131062600015138364e-01 1.923054290541973939e-03 4.901063829787233885e+02 7.352124811816563010e+01
2.193208008558340527e-01 1.649587748772136844e-03 4.865813953488371908e+02 7.382711522286972183e+01
2.255197753110727010e-01 1.943898002345461392e-03 4.893529411764706083e+02 6.658607874287943673e+01
2.319084130262620835e-01 1.853433278599466881e-03 4.911200000000000045e+02 6.265148042943598483e+01
2.380456302514551703e-01 1.717913041466973250e-03 4.928125000000000000e+02 6.110307633417485818e+01
2.441826744061198484e-01 1.910984005326162374e-03 4.969090909090909349e+02 5.796197100379374945e+01
2.508567628905887248e-01 1.865639566994751813e-03 4.698225806451612812e+02 8.974883151074573107e+01
2.571616352083493928e-01 2.042758540577210586e-03 4.620487804878048905e+02 8.579426992482291325e+01
2.636090936505812721e-01 1.759536909171210452e-03 4.710000000000000000e+02 6.897515080499228191e+01
2.696276322290375727e-01 1.767913466712890637e-03 4.760625000000000000e+02 6.124936224157766418e+01
2.756934411426098519e-01 1.847457432374286813e-03 4.809047619047619264e+02 5.300181295833896655e+01
2.820483295007140123e-01 1.942127748479487680e-03 4.820674157303370748e+02 5.244919027891685204e+01
2.885873542857223528e-01 1.999902870285049771e-03 4.865157894736842081e+02 5.396297386612837954e+01
2.950059364807982032e-01 1.753155416080761590e-03 4.887674418604651123e+02 5.489060116511981846e+01
3.012776628394395750e-01 1.916275679195857595e-03 4.932315789473684049e+02 5.335956845502379764e+01
3.076468654533095481e-01 1.858480647863890167e-03 4.945161290322580498e+02 5.232731373524862306e+01
3.139397285054469910e-01 1.849733180513128640e-03 4.947446808510638334e+02 5.052181085993228749e+01
3.202097007249891103e-01 1.889977811219999311e-03 4.947653061224489761e+02 4.882312593422476965e+01
3.264390569218261762e-01 1.757358001834326191e-03 4.962580645161290249e+02 4.680088967495144914e+01
3.326951465344144543e-01 1.930481388006281569e-03 5.022788461538461320e+02 4.542440807663240321e+01
3.390239669727912464e-01 1.785238221274862988e-03 5.041632653061224687e+02 4.682201983067980677e+01
3.452290355408559885e-01 1.822729964848564038e-03 5.088823529411764639e+02 4.847532934170350671e+01
3.515217579766085620e-01 1.894166946962649433e-03 5.115333333333333599e+02 4.396770098786983283e+01
3.581115149106128270e-01 1.984833837990382030e-03 5.153539823008849226e+02 4.369941522565601133e+01
3.646365217867122976e-01 1.807385512883236643e-03 5.192429906542056415e+02 4.373891584382200648e+01
3.707522342694583029e-01 1.646676631311451595e-03 5.215199999999999818e+02 4.447656461553658147e+01
3.768404479121448269e-01 1.835047814059704218e-03 5.265765765765765991e+02 4.222736353731302472e+01
3.831651369708888866e-01 1.834489868729198949e-03 5.257477477477477805e+02 4.027525615586551311e+01
3.894643253735652899e-01 1.853753096359237081e-03 5.271858407079646440e+02 3.776151095506124022e+01
3.958807651630259494e-01 1.912159574900255954e-03 5.291416666666666515e+02 3.542241914067668773e+01
4.022473572087105209e-01 1.746533598099251966e-03 5.313333333333333712e+02 3.300122847836245654e+01
4.083991683103055381e-01 1.862831917861469243e-03 5.354537815126050191e+02 3.183662992329021080e+01
4.147868792651558945e-01 1.850918924272050396e-03 5.397107438016529386e+02 3.137859811469382265e+01
4.211381020132339281e-01 1.813003092898375071e-03 5.474793388429751531e+02 2.989094194948847161e+01
4.273404438934948479e-01 1.765577699919095717e-03 5.543949579831933079e+02 2.849485165540680853e+01
4.337195733954657406e-01 1.911235613422362228e-03 5.638999999999999773e+02 2.798620539315204425e+01
4.400834723796714920e-01 1.795304431444431784e-03 5.733870967741935374e+02 2.847364464071837986e+01
4.463380503116383125e-01 1.781136916513354146e-03 5.922619047619048160e+02 3.155501859911711549e+01
4.525475293404462862e-01 1.782735370135076804e-03 6.365196850393700743e+02 3.982957992235009215e+01
4.588781844142776345e-01 1.863542184770878652e-03 7.284328358208955478e+02 6.073377974960229864e+01
4.652813857520213814e-01 1.809454061223974295e-03 8.598796992481203461e+02 7.659452634044701824e+01
4.715886271752884884e-01 1.786725641485754782e-03 9.856641791044776255e+02 8.771500459803260696e+01
4.778700308571910971e-01 1.749120838384908864e-03 1.057338345864661733e+03 9.475584425731722149e+01
4.841075358786299798e-01 1.812598873705853009e-03 1.050717391304347757e+03 9.654122404190090379e+01
4.904685449060671165e-01 1.813034819841214708e-03 9.581857142857143117e+02 9.293858790862370256e+01
4.967988078032400945e-01 1.775169993053363985e-03 8.397446808510637766e+02 7.119250464529349642e+01
5.030461340587593089e-01 1.710738770771227935e-03 8.005797101449275033e+02 5.519518744108189878e+01
5.093789740337634209e-01 1.844995629980458740e-03 8.625302013422818845e+02 6.876180285727852493e+01
5.157895609665918979e-01 1.772173611217854692e-03 9.624863013698629857e+02 8.610414842535487878e+01
5.220653538623039047e-01 1.710912446064493482e-03 1.035447552447552425e+03 9.889970918508171849e+01
5.282420832211931483e-01 1.776221308977217429e-03 1.056479729729729797e+03 1.065822046311988487e+02
5.345849814872509764e-01 1.797460663252185451e-03 1.000605263157894683e+03 1.085926393578988609e+02
5.409400198384390901e-01 1.769240412124692928e-03 8.638104575163398522e+02 9.746973097183635559e+01
5.471612929737256215e-01 1.671871176479489780e-03 7.157094594594594810e+02 6.976641607730563521e+01
5.535187503546902255e-01 1.843477994232445120e-03 6.147098765432099299e+02 3.909848865713433241e+01
5.599303633336802921e-01 1.774845713676194252e-03 5.700955414012738629e+02 2.711143111208092193e+01
5.661980099607780703e-01 1.715649351238413218e-03 5.604415584415584135e+02 1.682731537577950576e+01
5.724333289920446877e-01 1.764199560704661452e-03 5.618687499999999773e+02 1.842384875982757819e+01
5.786575496797814466e-01 1.687338640378493104e-03 5.695259740259740511e+02 2.029873038028344823e+01
5.849918082512260975e-01 1.882166412490617838e-03 5.835813953488371908e+02 2.232547843968508516e+01
5.913559560974818163e-01 1.673563701773732749e-03 5.977452229299362898e+02 2.536630421302171357e+01
5.976003341774964728e-01 1.789272139650604403e-03 6.132721893491124092e+02 2.635429424821014877e+01
6.039710484280985670e-01 1.760471037718898532e-03 6.289702380952380736e+02 2.756159999379003622e+01
6.103455122609070527e-01 1.778153705054047679e-03 6.408011695906433260e+02 2.834974147552459556e+01
6.165941547084902163e-01 1.709282904712068618e-03 6.469461077844310921e+02 2.807064026304905013e+01
6.227886440901039267e-01 1.708031916550016484e-03 6.549404761904761472e+02 2.712606649627053912e+01
6.292222757675741684e-01 1.895555695838723603e-03 6.745401069518716213e+02 2.844950393868560923e+01
6.355837393651907474e-01 1.609918394456906487e-03 7.344484848484848953e+02 4.263923791220594950e+01
6.417201133152361514e-01 1.735489606861494215e-03 8.531910112359551022e+02 6.576279713242871594e+01
6.480234646877054416e-01 1.746502386866512820e-03 1.016848314606741610e+03 8.383047878357970717e+01
6.543745591304535036e-01 1.808595843625667669e-03 1.156065217391304259e+03 1.000692500061151833e+02
6.607410482875138991e-01 1.776914150084337417e-03 1.252695652173913004e+03 1.220992035229762678e+02
6.669765730033264672e-01 1.670208017253243388e-03 1.307857954545454504e+03 1.407866960644352332e+02
6.731673103258457580e-01 1.796482171393593615e-03 1.304909574468085111e+03 1.526187081115567707e+02
6.795850853652600776e-01 1.822834825668488831e-03 1.212890052356020988e+03 1.636580456997483282e+02
6.858902177354958551e-01 1.747430487391250960e-03 1.015150537634408579e+03 1.547534795669723451e+02
6.921278880332987216e-01 1.765781770802452586e-03 7.894920634920634939e+02 1.170798291891316438e+02
6.985070946107704293e-01 1.847715388967816497e-03 6.221262626262625872e+02 6.596899982464098855e+01
7.048037128132643714e-01 1.757666077632949074e-03 5.397566137566137741e+02 3.465220706123360372e+01
7.109847861020758275e-01 1.767854622430342420e-03 5.079218750000000000e+02 2.222350365228969338e+01
7.172345948602801835e-01 1.822657136245004524e-03 4.936262626262626441e+02 1.823776325568884005e+01
7.236608500653414211e-01 1.906739358311473767e-03 4.852195121951219789e+02 1.662855925052931738e+01
7.299519259881649402e-01 1.814756391122580772e-03 4.805918367346938567e+02 1.674538297249305074e+01
7.362298620906445601e-01 1.872001608046580190e-03 4.770245098039215463e+02 1.688396123149392736e+01
7.427109241448597299e-01 1.961252361706546793e-03 4.738317757009345996e+02 1.665226763219012440e+01
7.489749171607754663e-01 1.795506848231544564e-03 4.699794871794871938e+02 1.712216997928340945e+01
7.553119902396251417e-01 1.968290517240121971e-03 4.687031963470319624e+02 1.622422943676875562e+01
7.617428847945948434e-01 1.878647625832918257e-03 4.647294685990337939e+02 2.311299482976405528e+01
7.679897535333021219e-01 1.889655825210407886e-03 4.655598086124401789e+02 1.347282613350730607e+01
7.742716946001383382e-01 1.890740870187222538e-03 4.628075117370892144e+02 1.882710007276841324e+01
7.806130493972306406e-01 1.874127862848933099e-03 4.612641509433962028e+02 1.677240429234333163e+01
7.869955317179381238e-01 1.962138593108325030e-03 4.601160714285714448e+02 1.710929913900804067e+01
7.933337815560531636e-01 1.823456314192357453e-03 4.591428571428571672e+02 1.750603394518004308e+01
7.995722808394026826e-01 1.873920736445982161e-03 4.590588235294117680e+02 1.665884653729525411e+01
8.059029702364099990e-01 1.855844282913126459e-03 4.598812785388128077e+02 1.683912525528664617e+01
8.122482529694946551e-01 1.899897789708842157e-03 4.650837004405286166e+02 1.639013528824061794e+01
8.185971333973350861e-01 1.831057107996742058e-03 4.766547085201793834e+02 1.783545459606549244e+01
8.248840800988579414e-01 1.805078930334647752e-03 4.944080717488789105e+02 1.964737040593893980e+01
8.311527541867054225e-01 1.843524136775542745e-03 5.121179039301309786e+02 2.153071681031570961e+01
8.375116084758876811e-01 1.829773299230467044e-03 5.267173913043478706e+02 2.348110691284702156e+01
8.438261475186588090e-01 1.817550564165925373e-03 5.375560344827586050e+02 2.545455954568228663e+01
8.500843452560248314e-01 1.755513946144033992e-03 5.465884955752212591e+02 2.899231806891547336e+01
8.563647400134730692e-01 1.844487251387733453e-03 5.529585062240663547e+02 3.107323323916483204e+01
8.626696591174244366e-01 1.710203360544058351e-03 5.561140350877193441e+02 3.427079654972528289e+01
8.689830853488446083e-01 1.844123492424595270e-03 5.475325203252032225e+02 3.465725163490397875e+01
8.753179752476163422e-01 1.741457950302257533e-03 5.285617021276596006e+02 3.478556909282663412e+01
8.815756228481118617e-01 1.752464905610253906e-03 5.061908713692945980e+02 3.318972312499182920e+01
8.877944678552249780e-01 1.716242394594354789e-03 4.921856540084388030e+02 3.117718635237614677e+01
8.941407927930166144e-01 1.839522330085644050e-03 4.882371541501976253e+02 2.916424850616591158e+01
9.005003621585947471e-01 1.752218829319661820e-03 4.926897959183673379e+02 3.066295473373230962e+01
9.067627482844141662e-01 1.720498064613873055e-03 5.012336065573770725e+02 3.467347205096135809e+01
9.130278025298368405e-01 1.789374596252915357e-03 5.101547619047619264e+02 3.906573210362427062e+01
9.193563827426239898e-01 1.786117629316656989e-03 5.233253968253968651e+02 4.566226268550529710e+01
9.256709965929463824e-01 1.773964252230773864e-03 5.372235294117647300e+02 5.169766871343129111e+01
9.319487846442510159e-01 1.740175819907428248e-03 5.505359999999999445e+02 5.861688193686183013e+01
9.382375230166524194e-01 1.835219923763222079e-03 5.576145038167938992e+02 6.054837443337430614e+01
9.445114335627492475e-01 1.754301698834087597e-03 5.565810276679842445e+02 5.811798582645147349e+01
9.507739483173833772e-01 1.796477233495237351e-03 5.529233716475096116e+02 5.122399876093003002e+01
9.571000001339345920e-01 1.844157663989784944e-03 5.602000000000000455e+02 4.574657838529854104e+01
9.634651872700409347e-01 1.860525514413665987e-03 6.126766917293233519e+02 5.664906054674486313e+01
9.697902983397413967e-01 1.869026222830578836e-03 7.955751879699248548e+02 1.383836414588649291e+02
9.761731987705594138e-01 1.898719003246270758e-03 1.203616236162361702e+03 2.839500742509989095e+02
9.824546988499620603e-01 1.850375251942234242e-03 1.864162264150943429e+03 4.571323171847932940e+02
9.887603507672997338e-01 1.885371791598095068e-03 2.620198529411764866e+03 6.543039899893320808e+02
9.951547945742836854e-01 1.923480157877882840e-03 3.146145907473309762e+03 8.301867927778965850e+02
1.001497743307979915e+00 1.816985016266823736e-03 3.438752808988764173e+03 9.485715901113109112e+02
1.007730073445106012e+00 1.872875193246743668e-03 3.520420863309352626e+03 9.808136546293571882e+02
1.014110590476311025e+00 1.881534321868284657e-03 3.513808510638297776e+03 9.698770037324819668e+02
1.020442888611849064e+00 1.823625195420996601e-03 3.468505376344086017e+03 9.835356421143882244e+02
1.026691701700078063e+00 1.782759485576686145e-03 3.346597826086956502e+03 9.533991760920002889e+02
1.033057845114525142e+00 1.884320384582664851e-03 3.041088435374149867e+03 8.614406790373866443e+02
1.039437792018165441e+00 1.793463056649077922e-03 2.623643109540636033e+03 7.963767876927834095e+02
1.045681248368910410e+00 1.745618337461533540e-03 2.001992907801418369e+03 6.293405587848627647e+02
1.051944871571292683e+00 1.801987856022948175e-03 1.348244827586206839e+03 4.292503805234751439e+02
1.058324809813473877e+00 1.829265674919061668e-03 8.428047138047138560e+02 2.226165149330215058e+02
1.064596602572098316e+00 1.714864743882408334e-03 5.935176056338028729e+02 9.486043175421829687e+01
1.070868750588993112e+00 1.792957436204007347e-03 5.011279461279461316e+02 4.712067272394489947e+01
1.077195490251847465e+00 1.798916779777443367e-03 4.643244147157190582e+02 3.193847849621435486e+01
1.083505800573759448e+00 1.740543057611223946e-03 4.444470989761092028e+02 2.571615056286014678e+01
1.089676915900379850e+00 1.748165881083384946e-03 4.323231292517006636e+02 2.269785463283104221e+01
1.096052400832523421e+00 1.863573573199493825e-03 4.242172523961661454e+02 2.091771831684634719e+01
1.102364289960501065e+00 1.744372504095847640e-03 4.185559322033898297e+02 2.073132265812808939e+01
1.108625070827478076e+00 1.829094711995288541e-03 4.130651465798045479e+02 2.068562280735790537e+01
1.114924075445366869e+00 1.842999932655674591e-03 3.987272727272727479e+02 3.832244511107840879e+01
1.121282665432693726e+00 1.762017027877181303e-03 4.056564885496183024e+02 2.920699621156459358e+01
1.127553932619258736e+00 1.851826979229859085e-03 4.053420074349442643e+02 2.771924279767855737e+01
1.133905639228342421e+00 1.803927404845938115e-03 4.037254901960784537e+02 2.783723770693913124e+01
1.140144523104706709e+00 1.820967272376473748e-03 4.022204724409448886e+02 2.920602044071153713e+01
1.146455214771981312e+00 1.831860927088285957e-03 4.021235059760956005e+02 2.685754768797073311e+01
1.152869066430118439e+00 1.902391342003174283e-03 4.031003861003861175e+02 2.590169195495357002e+01
1.159252377890596986e+00 1.791659613503928782e-03 4.017842323651452148e+02 2.656555067444147866e+01
1.165575291556828930e+00 1.872439892399787795e-03 4.030677290836653128e+02 2.540154937197057095e+01
1.171828433925186763e+00 1.747387590499659572e-03 4.009826839826839660e+02 2.753014195574591483e+01
1.178029580193284076e+00 1.845903894892485285e-03 4.034320987654321016e+02 2.561692002319711037e+01
1.184400904434957269e+00 1.829516060217846983e-03 4.033598326359832527e+02 2.610602891508464651e+01
1.190737654720273042e+00 1.816225366119703435e-03 4.049367088607594951e+02 2.622227186050943004e+01
1.196977477342464180e+00 1.780548390738201196e-03 4.039082969432314485e+02 2.449890671589289681e+01
1.203312963818603976e+00 1.874247930763579166e-03 4.048388429752066031e+02 2.556837807755046654e+01
1.209645773529357093e+00 1.750259837788138012e-03 4.033893805309734262e+02 2.674602971890972114e+01
1.215952225700388523e+00 1.837678281197498587e-03 4.042923728813559592e+02 2.534633984241249038e+01
1.222254898926581568e+00 1.775628514659025698e-03 3.848089887640449547e+02 4.988458842774721091e+01
1.228537298751265050e+00 1.780223345631782141e-03 3.929456521739130608e+02 3.549459697783280632e+01
1.234759587745337228e+00 1.795376270296014523e-03 3.921182795698924792e+02 3.303887224234125597e+01
1.241110555825225781e+00 1.895169703334604900e-03 3.924765100671140772e+02 3.215215567211969017e+01
1.247523323486311897e+00 1.874537877840588536e-03 3.909729729729729684e+02 3.091874468387876362e+01
1.253854431820907944e+00 1.857283623330970761e-03 3.921375838926174424e+02 3.100484356209068082e+01
1.260138295168494293e+00 1.856490137450314505e-03 3.909867109634551525e+02 3.192854010034896817e+01
1.266501421045549414e+00 1.881588491645209797e-03 3.930385852090032017e+02 3.056691439822836287e+01
1.272807251993681055e+00 1.824447191781883651e-03 3.924852459016393595e+02 3.072824667595849490e+01
1.279100636071537789e+00 1.831925956271344968e-03 3.936369426751592187e+02 3.036761225236011441e+01
1.285385940199903265e+00 1.796864974607813087e-03 3.938782051282051384e+02 3.038762663592046565e+01
1.291734086560349049e+00 1.833790085687247952e-03 3.950736196319018632e+02 2.954228054364154232e+01
1.297999116585571544e+00 1.712347548001254965e-03 3.943656957928802740e+02 3.029670120310598236e+01
1.304332283077917598e+00 1.862331657852500611e-03 3.944690265486725593e+02 3.053519144904485927e+01
1.310629912671008812e+00 1.689758514739712848e-03 3.919294871794871824e+02 3.113557915181602453e+01
1.316859893871710430e+00 1.807323329610554348e-03 3.916029850746268721e+02 3.113762421558595150e+01
1.323169508333509325e+00 1.772103529485381237e-03 3.908693009118541113e+02 3.075920052834967677e+01
1.329416719622044551e+00 1.761213072716576004e-03 3.915045317220543666e+02 3.180901503132814767e+01
1.335676763851219473e+00 1.808340606324402439e-03 3.904434523809524080e+02 3.068238642040816089e+01
1.342102166253144047e+00 1.916040745002256648e-03 3.910028169014084369e+02 3.121754652863683432e+01
1.348432554966731090e+00 1.804515701739407276e-03 3.906404833836858188e+02 3.082916861481167103e+01
1.354697325729501189e+00 1.895450207138361931e-03 3.937393767705382288e+02 3.265814701854024094e+01
1.361035554581970564e+00 1.836151892644552735e-03 3.953982558139534831e+02 3.053704561148974150e+01
1.367445372286436589e+00 1.911657172750392099e-03 4.013506849315068621e+02 2.908073141727281197e+01
1.373833054624600258e+00 1.794265400870382644e-03 4.116521739130434980e+02 2.879623128740821514e+01
1.380048052911932777e+00 1.791287036868802413e-03 4.381880341880341803e+02 3.227639615345303525e+01
1.386332670155489666e+00 1.806335848089170130e-03 4.781292134831460885e+02 3.626409781630449913e+01
1.392624520144640332e+00 1.796075039907524609e-03 5.267388888888889369e+02 3.913190636397634847e+01
1.398923000198597277e+00 1.771229759338340285e-03 5.636938202247190475e+02 3.972741815724025116e+01
1.405184482923453881e+00 1.808998902686751115e-03 5.852744565217391255e+02 4.204722223505744694e+01
1.411475199677901360e+00 1.734371386327675756e-03 5.960505617977528345e+02 4.339034805844789844e+01
1.417706081410672780e+00 1.817237095201347432e-03 6.027500000000000000e+02 4.194064225924872602e+01
1.424046144262549829e+00 1.816956160244514703e-03 6.056964769647696585e+02 4.207258220222110623e+01
1.430457268966005335e+00 1.925855730949348329e-03 6.095218508997429581e+02 4.238890170139489300e+01
1.436865665354877475e+00 1.843763745384080412e-03 6.127419354838709751e+02 4.357140868987662685e+01
1.443084111958556903e+00 1.831535442318516687e-03 6.127096774193548754e+02 4.624959618651699600e+01
1.449466238371406979e+00 1.910439897345804971e-03 6.141746835443037753e+02 4.178368410049662174e+01
1.455780432464144347e+00 1.769262236301017126e-03 6.126054054054053495e+02 4.174727680371417193e+01
1.462109939136078340e+00 1.873282905934200038e-03 6.043884711779448935e+02 4.167553315502851063e+01
1.468414112563870999e+00 1.734923018383166060e-03 5.836319999999999482e+02 4.341080811656624405e+01
1.474680891373796765e+00 1.804015195942032307e-03 5.535786802030456784e+02 4.312594116074184569e+01
1.480924591063775386e+00 1.742163032935032654e-03 5.156187989556135562e+02 3.955146574299106277e+01
1.487138550370334267e+00 1.742602934721402272e-03 4.899151670951156916e+02 3.392688780899598555e+01
1.493462591150057195e+00 1.833511633313982111e-03 4.781460396039603893e+02 3.193513419878615522e+01
1.499809278721849770e+00 1.805357266360340307e-03 4.783904282115868796e+02 3.248572149260738229e+01
1.506175762378094918e+00 1.888906516140883814e-03 4.853300733496332668e+02 3.196520763573989399e+01
1.512543466733061504e+00 1.879653113941155348e-03 4.918186274509803866e+02 3.476018672312518021e+01
1.518927121842702510e+00 1.865813122140227640e-03 4.976348039215686185e+02 3.455097898034983928e+01
1.525176469146275027e+00 1.826629940430822378e-03 5.011612903225806690e+02 3.374689315428366143e+01
1.531416651941075235e+00 1.798854978931840659e-03 5.008836633663366342e+02 3.482276255105401219e+01
1.537728221615372926e+00 1.856986876758172280e-03 4.980780141843971478e+02 3.470273980865466257e+01
1.544096010846849332e+00 1.769518617434322075e-03 4.908199513381995303e+02 3.521527456795226385e+01
1.550405005344789089e+00 1.809055686031393537e-03 4.825673758865248146e+02 3.431168487646375098e+01
1.556696834359960313e+00 1.740139413919524446e-03 4.754417475728155296e+02 3.526429489429151687e+01
1.562969221032702194e+00 1.804120915253569534e-03 4.742948113207547181e+02 3.588590552789684551e+01
1.569251838380229191e+00 1.803338776033149233e-03 4.758138424821002559e+02 3.419107105999052720e+01
1.575556094315494926e+00 1.863019847936644557e-03 4.791631701631701503e+02 3.347259050758459153e+01
1.581892448177514066e+00 1.865480693804838323e-03 4.792199074074073906e+02 3.627828809100739704e+01
1.588269483401412163e+00 1.861295980786164313e-03 4.774354838709677438e+02 3.617552349412967061e+01
1.594574325321363339e+00 1.830133252637398044e-03 4.738888888888889142e+02 3.653830294779064758e+01
1.600916934751582588e+00 1.832077894544300927e-03 4.694988610478359874e+02 3.644902354375044240e+01
1.607201343968552854e+00 1.780442356845074459e-03 4.662245370370370097e+02 3.565295181679953629e+01
1.613445462524496721e+00 1.775524639999344866e-03 4.675389908256880744e+02 3.444840165353772932e+01
1.619730849749851931e+00 1.787630240083115185e-03 4.811602708803611677e+02 3.579477435909399219e+01
1.625979803600224649e+00 1.755895091839796123e-03 5.158597701149425347e+02 3.748404429127379700e+01
1.632226613292544926e+00 1.821174808670054370e-03 5.674519015659955130e+02 3.964253494292145774e+01
1.638606704061473573e+00 1.894452323361247963e-03 6.161887201735357849e+02 4.133605911575779857e+01
1.645050487946952522e+00 1.887301666918968484e-03 6.465304347826087223e+02 4.771594174286322954e+01
1.651415996904310735e+00 1.851783837096881687e-03 6.616732456140350678e+02 5.099918271709493212e+01
1.657788871265904573e+00 1.852242853945953917e-03 6.717818574514038801e+02 4.970106641867396746e+01
1.664006124760511351e+00 1.741113674427757210e-03 6.795124716553287954e+02 4.855582601588761804e+01
1.670281873961185770e+00 1.842366346193471905e-03 6.876680761099365782e+02 4.840243900397533139e+01
1.676541801276667298e+00 1.721555322686186195e-03 6.947735426008969171e+02 4.906180099545565554e+01
1.682793682471841024e+00 1.824670227224382997e-03 7.044092827004219544e+02 4.852488613861386568e+01
1.689107465299970467e+00 1.791603935857043455e-03 7.262234273318872511e+02 4.713980247129657641e+01
1.695415952935033443e+00 1.877357617877282179e-03 7.711544885177453352e+02 4.952070321224329064e+01
1.701806617780016628e+00 1.875253898477295287e-03 8.255657620041753262e+02 5.886546077588052128e+01
1.708145235544118012e+00 1.851238026496159058e-03 8.662126315789473665e+02 6.586278778190634853e+01
1.714469347376187613e+00 1.845626368464784459e-03 8.823995859213250696e+02 6.783615444512541615e+01
1.720739519194126599e+00 1.771881702320935673e-03 8.762158119658120086e+02 7.073991454803798717e+01
1.726990948287859817e+00 1.820993782645452704e-03 8.532081632653060979e+02 7.042944038163163611e+01
1.733361150263370787e+00 1.784216608021570085e-03 8.234132231404959157e+02 6.707361147725181638e+01
1.739571674833123582e+00 1.760427731239605715e-03 8.055597484276729574e+02 8.004442041030908683e+01
1.745887440247851030e+00 1.853392121839796862e-03 8.078637274549098493e+02 1.011145365087311347e+02
1.752250177420427102e+00 1.860925844240075020e-03 8.215607287449392970e+02 7.145315329020938577e+01
1.758607387389414800e+00 1.864192030273802104e-03 8.385520000000000209e+02 6.505481073679332837e+01
1.764972322429467777e+00 1.851098948525789619e-03 8.540280000000000200e+02 6.416210152418638302e+01
1.771273520234028620e+00 1.808016239517707931e-03 8.602943548387096371e+02 6.787656786266742870e+01
1.777586992161852564e+00 1.807004964737956481e-03 8.616257425742574014e+02 6.653836667502751823e+01
1.783840233931820451e+00 1.746107465683986813e-03 8.560203665987779686e+02 6.740200424749737351e+01
1.790071520275328565e+00 1.795583184790444783e-03 8.520492125984252425e+02 6.479944557969839991e+01
1.796393698957722052e+00 1.819993601147859141e-03 8.369051383399209953e+02 6.572211159215542864e+01
1.802712928873270393e+00 1.883216042231023422e-03 8.137413793103448825e+02 6.409248328002585993e+01
1.809114577024696358e+00 1.850157529878445435e-03 7.781647286821705620e+02 6.346804058698334217e+01
1.815345782948464493e+00 1.803540499391122600e-03 7.554169960474308709e+02 5.643024360167817832e+01
1.821700705453981772e+00 1.863872113208649628e-03 7.514757462686567351e+02 5.156355954040767386e+01
1.828034416566336029e+00 1.759461126105644731e-03 7.540295275590551682e+02 5.215657428710672860e+01
1.834289862490237510e+00 1.817049905439401892e-03 7.588173258003766932e+02 5.135255524494745316e+01
1.840620947190598100e+00 1.780340576699249600e-03 7.548634615384615927e+02 5.088286263624690520e+01
1.846876290479544158e+00 1.833628160635640113e-03 7.371228733459357727e+02 5.275549292942469037e+01
1.853225331533147280e+00 1.864396810776891523e-03 7.042296296296295850e+02 5.327555473676729747e+01
1.859586416204100923e+00 1.843230203276794224e-03 6.629065420560747270e+02 5.140392060477287828e+01
1.865884580336470755e+00 1.827085395033201023e-03 6.240018621973929385e+02 4.542157175432337368e+01
1.872200528994375501e+00 1.799198018262535481e-03 5.917425925925925867e+02 4.064960851168968503e+01
1.878453452628845000e+00 1.760356359008985331e-03 5.722222222222221717e+02 3.654478974150036663e+01
1.884712324747962020e+00 1.805687576808031941e-03 5.678193430656933742e+02 3.429453081214447252e+01
1.891113706724730337e+00 1.861939656346446982e-03 5.717284172661870798e+02 3.368484169646543336e+01
1.897400945427566432e+00 1.833350088909791505e-03 5.741047794117647527e+02 3.416738459066534972e+01
1.903772875545957088e+00 1.875180743362649160e-03 5.705140845070422984e+02 3.730475938673511394e+01
1.910018917854334752e+00 1.739883276586547947e-03 5.627145557655954917e+02 3.581602360975197286e+01
1.916236012056648175e+00 1.833205283437960029e-03 5.536210526315788911e+02 3.334918312003723884e+01
1.922638163561010805e+00 1.793373418488206777e-03 5.467107142857142890e+02 3.137918573184902726e+01
1.928888348891847349e+00 1.792288115248428593e-03 5.477643884892086135e+02 3.144951130456559341e+01
1.935240631371640818e+00 1.865766417879262265e-03 5.655484429065744507e+02 3.533323058344426926e+01
1.941608872090050619e+00 1.856644915843207438e-03 6.119947275922671679e+02 6.025982084797316674e+01
1.947917338414854704e+00 1.837601359788319485e-03 6.915236427320489838e+02 9.021860932433256153e+01
1.954236834815996637e+00 1.805754229573221887e-03 7.924527972027972282e+02 1.130126716263040265e+02
1.960488135501994522e+00 1.772905664188001006e-03 9.234265486725663550e+02 1.284004082115101824e+02
1.966755922696415082e+00 1.810201296061439468e-03 1.095499139414802130e+03 1.262016578001775713e+02
1.973091583736556354e+00 1.814240900008777741e-03 1.275175862068965444e+03 1.222195257689680261e+02
1.979420480567132490e+00 1.865397302840512408e-03 1.418490662139219012e+03 1.608051879474184886e+02
1.985762243830389018e+00 1.849873766110382307e-03 1.470188135593220295e+03 1.791626961829205129e+02
1.992143605840229093e+00 1.840662096304069391e-03 1.486125628140703611e+03 1.853179968928847927e+02
1.998372952698491245e+00 1.738412627792555948e-03 1.483676625659051069e+03 1.892958656117251621e+02
2.004614638405731508e+00 1.821010887715033720e-03 1.467250000000000000e+03 1.874861518064875554e+02
2.010981699228176822e+00 1.807963355431743604e-03 1.450156565656565590e+03 1.924478441564641003e+02
2.017216781415232862e+00 1.822968187424302972e-03 1.455507588532883574e+03 2.057365156395948418e+02
2.023555507756473748e+00 1.866836436713831520e-03 1.435079674796747895e+03 1.986637890974407981e+02
2.029945947492921121e+00 1.842053164818473936e-03 1.425230263157894797e+03 1.959269843917972196e+02
2.036236367431154548e+00 1.802040352124230577e-03 1.406365289256198366e+03 1.961400100213608937e+02
2.042538823796997693e+00 1.786279422623429517e-03 1.375939244663382624e+03 1.940691084874796104e+02
2.048720173306640469e+00 1.747373060808409071e-03 1.341327118644067696e+03 1.916024715580493591e+02
2.055017041239767028e+00 1.892889576395914968e-03 1.307264475743349067e+03 2.004890560825732280e+02
2.061465280497128294e+00 1.850343878148330047e-03 1.237125000000000000e+03 2.013253337859854923e+02
2.067778354784032935e+00 1.826644103880053095e-03 1.142096618357487841e+03 2.092624741586735695e+02
2.074107962816127415e+00 1.810449409964311413e-03 1.022260317460317424e+03 2.000123391759252343e+02
2.080392027050733006e+00 1.757304311173108879e-03 8.981644951140065132e+02 1.882776752067323116e+02
2.086560915145909245e+00 1.789004268885935290e-03 7.565688816855753203e+02 1.602869382678162253e+02
2.092907509218693285e+00 1.897916204239676529e-03 6.049923780487804379e+02 1.107835174345221816e+02
2.099341076602548206e+00 1.841856996552926774e-03 4.894468749999999773e+02 5.680858265681836627e+01
2.105598503643897335e+00 1.780460926307301031e-03 4.450287539936102235e+02 2.852722793258653411e+01
2.111872942412509335e+00 1.813036870717739954e-03 4.360864197530864317e+02 2.585683658770783566e+01
2.118179840511383194e+00 1.773074262998883873e-03 4.412535433070866020e+02 2.361853779704948764e+01
2.124489700938873238e+00 1.854176769044688739e-03 4.502262996941896063e+02 2.411024418237130007e+01
2.130866139955553962e+00 1.876679961187130126e-03 4.611694402420574761e+02 2.659815243129006390e+01
2.137196345481136905e+00 1.803165093871285981e-03 4.755448916408668651e+02 2.592856771770718183e+01
2.143477781291089013e+00 1.808033309626025679e-03 4.874946564885495945e+02 2.692123728070399835e+01
2.149749346762158453e+00 1.787076492040512573e-03 4.953287250384024674e+02 2.576703444036046875e+01
2.156014428448592479e+00 1.811767013668930289e-03 5.005555555555555429e+02 2.513182225323717489e+01
2.162388958755252943e+00 1.899773100682969557e-03 5.073854014598539948e+02 2.687955398635168436e+01
2.168776559916051561e+00 1.828625003914755194e-03 5.236246246246246301e+02 2.728692447709324043e+01
2.175079146577416189e+00 1.799027495536281414e-03 5.600298507462686075e+02 3.936805722417228282e+01
2.181358965593887422e+00 1.775037425494343461e-03 6.242093373493976287e+02 6.214954893561397853e+01
2.187625576602315824e+00 1.830837683859201127e-03 7.169215976331361162e+02 8.278683118444871525e+01
2.193923842198696850e+00 1.837507381709080519e-03 8.380660792951541680e+02 9.150654625011317478e+01
2.200310743338333541e+00 1.859271066102410235e-03 9.803113342898134306e+02 7.854724475269752304e+01
2.206637920896229677e+00 1.789161753318371274e-03 1.105291851851851789e+03 5.666259850805025167e+01
2.212855268310565560e+00 1.778695396750237757e-03 1.179711340206185469e+03 6.123162925513271659e+01
2.219155297956861617e+00 1.826812665150635666e-03 1.212152517985611439e+03 7.590262585965430731e+01
2.225534449623195243e+00 1.883537061579874895e-03 1.219647390691114197e+03 8.598129733216218540e+01
2.231816049321749151e+00 1.789850136339156059e-03 1.215881057268722543e+03 9.288022418725603302e+01
2.238124350048766420e+00 1.838516226422660244e-03 1.206231843575418907e+03 8.986608399617365706e+01
2.244461256680506001e+00 1.769483755913013904e-03 1.195534008683068123e+03 8.930538741383691104e+01
2.250672411056880762e+00 1.815340560525242463e-03 1.186367288378766034e+03 9.118205370274948507e+01
2.256976265699253581e+00 1.875232856265233962e-03 1.175129834254143589e+03 9.461651974461635461e+01
2.263404067221236105e+00 1.844596500685106652e-03 1.162750688705234097e+03 9.713092627643005983e+01
2.269740131332425914e+00 1.784620609829179342e-03 1.147606789250353586e+03 9.311996106527824679e+01
2.275928662030326066e+00 1.770462641505800294e-03 1.130099715099715013e+03 9.127302519210219600e+01
2.282234771450446509e+00 1.859120215862977580e-03 1.113878048780487916e+03 9.123554867516443778e+01
2.288651494096741512e+00 1.861574731480084791e-03 1.094240162822252387e+03 9.566728251329185184e+01
2.294929189507614264e+00 1.787386468760323059e-03 1.073407303370786622e+03 9.586921458545972996e+01
2.301123790424945526e+00 1.773889529887621910e-03 1.040422222222222217e+03 1.003285440902002819e+02
2.307427473574251042e+00 1.823767960867003161e-03 9.710013531799729662e+02 1.159907023477448433e+02
2.313824548022820782e+00 1.807223345639351721e-03 8.921500742942050692e+02 1.240963293125218456e+02
2.320154992066300714e+00 1.861695907969135875e-03 7.851139053254437385e+02 1.288174212693228640e+02
2.326479049872378635e+00 1.797363522119922990e-03 6.673682588597843051e+02 1.195270878801987777e+02
2.332811122143054305e+00 1.834923033436536115e-03 5.455258358662614455e+02 9.650377244013057521e+01
2.339146829363451641e+00 1.809933127175767861e-03 4.448775510204081911e+02 6.029185071798170981e+01
2.345346999874724947e+00 1.788822558822959720e-03 3.874180064308681608e+02 3.409469356300174070e+01
2.351591514044208964e+00 1.821961582186779451e-03 3.653685039370078584e+02 2.331135165275132337e+01
2.357940827546205931e+00 1.821480796874143165e-03 3.586851265822784853e+02 2.148722851893123220e+01
2.364269371024037891e+00 1.822839816105960298e-03 3.571137820512820440e+02 2.060907641937483348e+01
2.370575565839220911e+00 1.828742917233826173e-03 3.559356913183279971e+02 2.212611336941252560e+01
2.376891771469677561e+00 1.815523241845057745e-03 3.552330097087378817e+02 2.098518816567888834e+01
2.383240749019818416e+00 1.833462819707767054e-03 3.555514469453376023e+02 2.048658117576509952e+01
2.389601619010945921e+00 1.828185711102788165e-03 3.582442996742670971e+02 2.058206737211586201e+01
2.395961259100775731e+00 1.812604844355751544e-03 3.608553259141494323e+02 3.106986562658769557e+01
2.402160007896914973e+00 1.807533258736503850e-03 3.737238805970148974e+02 3.140528622180031348e+01
2.408453972146052724e+00 1.793232887210479852e-03 3.906637426900584842e+02 2.872315234010586593e+01
2.414771780432101167e+00 1.830638750947721858e-03 4.034088952654232685e+02 2.848810755789940785e+01
2.421058800843912895e+00 1.849123668637423033e-03 4.095021216407354814e+02 2.893225391748208253e+01
2.427397847212681370e+00 1.833909450969152099e-03 4.086319444444444571e+02 2.950042601439620782e+01
2.433701938443864954e+00 1.777285794113256248e-03 4.054838255977496715e+02 2.893523122311731655e+01
2.440001432560962691e+00 1.835928632076300280e-03 4.033269493844049407e+02 2.718528878257905390e+01
2.446276920633820851e+00 1.825543246774167941e-03 4.005185694635488289e+02 2.888558318488341570e+01
2.452612917458465880e+00 1.850886418197054181e-03 3.995172413793103487e+02 2.849048873594591669e+01
2.458937188373468086e+00 1.764090576915684772e-03 3.993506849315068621e+02 2.723780549923830563e+01
2.465235494564519847e+00 1.842465198645606636e-03 4.001241743725231004e+02 2.676026085710854474e+01
2.471581205305689810e+00 1.856761058240425245e-03 3.999605263157894797e+02 2.803387932286926087e+01
2.477865992864338285e+00 1.798850075022648308e-03 3.975765645805592499e+02 2.837017347751106655e+01
2.484122936716935737e+00 1.780971833254360159e-03 3.950647291941875778e+02 2.670418440978211194e+01
2.490467721662181333e+00 1.849468727863495983e-03 3.904406130268199036e+02 2.591102343653077611e+01
2.496849546734450254e+00 1.852734310658727887e-03 3.828480204342273510e+02 2.757073249821273464e+01
2.503105859710241798e+00 1.772860352036017325e-03 3.755580474934037056e+02 2.699683612748304284e+01
2.509322203788900918e+00 1.804578376445024500e-03 3.685833333333333144e+02 2.659771936113462587e+01
2.515643032193938478e+00 1.830400595634155535e-03 3.632833753148614733e+02 2.527950863023717076e+01
2.522012436559997628e+00 1.844427975373299751e-03 3.550744416873449154e+02 2.711565634065813057e+01
2.528376527697731913e+00 1.805263014170996501e-03 3.468027638190955031e+02 2.626839715895842886e+01
2.534662305746367750e+00 1.817191430107880853e-03 3.364307304785893962e+02 2.676408550992110591e+01
2.540923642722284104e+00 1.847774197163838152e-03 3.231794554455445336e+02 2.775654767137777412e+01
2.547222087144660030e+00 1.810867478977307979e-03 3.072636138613861476e+02 2.622819966656575730e+01
2.553540685742163419e+00 1.807658101810726481e-03 2.943182374541003696e+02 2.211557425992488035e+01
2.559925401613222018e+00 1.856915584780679824e-03 2.862682634730538780e+02 1.863690811284418913e+01
2.566280305514876403e+00 1.838802799104265022e-03 2.824527845036319604e+02 1.883383152476743660e+01
2.572544852388987113e+00 1.785952156998167010e-03 2.830773006134969592e+02 1.738560180544170919e+01
2.578799894204640619e+00 1.806472379669163885e-03 2.845054413542926000e+02 1.729686843752866565e+01
2.585123793491197919e+00 1.855120447360665906e-03 2.858249118683901315e+02 1.870868693519982529e+01
2.591472256141813091e+00 1.805120360344933915e-03 2.865137067938021573e+02 1.919482033327057025e+01
2.597744265483155957e+00 1.788819714346394623e-03 2.875203836930455736e+02 1.876593404040328039e+01
2.604038454996993934e+00 1.850630787333012181e-03 2.895396270396270211e+02 1.919488727052890553e+01
2.610374414453144443e+00 1.837105816396599096e-03 2.903259604190919845e+02 2.087991769134936604e+01
2.616634120485421100e+00 1.761050173804210722e-03 2.921503579952267273e+02 2.071851365747398077e+01
2.622940397920966227e+00 1.848634675493098997e-03 2.945938566552900966e+02 2.141949503506068808e+01
2.629323187355575353e+00 1.839581463337864892e-03 2.950742009132420094e+02 2.272239785579068538e+01
2.635681273538560632e+00 1.815290224604702678e-03 2.946116838487972700e+02 2.182382790667357497e+01
2.641934789831782204e+00 1.778405014700361417e-03 2.950481220657276822e+02 2.131085803822906044e+01
2.648176773767660031e+00 1.853093332118325998e-03 2.947068771138669945e+02 2.191838131801052114e+01
2.654514065851063087e+00 1.823524830511773481e-03 2.930847457627118615e+02 2.153320202895615054e+01
2.660817448321032508e+00 1.798052776896779401e-03 2.930477815699658777e+02 2.056740744713055946e+01
2.667123571907564994e+00 1.844852426740933296e-03 2.935244444444444412e+02 2.116821481652429782e+01
2.673472329675100401e+00 1.839448802019330543e-03 2.956124031007751682e+02 2.268406814009970773e+01
2.679761377760365715e+00 1.786299887381436651e-03 2.981753393665158569e+02 2.287324895598930397e+01
2.686129035698236578e+00 1.877272974428747035e-03 2.928112407211028767e+02 4.637208557256153085e+01
2.692300573720700196e+00 1.798376592015874225e-03 2.989169472502806002e+02 2.678443630370980344e+01
2.698561328278970439e+00 1.798779619418457414e-03 3.003489167616875761e+02 2.154424739119480137e+01
2.704947056964875252e+00 1.860594623228957294e-03 2.984393258426966327e+02 2.185744577636379660e+01
2.711339925705444909e+00 1.826229981736538378e-03 2.973888888888889142e+02 2.175448874025300228e+01
2.717643416720191052e+00 1.774618570520191145e-03 2.976551312649164629e+02 2.072351770904886692e+01
2.723934694222051256e+00 1.823763048442502126e-03 2.983128689492326089e+02 2.095231000830373347e+01
2.730274673678132036e+00 1.841398355898408350e-03 3.005548996458087458e+02 2.091901944021659787e+01
2.736591263199737778e+00 1.788312012670147501e-03 3.028609756097561103e+02 2.131743281216967389e+01
2.742885231028380222e+00 1.844652457607765493e-03 3.046163069544364248e+02 2.141521217240067543e+01
2.749161241756704843e+00 1.804773587711254630e-03 3.103574938574938642e+02 2.113462541951599505e+01
2.755398232824302962e+00 1.776157869081165970e-03 3.184250309789343305e+02 2.109198710308924518e+01
2.761751565609168679e+00 1.857903093933079139e-03 3.333715651135005942e+02 2.363175310586182576e+01
2.768124311574730267e+00 1.813883183384283311e-03 3.664024539877300413e+02 3.301567572555100583e+01
2.774423663616722546e+00 1.776295681999270643e-03 4.177790262172284770e+02 4.500458662527291409e+01
2.780754869867226198e+00 1.842436817654598789e-03 4.774141291108404630e+02 5.020215661608086322e+01
2.787077464795406190e+00 1.805278297034774168e-03 5.395287499999999454e+02 4.729615295534088659e+01
2.793346642012575654e+00 1.793644434711254678e-03 5.899394703656998900e+02 4.501801564619666607e+01
2.799634253246212179e+00 1.838111547031318375e-03 6.210533498759305076e+02 4.644498011408797566e+01
2.805924842988945844e+00 1.808245895551135627e-03 6.400568181818181301e+02 4.921279936370336117e+01
2.812167973206011862e+00 1.789098639402584082e-03 6.441253196930946388e+02 5.089766881227471629e+01
2.818496662748549042e+00 1.874446068014908040e-03 6.417212713936430646e+02 5.129992554398129556e+01
2.824858807967614460e+00 1.791571154666717633e-03 6.406076433121019136e+02 5.203379305899476748e+01
2.831150482550185643e+00 1.815112775054883139e-03 6.369075949367088469e+02 4.978341905384036892e+01
2.837475400148095517e+00 1.850316795954077458e-03 6.333511830635118258e+02 5.012738837655012247e+01
2.843805018276897911e+00 1.786824753329564535e-03 6.333440308087291442e+02 5.045501744457696702e+01
2.850131561922547352e+00 1.845583173970813699e-03 6.316029962546816705e+02 5.138296345667081511e+01
2.856484494638581229e+00 1.841115527677602507e-03 6.284881693648817418e+02 5.345916058342431398e+01
2.862782859862781137e+00 1.780809355167121575e-03 6.217257653061224119e+02 5.390753806128821424e+01
2.869068523143336158e+00 1.847699945098150954e-03 6.099202453987729768e+02 5.464600789977239970e+01
2.875378514069953706e+00 1.802909528894259443e-03 6.005093632958801209e+02 5.510370077521394450e+01
2.881671995666307051e+00 1.819305449905813353e-03 5.884086956521739467e+02 5.900564188022195822e+01
2.887980092673573917e+00 1.848812746508326317e-03 5.726482843137255259e+02 7.151536159094267475e+01
2.894292086458025270e+00 1.795011172749967111e-03 5.575062814070352033e+02 8.913106826603274158e+01
2.900588101801901963e+00 1.834444505730529681e-03 5.286687268232385577e+02 1.169078529906011141e+02
2.906894294921833044e+00 1.834235081131648307e-03 5.084894671623296176e+02 1.304246621733065012e+02
2.913143215321425394e+00 1.775388414920497622e-03 4.870896286811779987e+02 1.382798791870713160e+02
2.919469846096636179e+00 1.902110692867622259e-03 4.538429256594724279e+02 1.450650572080204483e+02
2.925831071463227850e+00 1.799019204260941503e-03 4.342868020304568404e+02 1.309106985771533687e+02
2.932125236913744715e+00 1.849572311535908030e-03 4.009357231149567156e+02 1.135109737147800075e+02
2.938426190430696305e+00 1.829943172517629413e-03 3.832059925093632842e+02 9.210559684580888984e+01
2.944698497868602605e+00 1.792371922793937686e-03 3.872817258883248996e+02 7.635120178114239309e+01
2.951032364443879619e+00 1.872648010744969562e-03 4.056553398058252355e+02 6.797497194181912050e+01
2.957349976869245278e+00 1.772646084934545842e-03 4.409923273657288973e+02 5.696127533544932220e+01
2.963641534615172990e+00 1.843499637433317897e-03 4.674370370370370438e+02 4.854259585409736388e+01
2.969974563050315375e+00 1.835483252247156055e-03 4.868496894409938136e+02 4.245350634966585801e+01
2.976261971728969780e+00 1.784595762971840369e-03 4.974043367346938567e+02 3.944552284402587361e+01
2.982555079221103078e+00 1.856376802478345786e-03 4.983488372093023031e+02 4.018104576131815264e+01
2.988860230475899549e+00 1.767956570045068222e-03 4.987183098591549424e+02 4.028755072290692141e+01
2.995178874680174186e+00 1.856934622757372335e-03 4.937616136919315295e+02 4.140639244500837890e+01
3.001496400543723020e+00 1.797819739674591305e-03 4.926210392902407875e+02 4.187906288917384501e+01
3.007822553902104179e+00 1.849516356328991537e-03 4.873663366336633658e+02 4.707055651319325307e+01
3.014155913686516808e+00 1.844070628166239031e-03 4.818273291925465855e+02 5.358036659617093989e+01
3.020427983220980828e+00 1.780401570183770890e-03 4.764666666666666401e+02 5.881824023732252726e+01
3.026726854870708916e+00 1.864734463497724846e-03 4.929914425427872970e+02 4.597022714762413216e+02
3.033042693621903041e+00 1.790509691971886499e-03 6.618405612244897611e+02 2.611025183977685174e+03
3.039417687211595442e+00 1.892848977299335135e-03 6.846219806763284623e+02 3.440490983755353227e+03
3.045771113053035606e+00 1.809002971513908259e-03 4.789138149556400776e+02 1.054057592439332439e+03
3.052089874155329063e+00 1.844438578281415919e-03 3.926364764267989926e+02 1.319992251465596951e+02
3.058386304167925118e+00 1.824217551217444024e-03 3.677744360902255494e+02 1.287572621157121944e+02
3.064635661305841197e+00 1.781811879387494579e-03 3.497128205128204854e+02 1.307426684938452581e+02
3.070942258104439215e+00 1.879278577764203085e-03 3.216678787878788057e+02 1.372239340669406999e+02
3.077306102136554866e+00 1.789896323379901438e-03 3.044853875476492817e+02 1.331469226383449893e+02
3.083610248093582751e+00 1.842323938384468965e-03 2.804600246002460153e+02 1.305088650282123979e+02
3.089899276602742884e+00 1.781295098450355954e-03 2.676101910828025439e+02 1.227596809713247836e+02
3.096219282790054539e+00 1.849962857272845727e-03 2.432414215686274588e+02 1.127688219658447792e+02
3.102516781183005889e+00 1.793151767743564459e-03 2.281292775665399120e+02 9.875381267104015137e+01
3.108846425703184035e+00 1.844538984569745127e-03 2.052902829028290341e+02 8.107312829938322807e+01
3.115155056293756886e+00 1.812510444856532069e-03 1.887540777917189416e+02 6.305521821146183470e+01
3.121484332076036150e+00 1.832521331068808152e-03 1.775186104218362289e+02 5.010399531691301434e+01
3.127777573742708483e+00 1.818133687887086257e-03 1.726795511221945105e+02 4.343644602323126946e+01
3.134074710556275623e+00 1.800750836428910992e-03 1.725283732660781766e+02 3.943050041713900811e+01
3.140350968701055567e+00 1.840082388152106639e-03 1.706847290640394021e+02 3.811442416294298852e+01
3.146669598331559570e+00 1.795769837056059460e-03 1.717398989898989896e+02 3.704086194188268166e+01
3.152959210157879166e+00 1.842768641532451131e-03 1.690822085889570587e+02 3.823396771723553655e+01
3.159264892205651432e+00 1.791857333635609589e-03 1.704898734177215260e+02 3.791195511088916703e+01
3.165581888857809112e+00 1.858342078644047027e-03 1.669283980582524407e+02 3.860170817004111399e+01
3.171905560319084216e+00 1.782720971754531017e-03 1.687211660329531071e+02 3.864228358581561906e+01
3.178180461481988406e+00 1.828434529921516482e-03 1.650368550368550302e+02 4.035207357464880573e+01
3.184506679420991304e+00 1.810619157308176325e-03 1.657160647571606376e+02 4.284588180424462678e+01
3.190846230582273346e+00 1.831490456789015321e-03 1.599914425427872970e+02 4.513951385349108136e+01
3.197132365687451294e+00 1.780884113596707067e-03 1.585949367088607573e+02 4.337643551315945700e+01
3.203454230992797136e+00 1.862619862555806765e-03 1.525018094089264196e+02 4.337273230074353592e+01
3.209790152929830498e+00 1.796864404628749357e-03 1.520113207547169907e+02 4.281959977713670185e+01
3.216105270782768422e+00 1.849581865447865814e-03 1.470121359223300885e+02 4.410112071172308390e+01
3.222383723154825574e+00 1.773184836801974633e-03 1.482055837563451917e+02 4.417401705770316056e+01
3.228652903688512765e+00 1.829814433570467642e-03 1.461437271619975604e+02 4.535958891841725915e+01
3.234977992221026444e+00 1.801123950508762587e-03 1.516281094527363109e+02 4.540244904351560962e+01
3.241301441286830176e+00 1.830570155328411054e-03 1.525358444714459267e+02 4.580015265820257753e+01
3.247581817024004280e+00 1.774748969754167847e-03 1.570783817951959520e+02 4.404155919609195990e+01
3.253885986942128827e+00 1.868811343678552150e-03 1.567952095808383319e+02 4.399475711888383245e+01
3.260235987169183947e+00 1.804603356501592029e-03 1.587274999999999920e+02 4.287428312082901272e+01
3.266546856392692710e+00 1.857627301288636550e-03 1.558365384615384528e+02 4.205350309211811322e+01
3.272886904023045052e+00 1.792569475559808913e-03 1.565637499999999989e+02 4.152043642141783408e+01
3.279153478698136670e+00 1.837211362056317054e-03 1.534084848484848465e+02 4.152316256261198646e+01
3.285516195699416553e+00 1.819318898053023329e-03 1.533832923832923711e+02 4.146645125806034571e+01
3.291677990232397821e+00 1.824817096246810931e-03 1.554560943643512587e+02 4.214197334921738047e+01
3.298068987764390059e+00 1.863784166448585874e-03 1.583054794520547830e+02 3.909744033175831390e+01
3.304430978840338096e+00 1.814787339162488022e-03 1.578110465116278931e+02 3.820692678684942933e+01
3.310737564052387061e+00 1.817945227602999880e-03 1.573065476190476204e+02 3.754917723359308468e+01
3.317033906120231190e+00 1.800198345421728579e-03 1.546702619414483877e+02 3.783803180293872259e+01
3.323313479518194669e+00 1.810036704891648416e-03 1.520736677115987447e+02 3.902084506999953106e+01
3.329645772824664451e+00 1.853775369266378323e-03 1.507410296411856336e+02 4.013883379074739821e+01
3.335990548707715053e+00 1.826590486813650920e-03 1.468796147672552195e+02 4.112496811870551738e+01
3.342268739174953929e+00 1.807641793864574143e-03 1.444796084828711287e+02 4.191032675762262016e+01
3.348554594221377023e+00 1.807536448754866812e-03 1.420065789473684106e+02 4.273911026782678135e+01
3.354810866618635590e+00 1.798386852034845364e-03 1.401457286432160743e+02 4.351499996173143359e+01
3.361143554435736203e+00 1.860575678898459748e-03 1.409622950819672269e+02 4.537427405519574819e+01
3.367505271257411170e+00 1.829077091643749146e-03 1.382449324324324209e+02 4.512646886375035393e+01
3.373804785089639324e+00 1.803149868685275390e-03 1.362218370883882130e+02 4.516355462877912430e+01
3.380079784639911100e+00 1.805631642174917659e-03 1.330755711775044006e+02 4.439059785047873419e+01
3.386416571036835244e+00 1.843579116849991192e-03 1.319119718309859195e+02 4.367093480527427118e+01
3.392732849186819166e+00 1.821713749179523084e-03 1.305970961887477415e+02 4.236765777688516010e+01
3.399077842768783331e+00 1.840157085703132342e-03 1.285634057971014386e+02 4.024148897779726042e+01
3.405368445234043140e+00 1.771416845865005909e-03 1.320038167938931224e+02 3.976044670884665777e+01
3.411642977450664915e+00 1.840004348347408980e-03 1.407124060150376010e+02 3.991804834527965085e+01
3.417946432239648225e+00 1.816648589106147462e-03 1.520155339805825179e+02 3.889123222782125566e+01
3.424268333461439884e+00 1.838339958730071926e-03 1.612321083172147098e+02 3.571235229715667003e+01
3.430601598134079389e+00 1.799761940178920376e-03 1.672204408817635226e+02 3.222319992046109860e+01
3.436922606236269218e+00 1.844213366763177700e-03 1.700660000000000025e+02 3.224111933540769570e+01
3.443269856433799347e+00 1.834668830692703879e-03 1.686564417177914095e+02 3.064110270786613199e+01
3.449516618902171317e+00 1.769622948488585408e-03 1.677799145299145209e+02 2.791654654054181961e+01
3.455771942280530862e+00 1.817195070858158281e-03 1.660909090909090935e+02 2.674897725093029877e+01
3.462154010515302804e+00 1.866018191136946868e-03 1.668080168776371295e+02 2.900015777465965883e+01
3.468478914699885340e+00 1.799468636805881495e-03 1.631042128603104118e+02 2.697930578415943970e+01
3.474737530089159865e+00 1.798535080277152308e-03 1.609887892376681577e+02 2.641535821508011850e+01
3.481027808853469629e+00 1.828779808500339806e-03 1.612104072398190056e+02 2.869162941509368281e+01
3.487370903609774420e+00 1.855504762412056021e-03 1.560135746606334806e+02 2.931487399581850539e+01
3.493710577164840458e+00 1.791815171782784382e-03 1.507446808510638334e+02 3.216862964696372273e+01
3.499981309375833849e+00 1.817721919481020843e-03 1.460835322195704009e+02 3.608165493933420009e+01
3.506294281862427642e+00 1.840208171226962808e-03 1.394748201438848980e+02 3.921965018033380801e+01
3.512643170548069183e+00 1.819719049123772565e-03 1.326068796068796019e+02 4.033659691465432928e+01
3.518887929185086527e+00 1.780316295825717758e-03 1.288307692307692207e+02 4.056699623378531072e+01
3.525201780775713889e+00 1.871585280235478531e-03 1.257121588089329975e+02 4.133162868768647513e+01
3.531587235286628879e+00 1.812415240060859375e-03 1.224895833333333286e+02 3.994170387097074126e+01
3.537791204901774123e+00 1.765649031450039182e-03 1.223869209809264333e+02 3.763091387224324080e+01
3.544104483213670331e+00 1.881636984785636617e-03 1.214687500000000000e+02 3.560690672665381840e+01
3.550526160049383151e+00 1.823753900979235669e-03 1.219316939890710358e+02 3.113311908473963996e+01
3.556826252644191833e+00 1.805941154371571225e-03 1.238647887323943593e+02 2.563609771494848388e+01
3.563110991539715666e+00 1.831382697511484874e-03 1.277244318181818130e+02 2.138499861296822147e+01
3.569418747584309326e+00 1.819035597463529485e-03 1.299622093023255900e+02 1.491336131552576028e+01
3.575721219182565580e+00 1.815191134896390569e-03 1.328991097922848610e+02 1.110690816694152439e+01
3.582041784633743120e+00 1.836067019019354488e-03 1.352462462462462440e+02 9.973095045518675761e+00
3.588351193306853926e+00 1.816205673054769026e-03 1.355294117647058840e+02 8.992945291475972880e+00
3.594644124218077774e+00 1.816162507538995278e-03 1.354227129337539566e+02 9.229082270614044958e+00
3.600965899690116157e+00 1.832434222657099978e-03 1.341533546325878490e+02 9.631018898497794467e+00
3.607301933810233674e+00 1.823864462282996299e-03 1.317081967213114808e+02 1.044152141808469914e+01
3.613589615564896995e+00 1.801875725405921403e-03 1.301661016949152554e+02 1.150814407553191288e+01
3.619872304563952703e+00 1.819848024125704684e-03 1.279484536082474193e+02 1.450538177856874889e+01
3.626184481674183946e+00 1.827760715362539709e-03 1.233087719298245588e+02 1.616191503787832673e+01
3.632455309189269510e+00 1.797655079431180383e-03 1.188649635036496335e+02 1.797147665164585817e+01
3.638754857574894697e+00 1.841922947680418475e-03 1.135948905109489004e+02 1.919850470694469990e+01
3.645110863435991444e+00 1.833895812584415653e-03 1.066616541353383525e+02 2.148388192179799816e+01
3.651399341121458253e+00 1.797724079201825547e-03 1.007411764705882291e+02 2.235872061508110420e+01
3.657684783062496781e+00 1.823089633617003442e-03 9.428968253968254487e+01 2.155687777930367943e+01
3.663989311092172851e+00 1.817352227903809700e-03 8.818852459016393652e+01 2.018617409424801323e+01
3.670338462676961733e+00 1.852037082036360515e-03 8.278099173553718515e+01 1.704783905184707393e+01
3.676667454351053799e+00 1.802731285318214709e-03 8.027074235807860703e+01 1.416858643461907263e+01
3.682957402673964431e+00 1.831301914300888494e-03 7.943805309734513287e+01 1.138331934351191244e+01
3.689264510226057059e+00 1.810576500315507495e-03 8.067741935483870463e+01 8.397963538033817343e+00
3.695607159299667099e+00 1.851070780809128090e-03 8.356744186046510947e+01 7.087604487522719765e+00
3.701906411334345837e+00 1.786914693256676148e-03 8.716417910447761130e+01 6.371870032004714801e+00
3.708163258087520564e+00 1.825159420261267002e-03 8.919095477386935045e+01 6.836178762084125005e+00
3.714507337749332283e+00 1.833043865117713490e-03 8.967357512953367404e+01 5.482949930404912742e+00
3.720870273368275249e+00 1.842023606415223082e-03 9.032620320855615148e+01 4.924796913474294158e+00
3.727157013165883104e+00 1.785929560704693081e-03 8.896571428571428442e+01 5.200417565652097451e+00
3.733414267292576749e+00 1.823616893326991065e-03 8.878488372093023884e+01 5.479255583772173033e+00
3.739747614563589284e+00 1.832601406324968355e-03 8.956024096385542066e+01 5.241434683185913990e+00
3.746091684029914770e+00 1.828992002129592063e-03 8.925157232704403043e+01 4.563451109959346219e+00
3.752406222021260618e+00 1.812401454337024109e-03 8.774834437086092009e+01 4.983539415155434860e+00
3.758712131096641595e+00 1.823143945980814458e-03 8.636551724137930819e+01 5.572093708799528144e+00
3.765000355804634324e+00 1.809969724265664184e-03 8.412408759124087965e+01 6.699501342452235164e+00
3.771324791207556704e+00 1.846593531196991230e-03 8.153383458646617044e+01 7.849444010264736704e+00
3.777640884128447674e+00 1.800430178895984180e-03 7.808130081300812719e+01 9.228476736024253668e+00
3.783890033752419058e+00 1.812352582976840126e-03 7.490598290598290987e+01 8.198849093128604437e+00
3.790205950757557840e+00 1.839564216382759279e-03 7.233035714285713880e+01 6.675586613373616807e+00
3.796547481197723339e+00 1.823144808823023381e-03 7.078846153846153300e+01 5.827763965727909223e+00
3.802839460639445335e+00 1.822115437231795494e-03 7.072164948453608702e+01 4.379198940030120113e+00
3.809162628389719529e+00 1.835235423465040759e-03 7.019780219780220420e+01 3.276015676137812083e+00
3.815477698903783743e+00 1.813833779597889004e-03 6.997590361445783458e+01 2.763635877458022527e+00
3.821777178949230969e+00 1.830898415393102585e-03 7.003896103896103398e+01 2.943013028734278169e+00
3.828076951026545771e+00 1.795694771849016581e-03 6.972463768115942173e+01 3.264860681545428633e+00
3.834316772867639944e+00 1.791896653628349866e-03 6.791935483870967971e+01 3.342097393014042073e+00
3.840583618544390898e+00 1.820001018717854217e-03 6.783928571428570820e+01 3.415805848088667052e+00
3.846911872181034475e+00 1.824281646184678762e-03 6.942857142857143060e+01 3.805014337789960788e+00
3.853313008086272973e+00 1.880829953221405115e-03 6.848837209302325846e+01 4.015182112755764088e+00
3.859656947796285653e+00 1.787945514535103963e-03 6.605882352941176805e+01 2.100008238573392916e+00
3.865825284683709118e+00 1.773175751446867720e-03 6.525925925925925242e+01 2.711050393977051165e+00
3.872064552013789740e+00 1.858490478498285668e-03 6.342857142857143060e+01 3.440455593940656254e+00
3.878243048288448236e+00 1.738115315901965106e-03 6.315384615384615330e+01 3.098959550535951735e+00
3.884441558101385361e+00 1.990091083924331716e-03 6.600000000000000000e+01 3.664501525251617320e+00
