# q qerr I(q) I(q)err
6.111313073595031620e-02 3.154100855865873791e-03 3.250000000000000000e+01 1.050564716945032373e+01
6.800242608866982619e-02 2.110752812487300123e-03 5.850000000000000000e+01 1.290994448735805555e+01
7.478812129850326285e-02 1.894856213165734514e-03 6.988888888888888573e+01 2.370836181082713523e+01
8.081736842982174818e-02 1.577734731020807597e-03 7.266666666666667140e+01 2.330633358521209431e+01
8.706192866790804508e-02 2.018057842609979804e-03 7.861538461538461320e+01 2.143270740586830669e+01
9.311361532868518698e-02 1.734318039620741251e-03 7.566666666666667140e+01 1.944293644946096578e+01
9.924832822165428892e-02 1.939409616079583844e-03 7.206250000000000000e+01 2.125588153899997579e+01
1.056867454532435108e-01 2.068262530006435406e-03 6.808333333333332860e+01 2.349637974478433122e+01
1.120935416356093062e-01 1.699923986068800717e-03 5.965384615384615330e+01 2.201008375682038931e+01
1.177168722532570266e-01 1.903764278506084144e-03 6.140625000000000000e+01 2.262266907882445111e+01
1.242406998858587575e-01 2.007415885574503726e-03 6.125000000000000000e+01 1.682313458136911066e+01
1.307844605212421796e-01 1.948859987027574741e-03 6.242857142857143060e+01 1.456670091373486287e+01
1.372938405551752672e-01 1.976444694498947011e-03 6.109677419354838435e+01 1.360716894971994861e+01
1.433626874055373979e-01 1.479129257371093872e-03 5.824000000000000199e+01 1.289465005341362591e+01
1.497414395840910573e-01 2.132896554945924294e-03 5.845945945945945965e+01 1.083244457031202046e+01
1.562016171858009728e-01 1.470810848565314282e-03 5.648148148148148096e+01 1.070690712028009095e+01
1.620883487451751925e-01 1.817360580555445800e-03 5.663636363636363313e+01 1.029603149095853887e+01
1.684939590642719198e-01 1.975568076388520972e-03 5.564864864864864558e+01 1.036115547281871407e+01
1.749358117034872373e-01 1.810730169671130639e-03 5.657142857142856940e+01 1.026108161542278019e+01
1.813634234827302405e-01 1.982290824745188643e-03 5.626829268292682684e+01 9.929405790158222445e+00
1.877608813777307539e-01 1.710969833005861022e-03 5.524324324324324209e+01 1.086284773530310765e+01
1.936838392192468117e-01 1.708352888559126238e-03 5.481578947368421240e+01 1.047117134626689783e+01
1.998200724089964908e-01 1.901042836663710675e-03 5.502325581395349019e+01 9.934670322592721092e+00
2.064988844748374130e-01 2.083185659227047067e-03 5.422916666666666430e+01 1.176745895585694157e+01
2.131062600015138364e-01 1.923054290541973939e-03 5.544680851063829863e+01 9.864037227271852615e+00
2.193208008558340527e-01 1.649587748772136844e-03 5.541860465116278789e+01 1.021385711819661246e+01
2.255197753110727010e-01 1.943898002345461392e-03 5.654901960784313530e+01 1.039341464826404859e+01
2.319084130262620835e-01 1.853433278599466881e-03 5.664000000000000057e+01 1.081680174543288864e+01
2.380456302514551703e-01 1.717913041466973250e-03 5.710416666666666430e+01 1.057471762165674889e+01
2.441826744061198484e-01 1.910984005326162374e-03 5.727272727272727337e+01 9.661716220764223095e+00
2.508567628905887248e-01 1.865639566994751813e-03 5.291935483870967971e+01 1.380714876141613701e+01
2.571616352083493928e-01 2.042758540577210586e-03 5.164634146341463605e+01 1.343384433831683644e+01
2.636090936505812721e-01 1.759536909171210452e-03 5.202597402597402265e+01 1.200323226272446320e+01
2.696276322290375727e-01 1.767913466712890637e-03 5.288750000000000284e+01 1.099254008407519834e+01
2.756934411426098519e-01 1.847457432374286813e-03 5.398809523809524080e+01 9.764474110187709499e+00
2.820483295007140123e-01 1.942127748479487680e-03 5.440449438202247023e+01 9.262612231729468348e+00
2.885873542857223528e-01 1.999902870285049771e-03 5.465263157894737134e+01 9.008878353972590958e+00
2.950059364807982032e-01 1.753155416080761590e-03 5.440697674418604635e+01 9.121379683671428040e+00
3.012776628394395750e-01 1.916275679195857595e-03 5.503157894736842337e+01 9.288327050151805153e+00
3.076468654533095481e-01 1.858480647863890167e-03 5.512903225806451957e+01 9.261772888855841046e+00
3.139397285054469910e-01 1.849733180513128640e-03 5.613829787234042357e+01 9.315590013138873360e+00
3.202097007249891103e-01 1.889977811219999311e-03 5.668367346938775597e+01 8.980635375356591510e+00
3.264390569218261762e-01 1.757358001834326191e-03 5.688172043010752787e+01 8.306352437031907954e+00
3.326951465344144543e-01 1.930481388006281569e-03 5.763461538461538680e+01 7.549675234991644501e+00
3.390239669727912464e-01 1.785238221274862988e-03 5.792857142857143060e+01 7.525757519284490549e+00
3.452290355408559885e-01 1.822729964848564038e-03 5.861764705882352899e+01 7.323549098327742257e+00
3.515217579766085620e-01 1.894166946962649433e-03 5.936190476190476062e+01 7.744496985607953299e+00
3.581115149106128270e-01 1.984833837990382030e-03 6.001769911504424471e+01 8.180476596932738431e+00
3.646365217867122976e-01 1.807385512883236643e-03 6.046728971962616583e+01 8.260424059478676639e+00
3.707522342694583029e-01 1.646676631311451595e-03 6.021999999999999886e+01 8.181307963889393520e+00
3.768404479121448269e-01 1.835047814059704218e-03 6.114414414414414267e+01 7.836641722959814871e+00
3.831651369708888866e-01 1.834489868729198949e-03 6.135135135135135442e+01 7.565121869920179876e+00
3.894643253735652899e-01 1.853753096359237081e-03 6.146902654867256643e+01 7.044492369125255671e+00
3.958807651630259494e-01 1.912159574900255954e-03 6.166666666666666430e+01 6.601977818132315434e+00
4.022473572087105209e-01 1.746533598099251966e-03 6.170270270270270174e+01 6.267959344265757515e+00
4.083991683103055381e-01 1.862831917861469243e-03 6.226890756302520913e+01 6.209009356528944146e+00
4.147868792651558945e-01 1.850918924272050396e-03 6.288429752066115697e+01 6.266310593401395401e+00
4.211381020132339281e-01 1.813003092898375071e-03 6.392561983471074427e+01 6.071377230410167414e+00
4.273404438934948479e-01 1.765577699919095717e-03 6.504201680672268537e+01 6.120520610561805519e+00
4.337195733954657406e-01 1.911235613422362228e-03 6.603846153846153300e+01 5.912728222198768258e+00
4.400834723796714920e-01 1.795304431444431784e-03 6.600806451612903913e+01 5.953448444985207644e+00
4.463380503116383125e-01 1.781136916513354146e-03 6.591269841269841834e+01 6.308190934388512083e+00
4.525475293404462862e-01 1.782735370135076804e-03 6.604724409448819245e+01 5.991965604649581500e+00
4.588781844142776345e-01 1.863542184770878652e-03 6.491044776119403537e+01 5.615700153644088033e+00
4.652813857520213814e-01 1.809454061223974295e-03 6.333082706766917624e+01 5.344362806283802669e+00
4.715886271752884884e-01 1.786725641485754782e-03 6.179104477611940638e+01 5.158633032595075996e+00
4.778700308571910971e-01 1.749120838384908864e-03 6.160902255639097547e+01 4.758275889412553639e+00
4.841075358786299798e-01 1.812598873705853009e-03 6.139130434782608603e+01 4.266707033520449777e+00
4.904685449060671165e-01 1.813034819841214708e-03 6.072857142857142776e+01 4.197290185102665383e+00
4.967988078032400945e-01 1.775169993053363985e-03 6.068085106382978466e+01 4.166158109902988294e+00
5.030461340587593089e-01 1.710738770771227935e-03 6.042028985507246119e+01 4.046866275782321942e+00
5.093789740337634209e-01 1.844995629980458740e-03 6.075838926174496635e+01 3.934071104372518057e+00
5.157895609665918979e-01 1.772173611217854692e-03 6.013698630136986623e+01 3.790215648140718763e+00
5.220653538623039047e-01 1.710912446064493482e-03 5.981118881118881347e+01 3.780436655425841064e+00
5.282420832211931483e-01 1.776221308977217429e-03 5.962162162162162105e+01 3.650650101705722683e+00
5.345849814872509764e-01 1.797460663252185451e-03 5.961184210526315752e+01 3.899823314415219677e+00
5.409400198384390901e-01 1.769240412124692928e-03 6.008496732026144116e+01 3.769485663981210877e+00
5.471612929737256215e-01 1.671871176479489780e-03 6.055405405405405617e+01 3.814199662447021133e+00
5.535187503546902255e-01 1.843477994232445120e-03 6.101234567901234840e+01 3.707672770398136475e+00
5.599303633336802921e-01 1.774845713676194252e-03 6.101273885350318693e+01 4.216276666028923259e+00
5.661980099607780703e-01 1.715649351238413218e-03 6.144155844155844193e+01 3.686951001981213949e+00
5.724333289920446877e-01 1.764199560704661452e-03 6.226250000000000284e+01 3.882039975966245837e+00
5.786575496797814466e-01 1.687338640378493104e-03 6.383116883116883145e+01 4.108465728131477590e+00
5.849918082512260975e-01 1.882166412490617838e-03 6.577325581395348308e+01 4.101850286235085186e+00
5.913559560974818163e-01 1.673563701773732749e-03 6.733121019108280336e+01 4.218633431231078923e+00
5.976003341774964728e-01 1.789272139650604403e-03 6.866863905325443795e+01 4.118160405383747502e+00
6.039710484280985670e-01 1.760471037718898532e-03 6.952380952380951840e+01 4.152902435581138363e+00
6.103455122609070527e-01 1.778153705054047679e-03 7.008187134502924209e+01 4.664746266840635869e+00
6.165941547084902163e-01 1.709282904712068618e-03 6.979640718562873758e+01 4.834304965554206746e+00
6.227886440901039267e-01 1.708031916550016484e-03 6.950000000000000000e+01 4.630064794363033975e+00
6.292222757675741684e-01 1.895555695838723603e-03 6.865775401069518580e+01 4.390530653062599598e+00
6.355837393651907474e-01 1.609918394456906487e-03 6.720000000000000284e+01 4.186269041144929481e+00
6.417201133152361514e-01 1.735489606861494215e-03 6.553932584269662698e+01 3.787741941650499822e+00
6.480234646877054416e-01 1.746502386866512820e-03 6.329213483146067176e+01 3.563312689558728152e+00
6.543745591304535036e-01 1.808595843625667669e-03 6.121195652173913260e+01 3.582828652492201726e+00
6.607410482875138991e-01 1.776914150084337417e-03 5.989130434782608603e+01 3.549125268306590808e+00
6.669765730033264672e-01 1.670208017253243388e-03 5.863636363636363313e+01 3.131006623969173841e+00
6.731673103258457580e-01 1.796482171393593615e-03 5.785106382978723616e+01 2.837515442889675388e+00
6.795850853652600776e-01 1.822834825668488831e-03 5.722513089005235543e+01 2.655178189480744244e+00
6.858902177354958551e-01 1.747430487391250960e-03 5.659677419354838435e+01 2.614429396317979659e+00
6.921278880332987216e-01 1.765781770802452586e-03 5.610052910052910136e+01 2.482947638302665627e+00
6.985070946107704293e-01 1.847715388967816497e-03 5.578282828282828376e+01 2.417783905220992846e+00
7.048037128132643714e-01 1.757666077632949074e-03 5.539153439153439251e+01 2.404160843620896326e+00
7.109847861020758275e-01 1.767854622430342420e-03 5.506250000000000000e+01 2.470990544464574779e+00
7.172345948602801835e-01 1.822657136245004524e-03 5.516666666666666430e+01 2.617604219864388515e+00
7.236608500653414211e-01 1.906739358311473767e-03 5.518536585365853853e+01 2.744521339416111427e+00
7.299519259881649402e-01 1.814756391122580772e-03 5.481632653061224403e+01 2.775810307905193230e+00
7.362298620906445601e-01 1.872001608046580190e-03 5.413235294117647101e+01 2.757839826294689267e+00
7.427109241448597299e-01 1.961252361706546793e-03 5.374299065420560595e+01 2.648052958356273301e+00
7.489749171607754663e-01 1.795506848231544564e-03 5.355897435897436054e+01 2.715228440340649030e+00
7.553119902396251417e-01 1.968290517240121971e-03 5.370776255707762203e+01 2.602251015561543035e+00
7.617428847945948434e-01 1.878647625832918257e-03 5.362801932367149504e+01 3.260053574769741669e+00
7.679897535333021219e-01 1.889655825210407886e-03 5.372727272727272663e+01 2.365200071634613543e+00
7.742716946001383382e-01 1.890740870187222538e-03 5.314084507042253591e+01 2.915810465576103461e+00
7.806130493972306406e-01 1.874127862848933099e-03 5.270754716981132049e+01 2.752850556651279312e+00
7.869955317179381238e-01 1.962138593108325030e-03 5.241071428571428470e+01 2.428095410281188471e+00
7.933337815560531636e-01 1.823456314192357453e-03 5.231428571428571672e+01 2.366000672796495508e+00
7.995722808394026826e-01 1.873920736445982161e-03 5.226244343891402622e+01 2.583484549248881823e+00
8.059029702364099990e-01 1.855844282913126459e-03 5.207305936073059627e+01 2.678260279729615334e+00
8.122482529694946551e-01 1.899897789708842157e-03 5.192951541850220565e+01 2.536779464866429024e+00
8.185971333973350861e-01 1.831057107996742058e-03 5.198206278026906091e+01 2.244984758206616693e+00
8.248840800988579414e-01 1.805078930334647752e-03 5.195067264573990684e+01 2.557331912381468175e+00
8.311527541867054225e-01 1.843524136775542745e-03 5.161135371179039311e+01 2.877424426075840369e+00
8.375116084758876811e-01 1.829773299230467044e-03 5.156086956521738784e+01 3.112533356309594712e+00
8.438261475186588090e-01 1.817550564165925373e-03 5.166810344827586476e+01 2.997924619032821703e+00
8.500843452560248314e-01 1.755513946144033992e-03 5.211061946902654540e+01 3.300807847446905807e+00
8.563647400134730692e-01 1.844487251387733453e-03 5.246473029045642988e+01 3.395392862070319762e+00
8.626696591174244366e-01 1.710203360544058351e-03 5.343421052631578760e+01 3.976602274677408122e+00
8.689830853488446083e-01 1.844123492424595270e-03 5.553658536585366079e+01 5.794834859166644314e+00
8.753179752476163422e-01 1.741457950302257533e-03 6.087659574468084855e+01 1.076248367134262907e+01
8.815756228481118617e-01 1.752464905610253906e-03 6.962655601659750459e+01 1.913915156978610810e+01
8.877944678552249780e-01 1.716242394594354789e-03 7.978481012658227201e+01 2.829529415680598348e+01
8.941407927930166144e-01 1.839522330085644050e-03 8.429644268774703164e+01 3.078890663378579973e+01
9.005003621585947471e-01 1.752218829319661820e-03 8.472653061224490045e+01 2.948201832329033323e+01
9.067627482844141662e-01 1.720498064613873055e-03 8.233196721311475130e+01 2.547293988701543199e+01
9.130278025298368405e-01 1.789374596252915357e-03 7.738095238095237960e+01 2.014853666786714470e+01
9.193563827426239898e-01 1.786117629316656989e-03 7.367460317460317754e+01 1.654706995396697167e+01
9.256709965929463824e-01 1.773964252230773864e-03 6.967843137254901364e+01 1.346386737610190387e+01
9.319487846442510159e-01 1.740175819907428248e-03 6.607599999999999341e+01 1.115233285012601705e+01
9.382375230166524194e-01 1.835219923763222079e-03 6.191221374045801440e+01 8.917110477836134308e+00
9.445114335627492475e-01 1.754301698834087597e-03 5.802766798418972627e+01 6.505344106581828711e+00
9.507739483173833772e-01 1.796477233495237351e-03 5.531800766283524950e+01 4.461810437680113317e+00
9.571000001339345920e-01 1.844157663989784944e-03 5.531320754716981014e+01 3.741817226324044121e+00
9.634651872700409347e-01 1.860525514413665987e-03 5.989473684210526017e+01 6.690512688251783580e+00
9.697902983397413967e-01 1.869026222830578836e-03 7.609774436090225436e+01 1.919268700710108533e+01
9.761731987705594138e-01 1.898719003246270758e-03 1.140922509225092227e+02 3.898910747584920244e+01
9.824546988499620603e-01 1.850375251942234242e-03 1.822188679245282970e+02 5.667689038647395705e+01
9.887603507672997338e-01 1.885371791598095068e-03 2.717720588235293917e+02 7.139651189437331880e+01
9.951547945742836854e-01 1.923480157877882840e-03 3.434270462633451757e+02 8.674719234064328077e+01
1.001497743307979915e+00 1.816985016266823736e-03 3.867752808988764173e+02 9.929382290164167557e+01
1.007730073445106012e+00 1.872875193246743668e-03 4.008345323741007178e+02 1.049177345259763428e+02
1.014110590476311025e+00 1.881534321868284657e-03 4.052056737588652595e+02 1.054033670010697818e+02
1.020442888611849064e+00 1.823625195420996601e-03 4.027885304659498047e+02 1.111118025183714479e+02
1.026691701700078063e+00 1.782759485576686145e-03 3.902681159420289987e+02 1.139695552332236446e+02
1.033057845114525142e+00 1.884320384582664851e-03 3.525102040816326507e+02 1.076763224055082162e+02
1.039437792018165441e+00 1.793463056649077922e-03 3.018551236749116811e+02 1.034721743581873028e+02
1.045681248368910410e+00 1.745618337461533540e-03 2.308971631205673702e+02 8.495332291376742262e+01
1.051944871571292683e+00 1.801987856022948175e-03 1.546172413793103431e+02 5.915954847681798157e+01
1.058324809813473877e+00 1.829265674919061668e-03 9.268013468013468525e+01 2.981849091478859393e+01
1.064596602572098316e+00 1.714864743882408334e-03 6.132746478873239226e+01 1.124720203695070531e+01
1.070868750588993112e+00 1.792957436204007347e-03 5.050168350168350173e+01 4.453557894352894841e+00
1.077195490251847465e+00 1.798916779777443367e-03 4.722742474916388034e+01 2.823552721766567242e+00
1.083505800573759448e+00 1.740543057611223946e-03 4.608191126279863425e+01 2.583827386321676745e+00
1.089676915900379850e+00 1.748165881083384946e-03 4.538435374149659651e+01 2.492814422442230615e+00
1.096052400832523421e+00 1.863573573199493825e-03 4.461341853035143856e+01 2.603043844164321996e+00
1.102364289960501065e+00 1.744372504095847640e-03 4.400677966101694949e+01 2.730861427597951252e+00
1.108625070827478076e+00 1.829094711995288541e-03 4.353745928338761928e+01 2.670783338300719123e+00
1.114924075445366869e+00 1.842999932655674591e-03 4.231493506493506374e+01 4.451311726183259765e+00
1.121282665432693726e+00 1.762017027877181303e-03 4.310687022900763310e+01 3.056787282074164835e+00
1.127553932619258736e+00 1.851826979229859085e-03 4.290334572490706222e+01 2.982221381192294629e+00
1.133905639228342421e+00 1.803927404845938115e-03 4.272156862745097783e+01 3.141095688173263234e+00
1.140144523104706709e+00 1.820967272376473748e-03 4.277952755905511850e+01 3.023811714851732280e+00
1.146455214771981312e+00 1.831860927088285957e-03 4.257768924302789060e+01 2.812757468695997520e+00
1.152869066430118439e+00 1.902391342003174283e-03 4.219305019305019044e+01 3.012548107910167694e+00
1.159252377890596986e+00 1.791659613503928782e-03 4.212033195020747200e+01 2.971252795692331805e+00
1.165575291556828930e+00 1.872439892399787795e-03 4.223904382470119856e+01 2.838197350532243757e+00
1.171828433925186763e+00 1.747387590499659572e-03 4.242857142857143060e+01 3.139608710833701632e+00
1.178029580193284076e+00 1.845903894892485285e-03 4.238683127572016218e+01 3.079217935127088079e+00
1.184400904434957269e+00 1.829516060217846983e-03 4.218828451882845343e+01 3.195653089118050350e+00
1.190737654720273042e+00 1.816225366119703435e-03 4.188607594936708978e+01 2.938045309171352315e+00
1.196977477342464180e+00 1.780548390738201196e-03 4.158951965065502065e+01 2.899333131285007248e+00
1.203312963818603976e+00 1.874247930763579166e-03 4.159504132231405293e+01 3.040979813628672535e+00
1.209645773529357093e+00 1.750259837788138012e-03 4.149557522123893705e+01 3.029348443660503598e+00
1.215952225700388523e+00 1.837678281197498587e-03 4.148728813559321793e+01 2.670022815034858166e+00
1.222254898926581568e+00 1.775628514659025698e-03 3.922471910112359694e+01 5.426989554931878956e+00
1.228537298751265050e+00 1.780223345631782141e-03 4.013768115942028913e+01 3.830136882700492684e+00
1.234759587745337228e+00 1.795376270296014523e-03 4.020430107526881613e+01 3.711630050750989618e+00
1.241110555825225781e+00 1.895169703334604900e-03 4.001677852348993270e+01 3.782214154755966895e+00
1.247523323486311897e+00 1.874537877840588536e-03 3.961148648648648418e+01 3.656691585684013646e+00
1.253854431820907944e+00 1.857283623330970761e-03 3.946979865771812257e+01 3.635995467847192408e+00
1.260138295168494293e+00 1.856490137450314505e-03 3.930564784053156302e+01 3.539612591425906007e+00
1.266501421045549414e+00 1.881588491645209797e-03 3.950803858520900036e+01 3.384871744554139639e+00
1.272807251993681055e+00 1.824447191781883651e-03 3.934754098360655661e+01 3.227193978188598322e+00
1.279100636071537789e+00 1.831925956271344968e-03 3.937579617834394696e+01 3.129392122212571348e+00
1.285385940199903265e+00 1.796864974607813087e-03 3.928525641025640880e+01 3.241802994248329739e+00
1.291734086560349049e+00 1.833790085687247952e-03 3.919631901840490684e+01 3.263777734109697182e+00
1.297999116585571544e+00 1.712347548001254965e-03 3.872491909385113473e+01 3.257226490128895424e+00
1.304332283077917598e+00 1.862331657852500611e-03 3.861061946902654540e+01 3.461210416862153139e+00
1.310629912671008812e+00 1.689758514739712848e-03 3.836858974358974450e+01 3.465480305460487909e+00
1.316859893871710430e+00 1.807323329610554348e-03 3.839999999999999858e+01 3.214147829309771165e+00
1.323169508333509325e+00 1.772103529485381237e-03 3.842857142857143060e+01 3.064156939642595834e+00
1.329416719622044551e+00 1.761213072716576004e-03 3.833836858006042547e+01 2.955071981483721633e+00
1.335676763851219473e+00 1.808340606324402439e-03 3.811904761904762040e+01 2.959728280872865991e+00
1.342102166253144047e+00 1.916040745002256648e-03 3.783380281690141089e+01 3.126906480543965916e+00
1.348432554966731090e+00 1.804515701739407276e-03 3.772507552870090564e+01 3.123687373211406548e+00
1.354697325729501189e+00 1.895450207138361931e-03 3.780736543909348768e+01 3.288191687829870258e+00
1.361035554581970564e+00 1.836151892644552735e-03 3.775290697674418539e+01 3.323519953862310583e+00
1.367445372286436589e+00 1.911657172750392099e-03 3.783561643835616195e+01 3.304613878234254454e+00
1.373833054624600258e+00 1.794265400870382644e-03 3.839999999999999858e+01 3.328924620719847738e+00
1.380048052911932777e+00 1.791287036868802413e-03 4.039316239316239177e+01 3.650756761941631012e+00
1.386332670155489666e+00 1.806335848089170130e-03 4.410393258426966412e+01 4.317868032421896096e+00
1.392624520144640332e+00 1.796075039907524609e-03 4.941944444444444429e+01 4.366247859475040904e+00
1.398923000198597277e+00 1.771229759338340285e-03 5.446629213483146259e+01 4.087203171970847926e+00
1.405184482923453881e+00 1.808998902686751115e-03 5.758695652173913260e+01 3.854276403860197764e+00
1.411475199677901360e+00 1.734371386327675756e-03 5.908426966292135063e+01 3.989648184967967470e+00
1.417706081410672780e+00 1.817237095201347432e-03 5.952419354838709609e+01 4.068732878368713557e+00
1.424046144262549829e+00 1.816956160244514703e-03 6.001897018970189635e+01 4.267125921314220527e+00
1.430457268966005335e+00 1.925855730949348329e-03 6.045501285347043563e+01 4.313224042356358368e+00
1.436865665354877475e+00 1.843763745384080412e-03 6.095698924731182444e+01 4.469210322468968322e+00
1.443084111958556903e+00 1.831535442318516687e-03 6.076344086021505575e+01 4.907736441578509634e+00
1.449466238371406979e+00 1.910439897345804971e-03 5.996455696202531982e+01 4.690272280139935468e+00
1.455780432464144347e+00 1.769262236301017126e-03 5.830810810810810807e+01 4.508605520552466217e+00
1.462109939136078340e+00 1.873282905934200038e-03 5.606265664160400775e+01 4.477035875115531027e+00
1.468414112563870999e+00 1.734923018383166060e-03 5.292533333333333445e+01 4.636905481508595273e+00
1.474680891373796765e+00 1.804015195942032307e-03 4.899746192893400831e+01 4.345484535394757764e+00
1.480924591063775386e+00 1.742163032935032654e-03 4.425587467362924343e+01 3.514676485919226767e+00
1.487138550370334267e+00 1.742602934721402272e-03 4.056041131105398279e+01 3.075063794561061936e+00
1.493462591150057195e+00 1.833511633313982111e-03 3.824752475247525041e+01 3.175359591979873386e+00
1.499809278721849770e+00 1.805357266360340307e-03 3.736523929471032801e+01 3.486355390406420174e+00
1.506175762378094918e+00 1.888906516140883814e-03 3.693154034229829108e+01 3.505153268756370455e+00
1.512543466733061504e+00 1.879653113941155348e-03 3.691176470588235503e+01 3.738949500586416619e+00
1.518927121842702510e+00 1.865813122140227640e-03 3.681127450980392268e+01 3.826916862945146214e+00
1.525176469146275027e+00 1.826629940430822378e-03 3.680893300248138900e+01 3.655478493013905705e+00
1.531416651941075235e+00 1.798854978931840659e-03 3.694059405940593876e+01 3.739511686328972129e+00
1.537728221615372926e+00 1.856986876758172280e-03 3.695035460992907872e+01 3.836156161209784976e+00
1.544096010846849332e+00 1.769518617434322075e-03 3.685888077858880507e+01 3.977024638840986448e+00
1.550405005344789089e+00 1.809055686031393537e-03 3.687470449172576537e+01 4.116286640096318727e+00
1.556696834359960313e+00 1.740139413919524446e-03 3.695388349514563231e+01 4.152165673635595411e+00
1.562969221032702194e+00 1.804120915253569534e-03 3.718160377358490365e+01 4.028845904673285183e+00
1.569251838380229191e+00 1.803338776033149233e-03 3.751312649164677993e+01 3.737889252496948700e+00
1.575556094315494926e+00 1.863019847936644557e-03 3.829603729603729789e+01 4.009225753661318947e+00
1.581892448177514066e+00 1.865480693804838323e-03 3.935648148148148096e+01 4.559396669936401914e+00
1.588269483401412163e+00 1.861295980786164313e-03 4.109907834101382207e+01 5.041267192590651369e+00
1.594574325321363339e+00 1.830133252637398044e-03 4.310648148148148096e+01 5.144713290911264281e+00
1.600916934751582588e+00 1.832077894544300927e-03 4.459908883826879133e+01 5.000236605876384743e+00
1.607201343968552854e+00 1.780442356845074459e-03 4.531712962962962621e+01 4.997423032768982587e+00
1.613445462524496721e+00 1.775524639999344866e-03 4.599311926605504652e+01 4.827048330977932622e+00
1.619730849749851931e+00 1.787630240083115185e-03 4.726185101580135495e+01 4.691591617281630988e+00
1.625979803600224649e+00 1.755895091839796123e-03 5.060459770114942302e+01 4.413301577037583634e+00
1.632226613292544926e+00 1.821174808670054370e-03 5.628187919463087496e+01 4.110543299947201135e+00
1.638606704061473573e+00 1.894452323361247963e-03 6.205206073752711404e+01 4.493138321992458550e+00
1.645050487946952522e+00 1.887301666918968484e-03 6.533043478260869108e+01 5.403924569805139022e+00
1.651415996904310735e+00 1.851783837096881687e-03 6.653289473684210975e+01 5.851607867524313278e+00
1.657788871265904573e+00 1.852242853945953917e-03 6.664578833693305171e+01 6.028111803270562064e+00
1.664006124760511351e+00 1.741113674427757210e-03 6.659863945578231892e+01 6.205943647857574241e+00
1.670281873961185770e+00 1.842366346193471905e-03 6.690063424947146586e+01 6.682347203802437186e+00
1.676541801276667298e+00 1.721555322686186195e-03 6.710313901345291754e+01 6.981455054179647846e+00
1.682793682471841024e+00 1.824670227224382997e-03 6.702109704641350163e+01 6.837599284846359815e+00
1.689107465299970467e+00 1.791603935857043455e-03 6.797830802603036204e+01 6.179835901949548571e+00
1.695415952935033443e+00 1.877357617877282179e-03 7.193528183716075830e+01 5.624084990535850537e+00
1.701806617780016628e+00 1.875253898477295287e-03 7.718371607515658184e+01 6.252017077678639900e+00
1.708145235544118012e+00 1.851238026496159058e-03 8.106315789473684674e+01 7.004835686273432671e+00
1.714469347376187613e+00 1.845626368464784459e-03 8.246790890269150509e+01 7.594364328815650822e+00
1.720739519194126599e+00 1.771881702320935673e-03 8.160470085470085166e+01 7.698300728106987734e+00
1.726990948287859817e+00 1.820993782645452704e-03 7.880204081632652446e+01 7.262512074527180062e+00
1.733361150263370787e+00 1.784216608021570085e-03 7.432231404958677956e+01 7.074871333455211797e+00
1.739571674833123582e+00 1.760427731239605715e-03 7.008805031446540568e+01 7.456989171185369081e+00
1.745887440247851030e+00 1.853392121839796862e-03 6.728256513026052232e+01 8.491943710334286521e+00
1.752250177420427102e+00 1.860925844240075020e-03 6.596558704453441635e+01 6.395276053716691500e+00
1.758607387389414800e+00 1.864192030273802104e-03 6.531399999999999295e+01 6.094426306060319654e+00
1.764972322429467777e+00 1.851098948525789619e-03 6.494199999999999307e+01 5.967957774649550018e+00
1.771273520234028620e+00 1.808016239517707931e-03 6.413709677419355160e+01 5.862815868808303854e+00
1.777586992161852564e+00 1.807004964737956481e-03 6.324752475247525041e+01 5.340913803722933118e+00
1.783840233931820451e+00 1.746107465683986813e-03 6.170264765784114047e+01 5.210886537287682252e+00
1.790071520275328565e+00 1.795583184790444783e-03 5.961811023622047401e+01 5.146578156846884688e+00
1.796393698957722052e+00 1.819993601147859141e-03 5.637944664031620334e+01 5.067435695600940093e+00
1.802712928873270393e+00 1.883216042231023422e-03 5.231609195402298695e+01 4.894120508801839797e+00
1.809114577024696358e+00 1.850157529878445435e-03 4.732751937984495783e+01 4.592920222571170719e+00
1.815345782948464493e+00 1.803540499391122600e-03 4.340513833992094561e+01 3.622326403627814440e+00
1.821700705453981772e+00 1.863872113208649628e-03 4.138619402985074913e+01 3.617031651249329904e+00
1.828034416566336029e+00 1.759461126105644731e-03 4.077755905511811108e+01 3.817345857301742473e+00
1.834289862490237510e+00 1.817049905439401892e-03 4.056873822975517641e+01 4.041407567638518827e+00
1.840620947190598100e+00 1.780340576699249600e-03 4.042884615384615188e+01 3.931088162584480461e+00
1.846876290479544158e+00 1.833628160635640113e-03 4.037996219281663457e+01 3.865656932370467036e+00
1.853225331533147280e+00 1.864396810776891523e-03 4.027777777777777857e+01 3.806089446193820613e+00
1.859586416204100923e+00 1.843230203276794224e-03 4.019252336448597873e+01 4.074392934960143542e+00
1.865884580336470755e+00 1.827085395033201023e-03 4.008752327746741173e+01 3.768183457866005170e+00
1.872200528994375501e+00 1.799198018262535481e-03 4.013333333333333286e+01 3.688955822685924257e+00
1.878453452628845000e+00 1.760356359008985331e-03 4.009227871939736332e+01 3.757370815520814311e+00
1.884712324747962020e+00 1.805687576808031941e-03 3.997627737226277134e+01 3.701121324268580093e+00
1.891113706724730337e+00 1.861939656346446982e-03 3.970863309352517945e+01 3.729260924098534158e+00
1.897400945427566432e+00 1.833350088909791505e-03 3.950367647058823195e+01 3.779661205719009764e+00
1.903772875545957088e+00 1.875180743362649160e-03 3.935035211267605604e+01 3.797383801430922912e+00
1.910018917854334752e+00 1.739883276586547947e-03 3.936862003780718311e+01 3.596492649960523647e+00
1.916236012056648175e+00 1.833205283437960029e-03 3.969824561403508767e+01 3.551574024962186549e+00
1.922638163561010805e+00 1.793373418488206777e-03 4.011249999999999716e+01 3.592160362710520083e+00
1.928888348891847349e+00 1.792288115248428593e-03 4.096402877697841660e+01 3.966642520502875247e+00
1.935240631371640818e+00 1.865766417879262265e-03 4.316435986159169858e+01 5.415048583750453837e+00
1.941608872090050619e+00 1.856644915843207438e-03 4.843233743409490444e+01 1.047887466695955183e+01
1.947917338414854704e+00 1.837601359788319485e-03 5.789667250437828017e+01 1.793863837288004959e+01
1.954236834815996637e+00 1.805754229573221887e-03 6.975349650349650688e+01 2.444352691150042745e+01
1.960488135501994522e+00 1.772905664188001006e-03 8.443539823008849510e+01 2.664394292466475633e+01
1.966755922696415082e+00 1.810201296061439468e-03 1.037383820998278878e+02 2.386774995438725000e+01
1.973091583736556354e+00 1.814240900008777741e-03 1.272810344827586277e+02 1.801821264499708874e+01
1.979420480567132490e+00 1.865397302840512408e-03 1.475789473684210407e+02 1.627413489910674116e+01
1.985762243830389018e+00 1.849873766110382307e-03 1.566152542372881271e+02 1.715612644272641063e+01
1.992143605840229093e+00 1.840662096304069391e-03 1.604204355108877849e+02 1.896977632815327297e+01
1.998372952698491245e+00 1.738412627792555948e-03 1.627223198594024609e+02 2.047420464850420174e+01
2.004614638405731508e+00 1.821010887715033720e-03 1.634006622516556320e+02 2.106228701809707715e+01
2.010981699228176822e+00 1.807963355431743604e-03 1.630235690235690242e+02 2.151495813552883618e+01
2.017216781415232862e+00 1.822968187424302972e-03 1.636964586846542886e+02 2.345952199094674739e+01
2.023555507756473748e+00 1.866836436713831520e-03 1.613723577235772382e+02 2.233969460814999408e+01
2.029945947492921121e+00 1.842053164818473936e-03 1.607417763157894797e+02 2.188145395986869701e+01
2.036236367431154548e+00 1.802040352124230577e-03 1.594776859504132176e+02 2.173417259959288828e+01
2.042538823796997693e+00 1.786279422623429517e-03 1.575714285714285836e+02 2.199666769380567644e+01
2.048720173306640469e+00 1.747373060808409071e-03 1.532389830508474518e+02 2.267659670056638888e+01
2.055017041239767028e+00 1.892889576395914968e-03 1.474021909233176757e+02 2.567172802738034321e+01
2.061465280497128294e+00 1.850343878148330047e-03 1.356778846153846132e+02 2.615749674041558137e+01
2.067778354784032935e+00 1.826644103880053095e-03 1.219516908212560367e+02 2.721745504197796350e+01
2.074107962816127415e+00 1.810449409964311413e-03 1.069650793650793617e+02 2.694115270820203634e+01
2.080392027050733006e+00 1.757304311173108879e-03 9.292508143322476144e+01 2.597410006740684096e+01
2.086560915145909245e+00 1.789004268885935290e-03 7.746353322528362639e+01 2.262730572546160701e+01
2.092907509218693285e+00 1.897916204239676529e-03 5.997408536585366079e+01 1.576439206631212286e+01
2.099341076602548206e+00 1.841856996552926774e-03 4.434531249999999858e+01 7.649655961422380912e+00
2.105598503643897335e+00 1.780460926307301031e-03 3.690095846645367317e+01 3.175575815910931077e+00
2.111872942412509335e+00 1.813036870717739954e-03 3.420987654320987303e+01 2.473210372638181109e+00
2.118179840511383194e+00 1.773074262998883873e-03 3.338267716535433038e+01 2.392044599031281749e+00
2.124489700938873238e+00 1.854176769044688739e-03 3.327981651376146743e+01 2.752556052723990287e+00
2.130866139955553962e+00 1.876679961187130126e-03 3.392284417549167586e+01 3.141876612664254775e+00
2.137196345481136905e+00 1.803165093871285981e-03 3.521517027863777116e+01 3.522661379021655659e+00
2.143477781291089013e+00 1.808033309626025679e-03 3.666870229007633242e+01 3.796699470469525828e+00
2.149749346762158453e+00 1.787076492040512573e-03 3.788479262672811387e+01 3.788624788422855882e+00
2.156014428448592479e+00 1.811767013668930289e-03 3.856012176560121674e+01 3.665719120411147003e+00
2.162388958755252943e+00 1.899773100682969557e-03 3.892408759124087680e+01 3.668961674620389246e+00
2.168776559916051561e+00 1.828625003914755194e-03 3.966516516516516333e+01 4.011993467976061822e+00
2.175079146577416189e+00 1.799027495536281414e-03 4.208805970149253994e+01 5.984543840683666183e+00
2.181358965593887422e+00 1.775037425494343461e-03 4.729066265060240681e+01 9.623968632825491198e+00
2.187625576602315824e+00 1.830837683859201127e-03 5.538609467455621171e+01 1.380418936627870252e+01
2.193923842198696850e+00 1.837507381709080519e-03 6.656681350954478660e+01 1.604370759214464570e+01
2.200310743338333541e+00 1.859271066102410235e-03 8.274175035868005068e+01 1.460637313068803067e+01
2.206637920896229677e+00 1.789161753318371274e-03 9.942814814814815350e+01 9.771211936911889495e+00
2.212855268310565560e+00 1.778695396750237757e-03 1.120706921944035344e+02 6.979316957568396873e+00
2.219155297956861617e+00 1.826812665150635666e-03 1.187597122302158255e+02 8.837756775724946223e+00
2.225534449623195243e+00 1.883537061579874895e-03 1.207715091678420265e+02 1.042481010466942948e+01
2.231816049321749151e+00 1.789850136339156059e-03 1.209662261380323116e+02 1.122387254343337482e+01
2.238124350048766420e+00 1.838516226422660244e-03 1.216759776536312785e+02 1.090310951964350572e+01
2.244461256680506001e+00 1.769483755913013904e-03 1.226700434153400892e+02 1.070992614381406582e+01
2.250672411056880762e+00 1.815340560525242463e-03 1.228967001434720174e+02 1.120882127955506746e+01
2.256976265699253581e+00 1.875232856265233962e-03 1.224088397790055183e+02 1.205543092265598482e+01
2.263404067221236105e+00 1.844596500685106652e-03 1.214242424242424221e+02 1.277182448959640659e+01
2.269740131332425914e+00 1.784620609829179342e-03 1.199292786421499244e+02 1.305479655794670357e+01
2.275928662030326066e+00 1.770462641505800294e-03 1.181111111111111143e+02 1.373100575892495634e+01
2.282234771450446509e+00 1.859120215862977580e-03 1.159959349593495972e+02 1.433281260823053138e+01
2.288651494096741512e+00 1.861574731480084791e-03 1.125535956580732631e+02 1.472703633258692335e+01
2.294929189507614264e+00 1.787386468760323059e-03 1.081264044943820295e+02 1.490601407546557233e+01
2.301123790424945526e+00 1.773889529887621910e-03 1.022527777777777800e+02 1.551156590088604403e+01
2.307427473574251042e+00 1.823767960867003161e-03 9.383761840324763170e+01 1.612402672800113024e+01
2.313824548022820782e+00 1.807223345639351721e-03 8.515453194650817181e+01 1.721350428821512679e+01
2.320154992066300714e+00 1.861695907969135875e-03 7.424556213017751816e+01 1.794606821208923009e+01
2.326479049872378635e+00 1.797363522119922990e-03 6.210477657935285123e+01 1.663294389928707417e+01
2.332811122143054305e+00 1.834923033436536115e-03 4.910182370820668751e+01 1.335858498340117073e+01
2.339146829363451641e+00 1.809933127175767861e-03 3.723861852433280717e+01 8.492213499101753271e+00
2.345346999874724947e+00 1.788822558822959720e-03 2.968167202572347207e+01 4.219967223230892017e+00
2.351591514044208964e+00 1.821961582186779451e-03 2.650708661417322887e+01 2.445379765959553531e+00
2.357940827546205931e+00 1.821480796874143165e-03 2.551265822784809956e+01 2.332832320067669052e+00
2.364269371024037891e+00 1.822839816105960298e-03 2.520673076923077005e+01 2.421041065783287483e+00
2.370575565839220911e+00 1.828742917233826173e-03 2.485369774919614017e+01 2.479024608819993425e+00
2.376891771469677561e+00 1.815523241845057745e-03 2.451779935275081002e+01 2.252945575134604805e+00
2.383240749019818416e+00 1.833462819707767054e-03 2.455627009646302383e+01 2.340777489463117256e+00
2.389601619010945921e+00 1.828185711102788165e-03 2.509446254071661286e+01 2.531114403270151136e+00
2.395961259100775731e+00 1.812604844355751544e-03 2.578219395866454633e+01 3.395251234887620040e+00
2.402160007896914973e+00 1.807533258736503850e-03 2.726417910447761273e+01 3.662538161914561829e+00
2.408453972146052724e+00 1.793232887210479852e-03 2.941520467836257424e+01 3.494251142493599804e+00
2.414771780432101167e+00 1.830638750947721858e-03 3.154806312769009935e+01 3.328540110307443012e+00
2.421058800843912895e+00 1.849123668637423033e-03 3.323620933521923604e+01 3.190950174043774457e+00
2.427397847212681370e+00 1.833909450969152099e-03 3.412500000000000000e+01 2.949782242433800050e+00
2.433701938443864954e+00 1.777285794113256248e-03 3.428129395218002884e+01 2.659278399927488490e+00
2.440001432560962691e+00 1.835928632076300280e-03 3.439261285909712740e+01 2.611851532908510354e+00
2.446276920633820851e+00 1.825543246774167941e-03 3.434800550206327330e+01 2.713586635008121917e+00
2.452612917458465880e+00 1.850886418197054181e-03 3.429575596816976457e+01 2.584216060235007717e+00
2.458937188373468086e+00 1.764090576915684772e-03 3.434109589041096200e+01 2.729445781261589321e+00
2.465235494564519847e+00 1.842465198645606636e-03 3.418361955085865134e+01 2.565305686560057641e+00
2.471581205305689810e+00 1.856761058240425245e-03 3.383421052631578618e+01 2.662345803996052584e+00
2.477865992864338285e+00 1.798850075022648308e-03 3.365912117177096974e+01 2.490566527122993978e+00
2.484122936716935737e+00 1.780971833254360159e-03 3.359973579920739439e+01 2.458995209666181569e+00
2.490467721662181333e+00 1.849468727863495983e-03 3.351340996168582365e+01 2.416187059124235148e+00
2.496849546734450254e+00 1.852734310658727887e-03 3.330268199233716331e+01 2.480721851906047437e+00
2.503105859710241798e+00 1.772860352036017325e-03 3.275197889182057764e+01 2.539431514134415924e+00
2.509322203788900918e+00 1.804578376445024500e-03 3.198846153846153939e+01 2.638687663181534582e+00
2.515643032193938478e+00 1.830400595634155535e-03 3.117254408060453486e+01 2.583256981221564885e+00
2.522012436559997628e+00 1.844427975373299751e-03 3.016873449131513496e+01 2.595381669334814845e+00
2.528376527697731913e+00 1.805263014170996501e-03 2.933417085427135618e+01 2.522373434533198733e+00
2.534662305746367750e+00 1.817191430107880853e-03 2.789420654911838682e+01 2.470227647520189418e+00
2.540923642722284104e+00 1.847774197163838152e-03 2.614480198019801804e+01 2.456100449632394156e+00
2.547222087144660030e+00 1.810867478977307979e-03 2.442821782178217660e+01 2.302674094289358209e+00
2.553540685742163419e+00 1.807658101810726481e-03 2.259118727050183750e+01 2.135566890366356940e+00
2.559925401613222018e+00 1.856915584780679824e-03 2.137005988023951986e+01 1.928674751136676413e+00
2.566280305514876403e+00 1.838802799104265022e-03 2.070581113801452844e+01 1.873162672893879055e+00
2.572544852388987113e+00 1.785952156998167010e-03 2.063803680981595079e+01 1.798724461384296758e+00
2.578799894204640619e+00 1.806472379669163885e-03 2.094679564691656637e+01 1.910514977110753021e+00
2.585123793491197919e+00 1.855120447360665906e-03 2.100470035252643797e+01 2.018418683600114338e+00
2.591472256141813091e+00 1.805120360344933915e-03 2.087246722288438505e+01 2.022585954973994848e+00
2.597744265483155957e+00 1.788819714346394623e-03 2.080455635491606614e+01 1.926698460341373931e+00
2.604038454996993934e+00 1.850630787333012181e-03 2.093939393939393767e+01 2.016189682978293263e+00
2.610374414453144443e+00 1.837105816396599096e-03 2.094761350407450351e+01 2.177670098085824346e+00
2.616634120485421100e+00 1.761050173804210722e-03 2.081264916467780424e+01 2.219032064465362275e+00
2.622940397920966227e+00 1.848634675493098997e-03 2.078384527872582410e+01 2.142190740755830269e+00
2.629323187355575353e+00 1.839581463337864892e-03 2.077625570776255870e+01 2.018443038477119256e+00
2.635681273538560632e+00 1.815290224604702678e-03 2.091408934707903811e+01 2.085643609854945790e+00
2.641934789831782204e+00 1.778405014700361417e-03 2.100000000000000000e+01 2.159975221558450897e+00
2.648176773767660031e+00 1.853093332118325998e-03 2.122435174746335917e+01 2.226107860187495735e+00
2.654514065851063087e+00 1.823524830511773481e-03 2.141129943502824773e+01 2.362536773416550773e+00
2.660817448321032508e+00 1.798052776896779401e-03 2.157679180887372183e+01 2.410666320755042502e+00
2.667123571907564994e+00 1.844852426740933296e-03 2.170444444444444443e+01 2.481282523809603457e+00
2.673472329675100401e+00 1.839448802019330543e-03 2.159689922480620083e+01 2.554579891919968926e+00
2.679761377760365715e+00 1.786299887381436651e-03 2.145927601809954766e+01 2.470869470840990623e+00
2.686129035698236578e+00 1.877272974428747035e-03 2.099257688229056029e+01 3.632062449982223384e+00
2.692300573720700196e+00 1.798376592015874225e-03 2.133782267115600462e+01 2.392621748471875254e+00
2.698561328278970439e+00 1.798779619418457414e-03 2.161459521094640834e+01 2.353906425035427574e+00
2.704947056964875252e+00 1.860594623228957294e-03 2.208876404494381873e+01 2.669443489638938072e+00
2.711339925705444909e+00 1.826229981736538378e-03 2.328009259259259167e+01 3.093357894191509860e+00
2.717643416720191052e+00 1.774618570520191145e-03 2.454057279236277012e+01 3.284203368177216475e+00
2.723934694222051256e+00 1.823763048442502126e-03 2.542857142857142705e+01 2.903171156867107694e+00
2.730274673678132036e+00 1.841398355898408350e-03 2.594805194805194759e+01 2.756052122697461915e+00
2.736591263199737778e+00 1.788312012670147501e-03 2.611097560975609611e+01 2.558823137246827972e+00
2.742885231028380222e+00 1.844652457607765493e-03 2.589328537170263900e+01 2.603584432782042768e+00
2.749161241756704843e+00 1.804773587711254630e-03 2.604914004914004977e+01 2.676699794757982254e+00
2.755398232824302962e+00 1.776157869081165970e-03 2.657620817843866234e+01 2.507890745542807220e+00
2.761751565609168679e+00 1.857903093933079139e-03 2.746117084826762422e+01 2.645852737132464938e+00
2.768124311574730267e+00 1.813883183384283311e-03 2.970920245398772863e+01 3.853416965722327614e+00
2.774423663616722546e+00 1.776295681999270643e-03 3.390012484394507197e+01 6.063944538107839399e+00
2.780754869867226198e+00 1.842436817654598789e-03 3.904993909866016821e+01 8.057799909788016635e+00
2.787077464795406190e+00 1.805278297034774168e-03 4.511625000000000085e+01 8.619404344268811968e+00
2.793346642012575654e+00 1.793644434711254678e-03 5.072005044136191998e+01 8.024911658258591984e+00
2.799634253246212179e+00 1.838111547031318375e-03 5.488585607940446920e+01 6.829216229692216977e+00
2.805924842988945844e+00 1.808245895551135627e-03 5.825252525252525260e+01 5.580194444987832902e+00
2.812167973206011862e+00 1.789098639402584082e-03 5.974424552429667301e+01 5.479395647596065011e+00
2.818496662748549042e+00 1.874446068014908040e-03 6.029706601466992311e+01 5.535295728991898478e+00
2.824858807967614460e+00 1.791571154666717633e-03 6.090828025477706831e+01 5.867138807089399499e+00
2.831150482550185643e+00 1.815112775054883139e-03 6.165189873417721600e+01 6.030400206153053055e+00
2.837475400148095517e+00 1.850316795954077458e-03 6.222914072229140459e+01 6.093917025779620467e+00
2.843805018276897911e+00 1.786824753329564535e-03 6.275481386392811345e+01 5.866828079100580240e+00
2.850131561922547352e+00 1.845583173970813699e-03 6.240948813982522125e+01 6.059844847302588988e+00
2.856484494638581229e+00 1.841115527677602507e-03 6.239103362391033869e+01 6.192391434321689481e+00
2.862782859862781137e+00 1.780809355167121575e-03 6.221811224489795933e+01 5.927487090850831031e+00
2.869068523143336158e+00 1.847699945098150954e-03 6.160858895705521121e+01 5.731812898176515070e+00
2.875378514069953706e+00 1.802909528894259443e-03 6.138202247191011196e+01 5.733629809648652653e+00
2.881671995666307051e+00 1.819305449905813353e-03 6.083105590062111645e+01 5.868523749990715466e+00
2.887980092673573917e+00 1.848812746508326317e-03 6.002205882352941302e+01 5.964521844484544921e+00
2.894292086458025270e+00 1.795011172749967111e-03 5.826005025125628123e+01 6.664560668553153100e+00
2.900588101801901963e+00 1.834444505730529681e-03 5.442768850432632632e+01 8.178663750826418166e+00
2.906894294921833044e+00 1.834235081131648307e-03 5.061214374225526313e+01 9.781770791651519303e+00
2.913143215321425394e+00 1.775388414920497622e-03 4.724199743918053684e+01 1.117320879275724721e+01
2.919469846096636179e+00 1.902110692867622259e-03 4.344484412470023926e+01 1.201554786500542882e+01
2.925831071463227850e+00 1.799019204260941503e-03 4.137817258883248428e+01 1.082900567386802848e+01
2.932125236913744715e+00 1.849572311535908030e-03 3.835105067985166727e+01 9.011094155037683961e+00
2.938426190430696305e+00 1.829943172517629413e-03 3.669662921348314910e+01 6.743191649218478467e+00
2.944698497868602605e+00 1.792371922793937686e-03 3.695431472081218516e+01 5.303637010478885472e+00
2.951032364443879619e+00 1.872648010744969562e-03 3.924757281553397803e+01 5.031302828637393532e+00
2.957349976869245278e+00 1.772646084934545842e-03 4.331713554987211978e+01 4.813752081673169592e+00
2.963641534615172990e+00 1.843499637433317897e-03 4.669135802469136109e+01 4.322140939566690321e+00
2.969974563050315375e+00 1.835483252247156055e-03 4.923229813664596577e+01 3.783060075670091837e+00
2.976261971728969780e+00 1.784595762971840369e-03 5.064413265306122724e+01 3.513159870266716389e+00
2.982555079221103078e+00 1.856376802478345786e-03 5.106242350061199176e+01 3.298469439385089519e+00
2.988860230475899549e+00 1.767956570045068222e-03 5.123815620998719567e+01 3.318928969127799000e+00
2.995178874680174186e+00 1.856934622757372335e-03 5.110880195599022358e+01 3.480372037674558605e+00
3.001496400543723020e+00 1.797819739674591305e-03 5.093916349809885702e+01 3.445027093476461744e+00
3.007822553902104179e+00 1.849516356328991537e-03 5.066336633663366484e+01 3.383327462014872999e+00
3.014155913686516808e+00 1.844070628166239031e-03 5.056521739130435122e+01 3.656423141778918140e+00
3.020427983220980828e+00 1.780401570183770890e-03 4.972820512820512562e+01 4.452326918605377770e+00
3.026726854870708916e+00 1.864734463497724846e-03 4.915892420537897323e+01 1.420847653168608993e+01
3.033042693621903041e+00 1.790509691971886499e-03 5.328698979591836604e+01 7.451976961947708844e+01
3.039417687211595442e+00 1.892848977299335135e-03 5.278502415458937236e+01 9.801652798195455318e+01
3.045771113053035606e+00 1.809002971513908259e-03 4.574651457541191490e+01 3.125793282186371869e+01
3.052089874155329063e+00 1.844438578281415919e-03 4.111042183622829072e+01 1.101669626627419696e+01
3.058386304167925118e+00 1.824217551217444024e-03 3.787593984962406068e+01 1.251968845373757411e+01
3.064635661305841197e+00 1.781811879387494579e-03 3.503589743589743932e+01 1.337448924350588797e+01
3.070942258104439215e+00 1.879278577764203085e-03 3.139999999999999858e+01 1.379738227258192218e+01
3.077306102136554866e+00 1.789896323379901438e-03 2.899618805590851167e+01 1.321025287924883429e+01
3.083610248093582751e+00 1.842323938384468965e-03 2.629274292742927344e+01 1.263328059163612771e+01
3.089899276602742884e+00 1.781295098450355954e-03 2.463439490445859903e+01 1.159325005306853207e+01
3.096219282790054539e+00 1.849962857272845727e-03 2.193382352941176450e+01 1.010777464151112071e+01
3.102516781183005889e+00 1.793151767743564459e-03 2.032572877059569194e+01 8.486298017180995856e+00
3.108846425703184035e+00 1.844538984569745127e-03 1.808241082410824063e+01 6.721810151783227383e+00
3.115155056293756886e+00 1.812510444856532069e-03 1.650941028858218473e+01 4.999835484511057082e+00
3.121484332076036150e+00 1.832521331068808152e-03 1.538833746898263044e+01 3.565905324211176453e+00
3.127777573742708483e+00 1.818133687887086257e-03 1.500124688279301743e+01 2.750651702420706890e+00
3.134074710556275623e+00 1.800750836428910992e-03 1.513871374527112224e+01 2.339927085704362142e+00
3.140350968701055567e+00 1.840082388152106639e-03 1.506527093596059075e+01 2.106933753476711413e+00
3.146669598331559570e+00 1.795769837056059460e-03 1.509469696969696884e+01 1.881258049495325491e+00
3.152959210157879166e+00 1.842768641532451131e-03 1.504417177914110404e+01 1.923523730871827153e+00
3.159264892205651432e+00 1.791857333635609589e-03 1.513797468354430364e+01 1.728795122305669230e+00
3.165581888857809112e+00 1.858342078644047027e-03 1.498179611650485477e+01 1.759753933132371273e+00
3.171905560319084216e+00 1.782720971754531017e-03 1.500506970849176192e+01 1.793872400336103956e+00
3.178180461481988406e+00 1.828434529921516482e-03 1.472235872235872201e+01 1.840699922285275569e+00
3.184506679420991304e+00 1.810619157308176325e-03 1.460523038605230361e+01 1.949059633004333714e+00
3.190846230582273346e+00 1.831490456789015321e-03 1.430073349633251922e+01 2.036440724211142417e+00
3.197132365687451294e+00 1.780884113596707067e-03 1.414177215189873493e+01 2.108530981554748607e+00
3.203454230992797136e+00 1.862619862555806765e-03 1.371170084439083148e+01 2.410723980833506364e+00
3.209790152929830498e+00 1.796864404628749357e-03 1.338490566037735796e+01 2.673325908548063623e+00
3.216105270782768422e+00 1.849581865447865814e-03 1.299029126213592278e+01 2.940120989634328996e+00
3.222383723154825574e+00 1.773184836801974633e-03 1.296827411167512700e+01 2.878939615249549888e+00
3.228652903688512765e+00 1.829814433570467642e-03 1.264068209500609008e+01 3.037652849769820307e+00
3.234977992221026444e+00 1.801123950508762587e-03 1.316915422885572085e+01 3.207222139891082069e+00
3.241301441286830176e+00 1.830570155328411054e-03 1.342284325637910136e+01 3.224351713649256990e+00
3.247581817024004280e+00 1.774748969754167847e-03 1.388621997471554970e+01 2.960260610067714460e+00
3.253885986942128827e+00 1.868811343678552150e-03 1.399640718562874220e+01 2.795844998561094030e+00
3.260235987169183947e+00 1.804603356501592029e-03 1.399000000000000021e+01 2.628666487023420650e+00
3.266546856392692710e+00 1.857627301288636550e-03 1.378725961538461497e+01 2.652360208819660059e+00
3.272886904023045052e+00 1.792569475559808913e-03 1.376750000000000007e+01 2.619284849916102331e+00
3.279153478698136670e+00 1.837211362056317054e-03 1.367515151515151572e+01 2.600842697368577650e+00
3.285516195699416553e+00 1.819318898053023329e-03 1.370761670761670814e+01 2.572324925005371465e+00
3.291677990232397821e+00 1.824817096246810931e-03 1.351507208387942249e+01 2.373425322805582383e+00
3.298068987764390059e+00 1.863784166448585874e-03 1.340821917808219155e+01 2.428077458116990162e+00
3.304430978840338096e+00 1.814787339162488022e-03 1.323255813953488413e+01 2.615923748481429278e+00
3.310737564052387061e+00 1.817945227602999880e-03 1.303571428571428648e+01 2.731043585266598406e+00
3.317033906120231190e+00 1.800198345421728579e-03 1.267950693374422144e+01 2.914291058143566371e+00
3.323313479518194669e+00 1.810036704891648416e-03 1.237460815047021967e+01 3.032179363607111711e+00
3.329645772824664451e+00 1.853775369266378323e-03 1.226209048361934428e+01 3.247038946129870762e+00
3.335990548707715053e+00 1.826590486813650920e-03 1.194382022471910076e+01 3.354156408640990961e+00
3.342268739174953929e+00 1.807641793864574143e-03 1.180587275693311611e+01 3.285169783598232751e+00
3.348554594221377023e+00 1.807536448754866812e-03 1.169736842105263186e+01 3.260109064887009911e+00
3.354810866618635590e+00 1.798386852034845364e-03 1.177554438860971509e+01 3.218377529706931917e+00
3.361143554435736203e+00 1.860575678898459748e-03 1.196393442622950865e+01 3.243447490850903225e+00
3.367505271257411170e+00 1.829077091643749146e-03 1.184290540540540526e+01 3.270009377855610300e+00
3.373804785089639324e+00 1.803149868685275390e-03 1.176949740034662106e+01 3.182521767961171477e+00
3.380079784639911100e+00 1.805631642174917659e-03 1.163444639718805007e+01 3.083945415682794788e+00
3.386416571036835244e+00 1.843579116849991192e-03 1.141197183098591594e+01 2.879324843647722343e+00
3.392732849186819166e+00 1.821713749179523084e-03 1.123774954627949185e+01 2.734830312882452930e+00
3.399077842768783331e+00 1.840157085703132342e-03 1.104710144927536319e+01 2.651845974419271723e+00
3.405368445234043140e+00 1.771416845865005909e-03 1.132061068702290108e+01 2.626733529836900338e+00
3.411642977450664915e+00 1.840004348347408980e-03 1.229323308270676662e+01 2.704267329576139911e+00
3.417946432239648225e+00 1.816648589106147462e-03 1.370291262135922317e+01 2.771298298558082074e+00
3.424268333461439884e+00 1.838339958730071926e-03 1.490328820116054231e+01 2.484796205389786294e+00
3.430601598134079389e+00 1.799761940178920376e-03 1.578356713426853730e+01 2.384153100638698675e+00
3.436922606236269218e+00 1.844213366763177700e-03 1.626999999999999957e+01 2.598776635265136026e+00
3.443269856433799347e+00 1.834668830692703879e-03 1.625357873210634096e+01 2.552039088474570949e+00
3.449516618902171317e+00 1.769622948488585408e-03 1.602564102564102555e+01 2.423935993872111005e+00
3.455771942280530862e+00 1.817195070858158281e-03 1.607188160676532718e+01 2.463959200302272556e+00
3.462154010515302804e+00 1.866018191136946868e-03 1.622573839662447170e+01 2.611671195711695148e+00
3.468478914699885340e+00 1.799468636805881495e-03 1.601552106430155220e+01 2.413426446822476645e+00
3.474737530089159865e+00 1.798535080277152308e-03 1.582959641255605376e+01 2.488934670335711363e+00
3.481027808853469629e+00 1.828779808500339806e-03 1.563348416289592713e+01 2.890246477829601091e+00
3.487370903609774420e+00 1.855504762412056021e-03 1.495022624434389158e+01 3.083988427924866826e+00
3.493710577164840458e+00 1.791815171782784382e-03 1.439716312056737557e+01 3.569530155249036163e+00
3.499981309375833849e+00 1.817721919481020843e-03 1.363484486873508317e+01 3.879683976311809168e+00
3.506294281862427642e+00 1.840208171226962808e-03 1.295683453237410099e+01 4.063105289676883558e+00
3.512643170548069183e+00 1.819719049123772565e-03 1.254791154791154817e+01 4.479097957944661701e+00
3.518887929185086527e+00 1.780316295825717758e-03 1.239230769230769269e+01 4.616961269162513481e+00
3.525201780775713889e+00 1.871585280235478531e-03 1.184615384615384670e+01 4.459998022762604819e+00
3.531587235286628879e+00 1.812415240060859375e-03 1.101822916666666607e+01 3.986922184167152494e+00
3.537791204901774123e+00 1.765649031450039182e-03 1.071662125340599481e+01 3.511462441561195025e+00
3.544104483213670331e+00 1.881636984785636617e-03 1.059114583333333393e+01 3.065857446023914523e+00
3.550526160049383151e+00 1.823753900979235669e-03 1.067759562841530041e+01 2.614918256034324706e+00
3.556826252644191833e+00 1.805941154371571225e-03 1.107042253521126796e+01 2.329425885355872250e+00
3.563110991539715666e+00 1.831382697511484874e-03 1.168465909090909172e+01 2.023780369375855592e+00
3.569418747584309326e+00 1.819035597463529485e-03 1.193604651162790731e+01 1.577944893376592272e+00
3.575721219182565580e+00 1.815191134896390569e-03 1.240059347181008853e+01 1.506977318117894260e+00
3.582041784633743120e+00 1.836067019019354488e-03 1.299399399399399435e+01 1.372162080339149437e+00
3.588351193306853926e+00 1.816205673054769026e-03 1.313003095975232171e+01 1.287795450665943475e+00
3.594644124218077774e+00 1.816162507538995278e-03 1.297791798107255445e+01 1.196502980032144947e+00
3.600965899690116157e+00 1.832434222657099978e-03 1.283386581469648569e+01 1.057749265449440257e+00
3.607301933810233674e+00 1.823864462282996299e-03 1.260983606557377001e+01 1.094217780146933272e+00
3.613589615564896995e+00 1.801875725405921403e-03 1.235932203389830519e+01 1.216094312857768367e+00
3.619872304563952703e+00 1.819848024125704684e-03 1.182474226804123774e+01 1.541952390654515836e+00
3.626184481674183946e+00 1.827760715362539709e-03 1.133333333333333393e+01 1.851188965177604118e+00
3.632455309189269510e+00 1.797655079431180383e-03 1.096715328467153228e+01 2.127051635486196801e+00
3.638754857574894697e+00 1.841922947680418475e-03 1.026277372262773646e+01 1.971829956776996351e+00
3.645110863435991444e+00 1.833895812584415653e-03 9.330827067669172692e+00 1.907856772095328113e+00
3.651399341121458253e+00 1.797724079201825547e-03 8.513725490196078383e+00 1.907894524024324578e+00
3.657684783062496781e+00 1.823089633617003442e-03 7.757936507936507908e+00 1.659498948444720900e+00
3.663989311092172851e+00 1.817352227903809700e-03 6.979508196721311286e+00 1.490237423569782838e+00
3.670338462676961733e+00 1.852037082036360515e-03 6.541322314049586417e+00 1.203692835762481206e+00
3.676667454351053799e+00 1.802731285318214709e-03 6.401746724890829299e+00 1.068486764175416770e+00
3.682957402673964431e+00 1.831301914300888494e-03 6.398230088495575174e+00 9.134141005766623911e-01
3.689264510226057059e+00 1.810576500315507495e-03 6.516129032258064946e+00 9.665122756028683426e-01
3.695607159299667099e+00 1.851070780809128090e-03 7.097674418604650981e+00 9.401793783026813900e-01
3.701906411334345837e+00 1.786914693256676148e-03 7.557213930348258835e+00 9.227615209435463539e-01
3.708163258087520564e+00 1.825159420261267002e-03 7.864321608040200751e+00 1.000504910284372828e+00
3.714507337749332283e+00 1.833043865117713490e-03 7.813471502590673801e+00 9.524945312718983148e-01
3.720870273368275249e+00 1.842023606415223082e-03 7.973262032085561835e+00 8.981251184006661115e-01
3.727157013165883104e+00 1.785929560704693081e-03 8.199999999999999289e+00 9.745328551230522107e-01
3.733414267292576749e+00 1.823616893326991065e-03 8.174418604651162212e+00 9.429723554639767302e-01
3.739747614563589284e+00 1.832601406324968355e-03 7.975903614457831026e+00 9.438434564666922100e-01
3.746091684029914770e+00 1.828992002129592063e-03 7.748427672955974899e+00 8.819843785293369764e-01
3.752406222021260618e+00 1.812401454337024109e-03 7.701986754966887005e+00 9.673182384100773579e-01
3.758712131096641595e+00 1.823143945980814458e-03 7.344827586206896797e+00 1.063836415593992779e+00
3.765000355804634324e+00 1.809969724265664184e-03 6.627737226277372606e+00 1.109489051094890932e+00
3.771324791207556704e+00 1.846593531196991230e-03 6.045112781954887105e+00 1.061189700112922907e+00
3.777640884128447674e+00 1.800430178895984180e-03 5.447154471544715548e+00 8.354622815391954394e-01
3.783890033752419058e+00 1.812352582976840126e-03 5.205128205128205288e+00 8.686469057419926587e-01
3.790205950757557840e+00 1.839564216382759279e-03 5.294642857142856762e+00 8.159756899139906094e-01
3.796547481197723339e+00 1.823144808823023381e-03 5.605769230769230838e+00 8.460445733638047860e-01
3.802839460639445335e+00 1.822115437231795494e-03 6.216494845360824861e+00 1.008572038903301049e+00
3.809162628389719529e+00 1.835235423465040759e-03 6.659340659340659663e+00 8.962614727078539456e-01
3.815477698903783743e+00 1.813833779597889004e-03 7.060240963855421548e+00 8.485212945377833549e-01
3.821777178949230969e+00 1.830898415393102585e-03 7.415584415584415723e+00 8.383416152474029159e-01
3.828076951026545771e+00 1.795694771849016581e-03 7.434782608695652328e+00 1.092738246153293069e+00
3.834316772867639944e+00 1.791896653628349866e-03 7.193548387096774022e+00 9.577440541486139658e-01
3.840583618544390898e+00 1.820001018717854217e-03 6.803571428571428825e+00 7.750905147932394268e-01
3.846911872181034475e+00 1.824281646184678762e-03 6.530612244897959329e+00 9.766111113473797678e-01
3.853313008086272973e+00 1.880829953221405115e-03 6.418604651162790553e+00 1.066222640590479109e+00
3.859656947796285653e+00 1.787945514535103963e-03 5.705882352941176627e+00 9.197938688889346626e-01
3.865825284683709118e+00 1.773175751446867720e-03 4.925925925925925597e+00 6.879324304076557262e-01
3.872064552013789740e+00 1.858490478498285668e-03 4.904761904761905100e+00 6.441785361175561553e-01
3.878243048288448236e+00 1.738115315901965106e-03 4.692307692307692513e+00 7.576044462920080713e-01
3.884441558101385361e+00 1.990091083924331716e-03 4.285714285714285587e+00 9.035079029052512922e-01
