# q qerr I(q) I(q)err
6.111313073595031620e-02 3.154100855865873791e-03 6.360000000000000000e+02 2.457091257763860881e+02
6.800242608866982619e-02 2.110752812487300123e-03 1.002000000000000000e+03 2.375226305007588223e+02
7.478812129850326285e-02 1.894856213165734514e-03 9.438888888888889142e+02 2.788716904834308252e+02
8.081736842982174818e-02 1.577734731020807597e-03 9.477777777777778283e+02 2.357864696272016261e+02
8.706192866790804508e-02 2.018057842609979804e-03 9.366923076923077360e+02 1.825324969040732412e+02
9.311361532868518698e-02 1.734318039620741251e-03 9.082500000000000000e+02 1.661817529092770087e+02
9.924832822165428892e-02 1.939409616079583844e-03 8.550625000000000000e+02 2.098416069324670730e+02
1.056867454532435108e-01 2.068262530006435406e-03 7.865000000000000000e+02 2.189598992966520257e+02
1.120935416356093062e-01 1.699923986068800717e-03 7.220384615384615472e+02 2.191414190390797785e+02
1.177168722532570266e-01 1.903764278506084144e-03 7.171562500000000000e+02 2.314717433484052549e+02
1.242406998858587575e-01 2.007415885574503726e-03 7.062857142857143344e+02 1.904667200026592866e+02
1.307844605212421796e-01 1.948859987027574741e-03 7.035714285714285552e+02 1.597701952997568355e+02
1.372938405551752672e-01 1.976444694498947011e-03 6.864838709677419502e+02 1.593470776482795088e+02
1.433626874055373979e-01 1.479129257371093872e-03 6.608400000000000318e+02 1.435766276244152664e+02
1.497414395840910573e-01 2.132896554945924294e-03 6.699729729729730252e+02 1.351178610581053192e+02
1.562016171858009728e-01 1.470810848565314282e-03 6.554074074074073906e+02 1.266575911845157520e+02
1.620883487451751925e-01 1.817360580555445800e-03 6.600909090909091219e+02 1.262845294133291958e+02
1.684939590642719198e-01 1.975568076388520972e-03 6.519729729729730252e+02 1.298946502389580075e+02
1.749358117034872373e-01 1.810730169671130639e-03 6.579714285714285325e+02 1.216384505535203715e+02
1.813634234827302405e-01 1.982290824745188643e-03 6.618048780487804379e+02 1.220412009500388990e+02
1.877608813777307539e-01 1.710969833005861022e-03 6.588918918918918735e+02 1.291634685466925134e+02
1.936838392192468117e-01 1.708352888559126238e-03 6.588421052631579187e+02 1.283510702328457285e+02
1.998200724089964908e-01 1.901042836663710675e-03 6.640232558139534831e+02 1.275667631860565763e+02
2.064988844748374130e-01 2.083185659227047067e-03 6.581875000000000000e+02 1.524596599650762414e+02
2.131062600015138364e-01 1.923054290541973939e-03 6.763404255319148888e+02 1.329497500351343717e+02
2.193208008558340527e-01 1.649587748772136844e-03 6.750697674418604493e+02 1.394922570548577880e+02
2.255197753110727010e-01 1.943898002345461392e-03 6.786274509803921546e+02 1.332256341272945974e+02
2.319084130262620835e-01 1.853433278599466881e-03 6.818799999999999955e+02 1.345987488797722733e+02
2.380456302514551703e-01 1.717913041466973250e-03 6.848125000000000000e+02 1.354583365374756170e+02
2.441826744061198484e-01 1.910984005326162374e-03 6.900909090909091219e+02 1.293501685955703522e+02
2.508567628905887248e-01 1.865639566994751813e-03 6.377741935483870748e+02 1.893379217040614435e+02
2.571616352083493928e-01 2.042758540577210586e-03 6.192195121951219789e+02 1.906759244107938400e+02
2.636090936505812721e-01 1.759536909171210452e-03 6.247792207792207364e+02 1.730364433491841112e+02
2.696276322290375727e-01 1.767913466712890637e-03 6.327000000000000455e+02 1.640331330859713717e+02
2.756934411426098519e-01 1.847457432374286813e-03 6.463333333333333712e+02 1.560383423576214454e+02
2.820483295007140123e-01 1.942127748479487680e-03 6.503595505617977324e+02 1.520627773205314668e+02
2.885873542857223528e-01 1.999902870285049771e-03 6.618315789473683708e+02 1.479616997683453121e+02
2.950059364807982032e-01 1.753155416080761590e-03 6.670000000000000000e+02 1.456527009784767870e+02
3.012776628394395750e-01 1.916275679195857595e-03 6.784842105263157919e+02 1.417883600940914448e+02
3.076468654533095481e-01 1.858480647863890167e-03 6.836021505376344294e+02 1.379399854588644132e+02
3.139397285054469910e-01 1.849733180513128640e-03 6.922021276595744439e+02 1.342974375043522457e+02
3.202097007249891103e-01 1.889977811219999311e-03 6.942857142857143344e+02 1.318992459368786569e+02
3.264390569218261762e-01 1.757358001834326191e-03 7.000430107526881329e+02 1.297181340888046179e+02
3.326951465344144543e-01 1.930481388006281569e-03 7.145576923076922640e+02 1.235861662790869531e+02
3.390239669727912464e-01 1.785238221274862988e-03 7.149795918367346985e+02 1.227977821201492930e+02
3.452290355408559885e-01 1.822729964848564038e-03 7.267843137254901649e+02 1.194260801490261770e+02
3.515217579766085620e-01 1.894166946962649433e-03 7.348857142857142435e+02 1.155183561701121846e+02
3.581115149106128270e-01 1.984833837990382030e-03 7.447433628318584624e+02 1.113923267119838414e+02
3.646365217867122976e-01 1.807385512883236643e-03 7.549719626168224522e+02 1.093445163277013421e+02
3.707522342694583029e-01 1.646676631311451595e-03 7.579800000000000182e+02 1.079896263536456473e+02
3.768404479121448269e-01 1.835047814059704218e-03 7.720360360360360801e+02 1.042436461602903677e+02
3.831651369708888866e-01 1.834489868729198949e-03 7.721711711711711814e+02 1.031997939326334546e+02
3.894643253735652899e-01 1.853753096359237081e-03 7.744601769911504334e+02 1.006553099669551301e+02
3.958807651630259494e-01 1.912159574900255954e-03 7.715083333333333258e+02 9.702866844391920154e+01
4.022473572087105209e-01 1.746533598099251966e-03 7.747207207207206920e+02 9.406338015962759869e+01
4.083991683103055381e-01 1.862831917861469243e-03 7.829075630252100382e+02 8.950324583365035380e+01
4.147868792651558945e-01 1.850918924272050396e-03 7.867272727272727479e+02 8.661269004386200265e+01
4.211381020132339281e-01 1.813003092898375071e-03 7.968347107438016792e+02 8.466724018986775491e+01
4.273404438934948479e-01 1.765577699919095717e-03 8.028739495798319012e+02 8.365093454566822118e+01
4.337195733954657406e-01 1.911235613422362228e-03 8.133692307692307395e+02 8.096740303992454812e+01
4.400834723796714920e-01 1.795304431444431784e-03 8.170887096774193878e+02 8.058551423213896214e+01
4.463380503116383125e-01 1.781136916513354146e-03 8.164126984126984325e+02 7.863967214306950382e+01
4.525475293404462862e-01 1.782735370135076804e-03 8.140157480314960594e+02 7.559683700898820291e+01
4.588781844142776345e-01 1.863542184770878652e-03 8.052686567164179223e+02 7.332760251880706903e+01
4.652813857520213814e-01 1.809454061223974295e-03 7.969548872180450871e+02 6.938725827272224933e+01
4.715886271752884884e-01 1.786725641485754782e-03 7.832985074626865298e+02 6.732342067741819847e+01
4.778700308571910971e-01 1.749120838384908864e-03 7.776766917293233519e+02 6.452048543581223328e+01
4.841075358786299798e-01 1.812598873705853009e-03 7.710652173913043725e+02 6.052831881608767617e+01
4.904685449060671165e-01 1.813034819841214708e-03 7.632428571428571331e+02 5.773281969025725857e+01
4.967988078032400945e-01 1.775169993053363985e-03 7.636524822695035937e+02 5.354415054459614254e+01
5.030461340587593089e-01 1.710738770771227935e-03 7.603043478260869961e+02 5.200609786843214977e+01
5.093789740337634209e-01 1.844995629980458740e-03 7.608657718120805384e+02 4.968100802563605356e+01
5.157895609665918979e-01 1.772173611217854692e-03 7.592739726027397182e+02 4.810065894434389122e+01
5.220653538623039047e-01 1.710912446064493482e-03 7.579930069930070431e+02 4.673994308745020732e+01
5.282420832211931483e-01 1.776221308977217429e-03 7.571486486486486456e+02 4.536428217387776840e+01
5.345849814872509764e-01 1.797460663252185451e-03 7.563092105263158373e+02 4.349945374095832307e+01
5.409400198384390901e-01 1.769240412124692928e-03 7.601176470588235361e+02 4.273447430491741983e+01
5.471612929737256215e-01 1.671871176479489780e-03 7.603716216216216708e+02 4.200216632383160942e+01
5.535187503546902255e-01 1.843477994232445120e-03 7.641419753086420315e+02 4.157218001862899115e+01
5.599303633336802921e-01 1.774845713676194252e-03 7.673757961783439896e+02 4.357877440316426743e+01
5.661980099607780703e-01 1.715649351238413218e-03 7.762922077922078188e+02 3.777085240340953476e+01
5.724333289920446877e-01 1.764199560704661452e-03 7.842000000000000455e+02 3.879914625349376678e+01
5.786575496797814466e-01 1.687338640378493104e-03 7.938506493506494053e+02 3.917223171535086124e+01
5.849918082512260975e-01 1.882166412490617838e-03 8.084651162790697754e+02 3.941588451889296607e+01
5.913559560974818163e-01 1.673563701773732749e-03 8.204203821656051332e+02 4.208352894729186033e+01
5.976003341774964728e-01 1.789272139650604403e-03 8.334082840236686707e+02 4.398670029540804904e+01
6.039710484280985670e-01 1.760471037718898532e-03 8.467857142857143344e+02 4.603900206221192803e+01
6.103455122609070527e-01 1.778153705054047679e-03 8.563976608187134616e+02 4.674725852581323693e+01
6.165941547084902163e-01 1.709282904712068618e-03 8.566946107784431206e+02 4.676864447843419725e+01
6.227886440901039267e-01 1.708031916550016484e-03 8.520714285714285552e+02 4.619750652192752938e+01
6.292222757675741684e-01 1.895555695838723603e-03 8.395935828877005633e+02 4.255067478318717633e+01
6.355837393651907474e-01 1.609918394456906487e-03 8.202242424242424477e+02 3.939888686881112534e+01
6.417201133152361514e-01 1.735489606861494215e-03 8.037022471910112245e+02 3.548895391909191943e+01
6.480234646877054416e-01 1.746502386866512820e-03 7.834382022471910432e+02 3.293569308217426794e+01
6.543745591304535036e-01 1.808595843625667669e-03 7.666250000000000000e+02 3.120616490792916409e+01
6.607410482875138991e-01 1.776914150084337417e-03 7.507173913043478706e+02 2.885119447259114622e+01
6.669765730033264672e-01 1.670208017253243388e-03 7.377443181818181301e+02 2.660434416811852998e+01
6.731673103258457580e-01 1.796482171393593615e-03 7.277765957446808898e+02 2.473738595568104515e+01
6.795850853652600776e-01 1.822834825668488831e-03 7.173717277486911144e+02 2.367095322287501702e+01
6.858902177354958551e-01 1.747430487391250960e-03 7.107258064516129252e+02 2.344196012019461506e+01
6.921278880332987216e-01 1.765781770802452586e-03 7.038677248677248599e+02 2.216169067511969359e+01
6.985070946107704293e-01 1.847715388967816497e-03 6.995505050505050804e+02 2.094564218490587493e+01
7.048037128132643714e-01 1.757666077632949074e-03 6.941798941798941769e+02 2.108160805941297866e+01
7.109847861020758275e-01 1.767854622430342420e-03 6.908385416666666288e+02 2.149428622396607480e+01
7.172345948602801835e-01 1.822657136245004524e-03 6.883030303030302548e+02 2.099857152574489305e+01
7.236608500653414211e-01 1.906739358311473767e-03 6.856292682926829229e+02 1.988202444157285598e+01
7.299519259881649402e-01 1.814756391122580772e-03 6.822602040816326507e+02 1.967153618031548135e+01
7.362298620906445601e-01 1.872001608046580190e-03 6.780392156862744741e+02 1.972826745349542676e+01
7.427109241448597299e-01 1.961252361706546793e-03 6.754813084112149681e+02 1.967836073044817979e+01
7.489749171607754663e-01 1.795506848231544564e-03 6.726358974358973910e+02 2.044100762925860337e+01
7.553119902396251417e-01 1.968290517240121971e-03 6.710182648401826100e+02 1.976586065704209716e+01
7.617428847945948434e-01 1.878647625832918257e-03 6.649323671497584201e+02 2.866936164508125273e+01
7.679897535333021219e-01 1.889655825210407886e-03 6.644736842105263577e+02 1.465824048452750716e+01
7.742716946001383382e-01 1.890740870187222538e-03 6.590046948356807661e+02 2.254197961738104183e+01
7.806130493972306406e-01 1.874127862848933099e-03 6.556367924528301501e+02 2.023082248341096800e+01
7.869955317179381238e-01 1.962138593108325030e-03 6.533571428571428896e+02 2.054489701525288581e+01
7.933337815560531636e-01 1.823456314192357453e-03 6.519190476190476602e+02 2.063694593235554464e+01
7.995722808394026826e-01 1.873920736445982161e-03 6.501583710407239778e+02 2.058902042160667278e+01
8.059029702364099990e-01 1.855844282913126459e-03 6.474292237442922442e+02 2.190672236766550895e+01
8.122482529694946551e-01 1.899897789708842157e-03 6.472334801762114012e+02 2.176808671552896612e+01
8.185971333973350861e-01 1.831057107996742058e-03 6.453632286995515415e+02 2.156988243522015836e+01
8.248840800988579414e-01 1.805078930334647752e-03 6.441748878923766597e+02 2.089546416548302332e+01
8.311527541867054225e-01 1.843524136775542745e-03 6.423493449781659592e+02 2.090364688379677816e+01
8.375116084758876811e-01 1.829773299230467044e-03 6.408608695652173992e+02 2.200241179424894966e+01
8.438261475186588090e-01 1.817550564165925373e-03 6.397931034482758150e+02 2.377751238302383285e+01
8.500843452560248314e-01 1.755513946144033992e-03 6.391504424778761404e+02 2.628620852080513615e+01
8.563647400134730692e-01 1.844487251387733453e-03 6.400124481327800368e+02 2.721475794900561240e+01
8.626696591174244366e-01 1.710203360544058351e-03 6.436096491228070136e+02 3.225881277801033065e+01
8.689830853488446083e-01 1.844123492424595270e-03 6.561138211382113923e+02 4.409343953328063037e+01
8.753179752476163422e-01 1.741457950302257533e-03 6.837361702127659555e+02 7.430126652577082780e+01
8.815756228481118617e-01 1.752464905610253906e-03 7.302365145228216079e+02 1.228763125903260942e+02
8.877944678552249780e-01 1.716242394594354789e-03 7.921054852320675082e+02 1.848451109884916548e+02
8.941407927930166144e-01 1.839522330085644050e-03 8.290276679841897476e+02 2.171112338903533896e+02
9.005003621585947471e-01 1.752218829319661820e-03 8.462612244897959499e+02 2.270477208030634984e+02
9.067627482844141662e-01 1.720498064613873055e-03 8.412295081967213264e+02 2.114827278248376672e+02
9.130278025298368405e-01 1.789374596252915357e-03 8.134801587301586778e+02 1.755538670661359504e+02
9.193563827426239898e-01 1.786117629316656989e-03 7.930198412698413222e+02 1.490327800395908184e+02
9.256709965929463824e-01 1.773964252230773864e-03 7.683098039215685731e+02 1.241656520863001845e+02
9.319487846442510159e-01 1.740175819907428248e-03 7.460080000000000382e+02 1.072591253367283173e+02
9.382375230166524194e-01 1.835219923763222079e-03 7.186679389312977264e+02 9.113438568563202580e+01
9.445114335627492475e-01 1.754301698834087597e-03 6.882094861660078777e+02 7.515228562368481846e+01
9.507739483173833772e-01 1.796477233495237351e-03 6.616130268199233342e+02 5.893185650928344188e+01
9.571000001339345920e-01 1.844157663989784944e-03 6.472603773584905866e+02 4.597391772206889016e+01
9.634651872700409347e-01 1.860525514413665987e-03 6.565939849624060116e+02 3.836668865499415659e+01
9.697902983397413967e-01 1.869026222830578836e-03 7.216090225563909826e+02 7.431251190881029345e+01
9.761731987705594138e-01 1.898719003246270758e-03 8.777970479704797526e+02 1.696435337443724336e+02
9.824546988499620603e-01 1.850375251942234242e-03 1.158290566037735744e+03 2.628909015196525161e+02
9.887603507672997338e-01 1.885371791598095068e-03 1.533327205882352928e+03 3.317778380862044401e+02
9.951547945742836854e-01 1.923480157877882840e-03 1.870156583629893248e+03 4.029545211876464350e+02
1.001497743307979915e+00 1.816985016266823736e-03 2.120329588014981255e+03 4.851537666043077479e+02
1.007730073445106012e+00 1.872875193246743668e-03 2.229618705035971288e+03 5.358083424707862150e+02
1.014110590476311025e+00 1.881534321868284657e-03 2.276617021276595551e+03 5.563383940613892946e+02
1.020442888611849064e+00 1.823625195420996601e-03 2.318616487455197330e+03 5.897388419654434983e+02
1.026691701700078063e+00 1.782759485576686145e-03 2.339873188405797009e+03 6.077300197765601979e+02
1.033057845114525142e+00 1.884320384582664851e-03 2.275312925170067956e+03 6.036616346336774086e+02
1.039437792018165441e+00 1.793463056649077922e-03 2.181042402826855323e+03 6.556157102164160051e+02
1.045681248368910410e+00 1.745618337461533540e-03 1.924230496453900741e+03 6.391470442258563480e+02
1.051944871571292683e+00 1.801987856022948175e-03 1.537200000000000045e+03 5.519965317232372399e+02
1.058324809813473877e+00 1.829265674919061668e-03 1.107377104377104388e+03 3.771159166855146054e+02
1.064596602572098316e+00 1.714864743882408334e-03 8.024683098591549424e+02 2.032887108043336468e+02
1.070868750588993112e+00 1.792957436204007347e-03 6.496161616161616621e+02 9.507349378679532492e+01
1.077195490251847465e+00 1.798916779777443367e-03 5.889397993311036998e+02 4.847189497670871816e+01
1.083505800573759448e+00 1.740543057611223946e-03 5.675631399317405794e+02 3.507785806537492590e+01
1.089676915900379850e+00 1.748165881083384946e-03 5.576122448979591582e+02 3.100896338285325271e+01
1.096052400832523421e+00 1.863573573199493825e-03 5.515974440894568716e+02 2.911214821685056364e+01
1.102364289960501065e+00 1.744372504095847640e-03 5.474779661016949603e+02 2.910851030230736924e+01
1.108625070827478076e+00 1.829094711995288541e-03 5.430195439739413814e+02 2.818245014235780133e+01
1.114924075445366869e+00 1.842999932655674591e-03 5.248084415584415865e+02 4.809414828235230743e+01
1.121282665432693726e+00 1.762017027877181303e-03 5.324923664122137552e+02 3.742259069428378382e+01
1.127553932619258736e+00 1.851826979229859085e-03 5.323605947955389865e+02 3.404143456561229897e+01
1.133905639228342421e+00 1.803927404845938115e-03 5.298941176470588061e+02 3.437098841014987727e+01
1.140144523104706709e+00 1.820967272376473748e-03 5.277440944881889209e+02 3.751703603772538997e+01
1.146455214771981312e+00 1.831860927088285957e-03 5.268326693227091937e+02 3.618444366396177969e+01
1.152869066430118439e+00 1.902391342003174283e-03 5.270463320463320542e+02 3.564120269473225733e+01
1.159252377890596986e+00 1.791659613503928782e-03 5.236058091286306535e+02 3.699204566714918485e+01
1.165575291556828930e+00 1.872439892399787795e-03 5.249721115537848846e+02 3.538630167430584805e+01
1.171828433925186763e+00 1.747387590499659572e-03 5.219134199134199434e+02 3.762357312409552890e+01
1.178029580193284076e+00 1.845903894892485285e-03 5.232551440329218622e+02 3.558849378337770730e+01
1.184400904434957269e+00 1.829516060217846983e-03 5.214058577405858159e+02 3.642422280478543684e+01
1.190737654720273042e+00 1.816225366119703435e-03 5.210759493670885831e+02 3.668256514899656651e+01
1.196977477342464180e+00 1.780548390738201196e-03 5.192707423580785644e+02 3.567897162514302067e+01
1.203312963818603976e+00 1.874247930763579166e-03 5.191611570247933969e+02 3.551753588734025868e+01
1.209645773529357093e+00 1.750259837788138012e-03 5.163407079646017337e+02 3.635731635020515284e+01
1.215952225700388523e+00 1.837678281197498587e-03 5.170381355932203178e+02 3.457537178956533097e+01
1.222254898926581568e+00 1.775628514659025698e-03 4.946179775280899094e+02 5.979564611827392895e+01
1.228537298751265050e+00 1.780223345631782141e-03 5.055905797101449366e+02 4.350163773724279537e+01
1.234759587745337228e+00 1.795376270296014523e-03 5.045698924731182728e+02 4.163637423527254811e+01
1.241110555825225781e+00 1.895169703334604900e-03 5.054865771812080766e+02 3.911907192416173729e+01
1.247523323486311897e+00 1.874537877840588536e-03 5.021655405405405190e+02 3.730485504116152384e+01
1.253854431820907944e+00 1.857283623330970761e-03 5.020738255033556925e+02 3.809007558320574560e+01
1.260138295168494293e+00 1.856490137450314505e-03 4.977707641196013242e+02 3.959416017413330025e+01
1.266501421045549414e+00 1.881588491645209797e-03 4.981929260450160655e+02 3.861761661554756131e+01
1.272807251993681055e+00 1.824447191781883651e-03 4.959016393442623212e+02 3.863180337747186854e+01
1.279100636071537789e+00 1.831925956271344968e-03 4.960414012738853557e+02 3.810070895510020250e+01
1.285385940199903265e+00 1.796864974607813087e-03 4.936250000000000000e+02 3.802001623639033312e+01
1.291734086560349049e+00 1.833790085687247952e-03 4.938404907975460105e+02 3.776856980437984390e+01
1.297999116585571544e+00 1.712347548001254965e-03 4.923236245954692549e+02 3.723362615152790056e+01
1.304332283077917598e+00 1.862331657852500611e-03 4.932212389380530908e+02 3.661211932100850674e+01
1.310629912671008812e+00 1.689758514739712848e-03 4.910416666666666856e+02 3.712278224404067117e+01
1.316859893871710430e+00 1.807323329610554348e-03 4.914119402985074885e+02 3.718812858960944823e+01
1.323169508333509325e+00 1.772103529485381237e-03 4.895835866261398337e+02 3.550467818631369710e+01
1.329416719622044551e+00 1.761213072716576004e-03 4.905347432024169052e+02 3.749162586040677070e+01
1.335676763851219473e+00 1.808340606324402439e-03 4.891309523809524080e+02 3.618024359961437852e+01
1.342102166253144047e+00 1.916040745002256648e-03 4.902845070422534945e+02 3.769419387037469704e+01
1.348432554966731090e+00 1.804515701739407276e-03 4.876948640483383883e+02 3.757497544720150984e+01
1.354697325729501189e+00 1.895450207138361931e-03 4.872861189801699879e+02 4.046547117270986860e+01
1.361035554581970564e+00 1.836151892644552735e-03 4.866250000000000000e+02 3.929906391275248723e+01
1.367445372286436589e+00 1.911657172750392099e-03 4.898739726027397410e+02 3.739702122458598410e+01
1.373833054624600258e+00 1.794265400870382644e-03 4.912869565217391141e+02 3.531965328259211390e+01
1.380048052911932777e+00 1.791287036868802413e-03 5.004017094017094109e+02 3.451094052895472686e+01
1.386332670155489666e+00 1.806335848089170130e-03 5.150674157303370748e+02 3.348475459902235229e+01
1.392624520144640332e+00 1.796075039907524609e-03 5.386805555555555429e+02 3.541809583173095888e+01
1.398923000198597277e+00 1.771229759338340285e-03 5.600000000000000000e+02 3.718712172879087063e+01
1.405184482923453881e+00 1.808998902686751115e-03 5.756222826086956275e+02 4.057247003702735810e+01
1.411475199677901360e+00 1.734371386327675756e-03 5.845730337078651928e+02 4.284921544773962410e+01
1.417706081410672780e+00 1.817237095201347432e-03 5.903655913978494709e+02 4.310423242077410322e+01
1.424046144262549829e+00 1.816956160244514703e-03 5.929512195121951663e+02 4.392189647115182538e+01
1.430457268966005335e+00 1.925855730949348329e-03 5.959383033419022695e+02 4.294363070296414264e+01
1.436865665354877475e+00 1.843763745384080412e-03 5.987580645161290249e+02 4.352878740542254121e+01
1.443084111958556903e+00 1.831535442318516687e-03 5.982768817204300831e+02 4.844259317487828298e+01
1.449466238371406979e+00 1.910439897345804971e-03 5.999443037974683648e+02 4.639633112370099610e+01
1.455780432464144347e+00 1.769262236301017126e-03 6.005729729729729343e+02 4.611317167468745026e+01
1.462109939136078340e+00 1.873282905934200038e-03 5.994711779448621201e+02 4.626720068210494929e+01
1.468414112563870999e+00 1.734923018383166060e-03 5.936186666666666270e+02 4.870723664234436256e+01
1.474680891373796765e+00 1.804015195942032307e-03 5.821116751269036058e+02 5.138125628460856831e+01
1.480924591063775386e+00 1.742163032935032654e-03 5.558302872062663482e+02 5.320171474286554769e+01
1.487138550370334267e+00 1.742602934721402272e-03 5.301311053984576347e+02 4.871907943614694858e+01
1.493462591150057195e+00 1.833511633313982111e-03 5.096881188118811679e+02 4.336634157850689064e+01
1.499809278721849770e+00 1.805357266360340307e-03 4.992216624685138413e+02 4.186200538224093748e+01
1.506175762378094918e+00 1.888906516140883814e-03 4.959731051344743378e+02 3.970572305326311380e+01
1.512543466733061504e+00 1.879653113941155348e-03 4.949681372549019329e+02 4.190809137096064774e+01
1.518927121842702510e+00 1.865813122140227640e-03 4.946397058823529278e+02 4.151183024359454521e+01
1.525176469146275027e+00 1.826629940430822378e-03 4.945707196029776469e+02 4.130763678307891240e+01
1.531416651941075235e+00 1.798854978931840659e-03 4.946881188118811679e+02 4.251957589603856036e+01
1.537728221615372926e+00 1.856986876758172280e-03 4.950732860520094505e+02 4.157478668031914282e+01
1.544096010846849332e+00 1.769518617434322075e-03 4.955620437956204114e+02 4.132026508133444054e+01
1.550405005344789089e+00 1.809055686031393537e-03 4.965177304964539076e+02 4.009934869010496072e+01
1.556696834359960313e+00 1.740139413919524446e-03 4.966941747572815302e+02 4.105626497472927383e+01
1.562969221032702194e+00 1.804120915253569534e-03 4.984221698113207708e+02 4.126324412238739114e+01
1.569251838380229191e+00 1.803338776033149233e-03 5.008066825775656525e+02 3.943999847420447935e+01
1.575556094315494926e+00 1.863019847936644557e-03 5.055314685314685335e+02 3.758484904794141812e+01
1.581892448177514066e+00 1.865480693804838323e-03 5.102384259259259238e+02 3.893770786626507174e+01
1.588269483401412163e+00 1.861295980786164313e-03 5.191290322580645125e+02 3.649922362742918125e+01
1.594574325321363339e+00 1.830133252637398044e-03 5.279861111111110858e+02 3.644020669312192240e+01
1.600916934751582588e+00 1.832077894544300927e-03 5.346446469248292033e+02 3.769742894887932039e+01
1.607201343968552854e+00 1.780442356845074459e-03 5.400162037037036953e+02 3.845671276162384089e+01
1.613445462524496721e+00 1.775524639999344866e-03 5.446559633027522977e+02 3.835574220071482898e+01
1.619730849749851931e+00 1.787630240083115185e-03 5.504672686230247791e+02 3.869924383345742314e+01
1.625979803600224649e+00 1.755895091839796123e-03 5.635126436781608845e+02 3.926720116833047314e+01
1.632226613292544926e+00 1.821174808670054370e-03 5.849127516778523841e+02 4.081766379893013408e+01
1.638606704061473573e+00 1.894452323361247963e-03 6.102819956616051513e+02 4.441066546774265333e+01
1.645050487946952522e+00 1.887301666918968484e-03 6.281652173913043953e+02 5.243686905503510332e+01
1.651415996904310735e+00 1.851783837096881687e-03 6.373004385964911762e+02 5.726552383474469821e+01
1.657788871265904573e+00 1.852242853945953917e-03 6.427473002159827047e+02 5.878907976322725659e+01
1.664006124760511351e+00 1.741113674427757210e-03 6.457981859410431298e+02 6.055526957142364353e+01
1.670281873961185770e+00 1.842366346193471905e-03 6.478583509513741774e+02 6.145448766918676142e+01
1.676541801276667298e+00 1.721555322686186195e-03 6.488744394618834122e+02 6.330678105081974394e+01
1.682793682471841024e+00 1.824670227224382997e-03 6.497594936708860587e+02 6.225363835930220802e+01
1.689107465299970467e+00 1.791603935857043455e-03 6.536832971800433825e+02 6.181094689049770352e+01
1.695415952935033443e+00 1.877357617877282179e-03 6.664467640918580855e+02 5.815720612904106446e+01
1.701806617780016628e+00 1.875253898477295287e-03 6.859624217118997649e+02 6.136504424799601765e+01
1.708145235544118012e+00 1.851238026496159058e-03 7.071978947368421586e+02 6.737178225167650680e+01
1.714469347376187613e+00 1.845626368464784459e-03 7.237142857142856656e+02 6.993197353717327758e+01
1.720739519194126599e+00 1.771881702320935673e-03 7.289829059829060043e+02 7.289075138233152984e+01
1.726990948287859817e+00 1.820993782645452704e-03 7.243265306122449374e+02 7.435639606641117894e+01
1.733361150263370787e+00 1.784216608021570085e-03 7.080020661157025188e+02 8.066985826848743102e+01
1.739571674833123582e+00 1.760427731239605715e-03 6.899895178197065206e+02 1.528110940871609671e+02
1.745887440247851030e+00 1.853392121839796862e-03 6.706893787575149872e+02 2.226322198082880277e+02
1.752250177420427102e+00 1.860925844240075020e-03 6.476477732793522364e+02 1.375998008096011347e+02
1.758607387389414800e+00 1.864192030273802104e-03 6.305199999999999818e+02 6.040465743632688600e+01
1.764972322429467777e+00 1.851098948525789619e-03 6.276799999999999500e+02 5.400978577998620977e+01
1.771273520234028620e+00 1.808016239517707931e-03 6.264778225806451246e+02 5.682503980582329461e+01
1.777586992161852564e+00 1.807004964737956481e-03 6.281564356435643504e+02 5.609590087598840569e+01
1.783840233931820451e+00 1.746107465683986813e-03 6.279287169042769392e+02 5.626281132782375494e+01
1.790071520275328565e+00 1.795583184790444783e-03 6.300551181102362079e+02 5.437067498974606394e+01
1.796393698957722052e+00 1.819993601147859141e-03 6.244090909090908781e+02 5.693600747487745650e+01
1.802712928873270393e+00 1.883216042231023422e-03 6.117241379310345337e+02 5.897148476446621856e+01
1.809114577024696358e+00 1.850157529878445435e-03 5.793430232558139323e+02 6.053097784514545054e+01
1.815345782948464493e+00 1.803540499391122600e-03 5.451996047430830004e+02 5.463938624021046309e+01
1.821700705453981772e+00 1.863872113208649628e-03 5.238563432835820777e+02 4.702626677053321913e+01
1.828034416566336029e+00 1.759461126105644731e-03 5.135452755905512277e+02 4.532067508794612110e+01
1.834289862490237510e+00 1.817049905439401892e-03 5.098229755178907681e+02 4.364359123495241022e+01
1.840620947190598100e+00 1.780340576699249600e-03 5.087692307692307736e+02 4.250147230307432977e+01
1.846876290479544158e+00 1.833628160635640113e-03 5.082344045368620300e+02 4.367999218067154743e+01
1.853225331533147280e+00 1.864396810776891523e-03 5.059666666666666401e+02 4.364591039063294176e+01
1.859586416204100923e+00 1.843230203276794224e-03 5.029028037383177434e+02 4.392333696441976087e+01
1.865884580336470755e+00 1.827085395033201023e-03 5.009459962756052391e+02 4.336893781287776761e+01
1.872200528994375501e+00 1.799198018262535481e-03 5.004018518518518590e+02 4.272045654493182099e+01
1.878453452628845000e+00 1.760356359008985331e-03 4.984971751412429626e+02 4.289160434218804596e+01
1.884712324747962020e+00 1.805687576808031941e-03 4.967007299270072735e+02 4.171990414968669114e+01
1.891113706724730337e+00 1.861939656346446982e-03 4.949946043165467700e+02 4.154814270964445910e+01
1.897400945427566432e+00 1.833350088909791505e-03 4.928272058823529278e+02 4.179876916810381005e+01
1.903772875545957088e+00 1.875180743362649160e-03 4.905088028169014365e+02 4.369267803722574683e+01
1.910018917854334752e+00 1.739883276586547947e-03 4.885992438563326914e+02 4.225039320275189425e+01
1.916236012056648175e+00 1.833205283437960029e-03 4.885631578947368325e+02 3.986320445287957170e+01
1.922638163561010805e+00 1.793373418488206777e-03 4.878696428571428783e+02 3.949347490344423761e+01
1.928888348891847349e+00 1.792288115248428593e-03 4.900125899280575368e+02 3.831281986875595180e+01
1.935240631371640818e+00 1.865766417879262265e-03 4.991262975778546434e+02 3.270019275983085549e+01
1.941608872090050619e+00 1.856644915843207438e-03 5.193919156414763165e+02 3.602969373730789471e+01
1.947917338414854704e+00 1.837601359788319485e-03 5.602101576182136569e+02 5.916519352431448908e+01
1.954236834815996637e+00 1.805754229573221887e-03 6.149143356643356810e+02 9.342722492942095869e+01
1.960488135501994522e+00 1.772905664188001006e-03 6.817504424778760495e+02 1.143577337203274169e+02
1.966755922696415082e+00 1.810201296061439468e-03 7.627710843373494072e+02 1.113335479879053622e+02
1.973091583736556354e+00 1.814240900008777741e-03 8.592586206896551175e+02 9.455746716002593644e+01
1.979420480567132490e+00 1.865397302840512408e-03 9.488675721561969567e+02 9.534942028877972575e+01
1.985762243830389018e+00 1.849873766110382307e-03 9.978559322033897843e+02 1.015342190808353848e+02
1.992143605840229093e+00 1.840662096304069391e-03 1.021623115577889394e+03 1.055470222685118955e+02
1.998372952698491245e+00 1.738412627792555948e-03 1.031114235500878749e+03 1.141368670034520107e+02
2.004614638405731508e+00 1.821010887715033720e-03 1.032582781456953626e+03 1.148166797112462802e+02
2.010981699228176822e+00 1.807963355431743604e-03 1.032648148148148039e+03 1.157267921561208368e+02
2.017216781415232862e+00 1.822968187424302972e-03 1.044699831365936006e+03 1.234292559757039385e+02
2.023555507756473748e+00 1.866836436713831520e-03 1.041580487804877976e+03 1.204671621169964482e+02
2.029945947492921121e+00 1.842053164818473936e-03 1.046587171052631675e+03 1.225736081690549781e+02
2.036236367431154548e+00 1.802040352124230577e-03 1.047938842975206626e+03 1.243794824835051287e+02
2.042538823796997693e+00 1.786279422623429517e-03 1.040825944170771663e+03 1.241245492935114925e+02
2.048720173306640469e+00 1.747373060808409071e-03 1.042869491525423655e+03 1.258770439912075005e+02
2.055017041239767028e+00 1.892889576395914968e-03 1.044979655712050089e+03 1.323036160337959473e+02
2.061465280497128294e+00 1.850343878148330047e-03 1.023258012820512818e+03 1.373369004582596347e+02
2.067778354784032935e+00 1.826644103880053095e-03 9.844669887278582792e+02 1.568665753055122138e+02
2.074107962816127415e+00 1.810449409964311413e-03 9.309873015873015447e+02 1.818475590686579153e+02
2.080392027050733006e+00 1.757304311173108879e-03 8.769348534201953953e+02 2.074521974253260339e+02
2.086560915145909245e+00 1.789004268885935290e-03 7.962139384116693464e+02 2.094849823223297562e+02
2.092907509218693285e+00 1.897916204239676529e-03 6.841554878048780211e+02 1.787866724096020619e+02
2.099341076602548206e+00 1.841856996552926774e-03 5.540343749999999545e+02 1.217096267641566669e+02
2.105598503643897335e+00 1.780460926307301031e-03 4.723083067092651959e+02 7.104772509653413692e+01
2.111872942412509335e+00 1.813036870717739954e-03 4.314830246913580254e+02 4.511623014702657031e+01
2.118179840511383194e+00 1.773074262998883873e-03 4.156535433070866361e+02 3.466826893540752508e+01
2.124489700938873238e+00 1.854176769044688739e-03 4.102691131498471009e+02 3.141730821785376548e+01
2.130866139955553962e+00 1.876679961187130126e-03 4.077866868381240693e+02 3.150450126403580242e+01
2.137196345481136905e+00 1.803165093871285981e-03 4.107430340557275485e+02 2.971375531523928615e+01
2.143477781291089013e+00 1.808033309626025679e-03 4.154519083969465783e+02 2.935441985324287018e+01
2.149749346762158453e+00 1.787076492040512573e-03 4.195668202764977082e+02 2.982857860500315894e+01
2.156014428448592479e+00 1.811767013668930289e-03 4.217488584474886011e+02 3.062840849860149461e+01
2.162388958755252943e+00 1.899773100682969557e-03 4.230189781021898057e+02 3.075449696540800559e+01
2.168776559916051561e+00 1.828625003914755194e-03 4.256546546546546779e+02 2.839569779898583590e+01
2.175079146577416189e+00 1.799027495536281414e-03 4.353268656716417695e+02 2.426171799615083913e+01
2.181358965593887422e+00 1.775037425494343461e-03 4.549864457831325240e+02 2.817271025476859236e+01
2.187625576602315824e+00 1.830837683859201127e-03 4.868431952662721756e+02 4.502084037298480013e+01
2.193923842198696850e+00 1.837507381709080519e-03 5.333817914831130338e+02 5.938792200842291180e+01
2.200310743338333541e+00 1.859271066102410235e-03 5.985251076040171938e+02 5.943172222383801540e+01
2.206637920896229677e+00 1.789161753318371274e-03 6.697807407407407254e+02 4.571563198683907814e+01
2.212855268310565560e+00 1.778695396750237757e-03 7.266980854197348663e+02 3.687545822278818974e+01
2.219155297956861617e+00 1.826812665150635666e-03 7.624503597122302381e+02 4.427560004540857364e+01
2.225534449623195243e+00 1.883537061579874895e-03 7.793046544428773359e+02 5.368843276561179323e+01
2.231816049321749151e+00 1.789850136339156059e-03 7.862966226138032653e+02 5.882741100992070216e+01
2.238124350048766420e+00 1.838516226422660244e-03 7.896801675977653758e+02 6.021153862380705135e+01
2.244461256680506001e+00 1.769483755913013904e-03 7.931765557163531639e+02 5.920759471317606426e+01
2.250672411056880762e+00 1.815340560525242463e-03 7.958063127690099918e+02 6.056011465593511645e+01
2.256976265699253581e+00 1.875232856265233962e-03 7.971422651933701218e+02 6.476892083619205209e+01
2.263404067221236105e+00 1.844596500685106652e-03 7.944848484848484986e+02 6.819365370185936115e+01
2.269740131332425914e+00 1.784620609829179342e-03 7.879377652050919778e+02 6.909157156172368275e+01
2.275928662030326066e+00 1.770462641505800294e-03 7.811994301994302532e+02 7.041233137114588203e+01
2.282234771450446509e+00 1.859120215862977580e-03 7.758672086720866901e+02 7.204600733544536695e+01
2.288651494096741512e+00 1.861574731480084791e-03 7.718290366350067870e+02 7.548812020847218207e+01
2.294929189507614264e+00 1.787386468760323059e-03 7.698750000000000000e+02 7.706984419882695647e+01
2.301123790424945526e+00 1.773889529887621910e-03 7.630541666666666742e+02 7.821208649906378696e+01
2.307427473574251042e+00 1.823767960867003161e-03 7.376102841677943616e+02 8.822476655984550575e+01
2.313824548022820782e+00 1.807223345639351721e-03 7.153506686478455094e+02 1.000839513349214513e+02
2.320154992066300714e+00 1.861695907969135875e-03 6.756568047337277676e+02 1.249049226311340561e+02
2.326479049872378635e+00 1.797363522119922990e-03 6.211617873651772470e+02 1.391209646144139640e+02
2.332811122143054305e+00 1.834923033436536115e-03 5.430957446808511122e+02 1.363295113294101952e+02
2.339146829363451641e+00 1.809933127175767861e-03 4.520423861852433447e+02 1.082767827941134300e+02
2.345346999874724947e+00 1.788822558822959720e-03 3.780048231511253789e+02 7.029493436938609818e+01
2.351591514044208964e+00 1.821961582186779451e-03 3.376299212598425470e+02 4.181488378758228919e+01
2.357940827546205931e+00 1.821480796874143165e-03 3.196060126582278258e+02 3.050639337340255963e+01
2.364269371024037891e+00 1.822839816105960298e-03 3.122083333333333144e+02 2.699469098445383608e+01
2.370575565839220911e+00 1.828742917233826173e-03 3.073070739549839345e+02 2.761155846179261886e+01
2.376891771469677561e+00 1.815523241845057745e-03 3.039838187702265486e+02 2.620611054284736596e+01
2.383240749019818416e+00 1.833462819707767054e-03 3.025643086816720029e+02 2.489636048122853040e+01
2.389601619010945921e+00 1.828185711102788165e-03 3.027768729641693994e+02 2.350539505847835997e+01
2.395961259100775731e+00 1.812604844355751544e-03 3.017042925278219627e+02 2.677589686538016167e+01
2.402160007896914973e+00 1.807533258736503850e-03 3.082253731343283789e+02 2.553140278956019316e+01
2.408453972146052724e+00 1.793232887210479852e-03 3.183114035087719458e+02 2.376311526011903652e+01
2.414771780432101167e+00 1.830638750947721858e-03 3.265753228120516383e+02 2.432087244041239060e+01
2.421058800843912895e+00 1.849123668637423033e-03 3.329589816124469621e+02 2.520514892752673575e+01
2.427397847212681370e+00 1.833909450969152099e-03 3.359097222222222285e+02 2.640025888095571815e+01
2.433701938443864954e+00 1.777285794113256248e-03 3.357144866385372666e+02 2.754540441132074946e+01
2.440001432560962691e+00 1.835928632076300280e-03 3.357318741450068273e+02 2.603384042103289886e+01
2.446276920633820851e+00 1.825543246774167941e-03 3.341127922971114117e+02 2.685415456432059500e+01
2.452612917458465880e+00 1.850886418197054181e-03 3.325159151193633988e+02 2.653921638902233582e+01
2.458937188373468086e+00 1.764090576915684772e-03 3.308726027397260054e+02 2.499512348761266267e+01
2.465235494564519847e+00 1.842465198645606636e-03 3.300739762219286604e+02 2.453326351916215486e+01
2.471581205305689810e+00 1.856761058240425245e-03 3.284828947368421268e+02 2.538327932150559363e+01
2.477865992864338285e+00 1.798850075022648308e-03 3.262316910785619370e+02 2.515194616850011400e+01
2.484122936716935737e+00 1.780971833254360159e-03 3.248996036988111200e+02 2.362524648434903085e+01
2.490467721662181333e+00 1.849468727863495983e-03 3.240932311621966733e+02 2.384797228412235981e+01
2.496849546734450254e+00 1.852734310658727887e-03 3.220204342273307816e+02 2.504493263487247035e+01
2.503105859710241798e+00 1.772860352036017325e-03 3.201464379947229304e+02 2.389204203467166110e+01
2.509322203788900918e+00 1.804578376445024500e-03 3.176499999999999773e+02 2.431162800822389514e+01
2.515643032193938478e+00 1.830400595634155535e-03 3.161952141057934682e+02 2.352588308858710064e+01
2.522012436559997628e+00 1.844427975373299751e-03 3.121674937965260597e+02 2.535232028259440185e+01
2.528376527697731913e+00 1.805263014170996501e-03 3.090879396984924483e+02 2.457336804932205609e+01
2.534662305746367750e+00 1.817191430107880853e-03 3.040428211586901739e+02 2.556600059700676297e+01
2.540923642722284104e+00 1.847774197163838152e-03 2.966435643564356610e+02 2.902678837198224215e+01
2.547222087144660030e+00 1.810867478977307979e-03 2.854455445544554664e+02 3.108764855938241567e+01
2.553540685742163419e+00 1.807658101810726481e-03 2.724565483476131931e+02 2.893235185922681296e+01
2.559925401613222018e+00 1.856915584780679824e-03 2.610371257485030014e+02 2.523292417750978345e+01
2.566280305514876403e+00 1.838802799104265022e-03 2.517736077481840198e+02 2.356492341007777114e+01
2.572544852388987113e+00 1.785952156998167010e-03 2.475644171779141232e+02 2.144034189920989419e+01
2.578799894204640619e+00 1.806472379669163885e-03 2.464788391777508991e+02 2.094210533172962130e+01
2.585123793491197919e+00 1.855120447360665906e-03 2.460611045828437113e+02 2.211652942650392006e+01
2.591472256141813091e+00 1.805120360344933915e-03 2.439153754469606667e+02 2.214452762497388250e+01
2.597744265483155957e+00 1.788819714346394623e-03 2.425383693045563689e+02 2.166420786320142966e+01
2.604038454996993934e+00 1.850630787333012181e-03 2.422727272727272805e+02 2.189262987993836873e+01
2.610374414453144443e+00 1.837105816396599096e-03 2.399464493597206172e+02 2.241671906198509134e+01
2.616634120485421100e+00 1.761050173804210722e-03 2.388723150357995166e+02 2.141515450587691660e+01
2.622940397920966227e+00 1.848634675493098997e-03 2.378418657565415231e+02 2.055163206266207609e+01
2.629323187355575353e+00 1.839581463337864892e-03 2.346107305936073146e+02 1.986641661135805137e+01
2.635681273538560632e+00 1.815290224604702678e-03 2.318006872852233755e+02 1.941808418567741512e+01
2.641934789831782204e+00 1.778405014700361417e-03 2.297758215962441284e+02 1.968734364261567649e+01
2.648176773767660031e+00 1.853093332118325998e-03 2.269346110484780183e+02 2.185359562055244353e+01
2.654514065851063087e+00 1.823524830511773481e-03 2.270451977401129966e+02 2.251847295121031678e+01
2.660817448321032508e+00 1.798052776896779401e-03 2.266769055745164962e+02 2.313655653095451470e+01
2.667123571907564994e+00 1.844852426740933296e-03 2.244399999999999977e+02 2.463457822745186476e+01
2.673472329675100401e+00 1.839448802019330543e-03 2.237464008859357705e+02 2.475032964429770033e+01
2.679761377760365715e+00 1.786299887381436651e-03 2.222466063348416299e+02 2.427147755397470164e+01
2.686129035698236578e+00 1.877272974428747035e-03 2.157253446447508054e+02 3.700926469097623084e+01
2.692300573720700196e+00 1.798376592015874225e-03 2.188810325476992205e+02 2.745563241638031826e+01
2.698561328278970439e+00 1.798779619418457414e-03 2.212234891676168616e+02 2.663815174531235641e+01
2.704947056964875252e+00 1.860594623228957294e-03 2.218640449438202324e+02 3.226589693526651814e+01
2.711339925705444909e+00 1.826229981736538378e-03 2.261851851851851904e+02 3.658606284988816526e+01
2.717643416720191052e+00 1.774618570520191145e-03 2.311133651551312767e+02 3.879293515871699327e+01
2.723934694222051256e+00 1.823763048442502126e-03 2.328783943329397914e+02 3.968770285594580116e+01
2.730274673678132036e+00 1.841398355898408350e-03 2.353612750885478135e+02 3.796613185150977898e+01
2.736591263199737778e+00 1.788312012670147501e-03 2.361975609756097469e+02 3.634858659114961199e+01
2.742885231028380222e+00 1.844652457607765493e-03 2.336127098321342999e+02 3.703808264381391524e+01
2.749161241756704843e+00 1.804773587711254630e-03 2.337137592137592037e+02 3.678895952014629245e+01
2.755398232824302962e+00 1.776157869081165970e-03 2.345687732342007337e+02 3.602020811486017493e+01
2.761751565609168679e+00 1.857903093933079139e-03 2.352317801672640485e+02 3.829574698409933120e+01
2.768124311574730267e+00 1.813883183384283311e-03 2.429312883435582933e+02 4.263653037017493830e+01
2.774423663616722546e+00 1.776295681999270643e-03 2.583820224719100906e+02 5.044193560766451156e+01
2.780754869867226198e+00 1.842436817654598789e-03 2.776845310596833087e+02 6.189003428319894340e+01
2.787077464795406190e+00 1.805278297034774168e-03 3.038249999999999886e+02 6.666831448484354894e+01
2.793346642012575654e+00 1.793644434711254678e-03 3.279268600252206625e+02 6.539668155235311531e+01
2.799634253246212179e+00 1.838111547031318375e-03 3.434838709677419502e+02 6.286176466514295669e+01
2.805924842988945844e+00 1.808245895551135627e-03 3.602575757575757507e+02 5.627224265197131103e+01
2.812167973206011862e+00 1.789098639402584082e-03 3.675409207161125096e+02 5.277748167728993423e+01
2.818496662748549042e+00 1.874446068014908040e-03 3.700501222493887781e+02 5.243520853650275626e+01
2.824858807967614460e+00 1.791571154666717633e-03 3.766891719745223099e+02 5.339048374299037647e+01
2.831150482550185643e+00 1.815112775054883139e-03 3.784050632911392427e+02 5.518636761597676355e+01
2.837475400148095517e+00 1.850316795954077458e-03 3.802640099626401025e+02 5.906964770567100231e+01
2.843805018276897911e+00 1.786824753329564535e-03 3.849691912708600512e+02 6.234930206721871571e+01
2.850131561922547352e+00 1.845583173970813699e-03 3.844519350811485765e+02 6.654664149997334732e+01
2.856484494638581229e+00 1.841115527677602507e-03 3.862889165628891419e+02 6.683550987436872504e+01
2.862782859862781137e+00 1.780809355167121575e-03 3.867181122448979522e+02 6.278593187145750676e+01
2.869068523143336158e+00 1.847699945098150954e-03 3.801435582822085735e+02 5.820138875537517720e+01
2.875378514069953706e+00 1.802909528894259443e-03 3.790961298377028470e+02 5.537204428730011330e+01
2.881671995666307051e+00 1.819305449905813353e-03 3.737428571428571331e+02 5.675097081595770732e+01
2.887980092673573917e+00 1.848812746508326317e-03 3.676666666666666856e+02 6.019133096658859472e+01
2.894292086458025270e+00 1.795011172749967111e-03 3.658153266331658529e+02 6.468195934532968749e+01
2.900588101801901963e+00 1.834444505730529681e-03 3.549011124845488325e+02 7.630178024701875472e+01
2.906894294921833044e+00 1.834235081131648307e-03 3.440780669144981516e+02 8.725704567335672834e+01
2.913143215321425394e+00 1.775388414920497622e-03 3.352279129321382811e+02 1.002390526776078445e+02
2.919469846096636179e+00 1.902110692867622259e-03 3.182889688249400706e+02 1.122176801167881024e+02
2.925831071463227850e+00 1.799019204260941503e-03 3.115114213197969661e+02 1.112195684074428783e+02
2.932125236913744715e+00 1.849572311535908030e-03 2.900432632880098822e+02 1.034319583050785241e+02
2.938426190430696305e+00 1.829943172517629413e-03 2.726803995006242189e+02 8.755074050592408241e+01
2.944698497868602605e+00 1.792371922793937686e-03 2.624695431472081282e+02 7.218016040832777946e+01
2.951032364443879619e+00 1.872648010744969562e-03 2.585424757281553525e+02 6.354824877302291952e+01
2.957349976869245278e+00 1.772646084934545842e-03 2.704322250639386311e+02 5.849664274531014030e+01
2.963641534615172990e+00 1.843499637433317897e-03 2.824839506172839378e+02 5.523886151405269374e+01
2.969974563050315375e+00 1.835483252247156055e-03 2.953105590062111787e+02 5.092666351631205401e+01
2.976261971728969780e+00 1.784595762971840369e-03 3.042372448979591582e+02 4.721534078265012369e+01
2.982555079221103078e+00 1.856376802478345786e-03 3.046536107711138470e+02 4.560674359961817714e+01
2.988860230475899549e+00 1.767956570045068222e-03 3.076606914212547963e+02 4.422829182311181029e+01
2.995178874680174186e+00 1.856934622757372335e-03 3.048801955990219881e+02 4.391669624973869901e+01
3.001496400543723020e+00 1.797819739674591305e-03 3.048631178707224194e+02 4.295979314937568461e+01
3.007822553902104179e+00 1.849516356328991537e-03 3.016027227722772182e+02 4.277605564507248914e+01
3.014155913686516808e+00 1.844070628166239031e-03 2.986757763975155058e+02 4.488313400966308819e+01
3.020427983220980828e+00 1.780401570183770890e-03 2.961435897435897573e+02 4.780239857648035695e+01
3.026726854870708916e+00 1.864734463497724846e-03 2.989119804400978069e+02 1.569878702685573160e+02
3.033042693621903041e+00 1.790509691971886499e-03 3.527295918367346985e+02 8.371723417856345577e+02
3.039417687211595442e+00 1.892848977299335135e-03 3.565591787439613540e+02 1.100891089807551225e+03
3.045771113053035606e+00 1.809002971513908259e-03 2.891495564005069809e+02 3.432746529065877326e+02
3.052089874155329063e+00 1.844438578281415919e-03 2.577828784119106444e+02 8.042271066261821488e+01
3.058386304167925118e+00 1.824217551217444024e-03 2.442531328320802118e+02 8.827989436870839768e+01
3.064635661305841197e+00 1.781811879387494579e-03 2.339038461538461604e+02 9.544412845641542731e+01
3.070942258104439215e+00 1.879278577764203085e-03 2.187284848484848396e+02 1.008398184286160273e+02
3.077306102136554866e+00 1.789896323379901438e-03 2.099288437102922558e+02 1.008947011332197548e+02
3.083610248093582751e+00 1.842323938384468965e-03 1.967933579335793297e+02 1.007216279841479007e+02
3.089899276602742884e+00 1.781295098450355954e-03 1.905235668789808869e+02 9.938716892655297386e+01
3.096219282790054539e+00 1.849962857272845727e-03 1.773370098039215748e+02 9.660037233589466155e+01
3.102516781183005889e+00 1.793151767743564459e-03 1.726717363751584173e+02 9.284172073792385049e+01
3.108846425703184035e+00 1.844538984569745127e-03 1.582066420664206703e+02 8.221186959051682663e+01
3.115155056293756886e+00 1.812510444856532069e-03 1.451706398996235805e+02 6.764827075786136845e+01
3.121484332076036150e+00 1.832521331068808152e-03 1.332096774193548470e+02 5.417961093377216741e+01
3.127777573742708483e+00 1.818133687887086257e-03 1.264426433915212016e+02 4.466654374332456001e+01
3.134074710556275623e+00 1.800750836428910992e-03 1.248625472887767955e+02 3.992377478952670344e+01
3.140350968701055567e+00 1.840082388152106639e-03 1.227093596059113310e+02 3.687200130959305255e+01
3.146669598331559570e+00 1.795769837056059460e-03 1.223737373737373701e+02 3.562628249463174512e+01
3.152959210157879166e+00 1.842768641532451131e-03 1.208220858895705589e+02 3.473291652356563475e+01
3.159264892205651432e+00 1.791857333635609589e-03 1.209189873417721515e+02 3.419352470673202760e+01
3.165581888857809112e+00 1.858342078644047027e-03 1.186383495145631031e+02 3.338199885716950632e+01
3.171905560319084216e+00 1.782720971754531017e-03 1.197883396704689432e+02 3.417185081195669483e+01
3.178180461481988406e+00 1.828434529921516482e-03 1.176351351351351298e+02 3.404539299399862529e+01
3.184506679420991304e+00 1.810619157308176325e-03 1.175952677459526825e+02 3.417942287475440821e+01
3.190846230582273346e+00 1.831490456789015321e-03 1.142799511002445030e+02 3.379452457692475775e+01
3.197132365687451294e+00 1.780884113596707067e-03 1.133379746835443029e+02 3.426556929198786605e+01
3.203454230992797136e+00 1.862619862555806765e-03 1.100024125452352166e+02 3.474549892463279122e+01
3.209790152929830498e+00 1.796864404628749357e-03 1.093522012578616369e+02 3.547004646228349145e+01
3.216105270782768422e+00 1.849581865447865814e-03 1.053155339805825292e+02 3.530569133516806346e+01
3.222383723154825574e+00 1.773184836801974633e-03 1.042588832487309674e+02 3.507087542276964598e+01
3.228652903688512765e+00 1.829814433570467642e-03 1.012679658952497022e+02 3.488369950902541206e+01
3.234977992221026444e+00 1.801123950508762587e-03 1.026181592039800989e+02 3.522077478437228848e+01
3.241301441286830176e+00 1.830570155328411054e-03 1.024507897934386449e+02 3.509030543572987426e+01
3.247581817024004280e+00 1.774748969754167847e-03 1.043780025284450090e+02 3.458137502204513680e+01
3.253885986942128827e+00 1.868811343678552150e-03 1.048766467065868255e+02 3.445133982702595432e+01
3.260235987169183947e+00 1.804603356501592029e-03 1.054837500000000006e+02 3.418810598183235072e+01
3.266546856392692710e+00 1.857627301288636550e-03 1.035180288461538396e+02 3.268466853445075770e+01
3.272886904023045052e+00 1.792569475559808913e-03 1.033462499999999977e+02 3.237036520878317702e+01
3.279153478698136670e+00 1.837211362056317054e-03 1.015684848484848430e+02 3.141935225092599637e+01
3.285516195699416553e+00 1.819318898053023329e-03 1.012039312039312051e+02 3.072429013202973636e+01
3.291677990232397821e+00 1.824817096246810931e-03 1.018951507208387994e+02 3.133272813167582171e+01
3.298068987764390059e+00 1.863784166448585874e-03 1.011410958904109521e+02 3.054266291328394090e+01
3.304430978840338096e+00 1.814787339162488022e-03 9.975436046511627808e+01 3.079029882705124166e+01
3.310737564052387061e+00 1.817945227602999880e-03 9.845684523809524080e+01 3.125112391686380775e+01
3.317033906120231190e+00 1.800198345421728579e-03 9.639291217257319033e+01 3.044303580174195289e+01
3.323313479518194669e+00 1.810036704891648416e-03 9.496708463949843804e+01 3.065577098124679267e+01
3.329645772824664451e+00 1.853775369266378323e-03 9.538221528861154752e+01 3.255233969725268395e+01
3.335990548707715053e+00 1.826590486813650920e-03 9.317174959871589124e+01 3.258951851073739192e+01
3.342268739174953929e+00 1.807641793864574143e-03 9.249102773246329434e+01 3.293068729730951816e+01
3.348554594221377023e+00 1.807536448754866812e-03 9.189473684210526017e+01 3.230083605257441803e+01
3.354810866618635590e+00 1.798386852034845364e-03 9.147068676716918390e+01 3.229434890240819556e+01
3.361143554435736203e+00 1.860575678898459748e-03 9.380655737704917385e+01 3.453354226720880149e+01
3.367505271257411170e+00 1.829077091643749146e-03 9.255405405405404906e+01 3.435940860968514698e+01
3.373804785089639324e+00 1.803149868685275390e-03 9.171750433275563807e+01 3.396579660756440688e+01
3.380079784639911100e+00 1.805631642174917659e-03 8.980316344463972200e+01 3.283204737362321168e+01
3.386416571036835244e+00 1.843579116849991192e-03 9.001584507042252881e+01 3.404695580173365954e+01
3.392732849186819166e+00 1.821713749179523084e-03 8.833575317604355348e+01 3.281110269282996939e+01
3.399077842768783331e+00 1.840157085703132342e-03 8.517391304347826519e+01 2.997820700776025049e+01
3.405368445234043140e+00 1.771416845865005909e-03 8.508778625954198560e+01 2.927231482650694616e+01
3.411642977450664915e+00 1.840004348347408980e-03 8.884398496240601162e+01 3.020963393667736341e+01
3.417946432239648225e+00 1.816648589106147462e-03 9.294951456310680271e+01 2.912962782577828946e+01
3.424268333461439884e+00 1.838339958730071926e-03 9.670599613152805318e+01 2.736118533747771764e+01
3.430601598134079389e+00 1.799761940178920376e-03 1.002364729458917765e+02 2.625412774742703093e+01
3.436922606236269218e+00 1.844213366763177700e-03 1.040439999999999969e+02 2.828261218487429218e+01
3.443269856433799347e+00 1.834668830692703879e-03 1.036666666666666714e+02 2.648896569026715397e+01
3.449516618902171317e+00 1.769622948488585408e-03 1.028653846153846132e+02 2.511832615854870454e+01
3.455771942280530862e+00 1.817195070858158281e-03 1.019852008456659576e+02 2.357045493603552089e+01
3.462154010515302804e+00 1.866018191136946868e-03 1.032848101265822720e+02 2.502006938924622403e+01
3.468478914699885340e+00 1.799468636805881495e-03 9.957427937915743144e+01 2.105213862872286512e+01
3.474737530089159865e+00 1.798535080277152308e-03 9.753363228699551257e+01 2.025856012107800552e+01
3.481027808853469629e+00 1.828779808500339806e-03 9.711764705882353610e+01 2.129978862512755455e+01
3.487370903609774420e+00 1.855504762412056021e-03 9.315384615384616041e+01 1.845151971740150998e+01
3.493710577164840458e+00 1.791815171782784382e-03 8.956028368794326866e+01 1.743463124208897952e+01
3.499981309375833849e+00 1.817721919481020843e-03 8.641050119331741541e+01 1.781165076163011207e+01
3.506294281862427642e+00 1.840208171226962808e-03 8.288489208633093597e+01 1.878065741221764284e+01
3.512643170548069183e+00 1.819719049123772565e-03 7.957002457002457163e+01 1.902160444563763875e+01
3.518887929185086527e+00 1.780316295825717758e-03 7.639743589743589780e+01 1.836019907102531334e+01
3.525201780775713889e+00 1.871585280235478531e-03 7.394540942928040295e+01 1.741913214847793157e+01
3.531587235286628879e+00 1.812415240060859375e-03 7.169010416666667140e+01 1.658310922953684852e+01
3.537791204901774123e+00 1.765649031450039182e-03 6.989373297002724428e+01 1.496851821836112606e+01
3.544104483213670331e+00 1.881636984785636617e-03 7.001302083333332860e+01 1.487403252426812195e+01
3.550526160049383151e+00 1.823753900979235669e-03 7.057650273224044213e+01 1.230752739882214541e+01
3.556826252644191833e+00 1.805941154371571225e-03 7.170422535211267245e+01 9.149716825807333365e+00
3.563110991539715666e+00 1.831382697511484874e-03 7.434090909090909349e+01 7.272580786877027137e+00
3.569418747584309326e+00 1.819035597463529485e-03 7.653779069767442422e+01 5.148392871732792031e+00
3.575721219182565580e+00 1.815191134896390569e-03 7.892284866468843063e+01 4.502856631688248790e+00
3.582041784633743120e+00 1.836067019019354488e-03 8.033933933933933247e+01 4.643764262805604837e+00
3.588351193306853926e+00 1.816205673054769026e-03 8.099690402476780093e+01 4.019300883422967097e+00
3.594644124218077774e+00 1.816162507538995278e-03 8.100315457413249476e+01 3.542442081256040876e+00
3.600965899690116157e+00 1.832434222657099978e-03 8.078274760383386877e+01 3.689207809829090134e+00
3.607301933810233674e+00 1.823864462282996299e-03 7.973442622950820180e+01 4.295335995491256220e+00
3.613589615564896995e+00 1.801875725405921403e-03 7.768135593220338819e+01 5.243794981563987712e+00
3.619872304563952703e+00 1.819848024125704684e-03 7.542611683848797099e+01 6.433532116527041822e+00
3.626184481674183946e+00 1.827760715362539709e-03 7.352631578947368496e+01 7.444903813870523024e+00
3.632455309189269510e+00 1.797655079431180383e-03 7.040510948905109956e+01 7.998731185012345257e+00
3.638754857574894697e+00 1.841922947680418475e-03 6.721532846715328446e+01 8.458035299488347647e+00
3.645110863435991444e+00 1.833895812584415653e-03 6.388345864661653906e+01 8.191153920172290270e+00
3.651399341121458253e+00 1.797724079201825547e-03 6.037254901960784537e+01 8.203772540167799221e+00
3.657684783062496781e+00 1.823089633617003442e-03 5.656746031746031633e+01 7.307427357354871589e+00
3.663989311092172851e+00 1.817352227903809700e-03 5.302868852459016580e+01 5.443385167840040673e+00
3.670338462676961733e+00 1.852037082036360515e-03 5.073140495867768607e+01 4.126247733792907546e+00
3.676667454351053799e+00 1.802731285318214709e-03 5.010917030567685515e+01 3.187297326488376825e+00
3.682957402673964431e+00 1.831301914300888494e-03 4.971681415929203496e+01 2.472497322630674788e+00
3.689264510226057059e+00 1.810576500315507495e-03 5.035023041474654093e+01 2.291773224172124479e+00
3.695607159299667099e+00 1.851070780809128090e-03 5.209767441860465453e+01 2.116432399249952745e+00
3.701906411334345837e+00 1.786914693256676148e-03 5.424378109452736396e+01 2.444710512486930831e+00
3.708163258087520564e+00 1.825159420261267002e-03 5.619095477386934334e+01 2.354227111665454508e+00
3.714507337749332283e+00 1.833043865117713490e-03 5.722797927461139977e+01 2.632200847487032647e+00
3.720870273368275249e+00 1.842023606415223082e-03 5.667914438502673846e+01 2.343985142912790032e+00
3.727157013165883104e+00 1.785929560704693081e-03 5.647999999999999687e+01 2.335025236939176629e+00
3.733414267292576749e+00 1.823616893326991065e-03 5.661627906976744384e+01 2.403111715403952964e+00
3.739747614563589284e+00 1.832601406324968355e-03 5.557831325301204828e+01 2.206316563163747357e+00
3.746091684029914770e+00 1.828992002129592063e-03 5.462264150943396146e+01 1.936055011295901407e+00
3.752406222021260618e+00 1.812401454337024109e-03 5.376821192052980081e+01 2.276653215105050254e+00
3.758712131096641595e+00 1.823143945980814458e-03 5.237241379310344769e+01 2.706648352337346797e+00
3.765000355804634324e+00 1.809969724265664184e-03 4.940875912408758808e+01 2.022714531087222767e+00
3.771324791207556704e+00 1.846593531196991230e-03 4.748872180451127889e+01 1.548032475498360316e+00
3.777640884128447674e+00 1.800430178895984180e-03 4.534959349593496114e+01 1.656023921635898954e+00
3.783890033752419058e+00 1.812352582976840126e-03 4.425641025641025550e+01 2.276907676855597806e+00
3.790205950757557840e+00 1.839564216382759279e-03 4.424107142857143060e+01 2.201322944068323739e+00
3.796547481197723339e+00 1.823144808823023381e-03 4.493269230769230660e+01 2.003510233175231914e+00
3.802839460639445335e+00 1.822115437231795494e-03 4.609278350515464240e+01 2.329235377301709597e+00
3.809162628389719529e+00 1.835235423465040759e-03 4.879120879120878840e+01 2.745274012673648567e+00
3.815477698903783743e+00 1.813833779597889004e-03 5.160240963855421370e+01 2.342591314934242330e+00
3.821777178949230969e+00 1.830898415393102585e-03 5.312987012987012747e+01 2.273024099355073879e+00
3.828076951026545771e+00 1.795694771849016581e-03 5.314492753623188293e+01 2.179268765055509149e+00
3.834316772867639944e+00 1.791896653628349866e-03 5.304838709677419217e+01 2.741271266797318695e+00
3.840583618544390898e+00 1.820001018717854217e-03 5.317857142857143060e+01 2.273264083171319339e+00
3.846911872181034475e+00 1.824281646184678762e-03 5.200000000000000000e+01 2.695423180587601220e+00
3.853313008086272973e+00 1.880829953221405115e-03 4.965116279069767558e+01 3.776976164258370794e+00
3.859656947796285653e+00 1.787945514535103963e-03 4.638235294117647101e+01 3.405928070403313690e+00
3.865825284683709118e+00 1.773175751446867720e-03 4.370370370370370239e+01 2.784436463587037114e+00
3.872064552013789740e+00 1.858490478498285668e-03 4.214285714285714590e+01 3.656138254877064675e+00
3.878243048288448236e+00 1.738115315901965106e-03 4.169230769230769340e+01 3.535115474792632995e+00
3.884441558101385361e+00 1.990091083924331716e-03 4.157142857142856940e+01 2.599057914094321742e+00
