# q qerr I(q) I(q)err
6.111313073595031620e-02 3.154100855865873791e-03 3.950000000000000000e+01 1.378020800470955187e+01
6.800242608866982619e-02 2.110752812487300123e-03 6.800000000000000000e+01 1.563116545025780546e+01
7.478812129850326285e-02 1.894856213165734514e-03 7.622222222222222854e+01 2.425736492462484506e+01
8.081736842982174818e-02 1.577734731020807597e-03 7.988888888888888573e+01 2.382990133279750111e+01
8.706192866790804508e-02 2.018057842609979804e-03 8.407692307692308020e+01 2.048827056559998638e+01
9.311361532868518698e-02 1.734318039620741251e-03 8.125000000000000000e+01 1.903833851294102075e+01
9.924832822165428892e-02 1.939409616079583844e-03 7.637500000000000000e+01 2.221784896203950410e+01
1.056867454532435108e-01 2.068262530006435406e-03 7.020833333333332860e+01 2.372601127688999156e+01
1.120935416356093062e-01 1.699923986068800717e-03 6.146153846153845990e+01 2.189478606437463526e+01
1.177168722532570266e-01 1.903764278506084144e-03 6.331250000000000000e+01 2.089571389962544501e+01
1.242406998858587575e-01 2.007415885574503726e-03 6.410714285714286120e+01 1.750998257554582338e+01
1.307844605212421796e-01 1.948859987027574741e-03 6.475000000000000000e+01 1.492600798223404013e+01
1.372938405551752672e-01 1.976444694498947011e-03 6.287096774193548043e+01 1.468854594212308307e+01
1.433626874055373979e-01 1.479129257371093872e-03 5.935999999999999943e+01 1.361928045089019967e+01
1.497414395840910573e-01 2.132896554945924294e-03 6.018918918918918592e+01 1.204256512235152954e+01
1.562016171858009728e-01 1.470810848565314282e-03 5.851851851851851904e+01 1.140704665134225237e+01
1.620883487451751925e-01 1.817360580555445800e-03 5.824242424242424221e+01 1.084365899095932662e+01
1.684939590642719198e-01 1.975568076388520972e-03 5.697297297297297547e+01 1.095191695665951137e+01
1.749358117034872373e-01 1.810730169671130639e-03 5.779999999999999716e+01 1.068964786270209366e+01
1.813634234827302405e-01 1.982290824745188643e-03 5.817073170731707421e+01 1.044144603778158853e+01
1.877608813777307539e-01 1.710969833005861022e-03 5.767567567567567721e+01 1.112798248364538267e+01
1.936838392192468117e-01 1.708352888559126238e-03 5.739473684210526017e+01 1.091651776487370995e+01
1.998200724089964908e-01 1.901042836663710675e-03 5.746511627906976827e+01 1.056559003591009294e+01
2.064988844748374130e-01 2.083185659227047067e-03 5.664583333333333570e+01 1.255622770447663505e+01
2.131062600015138364e-01 1.923054290541973939e-03 5.863829787234042357e+01 1.093256832811857748e+01
2.193208008558340527e-01 1.649587748772136844e-03 5.858139534883721211e+01 1.123640937396166706e+01
2.255197753110727010e-01 1.943898002345461392e-03 5.890196078431372229e+01 1.038986286186447217e+01
2.319084130262620835e-01 1.853433278599466881e-03 5.875999999999999801e+01 1.047652614180864994e+01
2.380456302514551703e-01 1.717913041466973250e-03 5.897916666666666430e+01 1.115978488193706575e+01
2.441826744061198484e-01 1.910984005326162374e-03 5.923636363636363455e+01 1.090551456529605190e+01
2.508567628905887248e-01 1.865639566994751813e-03 5.487096774193548043e+01 1.510919326515579542e+01
2.571616352083493928e-01 2.042758540577210586e-03 5.334146341463414842e+01 1.491593536792310992e+01
2.636090936505812721e-01 1.759536909171210452e-03 5.415584415584415723e+01 1.296663336047600623e+01
2.696276322290375727e-01 1.767913466712890637e-03 5.496249999999999858e+01 1.230236257797663946e+01
2.756934411426098519e-01 1.847457432374286813e-03 5.588095238095237960e+01 1.164591205418004805e+01
2.820483295007140123e-01 1.942127748479487680e-03 5.606741573033708192e+01 1.147623970505838642e+01
2.885873542857223528e-01 1.999902870285049771e-03 5.649473684210526159e+01 1.129612980079700968e+01
2.950059364807982032e-01 1.753155416080761590e-03 5.625581395348837077e+01 1.110134493579271187e+01
3.012776628394395750e-01 1.916275679195857595e-03 5.684210526315789735e+01 1.015743113204397119e+01
3.076468654533095481e-01 1.858480647863890167e-03 5.747311827956989561e+01 9.518886666838346500e+00
3.139397285054469910e-01 1.849733180513128640e-03 5.840425531914893753e+01 9.482931224490670274e+00
3.202097007249891103e-01 1.889977811219999311e-03 5.909183673469387799e+01 1.018565683520286136e+01
3.264390569218261762e-01 1.757358001834326191e-03 5.929032258064516014e+01 1.033339487298873749e+01
3.326951465344144543e-01 1.930481388006281569e-03 6.025961538461538680e+01 9.608815063423634228e+00
3.390239669727912464e-01 1.785238221274862988e-03 6.038775510204081343e+01 9.340308226584218332e+00
3.452290355408559885e-01 1.822729964848564038e-03 6.133333333333333570e+01 9.201449161228172358e+00
3.515217579766085620e-01 1.894166946962649433e-03 6.192380952380952408e+01 8.756665099994938473e+00
3.581115149106128270e-01 1.984833837990382030e-03 6.290265486725663635e+01 8.669360071925716227e+00
3.646365217867122976e-01 1.807385512883236643e-03 6.350467289719626507e+01 8.602462338456724922e+00
3.707522342694583029e-01 1.646676631311451595e-03 6.321000000000000085e+01 8.466286080684966464e+00
3.768404479121448269e-01 1.835047814059704218e-03 6.382882882882882569e+01 8.239422143964683087e+00
3.831651369708888866e-01 1.834489868729198949e-03 6.360360360360360232e+01 8.086337137899164418e+00
3.894643253735652899e-01 1.853753096359237081e-03 6.384070796460176922e+01 7.955058195682980227e+00
3.958807651630259494e-01 1.912159574900255954e-03 6.412500000000000000e+01 7.731564093592791842e+00
4.022473572087105209e-01 1.746533598099251966e-03 6.489189189189188767e+01 7.553767984397818935e+00
4.083991683103055381e-01 1.862831917861469243e-03 6.589915966386554658e+01 7.329398083458179336e+00
4.147868792651558945e-01 1.850918924272050396e-03 6.630578512396694180e+01 7.354085689380672974e+00
4.211381020132339281e-01 1.813003092898375071e-03 6.700000000000000000e+01 7.126368217187641463e+00
4.273404438934948479e-01 1.765577699919095717e-03 6.742016806722689637e+01 7.156363898043887062e+00
4.337195733954657406e-01 1.911235613422362228e-03 6.842307692307691980e+01 7.296023071696108531e+00
4.400834723796714920e-01 1.795304431444431784e-03 6.906451612903225623e+01 7.082775783488246546e+00
4.463380503116383125e-01 1.781136916513354146e-03 6.934126984126983473e+01 6.689049726484791236e+00
4.525475293404462862e-01 1.782735370135076804e-03 6.881102362204724443e+01 6.248322981655171304e+00
4.588781844142776345e-01 1.863542184770878652e-03 6.787313432835820493e+01 6.438408778288827961e+00
4.652813857520213814e-01 1.809454061223974295e-03 6.681954887218044803e+01 6.231431799290340301e+00
4.715886271752884884e-01 1.786725641485754782e-03 6.576865671641790811e+01 6.131395238774772771e+00
4.778700308571910971e-01 1.749120838384908864e-03 6.533082706766917624e+01 5.775742920732594321e+00
4.841075358786299798e-01 1.812598873705853009e-03 6.471014492753623415e+01 5.195535947601432447e+00
4.904685449060671165e-01 1.813034819841214708e-03 6.380714285714285694e+01 4.911793387930145194e+00
4.967988078032400945e-01 1.775169993053363985e-03 6.360283687943262265e+01 4.615239712489728419e+00
5.030461340587593089e-01 1.710738770771227935e-03 6.295652173913043725e+01 4.635008287732310883e+00
5.093789740337634209e-01 1.844995629980458740e-03 6.297986577181207934e+01 4.549444588187466998e+00
5.157895609665918979e-01 1.772173611217854692e-03 6.285616438356164082e+01 4.507858903449994514e+00
5.220653538623039047e-01 1.710912446064493482e-03 6.270629370629370669e+01 4.406265905091070856e+00
5.282420832211931483e-01 1.776221308977217429e-03 6.237837837837837895e+01 4.445761106812406993e+00
5.345849814872509764e-01 1.797460663252185451e-03 6.225000000000000000e+01 4.212098801760172151e+00
5.409400198384390901e-01 1.769240412124692928e-03 6.246405228758170125e+01 4.062032348040970575e+00
5.471612929737256215e-01 1.671871176479489780e-03 6.302027027027027373e+01 4.147581075775552684e+00
5.535187503546902255e-01 1.843477994232445120e-03 6.388888888888888573e+01 4.098997836635952297e+00
5.599303633336802921e-01 1.774845713676194252e-03 6.437579617834394696e+01 4.267492156982968687e+00
5.661980099607780703e-01 1.715649351238413218e-03 6.498051948051947591e+01 3.770977755604007609e+00
5.724333289920446877e-01 1.764199560704661452e-03 6.538750000000000284e+01 3.694051383643708775e+00
5.786575496797814466e-01 1.687338640378493104e-03 6.649350649350648723e+01 3.506012473017547482e+00
5.849918082512260975e-01 1.882166412490617838e-03 6.869186046511627808e+01 3.785959729877939495e+00
5.913559560974818163e-01 1.673563701773732749e-03 7.017197452229299870e+01 4.087053243993537421e+00
5.976003341774964728e-01 1.789272139650604403e-03 7.132544378698224818e+01 4.317588930708169848e+00
6.039710484280985670e-01 1.760471037718898532e-03 7.217261904761905100e+01 4.533057589653051167e+00
6.103455122609070527e-01 1.778153705054047679e-03 7.307017543859649322e+01 4.644199091953784553e+00
6.165941547084902163e-01 1.709282904712068618e-03 7.340119760479042554e+01 4.847075146266652368e+00
6.227886440901039267e-01 1.708031916550016484e-03 7.286904761904762040e+01 5.108342904852812616e+00
6.292222757675741684e-01 1.895555695838723603e-03 7.166844919786096568e+01 5.087003624875183760e+00
6.355837393651907474e-01 1.609918394456906487e-03 6.996363636363636829e+01 4.742934428942191971e+00
6.417201133152361514e-01 1.735489606861494215e-03 6.833707865168538831e+01 4.166555147268289794e+00
6.480234646877054416e-01 1.746502386866512820e-03 6.650561797752808957e+01 3.614110921486637373e+00
6.543745591304535036e-01 1.808595843625667669e-03 6.459782608695651618e+01 3.088228840678869602e+00
6.607410482875138991e-01 1.776914150084337417e-03 6.298913043478260931e+01 2.955252684797341267e+00
6.669765730033264672e-01 1.670208017253243388e-03 6.151704545454545325e+01 3.016494342748666568e+00
6.731673103258457580e-01 1.796482171393593615e-03 6.033510638297872219e+01 3.276466217390088254e+00
6.795850853652600776e-01 1.822834825668488831e-03 5.957068062827224963e+01 3.309803376063609637e+00
6.858902177354958551e-01 1.747430487391250960e-03 5.905913978494623962e+01 3.094748067768990474e+00
6.921278880332987216e-01 1.765781770802452586e-03 5.852380952380952550e+01 3.085781239067213022e+00
6.985070946107704293e-01 1.847715388967816497e-03 5.845959595959595845e+01 3.024843566901279868e+00
7.048037128132643714e-01 1.757666077632949074e-03 5.798941798941798709e+01 2.756395405137235688e+00
7.109847861020758275e-01 1.767854622430342420e-03 5.796354166666666430e+01 2.570575014034365946e+00
7.172345948602801835e-01 1.822657136245004524e-03 5.783838383838384090e+01 2.596293654566205866e+00
7.236608500653414211e-01 1.906739358311473767e-03 5.757073170731707279e+01 2.599995423965223651e+00
7.299519259881649402e-01 1.814756391122580772e-03 5.738265306122448806e+01 2.553192952441089236e+00
7.362298620906445601e-01 1.872001608046580190e-03 5.738725490196078738e+01 2.541608759527160366e+00
7.427109241448597299e-01 1.961252361706546793e-03 5.735514018691588944e+01 2.461255365027215980e+00
7.489749171607754663e-01 1.795506848231544564e-03 5.682051282051281760e+01 2.609193275008789836e+00
7.553119902396251417e-01 1.968290517240121971e-03 5.660730593607306105e+01 2.778616666138764124e+00
7.617428847945948434e-01 1.878647625832918257e-03 5.603381642512077576e+01 3.525474649545202954e+00
7.679897535333021219e-01 1.889655825210407886e-03 5.579425837320574288e+01 2.717960261460025340e+00
7.742716946001383382e-01 1.890740870187222538e-03 5.513615023474178400e+01 2.975792626037554900e+00
7.806130493972306406e-01 1.874127862848933099e-03 5.487735849056603854e+01 2.549221745135951789e+00
7.869955317179381238e-01 1.962138593108325030e-03 5.465178571428571530e+01 2.540292333631332777e+00
7.933337815560531636e-01 1.823456314192357453e-03 5.452380952380952550e+01 2.889146159833353433e+00
7.995722808394026826e-01 1.873920736445982161e-03 5.434389140271493090e+01 2.933816059893118222e+00
8.059029702364099990e-01 1.855844282913126459e-03 5.465753424657534509e+01 2.812214553948840123e+00
8.122482529694946551e-01 1.899897789708842157e-03 5.503964757709250932e+01 2.702326310102069584e+00
8.185971333973350861e-01 1.831057107996742058e-03 5.478923766816143370e+01 2.660020742418661488e+00
8.248840800988579414e-01 1.805078930334647752e-03 5.461434977578475269e+01 2.522942646717230897e+00
8.311527541867054225e-01 1.843524136775542745e-03 5.453711790393013104e+01 2.719388269028817806e+00
8.375116084758876811e-01 1.829773299230467044e-03 5.400434782608695627e+01 2.877952170494180173e+00
8.438261475186588090e-01 1.817550564165925373e-03 5.393103448275861922e+01 3.007768380411322440e+00
8.500843452560248314e-01 1.755513946144033992e-03 5.434955752212389513e+01 2.894711773808623434e+00
8.563647400134730692e-01 1.844487251387733453e-03 5.453112033195020558e+01 3.096342185354577836e+00
8.626696591174244366e-01 1.710203360544058351e-03 5.530263157894736992e+01 3.761194433178588703e+00
8.689830853488446083e-01 1.844123492424595270e-03 5.723983739837398588e+01 5.616500599784098213e+00
8.753179752476163422e-01 1.741457950302257533e-03 6.225531914893617369e+01 1.024029092219152659e+01
8.815756228481118617e-01 1.752464905610253906e-03 7.050207468879668227e+01 1.755687273514116242e+01
8.877944678552249780e-01 1.716242394594354789e-03 7.967932489451476386e+01 2.583339251526179936e+01
8.941407927930166144e-01 1.839522330085644050e-03 8.400790513833992179e+01 2.869272897490095175e+01
9.005003621585947471e-01 1.752218829319661820e-03 8.497142857142857508e+01 2.816755779178155095e+01
9.067627482844141662e-01 1.720498064613873055e-03 8.297950819672131217e+01 2.492939842714346810e+01
9.130278025298368405e-01 1.789374596252915357e-03 7.860714285714286120e+01 1.996452352415365894e+01
9.193563827426239898e-01 1.786117629316656989e-03 7.501587301587301226e+01 1.637930270393924559e+01
9.256709965929463824e-01 1.773964252230773864e-03 7.143529411764706083e+01 1.307326528770006036e+01
9.319487846442510159e-01 1.740175819907428248e-03 6.781600000000000250e+01 1.097148157725290396e+01
9.382375230166524194e-01 1.835219923763222079e-03 6.420610687022900720e+01 8.869080938960019367e+00
9.445114335627492475e-01 1.754301698834087597e-03 6.030039525691699254e+01 6.850599453223258806e+00
9.507739483173833772e-01 1.796477233495237351e-03 5.760153256704980862e+01 5.017273197969788434e+00
9.571000001339345920e-01 1.844157663989784944e-03 5.691320754716981156e+01 4.116197632241223481e+00
9.634651872700409347e-01 1.860525514413665987e-03 6.062406015037593932e+01 5.986523108556255579e+00
9.697902983397413967e-01 1.869026222830578836e-03 7.454135338345864170e+01 1.645734820750834615e+01
9.761731987705594138e-01 1.898719003246270758e-03 1.074649446494464939e+02 3.444364786037075987e+01
9.824546988499620603e-01 1.850375251942234242e-03 1.664452830188679116e+02 5.075549610119539778e+01
9.887603507672997338e-01 1.885371791598095068e-03 2.446323529411764639e+02 6.298890739316546927e+01
9.951547945742836854e-01 1.923480157877882840e-03 3.097330960854092723e+02 7.627321921256510961e+01
1.001497743307979915e+00 1.816985016266823736e-03 3.511086142322097317e+02 8.889468917377178059e+01
1.007730073445106012e+00 1.872875193246743668e-03 3.644316546762589724e+02 9.492777703525145228e+01
1.014110590476311025e+00 1.881534321868284657e-03 3.685567375886524815e+02 9.678718610121219967e+01
1.020442888611849064e+00 1.823625195420996601e-03 3.702078853046594986e+02 1.043067599973198014e+02
1.026691701700078063e+00 1.782759485576686145e-03 3.660000000000000000e+02 1.076394949336219184e+02
1.033057845114525142e+00 1.884320384582664851e-03 3.395102040816326507e+02 1.027535354439483086e+02
1.039437792018165441e+00 1.793463056649077922e-03 3.015583038869257848e+02 1.022777577948390615e+02
1.045681248368910410e+00 1.745618337461533540e-03 2.408368794326241016e+02 8.889186460740157258e+01
1.051944871571292683e+00 1.801987856022948175e-03 1.686862068965517381e+02 6.585315772897702402e+01
1.058324809813473877e+00 1.829265674919061668e-03 1.034612794612794602e+02 3.589599951418134083e+01
1.064596602572098316e+00 1.714864743882408334e-03 6.695070422535211208e+01 1.452780972840917073e+01
1.070868750588993112e+00 1.792957436204007347e-03 5.309764309764310042e+01 5.659016224026152564e+00
1.077195490251847465e+00 1.798916779777443367e-03 4.874247491638796248e+01 3.530996544923506342e+00
1.083505800573759448e+00 1.740543057611223946e-03 4.749488054607508758e+01 2.802203668035357698e+00
1.089676915900379850e+00 1.748165881083384946e-03 4.718027210884353906e+01 2.745822956535967752e+00
1.096052400832523421e+00 1.863573573199493825e-03 4.687539936102236737e+01 2.895968319267486102e+00
1.102364289960501065e+00 1.744372504095847640e-03 4.630169491525423808e+01 2.847806677556909083e+00
1.108625070827478076e+00 1.829094711995288541e-03 4.576221498371335628e+01 2.639837565821880450e+00
1.114924075445366869e+00 1.842999932655674591e-03 4.380844155844155807e+01 4.129992647043270182e+00
1.121282665432693726e+00 1.762017027877181303e-03 4.429770992366412230e+01 3.217957922405684901e+00
1.127553932619258736e+00 1.851826979229859085e-03 4.432713754646839988e+01 3.007758884497893526e+00
1.133905639228342421e+00 1.803927404845938115e-03 4.427843137254902217e+01 3.407897289671054875e+00
1.140144523104706709e+00 1.820967272376473748e-03 4.425590551181102228e+01 3.570781497230121726e+00
1.146455214771981312e+00 1.831860927088285957e-03 4.412350597609561476e+01 3.171897782196913429e+00
1.152869066430118439e+00 1.902391342003174283e-03 4.409266409266409426e+01 3.170732912770541034e+00
1.159252377890596986e+00 1.791659613503928782e-03 4.390041493775933645e+01 3.176358711101956445e+00
1.165575291556828930e+00 1.872439892399787795e-03 4.394820717131474197e+01 3.105242258449247839e+00
1.171828433925186763e+00 1.747387590499659572e-03 4.361904761904762040e+01 3.137605477156491407e+00
1.178029580193284076e+00 1.845903894892485285e-03 4.361316872427983782e+01 3.111938401121200570e+00
1.184400904434957269e+00 1.829516060217846983e-03 4.352719665271966676e+01 2.946596091918997740e+00
1.190737654720273042e+00 1.816225366119703435e-03 4.377215189873417955e+01 2.944972369137017765e+00
1.196977477342464180e+00 1.780548390738201196e-03 4.368558951965065518e+01 2.893335237894254508e+00
1.203312963818603976e+00 1.874247930763579166e-03 4.330165289256198236e+01 3.056142028453640247e+00
1.209645773529357093e+00 1.750259837788138012e-03 4.296460176991150348e+01 3.045874488208078823e+00
1.215952225700388523e+00 1.837678281197498587e-03 4.322457627118644297e+01 2.848075497935749656e+00
1.222254898926581568e+00 1.775628514659025698e-03 4.107490636704120135e+01 5.118658231776287870e+00
1.228537298751265050e+00 1.780223345631782141e-03 4.185869565217391397e+01 3.890413629739128965e+00
1.234759587745337228e+00 1.795376270296014523e-03 4.179928315412186635e+01 3.730413191574675214e+00
1.241110555825225781e+00 1.895169703334604900e-03 4.173154362416107688e+01 3.676633560853661109e+00
1.247523323486311897e+00 1.874537877840588536e-03 4.157770270270270174e+01 3.387073270489436183e+00
1.253854431820907944e+00 1.857283623330970761e-03 4.166107382550335814e+01 3.337015068056186973e+00
1.260138295168494293e+00 1.856490137450314505e-03 4.106976744186046346e+01 3.455750011704834979e+00
1.266501421045549414e+00 1.881588491645209797e-03 4.079421221864951974e+01 3.534680633941645667e+00
1.272807251993681055e+00 1.824447191781883651e-03 4.012786885245901658e+01 3.417477251705288044e+00
1.279100636071537789e+00 1.831925956271344968e-03 4.003184713375796377e+01 3.446457322495668496e+00
1.285385940199903265e+00 1.796864974607813087e-03 3.983653846153845990e+01 3.271134438206495965e+00
1.291734086560349049e+00 1.833790085687247952e-03 3.999693251533742000e+01 3.202277690655440878e+00
1.297999116585571544e+00 1.712347548001254965e-03 4.005501618122977447e+01 3.381904894513599658e+00
1.304332283077917598e+00 1.862331657852500611e-03 4.029498525073746151e+01 3.306735978632174611e+00
1.310629912671008812e+00 1.689758514739712848e-03 4.007051282051281760e+01 3.283856800050017899e+00
1.316859893871710430e+00 1.807323329610554348e-03 4.014029850746268835e+01 3.261968213035783215e+00
1.323169508333509325e+00 1.772103529485381237e-03 4.002735562310030559e+01 3.094647381602557257e+00
1.329416719622044551e+00 1.761213072716576004e-03 3.994259818731117662e+01 3.176505501592939318e+00
1.335676763851219473e+00 1.808340606324402439e-03 3.931547619047618980e+01 3.109066522745556060e+00
1.342102166253144047e+00 1.916040745002256648e-03 3.910422535211267814e+01 3.251109404289405092e+00
1.348432554966731090e+00 1.804515701739407276e-03 3.906948640483383883e+01 3.270517988433890189e+00
1.354697325729501189e+00 1.895450207138361931e-03 3.909065155807365244e+01 3.394792630188508742e+00
1.361035554581970564e+00 1.836151892644552735e-03 3.898837209302325846e+01 3.236304713562443425e+00
1.367445372286436589e+00 1.911657172750392099e-03 3.922465753424657464e+01 3.110214166843330297e+00
1.373833054624600258e+00 1.794265400870382644e-03 3.967246376811593933e+01 3.254277394608302121e+00
1.380048052911932777e+00 1.791287036868802413e-03 4.106552706552706411e+01 3.606166926117923666e+00
1.386332670155489666e+00 1.806335848089170130e-03 4.417415730337078372e+01 3.975125043787712364e+00
1.392624520144640332e+00 1.796075039907524609e-03 4.913333333333333286e+01 3.975876330143154114e+00
1.398923000198597277e+00 1.771229759338340285e-03 5.367696629213482851e+01 3.847342614885448597e+00
1.405184482923453881e+00 1.808998902686751115e-03 5.661413043478260931e+01 4.075316956256390455e+00
1.411475199677901360e+00 1.734371386327675756e-03 5.791292134831460459e+01 4.138817845098366810e+00
1.417706081410672780e+00 1.817237095201347432e-03 5.845698924731182444e+01 3.939314121160287119e+00
1.424046144262549829e+00 1.816956160244514703e-03 5.873712737127371497e+01 3.948255586266500305e+00
1.430457268966005335e+00 1.925855730949348329e-03 5.886632390745501198e+01 4.105897434878981400e+00
1.436865665354877475e+00 1.843763745384080412e-03 5.910483870967741638e+01 4.475745906788020534e+00
1.443084111958556903e+00 1.831535442318516687e-03 5.916397849462365599e+01 4.821591584123748220e+00
1.449466238371406979e+00 1.910439897345804971e-03 5.904556962025316125e+01 4.582914145713015586e+00
1.455780432464144347e+00 1.769262236301017126e-03 5.829459459459459225e+01 4.354923831457217176e+00
1.462109939136078340e+00 1.873282905934200038e-03 5.696491228070175339e+01 4.339731256538098769e+00
1.468414112563870999e+00 1.734923018383166060e-03 5.494933333333333536e+01 4.667329476739824123e+00
1.474680891373796765e+00 1.804015195942032307e-03 5.157614213197969377e+01 4.718951928660279904e+00
1.480924591063775386e+00 1.742163032935032654e-03 4.710704960835509070e+01 4.066586130442530589e+00
1.487138550370334267e+00 1.742602934721402272e-03 4.311053984575835329e+01 3.349925113876629279e+00
1.493462591150057195e+00 1.833511633313982111e-03 4.041089108910890815e+01 3.384663638573228273e+00
1.499809278721849770e+00 1.805357266360340307e-03 3.909068010075566946e+01 3.686665397665136457e+00
1.506175762378094918e+00 1.888906516140883814e-03 3.858435207823961122e+01 3.651011919004296669e+00
1.512543466733061504e+00 1.879653113941155348e-03 3.857598039215686470e+01 3.678974637440390438e+00
1.518927121842702510e+00 1.865813122140227640e-03 3.830882352941176805e+01 3.709221768048855505e+00
1.525176469146275027e+00 1.826629940430822378e-03 3.802233250620347604e+01 3.428395996173227100e+00
1.531416651941075235e+00 1.798854978931840659e-03 3.818316831683168289e+01 3.558781049265621554e+00
1.537728221615372926e+00 1.856986876758172280e-03 3.840425531914893753e+01 3.566416971356659804e+00
1.544096010846849332e+00 1.769518617434322075e-03 3.862043795620437692e+01 3.739513727421902800e+00
1.550405005344789089e+00 1.809055686031393537e-03 3.858628841607565363e+01 3.731910430851614446e+00
1.556696834359960313e+00 1.740139413919524446e-03 3.849271844660194120e+01 3.905271168246811531e+00
1.562969221032702194e+00 1.804120915253569534e-03 3.864150943396226268e+01 3.776838220254106204e+00
1.569251838380229191e+00 1.803338776033149233e-03 3.907398568019092977e+01 3.636128848953456671e+00
1.575556094315494926e+00 1.863019847936644557e-03 3.957342657342657333e+01 3.698582381205075542e+00
1.581892448177514066e+00 1.865480693804838323e-03 4.043750000000000000e+01 4.041093888393935352e+00
1.588269483401412163e+00 1.861295980786164313e-03 4.212903225806451957e+01 4.357022835116791448e+00
1.594574325321363339e+00 1.830133252637398044e-03 4.385648148148148096e+01 4.552410414980151643e+00
1.600916934751582588e+00 1.832077894544300927e-03 4.515489749430523858e+01 4.650084347308963473e+00
1.607201343968552854e+00 1.780442356845074459e-03 4.573842592592592382e+01 4.381458343055903981e+00
1.613445462524496721e+00 1.775524639999344866e-03 4.622018348623853257e+01 4.063453859453399986e+00
1.619730849749851931e+00 1.787630240083115185e-03 4.756207674943566843e+01 4.225207854462129653e+00
1.625979803600224649e+00 1.755895091839796123e-03 5.041149425287355967e+01 4.395858558534412985e+00
1.632226613292544926e+00 1.821174808670054370e-03 5.495525727069351518e+01 4.357631173782563927e+00
1.638606704061473573e+00 1.894452323361247963e-03 5.982429501084598655e+01 4.311763707685024372e+00
1.645050487946952522e+00 1.887301666918968484e-03 6.350217391304347814e+01 5.100831134322089788e+00
1.651415996904310735e+00 1.851783837096881687e-03 6.502192982456139703e+01 5.472980407687961346e+00
1.657788871265904573e+00 1.852242853945953917e-03 6.552915766738661318e+01 5.694316352634673173e+00
1.664006124760511351e+00 1.741113674427757210e-03 6.565532879818593415e+01 5.901163516874055937e+00
1.670281873961185770e+00 1.842366346193471905e-03 6.575898520084567167e+01 6.202073461187362469e+00
1.676541801276667298e+00 1.721555322686186195e-03 6.567713004484305372e+01 6.486824151357335921e+00
1.682793682471841024e+00 1.824670227224382997e-03 6.549156118143460503e+01 6.342868317525995003e+00
1.689107465299970467e+00 1.791603935857043455e-03 6.633622559652928885e+01 5.933693866612761880e+00
1.695415952935033443e+00 1.877357617877282179e-03 6.953027139874738793e+01 5.461354328219803378e+00
1.701806617780016628e+00 1.875253898477295287e-03 7.412108559498956595e+01 5.966695689851589712e+00
1.708145235544118012e+00 1.851238026496159058e-03 7.823999999999999488e+01 6.706615743938375118e+00
1.714469347376187613e+00 1.845626368464784459e-03 7.975776397515528515e+01 7.171431727405999546e+00
1.720739519194126599e+00 1.771881702320935673e-03 7.907478632478633074e+01 7.555133148458359038e+00
1.726990948287859817e+00 1.820993782645452704e-03 7.713265306122448806e+01 7.352565872284928972e+00
1.733361150263370787e+00 1.784216608021570085e-03 7.328719008264462786e+01 6.710108288313897162e+00
1.739571674833123582e+00 1.760427731239605715e-03 6.892243186582808789e+01 6.346238492193107206e+00
1.745887440247851030e+00 1.853392121839796862e-03 6.562525050100200019e+01 6.558286088698727312e+00
1.752250177420427102e+00 1.860925844240075020e-03 6.403441295546558365e+01 5.504957168456773964e+00
1.758607387389414800e+00 1.864192030273802104e-03 6.346999999999999886e+01 5.455276344970986457e+00
1.764972322429467777e+00 1.851098948525789619e-03 6.367999999999999972e+01 5.234592629804157404e+00
1.771273520234028620e+00 1.808016239517707931e-03 6.342540322580644840e+01 5.385663713437291555e+00
1.777586992161852564e+00 1.807004964737956481e-03 6.283564356435643816e+01 5.362907822781903810e+00
1.783840233931820451e+00 1.746107465683986813e-03 6.150712830957230182e+01 5.624399887286653410e+00
1.790071520275328565e+00 1.795583184790444783e-03 6.008858267716535551e+01 5.512173778838937999e+00
1.796393698957722052e+00 1.819993601147859141e-03 5.770750988142292215e+01 5.220895038650818165e+00
1.802712928873270393e+00 1.883216042231023422e-03 5.425478927203064927e+01 5.000262026868283805e+00
1.809114577024696358e+00 1.850157529878445435e-03 4.947093023255813904e+01 4.847686830242889044e+00
1.815345782948464493e+00 1.803540499391122600e-03 4.512648221343873445e+01 4.125748613481794003e+00
1.821700705453981772e+00 1.863872113208649628e-03 4.284141791044775971e+01 3.777970794150271150e+00
1.828034416566336029e+00 1.759461126105644731e-03 4.206889763779527414e+01 3.724429217040644780e+00
1.834289862490237510e+00 1.817049905439401892e-03 4.179849340866289964e+01 3.795933320080868256e+00
1.840620947190598100e+00 1.780340576699249600e-03 4.164615384615384386e+01 3.660217117755779181e+00
1.846876290479544158e+00 1.833628160635640113e-03 4.146124763705103788e+01 3.873939106972442481e+00
1.853225331533147280e+00 1.864396810776891523e-03 4.126851851851851904e+01 3.846916353665459809e+00
1.859586416204100923e+00 1.843230203276794224e-03 4.110280373831776046e+01 4.034071850802960491e+00
1.865884580336470755e+00 1.827085395033201023e-03 4.091620111731843679e+01 3.732225473607009736e+00
1.872200528994375501e+00 1.799198018262535481e-03 4.090185185185185190e+01 3.644046387475614157e+00
1.878453452628845000e+00 1.760356359008985331e-03 4.079472693032015229e+01 3.650818333653347292e+00
1.884712324747962020e+00 1.805687576808031941e-03 4.061131386861313786e+01 3.585458559247179267e+00
1.891113706724730337e+00 1.861939656346446982e-03 4.060791366906475020e+01 3.499520289202750156e+00
1.897400945427566432e+00 1.833350088909791505e-03 4.056250000000000000e+01 3.360244842926146891e+00
1.903772875545957088e+00 1.875180743362649160e-03 4.051408450704225572e+01 3.579676938874372549e+00
1.910018917854334752e+00 1.739883276586547947e-03 4.044234404536862115e+01 3.698703046953705886e+00
1.916236012056648175e+00 1.833205283437960029e-03 4.057894736842105488e+01 3.678654959139626701e+00
1.922638163561010805e+00 1.793373418488206777e-03 4.062678571428571672e+01 3.542503402559107784e+00
1.928888348891847349e+00 1.792288115248428593e-03 4.121402877697841660e+01 3.511221631554046763e+00
1.935240631371640818e+00 1.865766417879262265e-03 4.304671280276816958e+01 4.541767994682527565e+00
1.941608872090050619e+00 1.856644915843207438e-03 4.779437609841827594e+01 8.849923930011092565e+00
1.947917338414854704e+00 1.837601359788319485e-03 5.626795096322241818e+01 1.554679234144020405e+01
1.954236834815996637e+00 1.805754229573221887e-03 6.673076923076922640e+01 2.175038257162007227e+01
1.960488135501994522e+00 1.772905664188001006e-03 7.969026548672566435e+01 2.450733994171692487e+01
1.966755922696415082e+00 1.810201296061439468e-03 9.643029259896729855e+01 2.239924302349460561e+01
1.973091583736556354e+00 1.814240900008777741e-03 1.171137931034482733e+02 1.754745307426633261e+01
1.979420480567132490e+00 1.865397302840512408e-03 1.349694397283531373e+02 1.559038597110665592e+01
1.985762243830389018e+00 1.849873766110382307e-03 1.436983050847457548e+02 1.636563144396235359e+01
1.992143605840229093e+00 1.840662096304069391e-03 1.479681742043551083e+02 1.795650633444154565e+01
1.998372952698491245e+00 1.738412627792555948e-03 1.499156414762741747e+02 1.950430831737136117e+01
2.004614638405731508e+00 1.821010887715033720e-03 1.495049668874172255e+02 2.035067119262750523e+01
2.010981699228176822e+00 1.807963355431743604e-03 1.490168350168350173e+02 2.064714166001436979e+01
2.017216781415232862e+00 1.822968187424302972e-03 1.506728499156829741e+02 2.196253155104825083e+01
2.023555507756473748e+00 1.866836436713831520e-03 1.496390243902438897e+02 2.088946918102708139e+01
2.029945947492921121e+00 1.842053164818473936e-03 1.490328947368421098e+02 2.012895821649940231e+01
2.036236367431154548e+00 1.802040352124230577e-03 1.476628099173553608e+02 1.945713135036147889e+01
2.042538823796997693e+00 1.786279422623429517e-03 1.469819376026272550e+02 1.927417694648089252e+01
2.048720173306640469e+00 1.747373060808409071e-03 1.450559322033898297e+02 2.004571936085241290e+01
2.055017041239767028e+00 1.892889576395914968e-03 1.417120500782472732e+02 2.296907934697629727e+01
2.061465280497128294e+00 1.850343878148330047e-03 1.326730769230769340e+02 2.381620262852577241e+01
2.067778354784032935e+00 1.826644103880053095e-03 1.216602254428341325e+02 2.541934824830424944e+01
2.074107962816127415e+00 1.810449409964311413e-03 1.089253968253968310e+02 2.612055138846595170e+01
2.080392027050733006e+00 1.757304311173108879e-03 9.752768729641694279e+01 2.648078883888721435e+01
2.086560915145909245e+00 1.789004268885935290e-03 8.357050243111831378e+01 2.444889333210797489e+01
2.092907509218693285e+00 1.897916204239676529e-03 6.537042682926829684e+01 1.856869073113317370e+01
2.099341076602548206e+00 1.841856996552926774e-03 4.793593750000000142e+01 1.033412954236773373e+01
2.105598503643897335e+00 1.780460926307301031e-03 3.876996805111821232e+01 4.410567720336495690e+00
2.111872942412509335e+00 1.813036870717739954e-03 3.491203703703703809e+01 2.633151115398606024e+00
2.118179840511383194e+00 1.773074262998883873e-03 3.384094488188976158e+01 2.492437815571839188e+00
2.124489700938873238e+00 1.854176769044688739e-03 3.364831804281345740e+01 2.552435266932462365e+00
2.130866139955553962e+00 1.876679961187130126e-03 3.401210287443267788e+01 2.943213245003794665e+00
2.137196345481136905e+00 1.803165093871285981e-03 3.528173374613002977e+01 3.227687444813915896e+00
2.143477781291089013e+00 1.808033309626025679e-03 3.671755725190839570e+01 3.279235073917021737e+00
2.149749346762158453e+00 1.787076492040512573e-03 3.772196620583717674e+01 3.241057139524482267e+00
2.156014428448592479e+00 1.811767013668930289e-03 3.829071537290715099e+01 3.176148764278440062e+00
2.162388958755252943e+00 1.899773100682969557e-03 3.871094890510948971e+01 3.370000505126087287e+00
2.168776559916051561e+00 1.828625003914755194e-03 3.964114114114114074e+01 3.542295677873356752e+00
2.175079146577416189e+00 1.799027495536281414e-03 4.175671641791044664e+01 4.830114100895301910e+00
2.181358965593887422e+00 1.775037425494343461e-03 4.618524096385542066e+01 8.140372445892500863e+00
2.187625576602315824e+00 1.830837683859201127e-03 5.293343195266272261e+01 1.201681131770402189e+01
2.193923842198696850e+00 1.837507381709080519e-03 6.255212922173274848e+01 1.423512189489369639e+01
2.200310743338333541e+00 1.859271066102410235e-03 7.623816355810616585e+01 1.323719722080275574e+01
2.206637920896229677e+00 1.789161753318371274e-03 9.113925925925926208e+01 9.104174776107358369e+00
2.212855268310565560e+00 1.778695396750237757e-03 1.025537555228276858e+02 6.224132529291056315e+00
2.219155297956861617e+00 1.826812665150635666e-03 1.090546762589927994e+02 7.173991491894886607e+00
2.225534449623195243e+00 1.883537061579874895e-03 1.115232722143864663e+02 8.695960614122242305e+00
2.231816049321749151e+00 1.789850136339156059e-03 1.117650513950073474e+02 9.785074587913829447e+00
2.238124350048766420e+00 1.838516226422660244e-03 1.120726256983240177e+02 9.945964068010626491e+00
2.244461256680506001e+00 1.769483755913013904e-03 1.128292329956584723e+02 9.921885844279916711e+00
2.250672411056880762e+00 1.815340560525242463e-03 1.134103299856527940e+02 9.952257334195023120e+00
2.256976265699253581e+00 1.875232856265233962e-03 1.130179558011049750e+02 1.040623647812482311e+01
2.263404067221236105e+00 1.844596500685106652e-03 1.122369146005509606e+02 1.097188289810013728e+01
2.269740131332425914e+00 1.784620609829179342e-03 1.107609618104667675e+02 1.097659613314284144e+01
2.275928662030326066e+00 1.770462641505800294e-03 1.096139601139601183e+02 1.133861096015265169e+01
2.282234771450446509e+00 1.859120215862977580e-03 1.087100271002710059e+02 1.170994619429933259e+01
2.288651494096741512e+00 1.861574731480084791e-03 1.069728629579375792e+02 1.294044547404161527e+01
2.294929189507614264e+00 1.787386468760323059e-03 1.038651685393258362e+02 1.403561487929074580e+01
2.301123790424945526e+00 1.773889529887621910e-03 9.957500000000000284e+01 1.431585780602134328e+01
2.307427473574251042e+00 1.823767960867003161e-03 9.255074424898511154e+01 1.463879019579018070e+01
2.313824548022820782e+00 1.807223345639351721e-03 8.543387815750371317e+01 1.596154095575574594e+01
2.320154992066300714e+00 1.861695907969135875e-03 7.631952662721893432e+01 1.758316257606276878e+01
2.326479049872378635e+00 1.797363522119922990e-03 6.579815100154083041e+01 1.780282157361082795e+01
2.332811122143054305e+00 1.834923033436536115e-03 5.325835866261397911e+01 1.548297120203963395e+01
2.339146829363451641e+00 1.809933127175767861e-03 4.055886970172684158e+01 1.044846824313334821e+01
2.345346999874724947e+00 1.788822558822959720e-03 3.158038585209003202e+01 5.350280380495559207e+00
2.351591514044208964e+00 1.821961582186779451e-03 2.735905511811023771e+01 2.586912697451270837e+00
2.357940827546205931e+00 1.821480796874143165e-03 2.593670886075949511e+01 2.210949830000017435e+00
2.364269371024037891e+00 1.822839816105960298e-03 2.538782051282051455e+01 2.096828823734086633e+00
2.370575565839220911e+00 1.828742917233826173e-03 2.502250803858520811e+01 2.124995704742543179e+00
2.376891771469677561e+00 1.815523241845057745e-03 2.468608414239482229e+01 2.102466731154149837e+00
2.383240749019818416e+00 1.833462819707767054e-03 2.465594855305466382e+01 2.144696944131081917e+00
2.389601619010945921e+00 1.828185711102788165e-03 2.503745928338762283e+01 2.288327517419567414e+00
2.395961259100775731e+00 1.812604844355751544e-03 2.558982511923688463e+01 3.022376723480463490e+00
2.402160007896914973e+00 1.807533258736503850e-03 2.708955223880597174e+01 3.326895468686657864e+00
2.408453972146052724e+00 1.793232887210479852e-03 2.902339181286549774e+01 3.314563187949638667e+00
2.414771780432101167e+00 1.830638750947721858e-03 3.079196556671449159e+01 3.136224912864996828e+00
2.421058800843912895e+00 1.849123668637423033e-03 3.236067892503535859e+01 2.842739965859537143e+00
2.427397847212681370e+00 1.833909450969152099e-03 3.321249999999999858e+01 2.743097397711815155e+00
2.433701938443864954e+00 1.777285794113256248e-03 3.347116736990155061e+01 2.623766228966610825e+00
2.440001432560962691e+00 1.835928632076300280e-03 3.358823529411764497e+01 2.500518977274386323e+00
2.446276920633820851e+00 1.825543246774167941e-03 3.353645116918844593e+01 2.783405456559675972e+00
2.452612917458465880e+00 1.850886418197054181e-03 3.353713527851459020e+01 2.768474799504387462e+00
2.458937188373468086e+00 1.764090576915684772e-03 3.345753424657534225e+01 2.568150844770165087e+00
2.465235494564519847e+00 1.842465198645606636e-03 3.317701453104359643e+01 2.379307834080047535e+00
2.471581205305689810e+00 1.856761058240425245e-03 3.299868421052631362e+01 2.467685194996851461e+00
2.477865992864338285e+00 1.798850075022648308e-03 3.297203728362183739e+01 2.591439564212578706e+00
2.484122936716935737e+00 1.780971833254360159e-03 3.295376486129458726e+01 2.544280381921717460e+00
2.490467721662181333e+00 1.849468727863495983e-03 3.280715197956577356e+01 2.589073982717995381e+00
2.496849546734450254e+00 1.852734310658727887e-03 3.244827586206896797e+01 2.724493566840378911e+00
2.503105859710241798e+00 1.772860352036017325e-03 3.198416886543535753e+01 2.677915690898472256e+00
2.509322203788900918e+00 1.804578376445024500e-03 3.153205128205128105e+01 2.569478339062474248e+00
2.515643032193938478e+00 1.830400595634155535e-03 3.113727959697732928e+01 2.465677185742334743e+00
2.522012436559997628e+00 1.844427975373299751e-03 3.048138957816377115e+01 2.465066660207940963e+00
2.528376527697731913e+00 1.805263014170996501e-03 2.967462311557789079e+01 2.485738722704093462e+00
2.534662305746367750e+00 1.817191430107880853e-03 2.848866498740554221e+01 2.576019680202088935e+00
2.540923642722284104e+00 1.847774197163838152e-03 2.703836633663366484e+01 2.639862219322474779e+00
2.547222087144660030e+00 1.810867478977307979e-03 2.517326732673267387e+01 2.677120664345467915e+00
2.553540685742163419e+00 1.807658101810726481e-03 2.336597307221542152e+01 2.506036781094906019e+00
2.559925401613222018e+00 1.856915584780679824e-03 2.201676646706586737e+01 2.143862437474044480e+00
2.566280305514876403e+00 1.838802799104265022e-03 2.114648910411622396e+01 2.070319864955089795e+00
2.572544852388987113e+00 1.785952156998167010e-03 2.089938650306748613e+01 1.904675899439981723e+00
2.578799894204640619e+00 1.806472379669163885e-03 2.095405078597339710e+01 1.905001366496054116e+00
2.585123793491197919e+00 1.855120447360665906e-03 2.104935370152761465e+01 1.964124924599465860e+00
2.591472256141813091e+00 1.805120360344933915e-03 2.105840286054827004e+01 2.018743122201794638e+00
2.597744265483155957e+00 1.788819714346394623e-03 2.101798561151079170e+01 2.042048450019939843e+00
2.604038454996993934e+00 1.850630787333012181e-03 2.103263403263403220e+01 2.102867085194409125e+00
2.610374414453144443e+00 1.837105816396599096e-03 2.097671711292200314e+01 2.198134212364248441e+00
2.616634120485421100e+00 1.761050173804210722e-03 2.101312649164677637e+01 2.104055844439433720e+00
2.622940397920966227e+00 1.848634675493098997e-03 2.096700796359499464e+01 2.160512895461113470e+00
2.629323187355575353e+00 1.839581463337864892e-03 2.076712328767123239e+01 2.201405807061929121e+00
2.635681273538560632e+00 1.815290224604702678e-03 2.071592210767468600e+01 2.045939908355980830e+00
2.641934789831782204e+00 1.778405014700361417e-03 2.084389671361502394e+01 1.928621269082959611e+00
2.648176773767660031e+00 1.853093332118325998e-03 2.098647125140924530e+01 2.030995481327530605e+00
2.654514065851063087e+00 1.823524830511773481e-03 2.119774011299434946e+01 2.093733782725351933e+00
2.660817448321032508e+00 1.798052776896779401e-03 2.143458475540386843e+01 2.136263419445155964e+00
2.667123571907564994e+00 1.844852426740933296e-03 2.140666666666666629e+01 2.245629500129493916e+00
2.673472329675100401e+00 1.839448802019330543e-03 2.134219269102990069e+01 2.385960377428951507e+00
2.679761377760365715e+00 1.786299887381436651e-03 2.118552036199094957e+01 2.278355806743449730e+00
2.686129035698236578e+00 1.877272974428747035e-03 2.063096500530222599e+01 3.490664232422043600e+00
2.692300573720700196e+00 1.798376592015874225e-03 2.099326599326599307e+01 2.302332019814798514e+00
2.698561328278970439e+00 1.798779619418457414e-03 2.132383124287343179e+01 2.250897643889850475e+00
2.704947056964875252e+00 1.860594623228957294e-03 2.190112359550561649e+01 2.762347153735895233e+00
2.711339925705444909e+00 1.826229981736538378e-03 2.265625000000000000e+01 3.200759910494635818e+00
2.717643416720191052e+00 1.774618570520191145e-03 2.350238663484486779e+01 3.179776041213196347e+00
2.723934694222051256e+00 1.823763048442502126e-03 2.429043683589138070e+01 2.963541344824994983e+00
2.730274673678132036e+00 1.841398355898408350e-03 2.483589138134592744e+01 2.851504872767997689e+00
2.736591263199737778e+00 1.788312012670147501e-03 2.513170731707317174e+01 2.793919206601378935e+00
2.742885231028380222e+00 1.844652457607765493e-03 2.530095923261390922e+01 2.664888539034126591e+00
2.749161241756704843e+00 1.804773587711254630e-03 2.539926289926290082e+01 2.615076027532929892e+00
2.755398232824302962e+00 1.776157869081165970e-03 2.559355638166046987e+01 2.499635673469665864e+00
2.761751565609168679e+00 1.857903093933079139e-03 2.630465949820788651e+01 2.781492101799285521e+00
2.768124311574730267e+00 1.813883183384283311e-03 2.816073619631901792e+01 3.783416233793625683e+00
2.774423663616722546e+00 1.776295681999270643e-03 3.162921348314606718e+01 5.497985741474333388e+00
2.780754869867226198e+00 1.842436817654598789e-03 3.606577344701583598e+01 7.378616931961813563e+00
2.787077464795406190e+00 1.805278297034774168e-03 4.127750000000000341e+01 8.100900605796864440e+00
2.793346642012575654e+00 1.793644434711254678e-03 4.623833543505674726e+01 7.803400246532151918e+00
2.799634253246212179e+00 1.838111547031318375e-03 4.993548387096774377e+01 6.919654160698644141e+00
2.805924842988945844e+00 1.808245895551135627e-03 5.305303030303030454e+01 5.667427061011776956e+00
2.812167973206011862e+00 1.789098639402584082e-03 5.414322250639386169e+01 5.348721947613053196e+00
2.818496662748549042e+00 1.874446068014908040e-03 5.461613691931540160e+01 5.379041453222134450e+00
2.824858807967614460e+00 1.791571154666717633e-03 5.581146496815286895e+01 6.047783010153731098e+00
2.831150482550185643e+00 1.815112775054883139e-03 5.658227848101265778e+01 6.081590208558067090e+00
2.837475400148095517e+00 1.850316795954077458e-03 5.676214196762141739e+01 5.972365924987087737e+00
2.843805018276897911e+00 1.786824753329564535e-03 5.653401797175866506e+01 5.696471279160519430e+00
2.850131561922547352e+00 1.845583173970813699e-03 5.647690387016229607e+01 5.889780355924482791e+00
2.856484494638581229e+00 1.841115527677602507e-03 5.691407222914072150e+01 5.912393325837014046e+00
2.862782859862781137e+00 1.780809355167121575e-03 5.705994897959183731e+01 5.899157059610510956e+00
2.869068523143336158e+00 1.847699945098150954e-03 5.659877300613496942e+01 5.704201179779824216e+00
2.875378514069953706e+00 1.802909528894259443e-03 5.657303370786517149e+01 5.607707216587139776e+00
2.881671995666307051e+00 1.819305449905813353e-03 5.644596273291925570e+01 5.859360546546736437e+00
2.887980092673573917e+00 1.848812746508326317e-03 5.571446078431372229e+01 6.040324444231466749e+00
2.894292086458025270e+00 1.795011172749967111e-03 5.418844221105527481e+01 6.767488243344794263e+00
2.900588101801901963e+00 1.834444505730529681e-03 5.142274412855377363e+01 8.388352352772772136e+00
2.906894294921833044e+00 1.834235081131648307e-03 4.839405204460966559e+01 1.010263841658607831e+01
2.913143215321425394e+00 1.775388414920497622e-03 4.539692701664532848e+01 1.156755748245637427e+01
2.919469846096636179e+00 1.902110692867622259e-03 4.205635491606714282e+01 1.306203643280846904e+01
2.925831071463227850e+00 1.799019204260941503e-03 4.032233502538070979e+01 1.213379563432886954e+01
2.932125236913744715e+00 1.849572311535908030e-03 3.718417799752781150e+01 1.022120857057623766e+01
2.938426190430696305e+00 1.829943172517629413e-03 3.513358302122347254e+01 7.660381742389805737e+00
2.944698497868602605e+00 1.792371922793937686e-03 3.468020304568528189e+01 6.042792763191634720e+00
2.951032364443879619e+00 1.872648010744969562e-03 3.627548543689320582e+01 5.517265518359214305e+00
2.957349976869245278e+00 1.772646084934545842e-03 3.929411764705882604e+01 5.165749767793361258e+00
2.963641534615172990e+00 1.843499637433317897e-03 4.220740740740740904e+01 4.723380637386028091e+00
2.969974563050315375e+00 1.835483252247156055e-03 4.485341614906832319e+01 4.182417578051174978e+00
2.976261971728969780e+00 1.784595762971840369e-03 4.634693877551020336e+01 3.902180773042946527e+00
2.982555079221103078e+00 1.856376802478345786e-03 4.662178702570379585e+01 3.685419679017214456e+00
2.988860230475899549e+00 1.767956570045068222e-03 4.700896286811779845e+01 3.460023428974744686e+00
2.995178874680174186e+00 1.856934622757372335e-03 4.661613691931540160e+01 3.498529752248036750e+00
3.001496400543723020e+00 1.797819739674591305e-03 4.614575411913814662e+01 3.564076508252474795e+00
3.007822553902104179e+00 1.849516356328991537e-03 4.595544554455445763e+01 3.737413114515191648e+00
3.014155913686516808e+00 1.844070628166239031e-03 4.583354037267081083e+01 4.020989642146461485e+00
3.020427983220980828e+00 1.780401570183770890e-03 4.521410256410256068e+01 4.467325674838986238e+00
3.026726854870708916e+00 1.864734463497724846e-03 4.483863080684596270e+01 1.395011799414261944e+01
3.033042693621903041e+00 1.790509691971886499e-03 4.909056122448979664e+01 7.393795368962437919e+01
3.039417687211595442e+00 1.892848977299335135e-03 4.888043478260869534e+01 9.732958626074973552e+01
3.045771113053035606e+00 1.809002971513908259e-03 4.210392902408111837e+01 3.107270148992827075e+01
3.052089874155329063e+00 1.844438578281415919e-03 3.791935483870967971e+01 1.038452259149614854e+01
3.058386304167925118e+00 1.824217551217444024e-03 3.527443609022556359e+01 1.190281094685221142e+01
3.064635661305841197e+00 1.781811879387494579e-03 3.312692307692307736e+01 1.288934968513618884e+01
3.070942258104439215e+00 1.879278577764203085e-03 2.996484848484848484e+01 1.356867807833129724e+01
3.077306102136554866e+00 1.789896323379901438e-03 2.789834815756035624e+01 1.329691073410867119e+01
3.083610248093582751e+00 1.842323938384468965e-03 2.518696186961869543e+01 1.259262209840622226e+01
3.089899276602742884e+00 1.781295098450355954e-03 2.352611464968152788e+01 1.155155934351133951e+01
3.096219282790054539e+00 1.849962857272845727e-03 2.134313725490196134e+01 1.064081952110541707e+01
3.102516781183005889e+00 1.793151767743564459e-03 2.011787072243345875e+01 9.642280934204014997e+00
3.108846425703184035e+00 1.844538984569745127e-03 1.795325953259532525e+01 7.998322173515800770e+00
3.115155056293756886e+00 1.812510444856532069e-03 1.611166875784190822e+01 5.817721935481453777e+00
3.121484332076036150e+00 1.832521331068808152e-03 1.464392059553349945e+01 3.936759561562080734e+00
3.127777573742708483e+00 1.818133687887086257e-03 1.409351620947630934e+01 2.985851883791895478e+00
3.134074710556275623e+00 1.800750836428910992e-03 1.420428751576292647e+01 2.522311463667903375e+00
3.140350968701055567e+00 1.840082388152106639e-03 1.410591133004926157e+01 2.361169227182031705e+00
3.146669598331559570e+00 1.795769837056059460e-03 1.405303030303030276e+01 2.262402896397094576e+00
3.152959210157879166e+00 1.842768641532451131e-03 1.410306748466257609e+01 2.212470345376261527e+00
3.159264892205651432e+00 1.791857333635609589e-03 1.435949367088607609e+01 2.147787584415932649e+00
3.165581888857809112e+00 1.858342078644047027e-03 1.413834951456310662e+01 2.069298959914413150e+00
3.171905560319084216e+00 1.782720971754531017e-03 1.403041825095056971e+01 2.025596777990745778e+00
3.178180461481988406e+00 1.828434529921516482e-03 1.381572481572481514e+01 1.984019214797594577e+00
3.184506679420991304e+00 1.810619157308176325e-03 1.374595267745952754e+01 1.981206941501827190e+00
3.190846230582273346e+00 1.831490456789015321e-03 1.338753056234718741e+01 2.074274946909611117e+00
3.197132365687451294e+00 1.780884113596707067e-03 1.326962025316455751e+01 2.235173514723841848e+00
3.203454230992797136e+00 1.862619862555806765e-03 1.288419782870928820e+01 2.554535971210512457e+00
3.209790152929830498e+00 1.796864404628749357e-03 1.264025157232704366e+01 2.712132582717203810e+00
3.216105270782768422e+00 1.849581865447865814e-03 1.212257281553397981e+01 2.870324970279152677e+00
3.222383723154825574e+00 1.773184836801974633e-03 1.202284263959390920e+01 3.042343238295552865e+00
3.228652903688512765e+00 1.829814433570467642e-03 1.173325213154689450e+01 3.151921763401968946e+00
3.234977992221026444e+00 1.801123950508762587e-03 1.214925373134328446e+01 3.169003878123986873e+00
3.241301441286830176e+00 1.830570155328411054e-03 1.232806804374240528e+01 3.220104995200208542e+00
3.247581817024004280e+00 1.774748969754167847e-03 1.280910240202275574e+01 3.063380953064734680e+00
3.253885986942128827e+00 1.868811343678552150e-03 1.297604790419161702e+01 2.838253871152370600e+00
3.260235987169183947e+00 1.804603356501592029e-03 1.311999999999999922e+01 2.864349838968697437e+00
3.266546856392692710e+00 1.857627301288636550e-03 1.282451923076922995e+01 2.894209306239101220e+00
3.272886904023045052e+00 1.792569475559808913e-03 1.283249999999999957e+01 2.821433035710755988e+00
3.279153478698136670e+00 1.837211362056317054e-03 1.267515151515151572e+01 2.607126772748637578e+00
3.285516195699416553e+00 1.819318898053023329e-03 1.252948402948402951e+01 2.501921096600381755e+00
3.291677990232397821e+00 1.824817096246810931e-03 1.266317169069462700e+01 2.498518118131362709e+00
3.298068987764390059e+00 1.863784166448585874e-03 1.250000000000000000e+01 2.446971849628988505e+00
3.304430978840338096e+00 1.814787339162488022e-03 1.230813953488372015e+01 2.546938015168366487e+00
3.310737564052387061e+00 1.817945227602999880e-03 1.216517857142857117e+01 2.670615665246984349e+00
3.317033906120231190e+00 1.800198345421728579e-03 1.176117103235747230e+01 2.935291524607756219e+00
3.323313479518194669e+00 1.810036704891648416e-03 1.146394984326018829e+01 3.021380135821759350e+00
3.329645772824664451e+00 1.853775369266378323e-03 1.132605304212168562e+01 2.972096169897279427e+00
3.335990548707715053e+00 1.826590486813650920e-03 1.125200642054574551e+01 3.100428955563900413e+00
3.342268739174953929e+00 1.807641793864574143e-03 1.115660685154975518e+01 3.222606310752083036e+00
3.348554594221377023e+00 1.807536448754866812e-03 1.087993421052631504e+01 3.291015263776928990e+00
3.354810866618635590e+00 1.798386852034845364e-03 1.082914572864321556e+01 3.203171065437506737e+00
3.361143554435736203e+00 1.860575678898459748e-03 1.102295081967213086e+01 3.324203747711928614e+00
3.367505271257411170e+00 1.829077091643749146e-03 1.100337837837837895e+01 3.357876133974805555e+00
3.373804785089639324e+00 1.803149868685275390e-03 1.092374350086655177e+01 3.204624165836250427e+00
3.380079784639911100e+00 1.805631642174917659e-03 1.057644991212653807e+01 3.042609207347745759e+00
3.386416571036835244e+00 1.843579116849991192e-03 1.057922535211267601e+01 2.942827902591817146e+00
3.392732849186819166e+00 1.821713749179523084e-03 1.040834845735027159e+01 2.783647460818725161e+00
3.399077842768783331e+00 1.840157085703132342e-03 1.023188405797101375e+01 2.716879178794983307e+00
3.405368445234043140e+00 1.771416845865005909e-03 1.042938931297709892e+01 2.665447842687249658e+00
3.411642977450664915e+00 1.840004348347408980e-03 1.115037593984962427e+01 2.743111776697848114e+00
3.417946432239648225e+00 1.816648589106147462e-03 1.234951456310679596e+01 2.964985598355265317e+00
3.424268333461439884e+00 1.838339958730071926e-03 1.341586073500967125e+01 2.841732997116588333e+00
3.430601598134079389e+00 1.799761940178920376e-03 1.417034068136272573e+01 2.644119039779435187e+00
3.436922606236269218e+00 1.844213366763177700e-03 1.473000000000000043e+01 2.893883204277597709e+00
3.443269856433799347e+00 1.834668830692703879e-03 1.496114519427402811e+01 2.610824918758824609e+00
3.449516618902171317e+00 1.769622948488585408e-03 1.472863247863247871e+01 2.479516494286322370e+00
3.455771942280530862e+00 1.817195070858158281e-03 1.442283298097251532e+01 2.587927835057232340e+00
3.462154010515302804e+00 1.866018191136946868e-03 1.469409282700421926e+01 2.728710284349124660e+00
3.468478914699885340e+00 1.799468636805881495e-03 1.444345898004434581e+01 2.411057152361556710e+00
3.474737530089159865e+00 1.798535080277152308e-03 1.417488789237668101e+01 2.267203109089086066e+00
3.481027808853469629e+00 1.828779808500339806e-03 1.402941176470588225e+01 2.794081924039319986e+00
3.487370903609774420e+00 1.855504762412056021e-03 1.352714932126696823e+01 3.123296407124351859e+00
3.493710577164840458e+00 1.791815171782784382e-03 1.291725768321513002e+01 3.312352865404664559e+00
3.499981309375833849e+00 1.817721919481020843e-03 1.235560859188544214e+01 3.458023056141208862e+00
3.506294281862427642e+00 1.840208171226962808e-03 1.180815347721822484e+01 3.793361749330298238e+00
3.512643170548069183e+00 1.819719049123772565e-03 1.133660933660933701e+01 3.960561450476477674e+00
3.518887929185086527e+00 1.780316295825717758e-03 1.092307692307692335e+01 4.110841009660441081e+00
3.525201780775713889e+00 1.871585280235478531e-03 1.033995037220843649e+01 3.947787881179556368e+00
3.531587235286628879e+00 1.812415240060859375e-03 9.664062500000000000e+00 3.447269498050232084e+00
3.537791204901774123e+00 1.765649031450039182e-03 9.474114441416894294e+00 3.230043824891814630e+00
3.544104483213670331e+00 1.881636984785636617e-03 9.557291666666666075e+00 2.983590920123909473e+00
3.550526160049383151e+00 1.823753900979235669e-03 9.767759562841529686e+00 2.447831270751027244e+00
3.556826252644191833e+00 1.805941154371571225e-03 1.006478873239436567e+01 1.994057826084064011e+00
3.563110991539715666e+00 1.831382697511484874e-03 1.061647727272727337e+01 1.762810988916461152e+00
3.569418747584309326e+00 1.819035597463529485e-03 1.093895348837209269e+01 1.517970815764311698e+00
3.575721219182565580e+00 1.815191134896390569e-03 1.138278931750741840e+01 1.404742885287459053e+00
3.582041784633743120e+00 1.836067019019354488e-03 1.174774774774774855e+01 1.295126645816687239e+00
3.588351193306853926e+00 1.816205673054769026e-03 1.179256965944272473e+01 1.347965715131734799e+00
3.594644124218077774e+00 1.816162507538995278e-03 1.177917981072555165e+01 1.376139351943296063e+00
3.600965899690116157e+00 1.832434222657099978e-03 1.155271565495207753e+01 1.410744832329102749e+00
3.607301933810233674e+00 1.823864462282996299e-03 1.140327868852459048e+01 1.242419638196792242e+00
3.613589615564896995e+00 1.801875725405921403e-03 1.107118644067796609e+01 1.179738941513557071e+00
3.619872304563952703e+00 1.819848024125704684e-03 1.050171821305841924e+01 1.430222219902984593e+00
3.626184481674183946e+00 1.827760715362539709e-03 1.005964912280701817e+01 1.648013811510732340e+00
3.632455309189269510e+00 1.797655079431180383e-03 9.682481751824816740e+00 1.795227243164681186e+00
3.638754857574894697e+00 1.841922947680418475e-03 9.102189781021897019e+00 1.723856730960377392e+00
3.645110863435991444e+00 1.833895812584415653e-03 8.458646616541352969e+00 1.677475456605293846e+00
3.651399341121458253e+00 1.797724079201825547e-03 7.847058823529411420e+00 1.676694171537362443e+00
3.657684783062496781e+00 1.823089633617003442e-03 7.162698412698413009e+00 1.814286408643231541e+00
3.663989311092172851e+00 1.817352227903809700e-03 6.491803278688524692e+00 1.436462255265883226e+00
3.670338462676961733e+00 1.852037082036360515e-03 6.239669421487603174e+00 1.139702083327271298e+00
3.676667454351053799e+00 1.802731285318214709e-03 5.825327510917030160e+00 9.549650258750489451e-01
3.682957402673964431e+00 1.831301914300888494e-03 5.884955752212388980e+00 8.225091260481269817e-01
3.689264510226057059e+00 1.810576500315507495e-03 6.142857142857143238e+00 8.222546437352442616e-01
3.695607159299667099e+00 1.851070780809128090e-03 6.520930232558139750e+00 8.468182424517392004e-01
3.701906411334345837e+00 1.786914693256676148e-03 6.741293532338308303e+00 8.789652363071412955e-01
3.708163258087520564e+00 1.825159420261267002e-03 7.125628140703518021e+00 9.796546530855342327e-01
3.714507337749332283e+00 1.833043865117713490e-03 7.435233160621761428e+00 8.841601139443707735e-01
3.720870273368275249e+00 1.842023606415223082e-03 7.524064171122994971e+00 8.841013304890826818e-01
3.727157013165883104e+00 1.785929560704693081e-03 7.388571428571428790e+00 8.034415768099998356e-01
3.733414267292576749e+00 1.823616893326991065e-03 7.465116279069767380e+00 9.094331672949347301e-01
3.739747614563589284e+00 1.832601406324968355e-03 7.548192771084337060e+00 1.054715888776978305e+00
3.746091684029914770e+00 1.828992002129592063e-03 7.314465408805031821e+00 1.196407607516867921e+00
3.752406222021260618e+00 1.812401454337024109e-03 7.245033112582781598e+00 1.204788481193835414e+00
3.758712131096641595e+00 1.823143945980814458e-03 6.675862068965517260e+00 1.158004762393712195e+00
3.765000355804634324e+00 1.809969724265664184e-03 6.233576642335766138e+00 8.827591287953183707e-01
3.771324791207556704e+00 1.846593531196991230e-03 5.624060150375940204e+00 9.609952065365688911e-01
3.777640884128447674e+00 1.800430178895984180e-03 5.211382113821137807e+00 9.530244844297192097e-01
3.783890033752419058e+00 1.812352582976840126e-03 4.965811965811965933e+00 7.557701671457545123e-01
3.790205950757557840e+00 1.839564216382759279e-03 5.035714285714285587e+00 6.740923602920313451e-01
3.796547481197723339e+00 1.823144808823023381e-03 5.500000000000000000e+00 8.960382890170571768e-01
3.802839460639445335e+00 1.822115437231795494e-03 5.742268041237113430e+00 9.322347005054268942e-01
3.809162628389719529e+00 1.835235423465040759e-03 6.098901098901098550e+00 1.028221505237500555e+00
3.815477698903783743e+00 1.813833779597889004e-03 6.313253012048193114e+00 1.120287585167068611e+00
3.821777178949230969e+00 1.830898415393102585e-03 6.428571428571428825e+00 9.065828110663495254e-01
3.828076951026545771e+00 1.795694771849016581e-03 6.507246376811593791e+00 8.143070601669655240e-01
3.834316772867639944e+00 1.791896653628349866e-03 6.483870967741935054e+00 8.610546977444604178e-01
3.840583618544390898e+00 1.820001018717854217e-03 6.160714285714285587e+00 7.985957062499248194e-01
3.846911872181034475e+00 1.824281646184678762e-03 5.673469387755101678e+00 7.346938775510203357e-01
3.853313008086272973e+00 1.880829953221405115e-03 5.302325581395348486e+00 6.883092366022669495e-01
3.859656947796285653e+00 1.787945514535103963e-03 5.529411764705882248e+00 9.393364366277241473e-01
3.865825284683709118e+00 1.773175751446867720e-03 5.148148148148147918e+00 1.194982652214939156e+00
3.872064552013789740e+00 1.858490478498285668e-03 4.190476190476190688e+00 6.700593942604898823e-01
3.878243048288448236e+00 1.738115315901965106e-03 4.076923076923076650e+00 6.201736729460421982e-01
3.884441558101385361e+00 1.990091083924331716e-03 4.428571428571428825e+00 9.367769320431430513e-01
