# q qerr I(q) I(q)err
6.111313073595031620e-02 3.154100855865873791e-03 2.900000000000000000e+01 9.777107789867812926e+00
6.800242608866982619e-02 2.110752812487300123e-03 4.316666666666666430e+01 5.715476066494082019e+00
7.478812129850326285e-02 1.894856213165734514e-03 5.022222222222222143e+01 9.943047698309818827e+00
8.081736842982174818e-02 1.577734731020807597e-03 5.533333333333333570e+01 9.918183824187288167e+00
8.706192866790804508e-02 2.018057842609979804e-03 5.815384615384615330e+01 8.995067681988295760e+00
9.311361532868518698e-02 1.734318039620741251e-03 5.858333333333333570e+01 8.403868156985806692e+00
9.924832822165428892e-02 1.939409616079583844e-03 5.768750000000000000e+01 1.267163416848829272e+01
1.056867454532435108e-01 2.068262530006435406e-03 5.445833333333333570e+01 1.519651367181886670e+01
1.120935416356093062e-01 1.699923986068800717e-03 5.138461538461538680e+01 1.676940719737818952e+01
1.177168722532570266e-01 1.903764278506084144e-03 5.106250000000000000e+01 1.750083703355356590e+01
1.242406998858587575e-01 2.007415885574503726e-03 5.164285714285714590e+01 1.508555532924912690e+01
1.307844605212421796e-01 1.948859987027574741e-03 5.314285714285714590e+01 1.282655090674282938e+01
1.372938405551752672e-01 1.976444694498947011e-03 5.245161290322580783e+01 1.230280460060155256e+01
1.433626874055373979e-01 1.479129257371093872e-03 5.160000000000000142e+01 1.123494548273377447e+01
1.497414395840910573e-01 2.132896554945924294e-03 5.256756756756756488e+01 1.094167417478974258e+01
1.562016171858009728e-01 1.470810848565314282e-03 5.203703703703703809e+01 1.063711183301878194e+01
1.620883487451751925e-01 1.817360580555445800e-03 5.278787878787878896e+01 1.032546576879300382e+01
1.684939590642719198e-01 1.975568076388520972e-03 5.186486486486486314e+01 9.563711239931329544e+00
1.749358117034872373e-01 1.810730169671130639e-03 5.174285714285714022e+01 8.858294855958570579e+00
1.813634234827302405e-01 1.982290824745188643e-03 5.136585365853658658e+01 8.890770836536999511e+00
1.877608813777307539e-01 1.710969833005861022e-03 5.218918918918918592e+01 9.772914673349189840e+00
1.936838392192468117e-01 1.708352888559126238e-03 5.300000000000000000e+01 9.674981300131527462e+00
1.998200724089964908e-01 1.901042836663710675e-03 5.367441860465116577e+01 9.723044167612497901e+00
2.064988844748374130e-01 2.083185659227047067e-03 5.375000000000000000e+01 1.188552165451731391e+01
2.131062600015138364e-01 1.923054290541973939e-03 5.495744680851063890e+01 1.088124713247475128e+01
2.193208008558340527e-01 1.649587748772136844e-03 5.483720930232558288e+01 1.126705185683543142e+01
2.255197753110727010e-01 1.943898002345461392e-03 5.517647058823529704e+01 1.029047554618110638e+01
2.319084130262620835e-01 1.853433278599466881e-03 5.535999999999999943e+01 9.422186582741820970e+00
2.380456302514551703e-01 1.717913041466973250e-03 5.566666666666666430e+01 9.276239060692166305e+00
2.441826744061198484e-01 1.910984005326162374e-03 5.679999999999999716e+01 9.752948272189287948e+00
2.508567628905887248e-01 1.865639566994751813e-03 5.306451612903225623e+01 1.461153237178842623e+01
2.571616352083493928e-01 2.042758540577210586e-03 5.156097560975609895e+01 1.406507354665075837e+01
2.636090936505812721e-01 1.759536909171210452e-03 5.184415584415584277e+01 1.216871335651018526e+01
2.696276322290375727e-01 1.767913466712890637e-03 5.172500000000000142e+01 1.102592116333143402e+01
2.756934411426098519e-01 1.847457432374286813e-03 5.222619047619047450e+01 1.072432069745066485e+01
2.820483295007140123e-01 1.942127748479487680e-03 5.268539325842696286e+01 1.086478509252154900e+01
2.885873542857223528e-01 1.999902870285049771e-03 5.408421052631578618e+01 1.076515359184232246e+01
2.950059364807982032e-01 1.753155416080761590e-03 5.474418604651162923e+01 1.066242930076605333e+01
3.012776628394395750e-01 1.916275679195857595e-03 5.555789473684210833e+01 1.021917159773943062e+01
3.076468654533095481e-01 1.858480647863890167e-03 5.587096774193548043e+01 9.883364202736153459e+00
3.139397285054469910e-01 1.849733180513128640e-03 5.675531914893617369e+01 9.959560604880195456e+00
3.202097007249891103e-01 1.889977811219999311e-03 5.661224489795918657e+01 1.001115579324059723e+01
3.264390569218261762e-01 1.757358001834326191e-03 5.677419354838709609e+01 9.823732651339549093e+00
3.326951465344144543e-01 1.930481388006281569e-03 5.803846153846154010e+01 9.560477848224456565e+00
3.390239669727912464e-01 1.785238221274862988e-03 5.853061224489795933e+01 9.507751282189792263e+00
3.452290355408559885e-01 1.822729964848564038e-03 5.910784313725490335e+01 8.974321520385233342e+00
3.515217579766085620e-01 1.894166946962649433e-03 5.933333333333333570e+01 8.563859091535926282e+00
3.581115149106128270e-01 1.984833837990382030e-03 6.000000000000000000e+01 8.280481367735569975e+00
3.646365217867122976e-01 1.807385512883236643e-03 6.099065420560747697e+01 8.407818628948952266e+00
3.707522342694583029e-01 1.646676631311451595e-03 6.149000000000000199e+01 8.190531118309728242e+00
3.768404479121448269e-01 1.835047814059704218e-03 6.239639639639639768e+01 7.681119331763009761e+00
3.831651369708888866e-01 1.834489868729198949e-03 6.214414414414414267e+01 7.333643218987679013e+00
3.894643253735652899e-01 1.853753096359237081e-03 6.206194690265486713e+01 7.033817376796510423e+00
3.958807651630259494e-01 1.912159574900255954e-03 6.170833333333333570e+01 6.737024565785699970e+00
4.022473572087105209e-01 1.746533598099251966e-03 6.165765765765765849e+01 6.624176745482659889e+00
4.083991683103055381e-01 1.862831917861469243e-03 6.255462184873949383e+01 6.393240639999454800e+00
4.147868792651558945e-01 1.850918924272050396e-03 6.366115702479338978e+01 6.735111277919714645e+00
4.211381020132339281e-01 1.813003092898375071e-03 6.500000000000000000e+01 6.711898895011715993e+00
4.273404438934948479e-01 1.765577699919095717e-03 6.582352941176471006e+01 6.627620868656080688e+00
4.337195733954657406e-01 1.911235613422362228e-03 6.672307692307691696e+01 6.856077509521612434e+00
4.400834723796714920e-01 1.795304431444431784e-03 6.671774193548387188e+01 6.949030281430441214e+00
4.463380503116383125e-01 1.781136916513354146e-03 6.588888888888888573e+01 6.506610395281004600e+00
4.525475293404462862e-01 1.782735370135076804e-03 6.557480314960629642e+01 6.052665302948326165e+00
4.588781844142776345e-01 1.863542184770878652e-03 6.494029850746268551e+01 5.926453903465731976e+00
4.652813857520213814e-01 1.809454061223974295e-03 6.406766917293232666e+01 5.717969726582093237e+00
4.715886271752884884e-01 1.786725641485754782e-03 6.289552238805970319e+01 5.551275795156215942e+00
4.778700308571910971e-01 1.749120838384908864e-03 6.221804511278195804e+01 5.203306306341173304e+00
4.841075358786299798e-01 1.812598873705853009e-03 6.181884057971014812e+01 5.220007395652809912e+00
4.904685449060671165e-01 1.813034819841214708e-03 6.140714285714285836e+01 5.240774206709759575e+00
4.967988078032400945e-01 1.775169993053363985e-03 6.108510638297872219e+01 4.948001838830757393e+00
5.030461340587593089e-01 1.710738770771227935e-03 6.104347826086956275e+01 4.939329450981258418e+00
5.093789740337634209e-01 1.844995629980458740e-03 6.090604026845637264e+01 4.441710931632107062e+00
5.157895609665918979e-01 1.772173611217854692e-03 6.104794520547945069e+01 4.657967344891563499e+00
5.220653538623039047e-01 1.710912446064493482e-03 6.116783216783216659e+01 4.679325051547603920e+00
5.282420832211931483e-01 1.776221308977217429e-03 6.082432432432432279e+01 4.146193921193297882e+00
5.345849814872509764e-01 1.797460663252185451e-03 6.076315789473684248e+01 3.928838084989115131e+00
5.409400198384390901e-01 1.769240412124692928e-03 6.090196078431372229e+01 3.853893178467632463e+00
5.471612929737256215e-01 1.671871176479489780e-03 6.097297297297297547e+01 3.486329349067297745e+00
5.535187503546902255e-01 1.843477994232445120e-03 6.143209876543210157e+01 3.546155269090895956e+00
5.599303633336802921e-01 1.774845713676194252e-03 6.191719745222930271e+01 3.914565943294685102e+00
5.661980099607780703e-01 1.715649351238413218e-03 6.283116883116883145e+01 3.740304833783004934e+00
5.724333289920446877e-01 1.764199560704661452e-03 6.385625000000000284e+01 4.292107582528657872e+00
5.786575496797814466e-01 1.687338640378493104e-03 6.503246753246753542e+01 4.384054733719415786e+00
5.849918082512260975e-01 1.882166412490617838e-03 6.672093023255814614e+01 4.491157708904468748e+00
5.913559560974818163e-01 1.673563701773732749e-03 6.805732484076433764e+01 4.540364895458302463e+00
5.976003341774964728e-01 1.789272139650604403e-03 6.927810650887573729e+01 4.509823006925785194e+00
6.039710484280985670e-01 1.760471037718898532e-03 7.032142857142856940e+01 4.563679257720348659e+00
6.103455122609070527e-01 1.778153705054047679e-03 7.102923976608187218e+01 4.850925661309771542e+00
6.165941547084902163e-01 1.709282904712068618e-03 7.105988023952096455e+01 4.756628578751283420e+00
6.227886440901039267e-01 1.708031916550016484e-03 7.084523809523810201e+01 4.564890227498974440e+00
6.292222757675741684e-01 1.895555695838723603e-03 6.998930481283422012e+01 4.420399910791883435e+00
6.355837393651907474e-01 1.609918394456906487e-03 6.844848484848485271e+01 4.329784518440251695e+00
6.417201133152361514e-01 1.735489606861494215e-03 6.677528089887640306e+01 3.880074797186735314e+00
6.480234646877054416e-01 1.746502386866512820e-03 6.440449438202247734e+01 3.422727162606261420e+00
6.543745591304535036e-01 1.808595843625667669e-03 6.238586956521739069e+01 3.106785290186541371e+00
6.607410482875138991e-01 1.776914150084337417e-03 6.075000000000000000e+01 2.981145461206072600e+00
6.669765730033264672e-01 1.670208017253243388e-03 5.922159090909090651e+01 3.035378089238324417e+00
6.731673103258457580e-01 1.796482171393593615e-03 5.857978723404255561e+01 3.007422536385357059e+00
6.795850853652600776e-01 1.822834825668488831e-03 5.821989528795811708e+01 2.723741164823009431e+00
6.858902177354958551e-01 1.747430487391250960e-03 5.774731182795699169e+01 2.819737431288285912e+00
6.921278880332987216e-01 1.765781770802452586e-03 5.697354497354497482e+01 3.021826482471396513e+00
6.985070946107704293e-01 1.847715388967816497e-03 5.656060606060606233e+01 2.914031999066328371e+00
7.048037128132643714e-01 1.757666077632949074e-03 5.621693121693121498e+01 2.800531649566953440e+00
7.109847861020758275e-01 1.767854622430342420e-03 5.598437500000000000e+01 2.849467695172790194e+00
7.172345948602801835e-01 1.822657136245004524e-03 5.585858585858586167e+01 2.938682270055462897e+00
7.236608500653414211e-01 1.906739358311473767e-03 5.570243902439024453e+01 2.750211716472997114e+00
7.299519259881649402e-01 1.814756391122580772e-03 5.557142857142856940e+01 2.736349635818870141e+00
7.362298620906445601e-01 1.872001608046580190e-03 5.543627450980392268e+01 2.824618526332409285e+00
7.427109241448597299e-01 1.961252361706546793e-03 5.509813084112149539e+01 2.839999163467010312e+00
7.489749171607754663e-01 1.795506848231544564e-03 5.458461538461538254e+01 2.623306253603882254e+00
7.553119902396251417e-01 1.968290517240121971e-03 5.454337899543379109e+01 2.548955626888874004e+00
7.617428847945948434e-01 1.878647625832918257e-03 5.423671497584540901e+01 3.367676474443312973e+00
7.679897535333021219e-01 1.889655825210407886e-03 5.418660287081339533e+01 2.591769352692374184e+00
7.742716946001383382e-01 1.890740870187222538e-03 5.345070422535211208e+01 2.818602772586389804e+00
7.806130493972306406e-01 1.874127862848933099e-03 5.311320754716981440e+01 2.771482324595071489e+00
7.869955317179381238e-01 1.962138593108325030e-03 5.283482142857143060e+01 2.718753665256734564e+00
7.933337815560531636e-01 1.823456314192357453e-03 5.223809523809524080e+01 2.669343894180143728e+00
7.995722808394026826e-01 1.873920736445982161e-03 5.212217194570136058e+01 2.680433146441433490e+00
8.059029702364099990e-01 1.855844282913126459e-03 5.216438356164383805e+01 2.741734423675202592e+00
8.122482529694946551e-01 1.899897789708842157e-03 5.236123348017621026e+01 2.716193962004973539e+00
8.185971333973350861e-01 1.831057107996742058e-03 5.211659192825111830e+01 2.719375094558414307e+00
8.248840800988579414e-01 1.805078930334647752e-03 5.221524663677129752e+01 2.602071792758898994e+00
8.311527541867054225e-01 1.843524136775542745e-03 5.210043668122271043e+01 2.375999346644209975e+00
8.375116084758876811e-01 1.829773299230467044e-03 5.212608695652173907e+01 2.349347333250137559e+00
8.438261475186588090e-01 1.817550564165925373e-03 5.237068965517241281e+01 2.603455412184783491e+00
8.500843452560248314e-01 1.755513946144033992e-03 5.252212389380530766e+01 2.661518217694271105e+00
8.563647400134730692e-01 1.844487251387733453e-03 5.238589211618257480e+01 2.683511916241625439e+00
8.626696591174244366e-01 1.710203360544058351e-03 5.194298245614034926e+01 3.016185689861936137e+00
8.689830853488446083e-01 1.844123492424595270e-03 5.197967479674796465e+01 2.909808230473628132e+00
8.753179752476163422e-01 1.741457950302257533e-03 5.204255319148936110e+01 2.549607413481362439e+00
8.815756228481118617e-01 1.752464905610253906e-03 5.228630705394191125e+01 2.501062944429786938e+00
8.877944678552249780e-01 1.716242394594354789e-03 5.246835443037974755e+01 2.921967585066302053e+00
8.941407927930166144e-01 1.839522330085644050e-03 5.287351778656126555e+01 3.178998578838159172e+00
9.005003621585947471e-01 1.752218829319661820e-03 5.308571428571428896e+01 3.341932542636601333e+00
9.067627482844141662e-01 1.720498064613873055e-03 5.319262295081967551e+01 3.452926618186835217e+00
9.130278025298368405e-01 1.789374596252915357e-03 5.309523809523809490e+01 3.389297770954408318e+00
9.193563827426239898e-01 1.786117629316656989e-03 5.238888888888888573e+01 3.095233007728827701e+00
9.256709965929463824e-01 1.773964252230773864e-03 5.210196078431372513e+01 2.861133040606059108e+00
9.319487846442510159e-01 1.740175819907428248e-03 5.200399999999999778e+01 2.922327839240491887e+00
9.382375230166524194e-01 1.835219923763222079e-03 5.177480916030534530e+01 3.006029913064384385e+00
9.445114335627492475e-01 1.754301698834087597e-03 5.152173913043478137e+01 3.076528620927740487e+00
9.507739483173833772e-01 1.796477233495237351e-03 5.149425287356321945e+01 3.242873490563643823e+00
9.571000001339345920e-01 1.844157663989784944e-03 5.195849056603773874e+01 3.329967922556393845e+00
9.634651872700409347e-01 1.860525514413665987e-03 5.335714285714285410e+01 3.574359699444037197e+00
9.697902983397413967e-01 1.869026222830578836e-03 6.000375939849624274e+01 8.220870195235859157e+00
9.761731987705594138e-01 1.898719003246270758e-03 7.952398523985239365e+01 2.563086801365705725e+01
9.824546988499620603e-01 1.850375251942234242e-03 1.251849056603773533e+02 5.022519568143936652e+01
9.887603507672997338e-01 1.885371791598095068e-03 2.073602941176470722e+02 6.574622700734008163e+01
9.951547945742836854e-01 1.923480157877882840e-03 3.064448398576512318e+02 6.876013907397270941e+01
1.001497999719481502e+00 1.820392376112148691e-03 3.906992481203007515e+02 7.736717064978154212e+01
1.007730073445106012e+00 1.872875193246743668e-03 4.268129496402877976e+02 8.809153770697217567e+01
1.014110590476311025e+00 1.881534321868284657e-03 4.367765957446808329e+02 8.997414329375746433e+01
1.020442888611849064e+00 1.823625195420996601e-03 4.315519713261648462e+02 9.428654085463992374e+01
1.026691701700078063e+00 1.782759485576686145e-03 4.216956521739130608e+02 9.440811287668879004e+01
1.033057845114525142e+00 1.884320384582664851e-03 3.897687074829931930e+02 8.986895298299417334e+01
1.039437792018165441e+00 1.793463056649077922e-03 3.425724381625441879e+02 9.174164518349702746e+01
1.045681248368910410e+00 1.745618337461533540e-03 2.752340425531915002e+02 8.610623051471974065e+01
1.051944871571292683e+00 1.801987856022948175e-03 1.923482758620689594e+02 6.882577134639954863e+01
1.058324809813473877e+00 1.829265674919061668e-03 1.156127946127946160e+02 3.988265971627336626e+01
1.064596602572098316e+00 1.714864743882408334e-03 7.008098591549295975e+01 1.611569289323551146e+01
1.070868750588993112e+00 1.792957436204007347e-03 5.293939393939393767e+01 6.023480566151349080e+00
1.077195490251847465e+00 1.798916779777443367e-03 4.801337792642140556e+01 3.297896292171043076e+00
1.083505800573759448e+00 1.740543057611223946e-03 4.625597269624573471e+01 2.817581334231473722e+00
1.089676915900379850e+00 1.748165881083384946e-03 4.540136054421768819e+01 2.842845666599550736e+00
1.096052400832523421e+00 1.863573573199493825e-03 4.492971246006389663e+01 2.494327997999087554e+00
1.102364289960501065e+00 1.744372504095847640e-03 4.470847457627118615e+01 2.280081241591240815e+00
1.108625070827478076e+00 1.829094711995288541e-03 4.416938110749185853e+01 2.352738762745689716e+00
1.114924075445366869e+00 1.842999932655674591e-03 4.259415584415584277e+01 4.499950806500101486e+00
1.121282665432693726e+00 1.762017027877181303e-03 4.350763358778625900e+01 3.290625341630054379e+00
1.127553932619258736e+00 1.851826979229859085e-03 4.333828996282527868e+01 3.078619098146293087e+00
1.133905639228342421e+00 1.803927404845938115e-03 4.297647058823529420e+01 3.047876338208357350e+00
1.140144523104706709e+00 1.820967272376473748e-03 4.250787401574802971e+01 3.163517506777230093e+00
1.146455214771981312e+00 1.831860927088285957e-03 4.249003984063745065e+01 3.201851518291904508e+00
1.152869066430118439e+00 1.902391342003174283e-03 4.271042471042471078e+01 3.192650995387465329e+00
1.159252377890596986e+00 1.791659613503928782e-03 4.232780082987552106e+01 3.251192909236443995e+00
1.165575291556828930e+00 1.872439892399787795e-03 4.245418326693226874e+01 3.232477920931458915e+00
1.171828433925186763e+00 1.747387590499659572e-03 4.220779220779220964e+01 3.098829388135064811e+00
1.178029580193284076e+00 1.845903894892485285e-03 4.230452674897119181e+01 2.885874172946320648e+00
1.184400904434957269e+00 1.829516060217846983e-03 4.214644351464435346e+01 2.677990972844450646e+00
1.190737654720273042e+00 1.816225366119703435e-03 4.236708860759493689e+01 3.071187994104941588e+00
1.196977477342464180e+00 1.780548390738201196e-03 4.199563318777292409e+01 2.884222452322006802e+00
1.203312963818603976e+00 1.874247930763579166e-03 4.160330578512396471e+01 2.995534321711186276e+00
1.209645773529357093e+00 1.750259837788138012e-03 4.163274336283186017e+01 3.054193723881880373e+00
1.215952225700388523e+00 1.837678281197498587e-03 4.179661016949152241e+01 3.030937860605533718e+00
1.222254898926581568e+00 1.775628514659025698e-03 3.952434456928838813e+01 5.631012343996028235e+00
1.228537298751265050e+00 1.780223345631782141e-03 3.990217391304347672e+01 4.036186350015058544e+00
1.234759587745337228e+00 1.795376270296014523e-03 3.968100358422939422e+01 3.821412189277772153e+00
1.241110555825225781e+00 1.895169703334604900e-03 3.971140939597315622e+01 3.340263129856198443e+00
1.247523323486311897e+00 1.874537877840588536e-03 3.951013513513513686e+01 3.051074096278033387e+00
1.253854431820907944e+00 1.857283623330970761e-03 3.915436241610738222e+01 3.175014501512710030e+00
1.260138295168494293e+00 1.856490137450314505e-03 3.867774086378737763e+01 3.615405669490943552e+00
1.266501421045549414e+00 1.881588491645209797e-03 3.875562700964630380e+01 3.617652007060513597e+00
1.272807251993681055e+00 1.824447191781883651e-03 3.853442622950819896e+01 3.367356773796286173e+00
1.279100636071537789e+00 1.831925956271344968e-03 3.862420382165605304e+01 3.398332419257143577e+00
1.285385940199903265e+00 1.796864974607813087e-03 3.875000000000000000e+01 3.352787779958030345e+00
1.291734086560349049e+00 1.833790085687247952e-03 3.878220858895705447e+01 3.441143615371225373e+00
1.297999116585571544e+00 1.712347548001254965e-03 3.842071197411003425e+01 3.396994748045955248e+00
1.304332283077917598e+00 1.862331657852500611e-03 3.817109144542772725e+01 3.221538771743780671e+00
1.310629912671008812e+00 1.689758514739712848e-03 3.792948717948718240e+01 3.431742009761922230e+00
1.316859893871710430e+00 1.807323329610554348e-03 3.800000000000000000e+01 3.555949397756242192e+00
1.323169508333509325e+00 1.772103529485381237e-03 3.786322188449847914e+01 3.204626313247623148e+00
1.329416719622044551e+00 1.761213072716576004e-03 3.769184290030211315e+01 3.468572679246007429e+00
1.335676763851219473e+00 1.808340606324402439e-03 3.716964285714285410e+01 3.375551101390000142e+00
1.342102166253144047e+00 1.916040745002256648e-03 3.710704225352112928e+01 3.191996786250861806e+00
1.348432554966731090e+00 1.804515701739407276e-03 3.729305135951661754e+01 3.080916345366951692e+00
1.354697325729501189e+00 1.895450207138361931e-03 3.724929178470254953e+01 3.320172533287339522e+00
1.361035554581970564e+00 1.836151892644552735e-03 3.703197674418604635e+01 3.366075725874295710e+00
1.367445372286436589e+00 1.911657172750392099e-03 3.714520547945205209e+01 3.411683919206351945e+00
1.373833054624600258e+00 1.794265400870382644e-03 3.722028985507246546e+01 3.214315019720177080e+00
1.380048052911932777e+00 1.791287036868802413e-03 3.796296296296296191e+01 3.375157053001514029e+00
1.386332670155489666e+00 1.806335848089170130e-03 3.937359550561797761e+01 3.735152401737989347e+00
1.392624520144640332e+00 1.796075039907524609e-03 4.365555555555555856e+01 4.423719037581020253e+00
1.398923000198597277e+00 1.771229759338340285e-03 4.996910112359550737e+01 4.587057149883896123e+00
1.405184482923453881e+00 1.808998902686751115e-03 5.632336956521739069e+01 4.085646399054824407e+00
1.411475199677901360e+00 1.734371386327675756e-03 6.039325842696629110e+01 4.391429689214404242e+00
1.417706081410672780e+00 1.817237095201347432e-03 6.190860215053763227e+01 4.688352381359352172e+00
1.424046144262549829e+00 1.816956160244514703e-03 6.224119241192411778e+01 5.100022601509693665e+00
1.430457268966005335e+00 1.925855730949348329e-03 6.248843187660668264e+01 5.051326882954715103e+00
1.436865665354877475e+00 1.843763745384080412e-03 6.257526881720430367e+01 4.775460272230786174e+00
1.443084111958556903e+00 1.831535442318516687e-03 6.229838709677419217e+01 5.183767421064051639e+00
1.449466238371406979e+00 1.910439897345804971e-03 6.210886075949367324e+01 5.120924522962297054e+00
1.455780432464144347e+00 1.769262236301017126e-03 6.073243243243243228e+01 5.115752895170093240e+00
1.462109939136078340e+00 1.873282905934200038e-03 5.896992481203007230e+01 4.917517412286540157e+00
1.468414112563870999e+00 1.734923018383166060e-03 5.645866666666666589e+01 4.819839001460528571e+00
1.474680891373796765e+00 1.804015195942032307e-03 5.320050761421320118e+01 4.908389277008105012e+00
1.480924591063775386e+00 1.742163032935032654e-03 4.802872062663185204e+01 4.772285305097257790e+00
1.487138550370334267e+00 1.742602934721402272e-03 4.265038560411311153e+01 3.596307313405118666e+00
1.493462591150057195e+00 1.833511633313982111e-03 3.876485148514851176e+01 3.046433453819423320e+00
1.499809278721849770e+00 1.805357266360340307e-03 3.712594458438287148e+01 3.310478256318076351e+00
1.506175762378094918e+00 1.888906516140883814e-03 3.639853300733496155e+01 3.484663448129240226e+00
1.512543466733061504e+00 1.879653113941155348e-03 3.619852941176470296e+01 3.626940875633382966e+00
1.518927121842702510e+00 1.865813122140227640e-03 3.607352941176470296e+01 3.563797973748398906e+00
1.525176469146275027e+00 1.826629940430822378e-03 3.615880893300248289e+01 3.667304077801453399e+00
1.531416651941075235e+00 1.798854978931840659e-03 3.625495049504950629e+01 3.696732250306722811e+00
1.537728221615372926e+00 1.856986876758172280e-03 3.623877068557919756e+01 3.448754505519781244e+00
1.544096010846849332e+00 1.769518617434322075e-03 3.613868613138686214e+01 3.340102704192727590e+00
1.550405005344789089e+00 1.809055686031393537e-03 3.621985815602836567e+01 3.430765082825580237e+00
1.556696834359960313e+00 1.740139413919524446e-03 3.635679611650485299e+01 3.468620695828508183e+00
1.562969221032702194e+00 1.804120915253569534e-03 3.631132075471698073e+01 3.508485999986883819e+00
1.569251838380229191e+00 1.803338776033149233e-03 3.631503579952267557e+01 3.442930673646837025e+00
1.575556094315494926e+00 1.863019847936644557e-03 3.618648018648018905e+01 3.533808759390383081e+00
1.581892448177514066e+00 1.865480693804838323e-03 3.601620370370370239e+01 3.439592049513745309e+00
1.588269483401412163e+00 1.861295980786164313e-03 3.626728110599078292e+01 3.400753058650996419e+00
1.594574325321363339e+00 1.830133252637398044e-03 3.658564814814814525e+01 3.270737495647135784e+00
1.600916934751582588e+00 1.832077894544300927e-03 3.684282460136674331e+01 3.296646229143613382e+00
1.607201343968552854e+00 1.780442356845074459e-03 3.700925925925925952e+01 3.511545844511645420e+00
1.613445462524496721e+00 1.775524639999344866e-03 3.691284403669725123e+01 3.631412682070535247e+00
1.619730849749851931e+00 1.787630240083115185e-03 3.695936794582392793e+01 3.481725264122973673e+00
1.625979803600224649e+00 1.755895091839796123e-03 3.802528735632184009e+01 3.257792471123989841e+00
1.632226613292544926e+00 1.821174808670054370e-03 4.091722595078299918e+01 3.325333101724810447e+00
1.638606704061473573e+00 1.894452323361247963e-03 4.722559652928416796e+01 3.884940488293044059e+00
1.645050487946952522e+00 1.887301666918968484e-03 5.508260869565217632e+01 4.984747056131392462e+00
1.651415996904310735e+00 1.851783837096881687e-03 6.085745614035087669e+01 6.540459790100996429e+00
1.657788871265904573e+00 1.852242853945953917e-03 6.348812095032397451e+01 7.608562413516925638e+00
1.664006124760511351e+00 1.741113674427757210e-03 6.430385487528344868e+01 8.144052725036830864e+00
1.670281873961185770e+00 1.842366346193471905e-03 6.438900634249471011e+01 8.311943041389623588e+00
1.676541801276667298e+00 1.721555322686186195e-03 6.461210762331837998e+01 8.374703893628616669e+00
1.682793682471841024e+00 1.824670227224382997e-03 6.468354430379746134e+01 8.423296906812892004e+00
1.689107465299970467e+00 1.791603935857043455e-03 6.477006507592190587e+01 8.596321283916758205e+00
1.695415952935033443e+00 1.877357617877282179e-03 6.563883089770354218e+01 8.239646071431970142e+00
1.701806617780016628e+00 1.875253898477295287e-03 6.785386221294363907e+01 7.688022327027592695e+00
1.708145235544118012e+00 1.851238026496159058e-03 7.306105263157894569e+01 7.025111428420007798e+00
1.714469347376187613e+00 1.845626368464784459e-03 7.932505175983436629e+01 7.130155237953838210e+00
1.720739519194126599e+00 1.771881702320935673e-03 8.220512820512820440e+01 7.802381953377757640e+00
1.726990948287859817e+00 1.820993782645452704e-03 8.196938775510204778e+01 8.166445808991017685e+00
1.733361150263370787e+00 1.784216608021570085e-03 7.845247933884297709e+01 7.770249406227831557e+00
1.739571674833123582e+00 1.760427731239605715e-03 7.298532494758909195e+01 6.733607722097850079e+00
1.745888420135642827e+00 1.855122891619970195e-03 6.794578313253012425e+01 5.974087607861750193e+00
1.752250177420427102e+00 1.860925844240075020e-03 6.538663967611336147e+01 5.712855462330430178e+00
1.758607387389414800e+00 1.864192030273802104e-03 6.443000000000000682e+01 5.794304099717240142e+00
1.764972322429467777e+00 1.851098948525789619e-03 6.429000000000000625e+01 5.371264283201859335e+00
1.771273520234028620e+00 1.808016239517707931e-03 6.330443548387096797e+01 5.382231571415847071e+00
1.777586992161852564e+00 1.807004964737956481e-03 6.176435643564356326e+01 5.392830365498622491e+00
1.783840233931820451e+00 1.746107465683986813e-03 5.951934826883910290e+01 5.289209231706723635e+00
1.790071520275328565e+00 1.795583184790444783e-03 5.780511811023622215e+01 4.847174639953053088e+00
1.796393698957722052e+00 1.819993601147859141e-03 5.486561264822134376e+01 4.705922446511793034e+00
1.802712928873270393e+00 1.883216042231023422e-03 5.111111111111111427e+01 4.693818113242600454e+00
1.809114577024696358e+00 1.850157529878445435e-03 4.516279069767441712e+01 4.751476386650096195e+00
1.815345782948464493e+00 1.803540499391122600e-03 3.944071146245059367e+01 3.876085097425256976e+00
1.821700705453981772e+00 1.863872113208649628e-03 3.578731343283582333e+01 3.232744387910584827e+00
1.828034416566336029e+00 1.759461126105644731e-03 3.430511811023622215e+01 3.325519262935746401e+00
1.834289862490237510e+00 1.817049905439401892e-03 3.369679849340866440e+01 3.316307182043407131e+00
1.840620947190598100e+00 1.780340576699249600e-03 3.328653846153846274e+01 3.251506250864094394e+00
1.846876290479544158e+00 1.833628160635640113e-03 3.306994328922495185e+01 3.261588918216505650e+00
1.853225331533147280e+00 1.864396810776891523e-03 3.304814814814815094e+01 3.082145806239390939e+00
1.859586416204100923e+00 1.843230203276794224e-03 3.333084112149532530e+01 3.093487872910535952e+00
1.865884580336470755e+00 1.827085395033201023e-03 3.331284916201117596e+01 2.973737996554036478e+00
1.872200528994375501e+00 1.799198018262535481e-03 3.300370370370370665e+01 3.065638806095329461e+00
1.878453452628845000e+00 1.760356359008985331e-03 3.285310734463276816e+01 3.067168799539738089e+00
1.884712324747962020e+00 1.805687576808031941e-03 3.273357664233576969e+01 3.079196669345719339e+00
1.891113706724730337e+00 1.861939656346446982e-03 3.236151079136690356e+01 3.038925477970688238e+00
1.897400945427566432e+00 1.833350088909791505e-03 3.209742647058823195e+01 2.999979725277509779e+00
1.903772875545957088e+00 1.875180743362649160e-03 3.220422535211267956e+01 3.124898332010133561e+00
1.910018917854334752e+00 1.739883276586547947e-03 3.235916824196597474e+01 3.181978199090408577e+00
1.916236012056648175e+00 1.833205283437960029e-03 3.250877192982456165e+01 3.168087837775475979e+00
1.922638163561010805e+00 1.793373418488206777e-03 3.240535714285714164e+01 3.027666854466100510e+00
1.928888348891847349e+00 1.792288115248428593e-03 3.262410071942446166e+01 3.066135861413501917e+00
1.935240631371640818e+00 1.865766417879262265e-03 3.303114186851210832e+01 3.116667600926208870e+00
1.941608872090050619e+00 1.856644915843207438e-03 3.373813708260105670e+01 3.524386686449738626e+00
1.947917338414854704e+00 1.837601359788319485e-03 3.619789842381786116e+01 6.157426193786705859e+00
1.954236834815996637e+00 1.805754229573221887e-03 4.234090909090909349e+01 1.329209658150677953e+01
1.960488135501994522e+00 1.772905664188001006e-03 5.158407079646017479e+01 2.270849674156975340e+01
1.966755922696415082e+00 1.810201296061439468e-03 6.160413080895008875e+01 2.989207650690698514e+01
1.973091583736556354e+00 1.814240900008777741e-03 7.728103448275862775e+01 3.242275893975034506e+01
1.979420480567132490e+00 1.865397302840512408e-03 1.015008488964346327e+02 2.902433702842564500e+01
1.985762243830389018e+00 1.849873766110382307e-03 1.290677966101694949e+02 2.285274733816570247e+01
1.992143605840229093e+00 1.840662096304069391e-03 1.497336683417085510e+02 2.161434425589909480e+01
1.998372952698491245e+00 1.738412627792555948e-03 1.586309314586994788e+02 2.311730331851415343e+01
2.004614638405731508e+00 1.821010887715033720e-03 1.614254966887417311e+02 2.254528455593504077e+01
2.010981699228176822e+00 1.807963355431743604e-03 1.635218855218855083e+02 2.327517056011086183e+01
2.017216781415232862e+00 1.822968187424302972e-03 1.670236087689713429e+02 2.524339170487207085e+01
2.023555507756473748e+00 1.866836436713831520e-03 1.650439024390243787e+02 2.592487139736777380e+01
2.029945947492921121e+00 1.842053164818473936e-03 1.641891447368421098e+02 2.448534193292731231e+01
2.036236367431154548e+00 1.802040352124230577e-03 1.625272727272727309e+02 2.481759330879752312e+01
2.042538823796997693e+00 1.786279422623429517e-03 1.607389162561576370e+02 2.508685165144452256e+01
2.048720173306640469e+00 1.747373060808409071e-03 1.573474576271186436e+02 2.525447161761379178e+01
2.055017041239767028e+00 1.892889576395914968e-03 1.525461658841940391e+02 2.679928683890716812e+01
2.061465280497128294e+00 1.850343878148330047e-03 1.433573717948717956e+02 2.581575074090559951e+01
2.067778354784032935e+00 1.826644103880053095e-03 1.328550724637681242e+02 2.813699553728259417e+01
2.074107962816127415e+00 1.810449409964311413e-03 1.196746031746031775e+02 2.980215098911028448e+01
2.080392027050733006e+00 1.757304311173108879e-03 1.072198697068403845e+02 3.177635963562603294e+01
2.086560915145909245e+00 1.789004268885935290e-03 9.303727714748784194e+01 3.036080119886833018e+01
2.092907509218693285e+00 1.897916204239676529e-03 7.431097560975609895e+01 2.430280496555761971e+01
2.099341076602548206e+00 1.841856996552926774e-03 5.186562500000000142e+01 1.422664255537607936e+01
2.105598503643897335e+00 1.780460926307301031e-03 3.788658146964856144e+01 5.939368016666728423e+00
2.111872942412509335e+00 1.813036870717739954e-03 3.178395061728394921e+01 2.899961961499424312e+00
2.118179840511383194e+00 1.773074262998883873e-03 2.994015748031496216e+01 2.348283387683382628e+00
2.124489700938873238e+00 1.854176769044688739e-03 2.928440366972477094e+01 2.265411143025323870e+00
2.130866139955553962e+00 1.876679961187130126e-03 2.889561270801815596e+01 2.385880329435277947e+00
2.137196345481136905e+00 1.803165093871285981e-03 2.931888544891640791e+01 2.594835452639078444e+00
2.143477781291089013e+00 1.808033309626025679e-03 3.037709923664122158e+01 3.153631999855622592e+00
2.149749346762158453e+00 1.787076492040512573e-03 3.185560675883256465e+01 3.453950440258521937e+00
2.156014428448592479e+00 1.811767013668930289e-03 3.303652968036529813e+01 3.558632571625651941e+00
2.162388958755252943e+00 1.899773100682969557e-03 3.367737226277372287e+01 3.754000618772677100e+00
2.168776559916051561e+00 1.828625003914755194e-03 3.421921921921921950e+01 3.802206806108296977e+00
2.175079146577416189e+00 1.799027495536281414e-03 3.464477611940298374e+01 3.907914184375567590e+00
2.181358965593887422e+00 1.775037425494343461e-03 3.585993975903614484e+01 4.646191978991686788e+00
2.187625576602315824e+00 1.830837683859201127e-03 3.877662721893491238e+01 7.345856552308776877e+00
2.193923842198696850e+00 1.837507381709080519e-03 4.437151248164464334e+01 1.192237366940043231e+01
2.200310743338333541e+00 1.859271066102410235e-03 5.414347202295552108e+01 1.697740063676546995e+01
2.206637920896229677e+00 1.789161753318371274e-03 6.813333333333333997e+01 1.938858516158157386e+01
2.212855268310565560e+00 1.778695396750237757e-03 8.710162002945507709e+01 1.723394814990384916e+01
2.219155297956861617e+00 1.826812665150635666e-03 1.069510791366906517e+02 1.159032639125424069e+01
2.225534449623195243e+00 1.883537061579874895e-03 1.216530324400564211e+02 8.465836014565859102e+00
2.231816049321749151e+00 1.789850136339156059e-03 1.289368575624082212e+02 1.083335400875103360e+01
2.238124350048766420e+00 1.838516226422660244e-03 1.308910614525139806e+02 1.212737299561568349e+01
2.244461256680506001e+00 1.769483755913013904e-03 1.313082489146164846e+02 1.284802919392773113e+01
2.250672411056880762e+00 1.815340560525242463e-03 1.320071736011477697e+02 1.348738564203957324e+01
2.256976265699253581e+00 1.875232856265233962e-03 1.320649171270718227e+02 1.385491185874069053e+01
2.263404067221236105e+00 1.844596500685106652e-03 1.312203856749311228e+02 1.396542161674511640e+01
2.269740131332425914e+00 1.784620609829179342e-03 1.292206506364922234e+02 1.449863667937780320e+01
2.275928662030326066e+00 1.770462641505800294e-03 1.271880341880341945e+02 1.523614533516639291e+01
2.282234771450446509e+00 1.859120215862977580e-03 1.253929539295392885e+02 1.660082263260115809e+01
2.288651494096741512e+00 1.861574731480084791e-03 1.222265943012211693e+02 1.783610692116183927e+01
2.294929189507614264e+00 1.787386468760323059e-03 1.187780898876404478e+02 1.802891389866172744e+01
2.301123790424945526e+00 1.773889529887621910e-03 1.133416666666666686e+02 1.771358908933832765e+01
2.307427473574251042e+00 1.823767960867003161e-03 1.048294993234100190e+02 1.638852309785484351e+01
2.313824548022820782e+00 1.807223345639351721e-03 9.655126300148587859e+01 1.738554303213489050e+01
2.320154992066300714e+00 1.861695907969135875e-03 8.641124260355029207e+01 1.924130810449782913e+01
2.326479049872378635e+00 1.797363522119922990e-03 7.455469953775038050e+01 1.986273631935864969e+01
2.332811122143054305e+00 1.834923033436536115e-03 6.094984802431611115e+01 1.844618785143685002e+01
2.339146829363451641e+00 1.809933127175767861e-03 4.586813186813186860e+01 1.386981357993738051e+01
2.345346999874724947e+00 1.788822558822959720e-03 3.337781350482315190e+01 7.838973417748411165e+00
2.351591514044208964e+00 1.821961582186779451e-03 2.641889763779527556e+01 3.497353808662676755e+00
2.357940827546205931e+00 1.821480796874143165e-03 2.380221518987341867e+01 2.256523284204774882e+00
2.364269371024037891e+00 1.822839816105960298e-03 2.302724358974359120e+01 2.165272271683030159e+00
2.370575565839220911e+00 1.828742917233826173e-03 2.249356913183279616e+01 2.162218643540596563e+00
2.376891771469677561e+00 1.815523241845057745e-03 2.211974110032362617e+01 2.172667405847995781e+00
2.383240749019818416e+00 1.833462819707767054e-03 2.190353697749196016e+01 2.272481736022954557e+00
2.389601619010945921e+00 1.828185711102788165e-03 2.171986970684039164e+01 2.457302306237481027e+00
2.395961259100775731e+00 1.812604844355751544e-03 2.149920508744038017e+01 2.861050539052565345e+00
2.402160007896914973e+00 1.807533258736503850e-03 2.197761194029850884e+01 2.776404254363714408e+00
2.408453972146052724e+00 1.793232887210479852e-03 2.320760233918128534e+01 2.985767425661203678e+00
2.414771780432101167e+00 1.830638750947721858e-03 2.505595408895265308e+01 3.572948286980154098e+00
2.421058800843912895e+00 1.849123668637423033e-03 2.770155586987270269e+01 3.785950698788017377e+00
2.427397847212681370e+00 1.833909450969152099e-03 3.063888888888888928e+01 3.405622393761364552e+00
2.433701938443864954e+00 1.777285794113256248e-03 3.283403656821378291e+01 2.822266884608368276e+00
2.440001432560962691e+00 1.835928632076300280e-03 3.379753761969904247e+01 2.654225937778446731e+00
2.446276920633820851e+00 1.825543246774167941e-03 3.387895460797799529e+01 2.732761893302884104e+00
2.452612917458465880e+00 1.850886418197054181e-03 3.396816976127320942e+01 2.623401178889786411e+00
2.458937188373468086e+00 1.764090576915684772e-03 3.406301369863013662e+01 2.505108310775123304e+00
2.465235494564519847e+00 1.842465198645606636e-03 3.395772787318362163e+01 2.470059824126187298e+00
2.471581205305689810e+00 1.856761058240425245e-03 3.378947368421052744e+01 2.580316500159858251e+00
2.477865992864338285e+00 1.798850075022648308e-03 3.351531291611185281e+01 2.517869350149421592e+00
2.484122936716935737e+00 1.780971833254360159e-03 3.350462351387054127e+01 2.569699066214819805e+00
2.490467721662181333e+00 1.849468727863495983e-03 3.326309067688377752e+01 2.433552819377127641e+00
2.496849546734450254e+00 1.852734310658727887e-03 3.291315453384419243e+01 2.597525018799425656e+00
2.503105859710241798e+00 1.772860352036017325e-03 3.258970976253298346e+01 2.506453266297806959e+00
2.509322203788900918e+00 1.804578376445024500e-03 3.212948717948717814e+01 2.427421149806370249e+00
2.515643032193938478e+00 1.830400595634155535e-03 3.141435768261964867e+01 2.444366030241675869e+00
2.522012436559997628e+00 1.844427975373299751e-03 3.049379652605459157e+01 2.597470323857524743e+00
2.528376527697731913e+00 1.805263014170996501e-03 2.945854271356784082e+01 2.639830789713277337e+00
2.534662305746367750e+00 1.817191430107880853e-03 2.828337531486146261e+01 2.518826825361359933e+00
2.540923642722284104e+00 1.847774197163838152e-03 2.694801980198019820e+01 2.581533059057419255e+00
2.547222087144660030e+00 1.810867478977307979e-03 2.510148514851485047e+01 2.666899157736844828e+00
2.553540685742163419e+00 1.807658101810726481e-03 2.296450428396572718e+01 2.598119819310581224e+00
2.559925401613222018e+00 1.856915584780679824e-03 2.088263473053892127e+01 2.423285451866032947e+00
2.566280305514876403e+00 1.838802799104265022e-03 1.937530266343825502e+01 2.045200925203258802e+00
2.572544852388987113e+00 1.785952156998167010e-03 1.900490797546012445e+01 1.891857034272711902e+00
2.578799894204640619e+00 1.806472379669163885e-03 1.909068923821039832e+01 1.874312125775107640e+00
2.585123793491197919e+00 1.855120447360665906e-03 1.931257344300822609e+01 1.981159210808085325e+00
2.591472256141813091e+00 1.805120360344933915e-03 1.949225268176400405e+01 2.016378672292328478e+00
2.597744265483155957e+00 1.788819714346394623e-03 1.948681055155875441e+01 1.940926663965060417e+00
2.604038454996993934e+00 1.850630787333012181e-03 1.951631701631701787e+01 1.975310272989524885e+00
2.610374414453144443e+00 1.837105816396599096e-03 1.941676367869615660e+01 1.962457704164610295e+00
2.616634120485421100e+00 1.761050173804210722e-03 1.925417661097851862e+01 1.937605046339345050e+00
2.622940397920966227e+00 1.848634675493098997e-03 1.904550625711035394e+01 1.898213415456070807e+00
2.629323187355575353e+00 1.839581463337864892e-03 1.897260273972602818e+01 1.801291732250090316e+00
2.635681273538560632e+00 1.815290224604702678e-03 1.894959908361970236e+01 1.847797350936870364e+00
2.641934789831782204e+00 1.778405014700361417e-03 1.882746478873239582e+01 1.907012260428074146e+00
2.648176773767660031e+00 1.853093332118325998e-03 1.875760992108229885e+01 1.908753863416944307e+00
2.654514065851063087e+00 1.823524830511773481e-03 1.882033898305084918e+01 1.975915503262167583e+00
2.660817448321032508e+00 1.798052776896779401e-03 1.876336746302616731e+01 1.877822123346920780e+00
2.667123571907564994e+00 1.844852426740933296e-03 1.856444444444444386e+01 1.786314227261968313e+00
2.673472329675100401e+00 1.839448802019330543e-03 1.841196013289036415e+01 1.719268300511792136e+00
2.679761377760365715e+00 1.786299887381436651e-03 1.825226244343891580e+01 1.753147698409793342e+00
2.686129035698236578e+00 1.877272974428747035e-03 1.774125132555673545e+01 2.877234771585039486e+00
2.692300573720700196e+00 1.798376592015874225e-03 1.790011223344556512e+01 2.008402691290195996e+00
2.698561328278970439e+00 1.798779619418457414e-03 1.783808437856328410e+01 1.860238109026445263e+00
2.704947056964875252e+00 1.860594623228957294e-03 1.757415730337078585e+01 2.014325039680577856e+00
2.711339925705444909e+00 1.826229981736538378e-03 1.723726851851851904e+01 2.136433625655448143e+00
2.717643416720191052e+00 1.774618570520191145e-03 1.703460620525059710e+01 2.094723176569974310e+00
2.723934694222051256e+00 1.823763048442502126e-03 1.683353010625737767e+01 2.022996852045677585e+00
2.730274673678132036e+00 1.841398355898408350e-03 1.682408500590318923e+01 2.020442384047509865e+00
2.736591263199737778e+00 1.788312012670147501e-03 1.696951219512195053e+01 2.043791108208389495e+00
2.742885231028380222e+00 1.844652457607765493e-03 1.699400479616306825e+01 2.000588651015473562e+00
2.749161241756704843e+00 1.804773587711254630e-03 1.700737100737100604e+01 1.862260371591715424e+00
2.755398232824302962e+00 1.776157869081165970e-03 1.709541511771995204e+01 1.722634668050764484e+00
2.761751565609168679e+00 1.857903093933079139e-03 1.732497013142174325e+01 1.804988803595409363e+00
2.768124311574730267e+00 1.813883183384283311e-03 1.778159509202453847e+01 1.949329134709233191e+00
2.774423663616722546e+00 1.776295681999270643e-03 1.856803995006242047e+01 2.368412043718014726e+00
2.780754869867226198e+00 1.842436817654598789e-03 2.081120584652862249e+01 4.007992640786331329e+00
2.787077464795406190e+00 1.805278297034774168e-03 2.571999999999999886e+01 6.717793536571367241e+00
2.793346642012575654e+00 1.793644434711254678e-03 3.267339218158890191e+01 9.414048821690196078e+00
2.799634253246212179e+00 1.838111547031318375e-03 3.963151364764267726e+01 1.049442668268543422e+01
2.805924842988945844e+00 1.808245895551135627e-03 4.684469696969696884e+01 9.456488768490604713e+00
2.812167973206011862e+00 1.789098639402584082e-03 5.239002557544757366e+01 7.712416685565900210e+00
2.818496662748549042e+00 1.874446068014908040e-03 5.594009779951100114e+01 6.459957996977101047e+00
2.824858807967614460e+00 1.791571154666717633e-03 5.864840764331210465e+01 5.642830851789515378e+00
2.831150482550185643e+00 1.815112775054883139e-03 5.984177215189873067e+01 5.491427530059719508e+00
2.837475400148095517e+00 1.850316795954077458e-03 6.010709838107098335e+01 5.978260391377205885e+00
2.843805018276897911e+00 1.786824753329564535e-03 6.046469833119383708e+01 5.811794026854047779e+00
2.850131561922547352e+00 1.845583173970813699e-03 6.104868913857677626e+01 5.805648570294741795e+00
2.856484494638581229e+00 1.841115527677602507e-03 6.147820672478206916e+01 5.789139015517067222e+00
2.862782859862781137e+00 1.780809355167121575e-03 6.127168367346938993e+01 5.703830061810293728e+00
2.869068523143336158e+00 1.847699945098150954e-03 6.084539877300613142e+01 5.743747269181969095e+00
2.875378514069953706e+00 1.802909528894259443e-03 6.080399500624219655e+01 5.334390252365040830e+00
2.881671995666307051e+00 1.819305449905813353e-03 5.996894409937888071e+01 5.284007577844008985e+00
2.887980092673573917e+00 1.848812746508326317e-03 5.844485294117647101e+01 5.919803425137715180e+00
2.894292086458025270e+00 1.795011172749967111e-03 5.665201005025125625e+01 6.566557077473772708e+00
2.900588101801901963e+00 1.834444505730529681e-03 5.270828182941903606e+01 8.825450806904044043e+00
2.906894294921833044e+00 1.834235081131648307e-03 4.864931846344485677e+01 1.154058655771799735e+01
2.913143215321425394e+00 1.775388414920497622e-03 4.474903969270166471e+01 1.358218502631076063e+01
2.919469846096636179e+00 1.902110692867622259e-03 3.997242206235011963e+01 1.519861860004112053e+01
2.925831071463227850e+00 1.799019204260941503e-03 3.753553299492385520e+01 1.460788417125606919e+01
2.932125236913744715e+00 1.849572311535908030e-03 3.398145859085290255e+01 1.289516075890831459e+01
2.938426190430696305e+00 1.829943172517629413e-03 3.154057428214731473e+01 9.717769604185949817e+00
2.944698497868602605e+00 1.792371922793937686e-03 3.001015228426395964e+01 6.673678212254731790e+00
2.951032364443879619e+00 1.872648010744969562e-03 2.944538834951456252e+01 4.388725054276695126e+00
2.957349976869245278e+00 1.772646084934545842e-03 3.131713554987212333e+01 3.718803316440699724e+00
2.963641534615172990e+00 1.843499637433317897e-03 3.503333333333333144e+01 4.590803116125631966e+00
2.969974563050315375e+00 1.835483252247156055e-03 4.022857142857142776e+01 4.998406134601721895e+00
2.976261971728969780e+00 1.784595762971840369e-03 4.555229591836734926e+01 4.887171900786630552e+00
2.982555079221103078e+00 1.856376802478345786e-03 4.929987760097919391e+01 4.287813973624854391e+00
2.988860230475899549e+00 1.767956570045068222e-03 5.211907810499359783e+01 3.658264600916781184e+00
2.995178874680174186e+00 1.856934622757372335e-03 5.332640586797066362e+01 3.884829757957578789e+00
3.001496400543723020e+00 1.797819739674591305e-03 5.374397972116603484e+01 3.889478818503867341e+00
3.007822553902104179e+00 1.849516356328991537e-03 5.358539603960396391e+01 3.981344657750157889e+00
3.014155913686516808e+00 1.844070628166239031e-03 5.300372670807453090e+01 4.362174018728433467e+00
3.020427983220980828e+00 1.780401570183770890e-03 5.199358974358974450e+01 5.125972270308950307e+00
3.026726854870708916e+00 1.864734463497724846e-03 5.049633251833741099e+01 6.614885167747496908e+00
3.033042693621903041e+00 1.790509691971886499e-03 4.956632653061224403e+01 7.475650724776442324e+00
3.039421166988304002e+00 1.891344364520593712e-03 4.734340991535670895e+01 8.519400648937395459e+00
3.045771113053035606e+00 1.809002971513908259e-03 4.529404309252218042e+01 9.896106443686575105e+00
3.052089874155329063e+00 1.844438578281415919e-03 4.250620347394541199e+01 1.236309520547677998e+01
3.058386304167925118e+00 1.824217551217444024e-03 3.930827067669172692e+01 1.465336633568145075e+01
3.064635661305841197e+00 1.781811879387494579e-03 3.619487179487179418e+01 1.579526764405728123e+01
3.070942258104439215e+00 1.879278577764203085e-03 3.240484848484848612e+01 1.632240272919384694e+01
3.077306102136554866e+00 1.789896323379901438e-03 2.986658195679796535e+01 1.565458057146175719e+01
3.083610248093582751e+00 1.842323938384468965e-03 2.684993849938499366e+01 1.485007247262101338e+01
3.089899276602742884e+00 1.781295098450355954e-03 2.525095541401273991e+01 1.374614307174409511e+01
3.096219282790054539e+00 1.849962857272845727e-03 2.257843137254901933e+01 1.260386061807316160e+01
3.102516781183005889e+00 1.793151767743564459e-03 2.114321926489227010e+01 1.128375569181030258e+01
3.108846425703184035e+00 1.844538984569745127e-03 1.865805658056580540e+01 9.376870721823889809e+00
3.115155056293756886e+00 1.812510444856532069e-03 1.644792973651192014e+01 7.227399508534314343e+00
3.121484332076036150e+00 1.832521331068808152e-03 1.448263027295285355e+01 5.097527675705499917e+00
3.127777573742708483e+00 1.818133687887086257e-03 1.329177057356608493e+01 3.632599945567567268e+00
3.134074710556275623e+00 1.800750836428910992e-03 1.280706179066834771e+01 2.820454811097190539e+00
3.140350968701055567e+00 1.840082388152106639e-03 1.278325123152709430e+01 2.482608340513970724e+00
3.146669598331559570e+00 1.795769837056059460e-03 1.332702020202020243e+01 2.181079332670516457e+00
3.152959210157879166e+00 1.842768641532451131e-03 1.360490797546012232e+01 1.990895003617156878e+00
3.159264892205651432e+00 1.791857333635609589e-03 1.383544303797468267e+01 1.852963086509806789e+00
3.165581888857809112e+00 1.858342078644047027e-03 1.382888349514563053e+01 1.852806011670374176e+00
3.171905560319084216e+00 1.782720971754531017e-03 1.396197718631178653e+01 1.918762438072720178e+00
3.178180461481988406e+00 1.828434529921516482e-03 1.377149877149877177e+01 1.942436433988596223e+00
3.184506679420991304e+00 1.810619157308176325e-03 1.363262764632627722e+01 1.872744066968134558e+00
3.190846230582273346e+00 1.831490456789015321e-03 1.335696821515892374e+01 1.851161747627332099e+00
3.197132365687451294e+00 1.780884113596707067e-03 1.318734177215189796e+01 2.096247629919075539e+00
3.203454230992797136e+00 1.862619862555806765e-03 1.250180940892641779e+01 2.470513465990427093e+00
3.209790152929830498e+00 1.796864404628749357e-03 1.218742138364779848e+01 2.641055067241393051e+00
3.216105270782768422e+00 1.849581865447865814e-03 1.153640776699029047e+01 2.893003817119931043e+00
3.222383723154825574e+00 1.773184836801974633e-03 1.132614213197969555e+01 2.996297972645525665e+00
3.228652903688512765e+00 1.829814433570467642e-03 1.095127892813641957e+01 3.038326522698074239e+00
3.234977992221026444e+00 1.801123950508762587e-03 1.093407960199004947e+01 2.985129041792591753e+00
3.241301441286830176e+00 1.830570155328411054e-03 1.080558930741190693e+01 2.974108579906066474e+00
3.247581817024004280e+00 1.774748969754167847e-03 1.131099873577749726e+01 2.985173075880868776e+00
3.253885986942128827e+00 1.868811343678552150e-03 1.168023952095808404e+01 2.999262222976804892e+00
3.260235987169183947e+00 1.804603356501592029e-03 1.239499999999999957e+01 2.862161552044189428e+00
3.266546856392692710e+00 1.857627301288636550e-03 1.268269230769230838e+01 2.768494076021203121e+00
3.272886904023045052e+00 1.792569475559808913e-03 1.279250000000000043e+01 2.493578628196833957e+00
3.279153478698136670e+00 1.837211362056317054e-03 1.263393939393939469e+01 2.414120992263900423e+00
3.285516195699416553e+00 1.819318898053023329e-03 1.256388206388206363e+01 2.373259614427331243e+00
3.291677990232397821e+00 1.824817096246810931e-03 1.243119266055045813e+01 2.409996875005308237e+00
3.298068987764390059e+00 1.863784166448585874e-03 1.219589041095890458e+01 2.592714651195884290e+00
3.304430978840338096e+00 1.814787339162488022e-03 1.213517441860465063e+01 2.755692826795408834e+00
3.310737564052387061e+00 1.817945227602999880e-03 1.190327380952381020e+01 2.843804897803064780e+00
3.317033906120231190e+00 1.800198345421728579e-03 1.147303543913713320e+01 2.897650915018345152e+00
3.323313479518194669e+00 1.810036704891648416e-03 1.122257053291536089e+01 3.097075563371588736e+00
3.329645772824664451e+00 1.853775369266378323e-03 1.103744149765990556e+01 3.225807314824812977e+00
3.335990548707715053e+00 1.826590486813650920e-03 1.097110754414125289e+01 3.372642995608120753e+00
3.342268739174953929e+00 1.807641793864574143e-03 1.076998368678629703e+01 3.443635565958101274e+00
3.348554594221377023e+00 1.807536448754866812e-03 1.027960526315789558e+01 3.416953357535948310e+00
3.354810866618635590e+00 1.798386852034845364e-03 9.939698492462310853e+00 3.287907096071476243e+00
3.361143554435736203e+00 1.860575678898459748e-03 1.003606557377049135e+01 3.345964690452581269e+00
3.367505271257411170e+00 1.829077091643749146e-03 9.908783783783784216e+00 3.239062444667109908e+00
3.373804785089639324e+00 1.803149868685275390e-03 9.571923743500866166e+00 2.948088441088342115e+00
3.380079784639911100e+00 1.805631642174917659e-03 9.268892794376098365e+00 2.722402115435558212e+00
3.386416571036835244e+00 1.843579116849991192e-03 9.132042253521126085e+00 2.829120724289550637e+00
3.392732849186819166e+00 1.821713749179523084e-03 8.936479128856623433e+00 2.655581133961854690e+00
3.399077842768783331e+00 1.840157085703132342e-03 8.711956521739130821e+00 2.297570015759187623e+00
3.405368445234043140e+00 1.771416845865005909e-03 8.559160305343510800e+00 2.142680239436746792e+00
3.411642977450664915e+00 1.840004348347408980e-03 8.616541353383459168e+00 2.200645401504901510e+00
3.417946432239648225e+00 1.816648589106147462e-03 8.867961165048543037e+00 2.136092667523864286e+00
3.424268333461439884e+00 1.838339958730071926e-03 9.609284332688588393e+00 2.254024863263156320e+00
3.430601598134079389e+00 1.799761940178920376e-03 1.116833667334669400e+01 2.492886897231644916e+00
3.436922606236269218e+00 1.844213366763177700e-03 1.314600000000000080e+01 2.733308617774435678e+00
3.443269856433799347e+00 1.834668830692703879e-03 1.464826175869120739e+01 2.490944451865051423e+00
3.449516618902171317e+00 1.769622948488585408e-03 1.537393162393162349e+01 2.406781683378080849e+00
3.455771942280530862e+00 1.817195070858158281e-03 1.571881606765327710e+01 2.361298847561626779e+00
3.462154010515302804e+00 1.866018191136946868e-03 1.605274261603375408e+01 2.260341530341672289e+00
3.468478914699885340e+00 1.799468636805881495e-03 1.594456762749445744e+01 2.154538734422303925e+00
3.474737530089159865e+00 1.798535080277152308e-03 1.559417040358744444e+01 2.293067644660454540e+00
3.481027808853469629e+00 1.828779808500339806e-03 1.539140271493212708e+01 2.960783929544199555e+00
3.487370903609774420e+00 1.855504762412056021e-03 1.473981900452488603e+01 3.355895401660917265e+00
3.493710577164840458e+00 1.791815171782784382e-03 1.391725768321513002e+01 3.844501546787616686e+00
3.499981309375833849e+00 1.817721919481020843e-03 1.312410501193317458e+01 4.138609939345704980e+00
3.506294281862427642e+00 1.840208171226962808e-03 1.250599520383692997e+01 4.770699189915213800e+00
3.512643170548069183e+00 1.819719049123772565e-03 1.177395577395577320e+01 5.041103260301922795e+00
3.518887929185086527e+00 1.780316295825717758e-03 1.131025641025641093e+01 5.046646317432437634e+00
3.525201780775713889e+00 1.871585280235478531e-03 1.089081885856079346e+01 5.237317624731264942e+00
3.531587235286628879e+00 1.812415240060859375e-03 1.017708333333333393e+01 4.879841457216561373e+00
3.537791204901774123e+00 1.765649031450039182e-03 9.438692098092642979e+00 4.104164584018490380e+00
3.544104483213670331e+00 1.881636984785636617e-03 8.856770833333333925e+00 3.541413900293840733e+00
3.550526160049383151e+00 1.823753900979235669e-03 8.724043715846994118e+00 2.831252430494567651e+00
3.556826252644191833e+00 1.805941154371571225e-03 8.630985915492956906e+00 2.355269872306478440e+00
3.563110991539715666e+00 1.831382697511484874e-03 8.923295454545455030e+00 2.043457042338863605e+00
3.569418747584309326e+00 1.819035597463529485e-03 9.279069767441860961e+00 1.583424655550523141e+00
3.575721219182565580e+00 1.815191134896390569e-03 9.916913946587536444e+00 1.598952276073414280e+00
3.582041784633743120e+00 1.836067019019354488e-03 1.078978978978978986e+01 1.559698010227727361e+00
3.588351193306853926e+00 1.816205673054769026e-03 1.164086687306501489e+01 1.495070769987573156e+00
3.594644124218077774e+00 1.816162507538995278e-03 1.218296529968454323e+01 1.420413342246807265e+00
3.600965899690116157e+00 1.832434222657099978e-03 1.236421725239616620e+01 1.392406896847083742e+00
3.607301933810233674e+00 1.823864462282996299e-03 1.249180327868852380e+01 1.654324993816293388e+00
3.613589615564896995e+00 1.801875725405921403e-03 1.180338983050847546e+01 1.711773785149606431e+00
3.619872304563952703e+00 1.819848024125704684e-03 1.128178694158075679e+01 1.972469676448399545e+00
3.626184481674183946e+00 1.827760715362539709e-03 1.104561403508771988e+01 2.088777558705257054e+00
3.632455309189269510e+00 1.797655079431180383e-03 1.041240875912408725e+01 2.323169728519920874e+00
3.638754857574894697e+00 1.841922947680418475e-03 9.883211678832116931e+00 2.486566818981708504e+00
3.645110863435991444e+00 1.833895812584415653e-03 9.109022556390977243e+00 2.671871980706069571e+00
3.651399341121458253e+00 1.797724079201825547e-03 8.396078431372549389e+00 2.663767166459711788e+00
3.657684783062496781e+00 1.823089633617003442e-03 7.460317460317460458e+00 2.239670727697695263e+00
3.663989311092172851e+00 1.817352227903809700e-03 6.733606557377049384e+00 1.910302131269590253e+00
3.670338462676961733e+00 1.852037082036360515e-03 6.268595041322313932e+00 1.523656320865408365e+00
3.676667454351053799e+00 1.802731285318214709e-03 5.698689956331877582e+00 1.417156721899378580e+00
3.682957402673964431e+00 1.831301914300888494e-03 5.601769911504424826e+00 1.092535133285960969e+00
3.689264510226057059e+00 1.810576500315507495e-03 5.645161290322580960e+00 9.679723228066159368e-01
3.695607159299667099e+00 1.851070780809128090e-03 5.669767441860464885e+00 1.063612221288474213e+00
3.701906411334345837e+00 1.786914693256676148e-03 5.870646766169154596e+00 9.837168390020343267e-01
3.708163258087520564e+00 1.825159420261267002e-03 6.256281407035175768e+00 9.301913393923889606e-01
3.714507337749332283e+00 1.833043865117713490e-03 6.906735751295336456e+00 1.060911669919340827e+00
3.720870273368275249e+00 1.842023606415223082e-03 7.417112299465240532e+00 1.111154799742253285e+00
3.727157013165883104e+00 1.785929560704693081e-03 7.691428571428571281e+00 1.055674656128410716e+00
3.733414267292576749e+00 1.823616893326991065e-03 7.930232558139534760e+00 9.556838026026491795e-01
3.739747614563589284e+00 1.832601406324968355e-03 8.126506024096386227e+00 8.376310525698947851e-01
3.746091684029914770e+00 1.828992002129592063e-03 7.987421383647798301e+00 1.170825285858626330e+00
3.752406222021260618e+00 1.812401454337024109e-03 7.900662251655629298e+00 1.295459712891566140e+00
3.758712131096641595e+00 1.823143945980814458e-03 7.724137931034483096e+00 1.266789738894490647e+00
3.765000355804634324e+00 1.809969724265664184e-03 7.102189781021897907e+00 1.283447492511640808e+00
3.771324791207556704e+00 1.846593531196991230e-03 6.270676691729323515e+00 1.333564153612624370e+00
3.777640884128447674e+00 1.800430178895984180e-03 5.699186991869918728e+00 1.424435719658661226e+00
3.783890033752419058e+00 1.812352582976840126e-03 5.042735042735042583e+00 1.139159458567256644e+00
3.790205950757557840e+00 1.839564216382759279e-03 4.937500000000000000e+00 7.647361823344233089e-01
3.796547481197723339e+00 1.823144808823023381e-03 4.961538461538461675e+00 7.646498212335013367e-01
3.802839460639445335e+00 1.822115437231795494e-03 5.030927835051546282e+00 8.491241353391346669e-01
3.809162628389719529e+00 1.835235423465040759e-03 5.219780219780219888e+00 9.188153853487551759e-01
3.815477698903783743e+00 1.813833779597889004e-03 5.277108433734939652e+00 9.933733113168086160e-01
3.821777178949230969e+00 1.830898415393102585e-03 6.025974025974026205e+00 1.006304967678467888e+00
3.828076951026545771e+00 1.795694771849016581e-03 6.130434782608695343e+00 9.627596336372395980e-01
3.834316772867639944e+00 1.791896653628349866e-03 5.661290322580645018e+00 7.782153601170853641e-01
3.840583618544390898e+00 1.820001018717854217e-03 5.517857142857143238e+00 7.258000511750564154e-01
3.846911872181034475e+00 1.824281646184678762e-03 5.571428571428571175e+00 7.501214673260861998e-01
3.853313008086272973e+00 1.880829953221405115e-03 5.279069767441860073e+00 1.098944869833549998e+00
3.859656947796285653e+00 1.787945514535103963e-03 5.029411764705882248e+00 1.188177051572009368e+00
3.865825284683709118e+00 1.773175751446867720e-03 4.518518518518518157e+00 7.007736269786852823e-01
3.872064552013789740e+00 1.858490478498285668e-03 4.285714285714285587e+00 7.737179432986629468e-01
3.878243048288448236e+00 1.738115315901965106e-03 4.230769230769230838e+00 8.104349040655952630e-01
3.884441558101385361e+00 1.990091083924331716e-03 3.714285714285714413e+00 8.571428571428570953e-01
