# q qerr I(q) I(q)err
6.111313073595031620e-02 3.154100855865873791e-03 2.975000000000000000e+01 9.869153526343106719e+00
6.800242608866982619e-02 2.110752812487300123e-03 4.583333333333333570e+01 6.691619966628244320e+00
7.478812129850326285e-02 1.894856213165734514e-03 5.288888888888888573e+01 1.115436027239660888e+01
8.081736842982174818e-02 1.577734731020807597e-03 5.955555555555555713e+01 1.106434603067075706e+01
8.706192866790804508e-02 2.018057842609979804e-03 6.176923076923076650e+01 9.454656659254141005e+00
9.311361532868518698e-02 1.734318039620741251e-03 6.333333333333333570e+01 8.612007121842541579e+00
9.924832822165428892e-02 1.939409616079583844e-03 6.262500000000000000e+01 1.417827343155717301e+01
1.056867454532435108e-01 2.068262530006435406e-03 5.866666666666666430e+01 1.765644358300957606e+01
1.120935416356093062e-01 1.699923986068800717e-03 5.526923076923076650e+01 1.854970932323014310e+01
1.177168722532570266e-01 1.903764278506084144e-03 5.481250000000000000e+01 1.925786162519089117e+01
1.242406998858587575e-01 2.007415885574503726e-03 5.478571428571428470e+01 1.551439423797876138e+01
1.307844605212421796e-01 1.948859987027574741e-03 5.653571428571428470e+01 1.290833064342558423e+01
1.372938405551752672e-01 1.976444694498947011e-03 5.658064516129032029e+01 1.251338513321617718e+01
1.433626874055373979e-01 1.479129257371093872e-03 5.503999999999999915e+01 1.176435293588219366e+01
1.497414395840910573e-01 2.132896554945924294e-03 5.681081081081081408e+01 1.131428956158620913e+01
1.562016171858009728e-01 1.470810848565314282e-03 5.592592592592592382e+01 1.145001662262707143e+01
1.620883487451751925e-01 1.817360580555445800e-03 5.569696969696969546e+01 1.168872373812738630e+01
1.684939590642719198e-01 1.975568076388520972e-03 5.500000000000000000e+01 1.182873276893678494e+01
1.749358117034872373e-01 1.810730169671130639e-03 5.568571428571428328e+01 1.060892962343996615e+01
1.813634234827302405e-01 1.982290824745188643e-03 5.565853658536585158e+01 1.017035151655318970e+01
1.877608813777307539e-01 1.710969833005861022e-03 5.567567567567567721e+01 1.152410374516350089e+01
1.936838392192468117e-01 1.708352888559126238e-03 5.644736842105263008e+01 1.140618726977779751e+01
1.998200724089964908e-01 1.901042836663710675e-03 5.767441860465116577e+01 1.109065841888628334e+01
2.064988844748374130e-01 2.083185659227047067e-03 5.727083333333333570e+01 1.262829989877233139e+01
2.131062600015138364e-01 1.923054290541973939e-03 5.895744680851063890e+01 1.052542245619596351e+01
2.193208008558340527e-01 1.649587748772136844e-03 5.918604651162790731e+01 1.093287944200684336e+01
2.255197753110727010e-01 1.943898002345461392e-03 6.025490196078431637e+01 1.100083880622744914e+01
2.319084130262620835e-01 1.853433278599466881e-03 6.093999999999999773e+01 1.137520109712351513e+01
2.380456302514551703e-01 1.717913041466973250e-03 6.131250000000000000e+01 1.142331770984244343e+01
2.441826744061198484e-01 1.910984005326162374e-03 6.130909090909091219e+01 1.087370016930303329e+01
2.508567628905887248e-01 1.865639566994751813e-03 5.548387096774193594e+01 1.528702155737780188e+01
2.571616352083493928e-01 2.042758540577210586e-03 5.341463414634146289e+01 1.505328627647778106e+01
2.636090936505812721e-01 1.759536909171210452e-03 5.441558441558441217e+01 1.367295030015866431e+01
2.696276322290375727e-01 1.767913466712890637e-03 5.557500000000000284e+01 1.271766733721243270e+01
2.756934411426098519e-01 1.847457432374286813e-03 5.691666666666666430e+01 1.193800121527355884e+01
2.820483295007140123e-01 1.942127748479487680e-03 5.722471910112359694e+01 1.185906486691668427e+01
2.885873542857223528e-01 1.999902870285049771e-03 5.846315789473684532e+01 1.182329734510653729e+01
2.950059364807982032e-01 1.753155416080761590e-03 5.926744186046511942e+01 1.178100376693875795e+01
3.012776628394395750e-01 1.916275679195857595e-03 6.006315789473683964e+01 1.146329805143644265e+01
3.076468654533095481e-01 1.858480647863890167e-03 5.987096774193548043e+01 1.097324340200404791e+01
3.139397285054469910e-01 1.849733180513128640e-03 6.019148936170212494e+01 1.079043345058978964e+01
3.202097007249891103e-01 1.889977811219999311e-03 6.029591836734693544e+01 1.065637410369497573e+01
3.264390569218261762e-01 1.757358001834326191e-03 6.048387096774193594e+01 1.030904690765805398e+01
3.326951465344144543e-01 1.930481388006281569e-03 6.193269230769230660e+01 9.990602092842792104e+00
3.390239669727912464e-01 1.785238221274862988e-03 6.230612244897959329e+01 9.575224433336867236e+00
3.452290355408559885e-01 1.822729964848564038e-03 6.319607843137254832e+01 9.648363932123681153e+00
3.515217579766085620e-01 1.894166946962649433e-03 6.358095238095238244e+01 9.345812842501974416e+00
3.581115149106128270e-01 1.984833837990382030e-03 6.417699115044247549e+01 9.131602796309730152e+00
3.646365217867122976e-01 1.807385512883236643e-03 6.498130841121495394e+01 9.171748539066356898e+00
3.707522342694583029e-01 1.646676631311451595e-03 6.540000000000000568e+01 9.370912442233144901e+00
3.768404479121448269e-01 1.835047814059704218e-03 6.640540540540540349e+01 9.103589116071402643e+00
3.831651369708888866e-01 1.834489868729198949e-03 6.645945945945945255e+01 8.795999821288047471e+00
3.894643253735652899e-01 1.853753096359237081e-03 6.689380530973451755e+01 8.408602563507882266e+00
3.958807651630259494e-01 1.912159574900255954e-03 6.684166666666666856e+01 8.659692706890803393e+00
4.022473572087105209e-01 1.746533598099251966e-03 6.681081081081080697e+01 8.597002325783680732e+00
4.083991683103055381e-01 1.862831917861469243e-03 6.763865546218487168e+01 8.258990945109223603e+00
4.147868792651558945e-01 1.850918924272050396e-03 6.800000000000000000e+01 7.860351389533558830e+00
4.211381020132339281e-01 1.813003092898375071e-03 6.885123966942148854e+01 7.545001932601938854e+00
4.273404438934948479e-01 1.765577699919095717e-03 6.978151260504201048e+01 7.386167426109574663e+00
4.337195733954657406e-01 1.911235613422362228e-03 7.109230769230769909e+01 7.540651173363156268e+00
4.400834723796714920e-01 1.795304431444431784e-03 7.182258064516129537e+01 7.682153257261543189e+00
4.463380503116383125e-01 1.781136916513354146e-03 7.158730158730158166e+01 7.353935877467025151e+00
4.525475293404462862e-01 1.782735370135076804e-03 7.123622047244094801e+01 6.878100363947102558e+00
4.588781844142776345e-01 1.863542184770878652e-03 7.027611940298507420e+01 6.615822114442338808e+00
4.652813857520213814e-01 1.809454061223974295e-03 6.958646616541354035e+01 6.845141026938039275e+00
4.715886271752884884e-01 1.786725641485754782e-03 6.850746268656716609e+01 6.357508194863864759e+00
4.778700308571910971e-01 1.749120838384908864e-03 6.784962406015037573e+01 5.682609075436586998e+00
4.841075358786299798e-01 1.812598873705853009e-03 6.736231884057970376e+01 5.538564650041805315e+00
4.904685449060671165e-01 1.813034819841214708e-03 6.642857142857143060e+01 5.258132670794211094e+00
4.967988078032400945e-01 1.775169993053363985e-03 6.656737588652482884e+01 4.914284653154594729e+00
5.030461340587593089e-01 1.710738770771227935e-03 6.613043478260870245e+01 5.047443468753101570e+00
5.093789740337634209e-01 1.844995629980458740e-03 6.618120805369127879e+01 5.104471385448176690e+00
5.157895609665918979e-01 1.772173611217854692e-03 6.578767123287671836e+01 4.795978251984388763e+00
5.220653538623039047e-01 1.710912446064493482e-03 6.566433566433566682e+01 4.121877879754750396e+00
5.282420832211931483e-01 1.776221308977217429e-03 6.574324324324324209e+01 3.747058744270870712e+00
5.345849814872509764e-01 1.797460663252185451e-03 6.567763157894736992e+01 3.735393992947527497e+00
5.409400198384390901e-01 1.769240412124692928e-03 6.597385620915032689e+01 4.169504352172171302e+00
5.471612929737256215e-01 1.671871176479489780e-03 6.604054054054054745e+01 4.520073320154920360e+00
5.535187503546902255e-01 1.843477994232445120e-03 6.639506172839506348e+01 4.479797663469205382e+00
5.599303633336802921e-01 1.774845713676194252e-03 6.685350318471337516e+01 4.531899727103049891e+00
5.661980099607780703e-01 1.715649351238413218e-03 6.747402597402597735e+01 4.041883103842899949e+00
5.724333289920446877e-01 1.764199560704661452e-03 6.800000000000000000e+01 4.348850422812907013e+00
5.786575496797814466e-01 1.687338640378493104e-03 6.894155844155844193e+01 4.560855171873198444e+00
5.849918082512260975e-01 1.882166412490617838e-03 7.067441860465116577e+01 4.176652896915042490e+00
5.913559560974818163e-01 1.673563701773732749e-03 7.206369426751592755e+01 4.090868152292588711e+00
5.976003341774964728e-01 1.789272139650604403e-03 7.373964497041420429e+01 4.451104525957334523e+00
6.039710484280985670e-01 1.760471037718898532e-03 7.480952380952381020e+01 4.518951025110466979e+00
6.103455122609070527e-01 1.778153705054047679e-03 7.560818713450292705e+01 4.694376830982394999e+00
6.165941547084902163e-01 1.709282904712068618e-03 7.566467065868263830e+01 4.721517965809990613e+00
6.227886440901039267e-01 1.708031916550016484e-03 7.489285714285713880e+01 4.428643432594367546e+00
6.292222757675741684e-01 1.895555695838723603e-03 7.445454545454545325e+01 4.240634967727001658e+00
6.355837393651907474e-01 1.609918394456906487e-03 7.313333333333333997e+01 4.051337227796930840e+00
6.417201133152361514e-01 1.735489606861494215e-03 7.131460674157303004e+01 3.926070046091550303e+00
6.480234646877054416e-01 1.746502386866512820e-03 6.884831460674156745e+01 4.185148171694523356e+00
6.543745591304535036e-01 1.808595843625667669e-03 6.654891304347826519e+01 4.017697734407871479e+00
6.607410482875138991e-01 1.776914150084337417e-03 6.476630434782609314e+01 3.585688181555910070e+00
6.669765730033264672e-01 1.670208017253243388e-03 6.363068181818182012e+01 3.599735627918955849e+00
6.731673103258457580e-01 1.796482171393593615e-03 6.288297872340425698e+01 3.497954197416683009e+00
6.795850853652600776e-01 1.822834825668488831e-03 6.186910994764397742e+01 2.904768474106148801e+00
6.858902177354958551e-01 1.747430487391250960e-03 6.097311827956989561e+01 2.958347684057955895e+00
6.921278880332987216e-01 1.765781770802452586e-03 6.060317460317460103e+01 3.314104274463509636e+00
6.985070946107704293e-01 1.847715388967816497e-03 6.040909090909090651e+01 2.939003410483211898e+00
7.048037128132643714e-01 1.757666077632949074e-03 6.025925925925925952e+01 2.827075774860285051e+00
7.109847861020758275e-01 1.767854622430342420e-03 6.013541666666666430e+01 3.070876794694706646e+00
7.172345948602801835e-01 1.822657136245004524e-03 5.976262626262626299e+01 2.952148730039364732e+00
7.236608500653414211e-01 1.906739358311473767e-03 5.921951219512195053e+01 2.986425764341890332e+00
7.299519259881649402e-01 1.814756391122580772e-03 5.922448979591836604e+01 2.918403025327791944e+00
7.362298620906445601e-01 1.872001608046580190e-03 5.907843137254901933e+01 2.742032602146470488e+00
7.427109241448597299e-01 1.961252361706546793e-03 5.873831775700934799e+01 2.513593057114360985e+00
7.489749171607754663e-01 1.795506848231544564e-03 5.816923076923077218e+01 2.411069148297042553e+00
7.553119902396251417e-01 1.968290517240121971e-03 5.795433789954337556e+01 2.454608671481882887e+00
7.617428847945948434e-01 1.878647625832918257e-03 5.758937198067632579e+01 2.955128180302863949e+00
7.679897535333021219e-01 1.889655825210407886e-03 5.769856459330143394e+01 2.095458901871382285e+00
7.742716946001383382e-01 1.890740870187222538e-03 5.737089201877934386e+01 2.640485108487932386e+00
7.806130493972306406e-01 1.874127862848933099e-03 5.767452830188679513e+01 2.793368985357794543e+00
7.869955317179381238e-01 1.962138593108325030e-03 5.749107142857143060e+01 2.857847290392554918e+00
7.933337815560531636e-01 1.823456314192357453e-03 5.705714285714285694e+01 2.828739773730165386e+00
7.995722808394026826e-01 1.873920736445982161e-03 5.631674208144796268e+01 2.653559716520560219e+00
8.059029702364099990e-01 1.855844282913126459e-03 5.578082191780821830e+01 2.461818270348550719e+00
8.122482529694946551e-01 1.899897789708842157e-03 5.578414096916299769e+01 2.589547822057574944e+00
8.185971333973350861e-01 1.831057107996742058e-03 5.554260089686098922e+01 2.650736332574059606e+00
8.248840800988579414e-01 1.805078930334647752e-03 5.552017937219731181e+01 2.615218801945779159e+00
8.311527541867054225e-01 1.843524136775542745e-03 5.552838427947597921e+01 2.841207909727972769e+00
8.375116084758876811e-01 1.829773299230467044e-03 5.539565217391304230e+01 2.932865718585052406e+00
8.438261475186588090e-01 1.817550564165925373e-03 5.548706896551723844e+01 2.970725178405497324e+00
8.500843452560248314e-01 1.755513946144033992e-03 5.561946902654867131e+01 2.895597669601625679e+00
8.563647400134730692e-01 1.844487251387733453e-03 5.541078838174274068e+01 2.461102153827322780e+00
8.626696591174244366e-01 1.710203360544058351e-03 5.532017543859649322e+01 2.385029486394148801e+00
8.689830853488446083e-01 1.844123492424595270e-03 5.536991869918698939e+01 2.655495388898283515e+00
8.753179752476163422e-01 1.741457950302257533e-03 5.542553191489361808e+01 2.867924106851825083e+00
8.815756228481118617e-01 1.752464905610253906e-03 5.553941908713692754e+01 3.237112935422204352e+00
8.877944678552249780e-01 1.716242394594354789e-03 5.572151898734177422e+01 3.373601771405942529e+00
8.941407927930166144e-01 1.839522330085644050e-03 5.563241106719367934e+01 3.516447318015764267e+00
9.005003621585947471e-01 1.752218829319661820e-03 5.599183673469387656e+01 3.743825125758621031e+00
9.067627482844141662e-01 1.720498064613873055e-03 5.620901639344262435e+01 3.853117313829232060e+00
9.130278025298368405e-01 1.789374596252915357e-03 5.601984126984127244e+01 3.575112738216083219e+00
9.193563827426239898e-01 1.786117629316656989e-03 5.555158730158730407e+01 2.986664110583614029e+00
9.256709965929463824e-01 1.773964252230773864e-03 5.524705882352941444e+01 2.849618036283200873e+00
9.319487846442510159e-01 1.740175819907428248e-03 5.480799999999999983e+01 3.044727902456963342e+00
9.382375230166524194e-01 1.835219923763222079e-03 5.441603053435114390e+01 2.901742502484581987e+00
9.445114335627492475e-01 1.754301698834087597e-03 5.418181818181817988e+01 2.777534224959766984e+00
9.507739483173833772e-01 1.796477233495237351e-03 5.427969348659004112e+01 2.864007098926804051e+00
9.571000001339345920e-01 1.844157663989784944e-03 5.474339622641509351e+01 3.235005665984738599e+00
9.634651872700409347e-01 1.860525514413665987e-03 5.636090225563909684e+01 3.277695347099784495e+00
9.697902983397413967e-01 1.869026222830578836e-03 6.206390977443609103e+01 7.369918905606891002e+00
9.761731987705594138e-01 1.898719003246270758e-03 7.951660516605166151e+01 2.283465288236287094e+01
9.824546988499620603e-01 1.850375251942234242e-03 1.195886792452830178e+02 4.570503274038787112e+01
9.887603507672997338e-01 1.885371791598095068e-03 1.923161764705882320e+02 6.225821245733249754e+01
9.951547945742836854e-01 1.923480157877882840e-03 2.817544483985765282e+02 6.510888256274284913e+01
1.001497999719481502e+00 1.820392376112148691e-03 3.621654135338345668e+02 7.185126887651729533e+01
1.007730073445106012e+00 1.872875193246743668e-03 4.001654676258992822e+02 8.157237493393650141e+01
1.014110590476311025e+00 1.881534321868284657e-03 4.114042553191489446e+02 8.275262887446250204e+01
1.020442888611849064e+00 1.823625195420996601e-03 4.060071684587813365e+02 8.556315642697771295e+01
1.026691701700078063e+00 1.782759485576686145e-03 3.980543478260869392e+02 8.493416544958525094e+01
1.033057845114525142e+00 1.884320384582664851e-03 3.737278911564625901e+02 8.144774125196171610e+01
1.039437792018165441e+00 1.793463056649077922e-03 3.370141342756183462e+02 8.530309622003761660e+01
1.045681248368910410e+00 1.745618337461533540e-03 2.798475177304964632e+02 8.445953101132508323e+01
1.051944871571292683e+00 1.801987856022948175e-03 2.040275862068965580e+02 7.242365318749526182e+01
1.058324809813473877e+00 1.829265674919061668e-03 1.280202020202020208e+02 4.583647919377986568e+01
1.064596602572098316e+00 1.714864743882408334e-03 7.877464788732393686e+01 2.075310532615389292e+01
1.070868750588993112e+00 1.792957436204007347e-03 5.851515151515151558e+01 8.545520213707609614e+00
1.077195490251847465e+00 1.798916779777443367e-03 5.170568561872909896e+01 4.247291491874101155e+00
1.083505800573759448e+00 1.740543057611223946e-03 4.941296928327645333e+01 2.975694306801664357e+00
1.089676915900379850e+00 1.748165881083384946e-03 4.838435374149659651e+01 2.767616659876962704e+00
1.096052400832523421e+00 1.863573573199493825e-03 4.795846645367412009e+01 2.560712342455380597e+00
1.102364289960501065e+00 1.744372504095847640e-03 4.755254237288135499e+01 2.532827277759000406e+00
1.108625070827478076e+00 1.829094711995288541e-03 4.679804560260586044e+01 2.561476615675422952e+00
1.114924075445366869e+00 1.842999932655674591e-03 4.505844155844155807e+01 4.676553319801151964e+00
1.121282665432693726e+00 1.762017027877181303e-03 4.579007633587786330e+01 3.742291963555619105e+00
1.127553932619258736e+00 1.851826979229859085e-03 4.599628252788104277e+01 3.426874200287183481e+00
1.133905639228342421e+00 1.803927404845938115e-03 4.555686274509803724e+01 3.026991227917083194e+00
1.140144523104706709e+00 1.820967272376473748e-03 4.519685039370078528e+01 2.854306271956216001e+00
1.146455214771981312e+00 1.831860927088285957e-03 4.490836653386454458e+01 2.937462924619973936e+00
1.152869066430118439e+00 1.902391342003174283e-03 4.519305019305019044e+01 3.041248308872247286e+00
1.159252377890596986e+00 1.791659613503928782e-03 4.503734439834025238e+01 3.019783485968783765e+00
1.165575291556828930e+00 1.872439892399787795e-03 4.521115537848605470e+01 2.982699064010498891e+00
1.171828433925186763e+00 1.747387590499659572e-03 4.503463203463203257e+01 2.975191489168208303e+00
1.178029580193284076e+00 1.845903894892485285e-03 4.511522633744856137e+01 2.938245668523354226e+00
1.184400904434957269e+00 1.829516060217846983e-03 4.499581589958158645e+01 3.010436262883427805e+00
1.190737654720273042e+00 1.816225366119703435e-03 4.511814345991561481e+01 3.160816354642154824e+00
1.196977477342464180e+00 1.780548390738201196e-03 4.484279475982532404e+01 3.178244418115420356e+00
1.203312963818603976e+00 1.874247930763579166e-03 4.480165289256198236e+01 3.428900621187724429e+00
1.209645773529357093e+00 1.750259837788138012e-03 4.465486725663716783e+01 3.247691156244173705e+00
1.215952225700388523e+00 1.837678281197498587e-03 4.444915254237287883e+01 2.753148415790183989e+00
1.222254898926581568e+00 1.775628514659025698e-03 4.211985018726591790e+01 5.757354731025071892e+00
1.228537298751265050e+00 1.780223345631782141e-03 4.292391304347825809e+01 4.361527324792879412e+00
1.234759587745337228e+00 1.795376270296014523e-03 4.279928315412186635e+01 3.893547248774653191e+00
1.241110555825225781e+00 1.895169703334604900e-03 4.261744966442952887e+01 3.514594075394286588e+00
1.247523323486311897e+00 1.874537877840588536e-03 4.237837837837837895e+01 3.441597680524933089e+00
1.253854431820907944e+00 1.857283623330970761e-03 4.218456375838925965e+01 3.375311845919518827e+00
1.260138295168494293e+00 1.856490137450314505e-03 4.191362126245847008e+01 3.126177000452905475e+00
1.266501421045549414e+00 1.881588491645209797e-03 4.185852090032154393e+01 3.257261707020298491e+00
1.272807251993681055e+00 1.824447191781883651e-03 4.159672131147541307e+01 3.373470967602295811e+00
1.279100636071537789e+00 1.831925956271344968e-03 4.152547770700636676e+01 3.238808096431865735e+00
1.285385940199903265e+00 1.796864974607813087e-03 4.113461538461538680e+01 3.500677942231593232e+00
1.291734086560349049e+00 1.833790085687247952e-03 4.075766871165644289e+01 3.275027980460492039e+00
1.297999116585571544e+00 1.712347548001254965e-03 4.048543689320388239e+01 3.269784145618872540e+00
1.304332283077917598e+00 1.862331657852500611e-03 4.064896755162241959e+01 3.368199411393362208e+00
1.310629912671008812e+00 1.689758514739712848e-03 4.067948717948718240e+01 3.352490561531014102e+00
1.316859893871710430e+00 1.807323329610554348e-03 4.069552238805970035e+01 3.310606566585172494e+00
1.323169508333509325e+00 1.772103529485381237e-03 4.044984802431611115e+01 3.404749204295461684e+00
1.329416719622044551e+00 1.761213072716576004e-03 4.006646525679758497e+01 3.554752671383016871e+00
1.335676763851219473e+00 1.808340606324402439e-03 3.960416666666666430e+01 3.287765168254462189e+00
1.342102166253144047e+00 1.916040745002256648e-03 3.952112676056338358e+01 3.442122124690734974e+00
1.348432554966731090e+00 1.804515701739407276e-03 3.934138972809667933e+01 3.137226222309950519e+00
1.354697325729501189e+00 1.895450207138361931e-03 3.948725212464589163e+01 3.130621804071685332e+00
1.361035554581970564e+00 1.836151892644552735e-03 3.966279069767441712e+01 3.051184725885417670e+00
1.367445372286436589e+00 1.911657172750392099e-03 4.003561643835616479e+01 3.112754408479104118e+00
1.373833054624600258e+00 1.794265400870382644e-03 3.989855072463767982e+01 3.169303780394987502e+00
1.380048052911932777e+00 1.791287036868802413e-03 4.035042735042735274e+01 3.346234803429149807e+00
1.386332670155489666e+00 1.806335848089170130e-03 4.160674157303370890e+01 3.668324236170934949e+00
1.392624520144640332e+00 1.796075039907524609e-03 4.529444444444444429e+01 4.318591376998000442e+00
1.398923000198597277e+00 1.771229759338340285e-03 5.063202247191011196e+01 4.496386491211437075e+00
1.405184482923453881e+00 1.808998902686751115e-03 5.646739130434782794e+01 4.133662211619760107e+00
1.411475199677901360e+00 1.734371386327675756e-03 6.025561797752808957e+01 4.006313269942459954e+00
1.417706081410672780e+00 1.817237095201347432e-03 6.219892473118279241e+01 4.570675138544260996e+00
1.424046144262549829e+00 1.816956160244514703e-03 6.299186991869918728e+01 4.940833531731114725e+00
1.430457268966005335e+00 1.925855730949348329e-03 6.353727506426735516e+01 4.871681663229523451e+00
1.436865665354877475e+00 1.843763745384080412e-03 6.362365591397849585e+01 4.685523198620879626e+00
1.443084111958556903e+00 1.831535442318516687e-03 6.295967741935483986e+01 4.844727440736580348e+00
1.449466238371406979e+00 1.910439897345804971e-03 6.243544303797468586e+01 4.806519633645911505e+00
1.455780432464144347e+00 1.769262236301017126e-03 6.146756756756757056e+01 4.891133284467728437e+00
1.462109939136078340e+00 1.873282905934200038e-03 6.021052631578947256e+01 4.927170416197243163e+00
1.468414112563870999e+00 1.734923018383166060e-03 5.813600000000000279e+01 4.862427377349713531e+00
1.474680891373796765e+00 1.804015195942032307e-03 5.517258883248730683e+01 4.792505927649618691e+00
1.480924591063775386e+00 1.742163032935032654e-03 5.044386422976501194e+01 4.856420730450368595e+00
1.487138550370334267e+00 1.742602934721402272e-03 4.547300771208226422e+01 3.893320226667103867e+00
1.493462591150057195e+00 1.833511633313982111e-03 4.161138613861385949e+01 2.979134953977807143e+00
1.499809278721849770e+00 1.805357266360340307e-03 3.979093198992443092e+01 3.096857221891249790e+00
1.506175762378094918e+00 1.888906516140883814e-03 3.914180929095354600e+01 3.353980545894499343e+00
1.512543466733061504e+00 1.879653113941155348e-03 3.869607843137254832e+01 3.589544253911375105e+00
1.518927121842702510e+00 1.865813122140227640e-03 3.873284313725490335e+01 3.657725086254137725e+00
1.525176469146275027e+00 1.826629940430822378e-03 3.842928039702233178e+01 3.502272842924043061e+00
1.531416651941075235e+00 1.798854978931840659e-03 3.844554455445544505e+01 3.550291971242714784e+00
1.537728221615372926e+00 1.856986876758172280e-03 3.851300236406619604e+01 3.424357022134151052e+00
1.544096010846849332e+00 1.769518617434322075e-03 3.874939172749391503e+01 3.599789375988912798e+00
1.550405005344789089e+00 1.809055686031393537e-03 3.881087470449172372e+01 3.605774476722447108e+00
1.556696834359960313e+00 1.740139413919524446e-03 3.856796116504854410e+01 3.825586143472064382e+00
1.562969221032702194e+00 1.804120915253569534e-03 3.849528301886792292e+01 3.715878044823516468e+00
1.569251838380229191e+00 1.803338776033149233e-03 3.839618138424820870e+01 3.473950132988290918e+00
1.575556094315494926e+00 1.863019847936644557e-03 3.840792540792541132e+01 3.657868543578380649e+00
1.581892448177514066e+00 1.865480693804838323e-03 3.859953703703703809e+01 3.800682030790915711e+00
1.588269483401412163e+00 1.861295980786164313e-03 3.885253456221197865e+01 3.720479735475314964e+00
1.594574325321363339e+00 1.830133252637398044e-03 3.903009259259259522e+01 3.772966366900361912e+00
1.600916934751582588e+00 1.832077894544300927e-03 3.917995444191343779e+01 3.643561911388383479e+00
1.607201343968552854e+00 1.780442356845074459e-03 3.935185185185185475e+01 3.517111073279215017e+00
1.613445462524496721e+00 1.775524639999344866e-03 3.949541284403670005e+01 3.347080830869850310e+00
1.619730849749851931e+00 1.787630240083115185e-03 3.960722347629796758e+01 3.525868321834609187e+00
1.625979803600224649e+00 1.755895091839796123e-03 4.025057471264367592e+01 3.614128702500810864e+00
1.632226613292544926e+00 1.821174808670054370e-03 4.271588366890379973e+01 3.634175684722270372e+00
1.638606704061473573e+00 1.894452323361247963e-03 4.795661605206073830e+01 3.886426944786874671e+00
1.645050487946952522e+00 1.887301666918968484e-03 5.495217391304348098e+01 4.788550656650124360e+00
1.651415996904310735e+00 1.851783837096881687e-03 6.077631578947368496e+01 6.116909358619737169e+00
1.657788871265904573e+00 1.852242853945953917e-03 6.386393088552915742e+01 7.362899756358883607e+00
1.664006124760511351e+00 1.741113674427757210e-03 6.486394557823129503e+01 8.079915566153683670e+00
1.670281873961185770e+00 1.842366346193471905e-03 6.504228329809724585e+01 8.124063988021745786e+00
1.676541801276667298e+00 1.721555322686186195e-03 6.510986547085201437e+01 8.117788480540509610e+00
1.682793682471841024e+00 1.824670227224382997e-03 6.518143459915611970e+01 8.004953379354345699e+00
1.689107465299970467e+00 1.791603935857043455e-03 6.499132321041214766e+01 7.901090923338042415e+00
1.695415952935033443e+00 1.877357617877282179e-03 6.568267223382045472e+01 7.605548031513215790e+00
1.701806617780016628e+00 1.875253898477295287e-03 6.786638830897703656e+01 7.354051791052128806e+00
1.708145235544118012e+00 1.851238026496159058e-03 7.278526315789473244e+01 6.875261848450903379e+00
1.714469347376187613e+00 1.845626368464784459e-03 7.876190476190475920e+01 6.890203828922724760e+00
1.720739519194126599e+00 1.771881702320935673e-03 8.236752136752136266e+01 7.885011455551278914e+00
1.726990948287859817e+00 1.820993782645452704e-03 8.282244897959184016e+01 8.479070933679921040e+00
1.733361150263370787e+00 1.784216608021570085e-03 7.985123966942148854e+01 8.100497446191797124e+00
1.739571674833123582e+00 1.760427731239605715e-03 7.465828092243187086e+01 7.015400559708844241e+00
1.745888420135642827e+00 1.855122891619970195e-03 6.899598393574297006e+01 6.108619881038472421e+00
1.752250177420427102e+00 1.860925844240075020e-03 6.554048582995950767e+01 5.499030236410142436e+00
1.758607387389414800e+00 1.864192030273802104e-03 6.433400000000000318e+01 5.643678941966845386e+00
1.764972322429467777e+00 1.851098948525789619e-03 6.413800000000000523e+01 5.621319418072593166e+00
1.771273520234028620e+00 1.808016239517707931e-03 6.355443548387096797e+01 5.765596777825733099e+00
1.777586992161852564e+00 1.807004964737956481e-03 6.272277227722772608e+01 5.128817996552482050e+00
1.783840233931820451e+00 1.746107465683986813e-03 6.098370672097759382e+01 5.036901174626192912e+00
1.790071520275328565e+00 1.795583184790444783e-03 5.945669291338582951e+01 4.916528434221008936e+00
1.796393698957722052e+00 1.819993601147859141e-03 5.708498023715414860e+01 4.921203384042735607e+00
1.802712928873270393e+00 1.883216042231023422e-03 5.427969348659004112e+01 4.944412157111853112e+00
1.809114577024696358e+00 1.850157529878445435e-03 4.916860465116278789e+01 4.942204730370771237e+00
1.815345782948464493e+00 1.803540499391122600e-03 4.309881422924901528e+01 3.988659344335106827e+00
1.821700705453981772e+00 1.863872113208649628e-03 3.872947761194029681e+01 3.023694898970190170e+00
1.828034416566336029e+00 1.759461126105644731e-03 3.671062992125984437e+01 2.915196819555243568e+00
1.834289862490237510e+00 1.817049905439401892e-03 3.620903954802260216e+01 3.185420426746925493e+00
1.840620947190598100e+00 1.780340576699249600e-03 3.594038461538461604e+01 3.167470571684165570e+00
1.846876290479544158e+00 1.833628160635640113e-03 3.590737240075614523e+01 3.501651951505952542e+00
1.853225331533147280e+00 1.864396810776891523e-03 3.555185185185185048e+01 3.264596849933018685e+00
1.859586416204100923e+00 1.843230203276794224e-03 3.549532710280373493e+01 3.272437613510364773e+00
1.865884580336470755e+00 1.827085395033201023e-03 3.520297951582868023e+01 2.979157334112714217e+00
1.872200528994375501e+00 1.799198018262535481e-03 3.513333333333333286e+01 3.114938122366613271e+00
1.878453452628845000e+00 1.760356359008985331e-03 3.510922787193973704e+01 3.014332996055685499e+00
1.884712324747962020e+00 1.805687576808031941e-03 3.497080291970802790e+01 3.102419484840492903e+00
1.891113706724730337e+00 1.861939656346446982e-03 3.483273381294964111e+01 3.215932956596894154e+00
1.897400945427566432e+00 1.833350088909791505e-03 3.458639705882352899e+01 3.147865095658821222e+00
1.903772875545957088e+00 1.875180743362649160e-03 3.457394366197183189e+01 3.003363229176877258e+00
1.910018917854334752e+00 1.739883276586547947e-03 3.475236294896030387e+01 2.884451476445289320e+00
1.916236012056648175e+00 1.833205283437960029e-03 3.489649122807017534e+01 3.102288197298102901e+00
1.922638163561010805e+00 1.793373418488206777e-03 3.479642857142857082e+01 3.055320092452991521e+00
1.928888348891847349e+00 1.792288115248428593e-03 3.461510791366906403e+01 3.067656817167069505e+00
1.935240631371640818e+00 1.865766417879262265e-03 3.479238754325259464e+01 2.905631952992643985e+00
1.941608872090050619e+00 1.856644915843207438e-03 3.533216168717047623e+01 3.210142538763257392e+00
1.947917338414854704e+00 1.837601359788319485e-03 3.761120840630472628e+01 5.090993296019499681e+00
1.954236834815996637e+00 1.805754229573221887e-03 4.271503496503496677e+01 1.135067738761908451e+01
1.960488135501994522e+00 1.772905664188001006e-03 5.086017699115043911e+01 2.006982563867680369e+01
1.966755922696415082e+00 1.810201296061439468e-03 6.031325301204819311e+01 2.724812050253219198e+01
1.973091583736556354e+00 1.814240900008777741e-03 7.452413793103448825e+01 3.036244237957924952e+01
1.979420480567132490e+00 1.865397302840512408e-03 9.596943972835313730e+01 2.822783305846017043e+01
1.985762243830389018e+00 1.849873766110382307e-03 1.208491525423728774e+02 2.263537143981357147e+01
1.992143605840229093e+00 1.840662096304069391e-03 1.406365159128978348e+02 2.023499963345313546e+01
1.998372952698491245e+00 1.738412627792555948e-03 1.501159929701230169e+02 2.075636817421894875e+01
2.004614638405731508e+00 1.821010887715033720e-03 1.534321192052980223e+02 2.100905075407081668e+01
2.010981699228176822e+00 1.807963355431743604e-03 1.555589225589225464e+02 2.208340467428905995e+01
2.017216781415232862e+00 1.822968187424302972e-03 1.587605396290050521e+02 2.384600528895895266e+01
2.023555507756473748e+00 1.866836436713831520e-03 1.564747967479674742e+02 2.360011830431770008e+01
2.029945947492921121e+00 1.842053164818473936e-03 1.563207236842105203e+02 2.239385707905356782e+01
2.036236367431154548e+00 1.802040352124230577e-03 1.550644628099173588e+02 2.293604296295931988e+01
2.042538823796997693e+00 1.786279422623429517e-03 1.535648604269293855e+02 2.266190617715566091e+01
2.048720173306640469e+00 1.747373060808409071e-03 1.506152542372881271e+02 2.288409550454614561e+01
2.055017041239767028e+00 1.892889576395914968e-03 1.474898278560250446e+02 2.496467531591354927e+01
2.061465280497128294e+00 1.850343878148330047e-03 1.401169871794871824e+02 2.517791108506611408e+01
2.067778354784032935e+00 1.826644103880053095e-03 1.313075684380032158e+02 2.676087110347934583e+01
2.074107962816127415e+00 1.810449409964311413e-03 1.196158730158730208e+02 2.802160892763696864e+01
2.080392027050733006e+00 1.757304311173108879e-03 1.092785016286645003e+02 3.045787005165115957e+01
2.086560915145909245e+00 1.789004268885935290e-03 9.785575364667747067e+01 3.064419161051957019e+01
2.092907509218693285e+00 1.897916204239676529e-03 8.095274390243902474e+01 2.679957475445517545e+01
2.099341076602548206e+00 1.841856996552926774e-03 5.757031250000000000e+01 1.742718809118742840e+01
2.105598503643897335e+00 1.780460926307301031e-03 4.146805111821086598e+01 8.078817911020694353e+00
2.111872942412509335e+00 1.813036870717739954e-03 3.405246913580246826e+01 3.523349915541088340e+00
2.118179840511383194e+00 1.773074262998883873e-03 3.187559055118110152e+01 2.416168387289955533e+00
2.124489700938873238e+00 1.854176769044688739e-03 3.132568807339449535e+01 2.378855032726540308e+00
2.130866139955553962e+00 1.876679961187130126e-03 3.081391830559757850e+01 2.634269059799356327e+00
2.137196345481136905e+00 1.803165093871285981e-03 3.100773993808049411e+01 2.632250870328711745e+00
2.143477781291089013e+00 1.808033309626025679e-03 3.184427480916030362e+01 2.901949938105847782e+00
2.149749346762158453e+00 1.787076492040512573e-03 3.316436251920122658e+01 3.283945393441241922e+00
2.156014428448592479e+00 1.811767013668930289e-03 3.427701674277016508e+01 3.518133059967838427e+00
2.162388958755252943e+00 1.899773100682969557e-03 3.474014598540146181e+01 3.580663016406473886e+00
2.168776559916051561e+00 1.828625003914755194e-03 3.511111111111111427e+01 3.521893960698380788e+00
2.175079146577416189e+00 1.799027495536281414e-03 3.568805970149253426e+01 3.605446240481908760e+00
2.181358965593887422e+00 1.775037425494343461e-03 3.665512048192771033e+01 3.980501745111592271e+00
2.187625576602315824e+00 1.830837683859201127e-03 3.922337278106508762e+01 6.051614054690156230e+00
2.193923842198696850e+00 1.837507381709080519e-03 4.413803230543318534e+01 1.000786496846412454e+01
2.200310743338333541e+00 1.859271066102410235e-03 5.264992826398852088e+01 1.452180038444140919e+01
2.206637920896229677e+00 1.789161753318371274e-03 6.495259259259259466e+01 1.731295535271975439e+01
2.212855268310565560e+00 1.778695396750237757e-03 8.195876288659793829e+01 1.620463778973421043e+01
2.219155297956861617e+00 1.826812665150635666e-03 1.002316546762589979e+02 1.153948088378918335e+01
2.225534449623195243e+00 1.883537061579874895e-03 1.143215796897038103e+02 7.933699294774882560e+00
2.231816049321749151e+00 1.789850136339156059e-03 1.219016152716593240e+02 9.508347815309756257e+00
2.238124350048766420e+00 1.838516226422660244e-03 1.247220670391061503e+02 1.069056999801375873e+01
2.244461256680506001e+00 1.769483755913013904e-03 1.255672937771345943e+02 1.185874338593265342e+01
2.250672411056880762e+00 1.815340560525242463e-03 1.259053084648493552e+02 1.232368656687138220e+01
2.256976265699253581e+00 1.875232856265233962e-03 1.258204419889502788e+02 1.269284817880784644e+01
2.263404067221236105e+00 1.844596500685106652e-03 1.246432506887052369e+02 1.312176735365927982e+01
2.269740131332425914e+00 1.784620609829179342e-03 1.228274398868458235e+02 1.336897626286125274e+01
2.275928662030326066e+00 1.770462641505800294e-03 1.208888888888888857e+02 1.373104610352694444e+01
2.282234771450446509e+00 1.859120215862977580e-03 1.191449864498645042e+02 1.455540910436897839e+01
2.288651494096741512e+00 1.861574731480084791e-03 1.164966078697421921e+02 1.557791020865290044e+01
2.294929189507614264e+00 1.787386468760323059e-03 1.137612359550561791e+02 1.592041175097763173e+01
2.301123790424945526e+00 1.773889529887621910e-03 1.098888888888888857e+02 1.568938954977038946e+01
2.307427473574251042e+00 1.823767960867003161e-03 1.033464140730717133e+02 1.528452145001083018e+01
2.313824548022820782e+00 1.807223345639351721e-03 9.703417533432391906e+01 1.653629661410694140e+01
2.320154992066300714e+00 1.861695907969135875e-03 8.825443786982248184e+01 1.863073473621038190e+01
2.326479049872378635e+00 1.797363522119922990e-03 7.800000000000000000e+01 2.002025168817653267e+01
2.332811122143054305e+00 1.834923033436536115e-03 6.549240121580547225e+01 1.964920141177521629e+01
2.339146829363451641e+00 1.809933127175767861e-03 5.039717425431711462e+01 1.585604946670512305e+01
2.345346999874724947e+00 1.788822558822959720e-03 3.673954983922829598e+01 9.467200666653880603e+00
2.351591514044208964e+00 1.821961582186779451e-03 2.866929133858267775e+01 4.236924391944776325e+00
2.357940827546205931e+00 1.821480796874143165e-03 2.532753164556962133e+01 2.369548533954702219e+00
2.364269371024037891e+00 1.822839816105960298e-03 2.412660256410256565e+01 2.098963801131773277e+00
2.370575565839220911e+00 1.828742917233826173e-03 2.360610932475884383e+01 2.165983322243229203e+00
2.376891771469677561e+00 1.815523241845057745e-03 2.335275080906149014e+01 2.070150423076663859e+00
2.383240749019818416e+00 1.833462819707767054e-03 2.315434083601286019e+01 2.025694125240383503e+00
2.389601619010945921e+00 1.828185711102788165e-03 2.305211726384364823e+01 2.089754892980881351e+00
2.395961259100775731e+00 1.812604844355751544e-03 2.286327503974562703e+01 2.629508749074486396e+00
2.402160007896914973e+00 1.807533258736503850e-03 2.326716417910447632e+01 2.777963598645976973e+00
2.408453972146052724e+00 1.793232887210479852e-03 2.420175438596491091e+01 2.967257887353675461e+00
2.414771780432101167e+00 1.830638750947721858e-03 2.577761836441893806e+01 3.382016000963598223e+00
2.421058800843912895e+00 1.849123668637423033e-03 2.801131541725601082e+01 3.587247725006546428e+00
2.427397847212681370e+00 1.833909450969152099e-03 3.044722222222222285e+01 3.217668597556886390e+00
2.433701938443864954e+00 1.777285794113256248e-03 3.242053445850914528e+01 2.711563178003453256e+00
2.440001432560962691e+00 1.835928632076300280e-03 3.354719562243501940e+01 2.584460810984290813e+00
2.446276920633820851e+00 1.825543246774167941e-03 3.382255845942228234e+01 2.623020665883486924e+00
2.452612917458465880e+00 1.850886418197054181e-03 3.375331564986737476e+01 2.431521018804388756e+00
2.458937188373468086e+00 1.764090576915684772e-03 3.377945205479451829e+01 2.403556506648643065e+00
2.465235494564519847e+00 1.842465198645606636e-03 3.392073976221928433e+01 2.573404553895942470e+00
2.471581205305689810e+00 1.856761058240425245e-03 3.384868421052631504e+01 2.545234806772580960e+00
2.477865992864338285e+00 1.798850075022648308e-03 3.371371504660452700e+01 2.525281608814553991e+00
2.484122936716935737e+00 1.780971833254360159e-03 3.353500660501981656e+01 2.553485284051567383e+00
2.490467721662181333e+00 1.849468727863495983e-03 3.316347381864623145e+01 2.503187961003388473e+00
2.496849546734450254e+00 1.852734310658727887e-03 3.269476372924648899e+01 2.474065556281912048e+00
2.503105859710241798e+00 1.772860352036017325e-03 3.249208443271767521e+01 2.463973824259217960e+00
2.509322203788900918e+00 1.804578376445024500e-03 3.217179487179487296e+01 2.464400713038514379e+00
2.515643032193938478e+00 1.830400595634155535e-03 3.168387909319899265e+01 2.434879194031842609e+00
2.522012436559997628e+00 1.844427975373299751e-03 3.097642679900744511e+01 2.530098845640197602e+00
2.528376527697731913e+00 1.805263014170996501e-03 3.026005025125628123e+01 2.716372666372304678e+00
2.534662305746367750e+00 1.817191430107880853e-03 2.933249370277077972e+01 2.724909389146188854e+00
2.540923642722284104e+00 1.847774197163838152e-03 2.813118811881188108e+01 2.851572704754504972e+00
2.547222087144660030e+00 1.810867478977307979e-03 2.656188118811881083e+01 2.978775543714135665e+00
2.553540685742163419e+00 1.807658101810726481e-03 2.448959608323133352e+01 2.877901104057901893e+00
2.559925401613222018e+00 1.856915584780679824e-03 2.230059880239521064e+01 2.578085976974408666e+00
2.566280305514876403e+00 1.838802799104265022e-03 2.060653753026634405e+01 2.269849552583646624e+00
2.572544852388987113e+00 1.785952156998167010e-03 1.970429447852760774e+01 1.962669792992068896e+00
2.578799894204640619e+00 1.806472379669163885e-03 1.966384522370012178e+01 1.929285793450038478e+00
2.585123793491197919e+00 1.855120447360665906e-03 2.002585193889541770e+01 2.090619502719381462e+00
2.591472256141813091e+00 1.805120360344933915e-03 2.000238379022646029e+01 2.017798519566776250e+00
2.597744265483155957e+00 1.788819714346394623e-03 1.997002398081534835e+01 2.020939729504370508e+00
2.604038454996993934e+00 1.850630787333012181e-03 1.994755244755244661e+01 2.061012100192892493e+00
2.610374414453144443e+00 1.837105816396599096e-03 1.975087310826542364e+01 2.004778261285582452e+00
2.616634120485421100e+00 1.761050173804210722e-03 1.971718377088305374e+01 1.892608956035449763e+00
2.622940397920966227e+00 1.848634675493098997e-03 1.979408418657565250e+01 1.839252000220434891e+00
2.629323187355575353e+00 1.839581463337864892e-03 1.958333333333333215e+01 1.847032669003258576e+00
2.635681273538560632e+00 1.815290224604702678e-03 1.931500572737686028e+01 1.805454517440439943e+00
2.641934789831782204e+00 1.778405014700361417e-03 1.912676056338028019e+01 1.756088209000744582e+00
2.648176773767660031e+00 1.853093332118325998e-03 1.907328072153325849e+01 1.822850708519183627e+00
2.654514065851063087e+00 1.823524830511773481e-03 1.917175141242937997e+01 1.937167113512898942e+00
2.660817448321032508e+00 1.798052776896779401e-03 1.911376564277588130e+01 1.854716706935741533e+00
2.667123571907564994e+00 1.844852426740933296e-03 1.891111111111111143e+01 1.902571359444312993e+00
2.673472329675100401e+00 1.839448802019330543e-03 1.889811738648947781e+01 1.843105412148700273e+00
2.679761377760365715e+00 1.786299887381436651e-03 1.882013574660633637e+01 1.762229960525838024e+00
2.686129035698236578e+00 1.877272974428747035e-03 1.828525980911982884e+01 2.960422996336584678e+00
2.692300573720700196e+00 1.798376592015874225e-03 1.844668911335578088e+01 2.093403787764849255e+00
2.698561328278970439e+00 1.798779619418457414e-03 1.824515393386544915e+01 1.999582926339296352e+00
2.704947056964875252e+00 1.860594623228957294e-03 1.792471910112359623e+01 2.107205641771837001e+00
2.711339925705444909e+00 1.826229981736538378e-03 1.760763888888888928e+01 2.074870930340489306e+00
2.717643416720191052e+00 1.774618570520191145e-03 1.734486873508353355e+01 2.134129358704593749e+00
2.723934694222051256e+00 1.823763048442502126e-03 1.711924439197166592e+01 2.312145326399912104e+00
2.730274673678132036e+00 1.841398355898408350e-03 1.701534828807556110e+01 2.203843326545956494e+00
2.736591263199737778e+00 1.788312012670147501e-03 1.716097560975609682e+01 2.134476629493992306e+00
2.742885231028380222e+00 1.844652457607765493e-03 1.727218225419664321e+01 2.018050086529190157e+00
2.749161241756704843e+00 1.804773587711254630e-03 1.729361179361179524e+01 2.109450011905415590e+00
2.755398232824302962e+00 1.776157869081165970e-03 1.731598513011152463e+01 2.133040884816087779e+00
2.761751565609168679e+00 1.857903093933079139e-03 1.745041816009558033e+01 2.163740171884459329e+00
2.768124311574730267e+00 1.813883183384283311e-03 1.778404907975460247e+01 2.209232353455396147e+00
2.774423663616722546e+00 1.776295681999270643e-03 1.863046192259675493e+01 2.587603017667653216e+00
2.780754869867226198e+00 1.842436817654598789e-03 2.058708891595615142e+01 3.868988831919338178e+00
2.787077464795406190e+00 1.805278297034774168e-03 2.478750000000000142e+01 6.285962784251907465e+00
2.793346642012575654e+00 1.793644434711254678e-03 3.089533417402270032e+01 8.701379640910737123e+00
2.799634253246212179e+00 1.838111547031318375e-03 3.702109181141439365e+01 9.998366028480628387e+00
2.805924842988945844e+00 1.808245895551135627e-03 4.356944444444444287e+01 9.286526979088217004e+00
2.812167973206011862e+00 1.789098639402584082e-03 4.865728900255754752e+01 7.591960576727066368e+00
2.818496662748549042e+00 1.874446068014908040e-03 5.240953545232273569e+01 6.463383336547823710e+00
2.824858807967614460e+00 1.791571154666717633e-03 5.561146496815286611e+01 5.825062070717624607e+00
2.831150482550185643e+00 1.815112775054883139e-03 5.689873417721518933e+01 5.383612907205147735e+00
2.837475400148095517e+00 1.850316795954077458e-03 5.720672478206724776e+01 5.648139733973855492e+00
2.843805018276897911e+00 1.786824753329564535e-03 5.734659820282413278e+01 5.628161936399550314e+00
2.850131561922547352e+00 1.845583173970813699e-03 5.758052434456929092e+01 5.820090554499271818e+00
2.856484494638581229e+00 1.841115527677602507e-03 5.766376089663761206e+01 5.441512774400025343e+00
2.862782859862781137e+00 1.780809355167121575e-03 5.746811224489795933e+01 5.091844083570009616e+00
2.869068523143336158e+00 1.847699945098150954e-03 5.704417177914110226e+01 5.236897642446357359e+00
2.875378514069953706e+00 1.802909528894259443e-03 5.675031210986266927e+01 5.082443003516911695e+00
2.881671995666307051e+00 1.819305449905813353e-03 5.615776397515527663e+01 5.123944731730291302e+00
2.887980092673573917e+00 1.848812746508326317e-03 5.502818627450980671e+01 5.865462628014794788e+00
2.894292086458025270e+00 1.795011172749967111e-03 5.358793969849246253e+01 6.796063019412351025e+00
2.900588101801901963e+00 1.834444505730529681e-03 5.011248454882571224e+01 9.196581053773314807e+00
2.906894294921833044e+00 1.834235081131648307e-03 4.689714993804213350e+01 1.173464144773116224e+01
2.913143215321425394e+00 1.775388414920497622e-03 4.360691421254801270e+01 1.391311660986030141e+01
2.919469846096636179e+00 1.902110692867622259e-03 3.932374100719424348e+01 1.560659616085119872e+01
2.925831071463227850e+00 1.799019204260941503e-03 3.724873096446700771e+01 1.507563408192143406e+01
2.932125236913744715e+00 1.849572311535908030e-03 3.385784919653893610e+01 1.384473814924857571e+01
2.938426190430696305e+00 1.829943172517629413e-03 3.110861423220973876e+01 1.114206632172148836e+01
2.944698497868602605e+00 1.792371922793937686e-03 2.926649746192893531e+01 7.948222515468602367e+00
2.951032364443879619e+00 1.872648010744969562e-03 2.850849514563106624e+01 5.293159286241277073e+00
2.957349976869245278e+00 1.772646084934545842e-03 2.982992327365728968e+01 4.112268730998303035e+00
2.963641534615172990e+00 1.843499637433317897e-03 3.273333333333333428e+01 4.524983232126813526e+00
2.969974563050315375e+00 1.835483252247156055e-03 3.748447204968944391e+01 5.091527534724538562e+00
2.976261971728969780e+00 1.784595762971840369e-03 4.266836734693877276e+01 5.180473034793563691e+00
2.982555079221103078e+00 1.856376802478345786e-03 4.635250917992656383e+01 4.753511858426573866e+00
2.988860230475899549e+00 1.767956570045068222e-03 4.909090909090909349e+01 4.051783307237020182e+00
2.995178874680174186e+00 1.856934622757372335e-03 5.012347188264058673e+01 3.661845302138270419e+00
3.001496400543723020e+00 1.797819739674591305e-03 5.072116603295310711e+01 3.418687496590510300e+00
3.007822553902104179e+00 1.849516356328991537e-03 5.050371287128712794e+01 3.615576274928179679e+00
3.014155913686516808e+00 1.844070628166239031e-03 4.999503105590061836e+01 4.370422205577580321e+00
3.020427983220980828e+00 1.780401570183770890e-03 4.934102564102563804e+01 5.508341949463162912e+00
3.026726854870708916e+00 1.864734463497724846e-03 4.801344743276283822e+01 6.685830135705766786e+00
3.033042693621903041e+00 1.790509691971886499e-03 4.689413265306122724e+01 7.220745617597429167e+00
3.039421166988304002e+00 1.891344364520593712e-03 4.477509068923821189e+01 8.570988294078345504e+00
3.045771113053035606e+00 1.809002971513908259e-03 4.265019011406844385e+01 9.972465429608485366e+00
3.052089874155329063e+00 1.844438578281415919e-03 3.989205955334987408e+01 1.208343108352266349e+01
3.058386304167925118e+00 1.824217551217444024e-03 3.719674185463659200e+01 1.400578596293133948e+01
3.064635661305841197e+00 1.781811879387494579e-03 3.472307692307692406e+01 1.521137005968569866e+01
3.070942258104439215e+00 1.879278577764203085e-03 3.136606060606060709e+01 1.583516668521606441e+01
3.077306102136554866e+00 1.789896323379901438e-03 2.918551461245235146e+01 1.524764236493427028e+01
3.083610248093582751e+00 1.842323938384468965e-03 2.635547355473554632e+01 1.468415415649820055e+01
3.089899276602742884e+00 1.781295098450355954e-03 2.481910828025477755e+01 1.368932507462741732e+01
3.096219282790054539e+00 1.849962857272845727e-03 2.237990196078431282e+01 1.292003167556848986e+01
3.102516781183005889e+00 1.793151767743564459e-03 2.116856780735107790e+01 1.196328080064662380e+01
3.108846425703184035e+00 1.844538984569745127e-03 1.880073800738007250e+01 1.017851246421890110e+01
3.115155056293756886e+00 1.812510444856532069e-03 1.680426599749058880e+01 8.173331619579695229e+00
3.121484332076036150e+00 1.832521331068808152e-03 1.490198511166253148e+01 5.935358866539305112e+00
3.127777573742708483e+00 1.818133687887086257e-03 1.357605985037406526e+01 4.228722062929670678e+00
3.134074710556275623e+00 1.800750836428910992e-03 1.296721311475409877e+01 3.369268942692856594e+00
3.140350968701055567e+00 1.840082388152106639e-03 1.280911330049261032e+01 2.857498491540928054e+00
3.146669598331559570e+00 1.795769837056059460e-03 1.315530303030303116e+01 2.500770848406788982e+00
3.152959210157879166e+00 1.842768641532451131e-03 1.328220858895705447e+01 2.374293368079034572e+00
3.159264892205651432e+00 1.791857333635609589e-03 1.364303797468354418e+01 2.222719211280805851e+00
3.165581888857809112e+00 1.858342078644047027e-03 1.345509708737864152e+01 2.015050677926515821e+00
3.171905560319084216e+00 1.782720971754531017e-03 1.336882129277566555e+01 2.047299320036982007e+00
3.178180461481988406e+00 1.828434529921516482e-03 1.304914004914004977e+01 2.145529475405165698e+00
3.184506679420991304e+00 1.810619157308176325e-03 1.322291407222914117e+01 2.090219558364833308e+00
3.190846230582273346e+00 1.831490456789015321e-03 1.299511002444987717e+01 2.149366071927230948e+00
3.197132365687451294e+00 1.780884113596707067e-03 1.264683544303797547e+01 2.341997936429770277e+00
3.203454230992797136e+00 1.862619862555806765e-03 1.206634499396863625e+01 2.553036312971403543e+00
3.209790152929830498e+00 1.796864404628749357e-03 1.171949685534591268e+01 2.694547790113286823e+00
3.216105270782768422e+00 1.849581865447865814e-03 1.127912621359223344e+01 2.841500718179867491e+00
3.222383723154825574e+00 1.773184836801974633e-03 1.119670050761421365e+01 2.903198857532831134e+00
3.228652903688512765e+00 1.829814433570467642e-03 1.072107186358099895e+01 3.065633348956763093e+00
3.234977992221026444e+00 1.801123950508762587e-03 1.069029850746268728e+01 3.127588406007907995e+00
3.241301441286830176e+00 1.830570155328411054e-03 1.049331713244228403e+01 3.249489456368254370e+00
3.247581817024004280e+00 1.774748969754167847e-03 1.085840707964601748e+01 3.137594720818997374e+00
3.253885986942128827e+00 1.868811343678552150e-03 1.127425149700598794e+01 2.947336290280287763e+00
3.260235987169183947e+00 1.804603356501592029e-03 1.186374999999999957e+01 3.005414384906016423e+00
3.266546856392692710e+00 1.857627301288636550e-03 1.203365384615384670e+01 2.981733521133357101e+00
3.272886904023045052e+00 1.792569475559808913e-03 1.216499999999999915e+01 2.812557777184317320e+00
3.279153478698136670e+00 1.837211362056317054e-03 1.201696969696969752e+01 2.681424179240852190e+00
3.285516195699416553e+00 1.819318898053023329e-03 1.213882063882063811e+01 2.630255844762865447e+00
3.291677990232397821e+00 1.824817096246810931e-03 1.221887287024901703e+01 2.560069191279763512e+00
3.298068987764390059e+00 1.863784166448585874e-03 1.211369863013698556e+01 2.506888239835535437e+00
3.304430978840338096e+00 1.814787339162488022e-03 1.174709302325581461e+01 2.763376894148366070e+00
3.310737564052387061e+00 1.817945227602999880e-03 1.134970238095238138e+01 2.931806702353687122e+00
3.317033906120231190e+00 1.800198345421728579e-03 1.100770416024653287e+01 2.988413471143691602e+00
3.323313479518194669e+00 1.810036704891648416e-03 1.087304075235109657e+01 3.176517814502344272e+00
3.329645772824664451e+00 1.853775369266378323e-03 1.088143525741029727e+01 3.364926583501728352e+00
3.335990548707715053e+00 1.826590486813650920e-03 1.056340288924558557e+01 3.428192291816400950e+00
3.342268739174953929e+00 1.807641793864574143e-03 1.034747145187601980e+01 3.336323413394439719e+00
3.348554594221377023e+00 1.807536448754866812e-03 1.007894736842105310e+01 3.412026300668607792e+00
3.354810866618635590e+00 1.798386852034845364e-03 9.847571189279731740e+00 3.448830683158421895e+00
3.361143554435736203e+00 1.860575678898459748e-03 9.693442622950819043e+00 3.410535079675375059e+00
3.367505271257411170e+00 1.829077091643749146e-03 9.422297297297296481e+00 3.293074216015199784e+00
3.373804785089639324e+00 1.803149868685275390e-03 9.251299826689773909e+00 3.071593116287047120e+00
3.380079784639911100e+00 1.805631642174917659e-03 9.059753954305799439e+00 2.945022943838079499e+00
3.386416571036835244e+00 1.843579116849991192e-03 8.964788732394366022e+00 2.990083541210168505e+00
3.392732849186819166e+00 1.821713749179523084e-03 8.921960072595281233e+00 2.887034111092237953e+00
3.399077842768783331e+00 1.840157085703132342e-03 8.733695652173912194e+00 2.591998192780995414e+00
3.405368445234043140e+00 1.771416845865005909e-03 8.427480916030534175e+00 2.354414302836106643e+00
3.411642977450664915e+00 1.840004348347408980e-03 8.310150375939850065e+00 2.324330018410616372e+00
3.417946432239648225e+00 1.816648589106147462e-03 8.333980582524270986e+00 2.199244936794490179e+00
3.424268333461439884e+00 1.838339958730071926e-03 8.965183752417795304e+00 2.286254651460936316e+00
3.430601598134079389e+00 1.799761940178920376e-03 1.033066132264529102e+01 2.279459356094007294e+00
3.436922606236269218e+00 1.844213366763177700e-03 1.209399999999999942e+01 2.519792054912468160e+00
3.443269856433799347e+00 1.834668830692703879e-03 1.341717791411042882e+01 2.546224151628964538e+00
3.449516618902171317e+00 1.769622948488585408e-03 1.442094017094017033e+01 2.376206722898523527e+00
3.455771942280530862e+00 1.817195070858158281e-03 1.505708245243129006e+01 2.246216389432209581e+00
3.462154010515302804e+00 1.866018191136946868e-03 1.524472573839662459e+01 2.033919404410598375e+00
3.468478914699885340e+00 1.799468636805881495e-03 1.494013303769401269e+01 1.898957424924266224e+00
3.474737530089159865e+00 1.798535080277152308e-03 1.470627802690582975e+01 2.227643640112876078e+00
3.481027808853469629e+00 1.828779808500339806e-03 1.458371040723981871e+01 2.652577686538275081e+00
3.487370903609774420e+00 1.855504762412056021e-03 1.396832579185520373e+01 3.052898958655498873e+00
3.493710577164840458e+00 1.791815171782784382e-03 1.334515366430260030e+01 3.655674276747595375e+00
3.499981309375833849e+00 1.817721919481020843e-03 1.268496420047732620e+01 4.121397751251130614e+00
3.506294281862427642e+00 1.840208171226962808e-03 1.173621103117505982e+01 4.364869408211939472e+00
3.512643170548069183e+00 1.819719049123772565e-03 1.101474201474201386e+01 4.340803006002421860e+00
3.518887929185086527e+00 1.780316295825717758e-03 1.064871794871794819e+01 4.548181681451954006e+00
3.525201780775713889e+00 1.871585280235478531e-03 1.029528535980148796e+01 4.700497921870333329e+00
3.531587235286628879e+00 1.812415240060859375e-03 9.393229166666666075e+00 4.123426349138642699e+00
3.537791204901774123e+00 1.765649031450039182e-03 8.801089918256129963e+00 3.776191243898150862e+00
3.544104483213670331e+00 1.881636984785636617e-03 8.578125000000000000e+00 3.328473426597018836e+00
3.550526160049383151e+00 1.823753900979235669e-03 8.259562841530055266e+00 2.652249840336185827e+00
3.556826252644191833e+00 1.805941154371571225e-03 8.222535211267604893e+00 2.120086533924293803e+00
3.563110991539715666e+00 1.831382697511484874e-03 8.343750000000000000e+00 1.639142999474808793e+00
3.569418747584309326e+00 1.819035597463529485e-03 8.642441860465115866e+00 1.509334127303187723e+00
3.575721219182565580e+00 1.815191134896390569e-03 9.341246290801187513e+00 1.468863711147096351e+00
3.582041784633743120e+00 1.836067019019354488e-03 1.009909909909909942e+01 1.542032538838701505e+00
3.588351193306853926e+00 1.816205673054769026e-03 1.100619195046439636e+01 1.556961604114202258e+00
3.594644124218077774e+00 1.816162507538995278e-03 1.145425867507886508e+01 1.288190731640426856e+00
3.600965899690116157e+00 1.832434222657099978e-03 1.164856230031948847e+01 1.345908977424795872e+00
3.607301933810233674e+00 1.823864462282996299e-03 1.134426229508196649e+01 1.416757694510833776e+00
3.613589615564896995e+00 1.801875725405921403e-03 1.107118644067796609e+01 1.641182160936978329e+00
3.619872304563952703e+00 1.819848024125704684e-03 1.073883161512027407e+01 1.813362044665056239e+00
3.626184481674183946e+00 1.827760715362539709e-03 1.037192982456140378e+01 2.052766527277874786e+00
3.632455309189269510e+00 1.797655079431180383e-03 9.788321167883211160e+00 2.142301570251454734e+00
3.638754857574894697e+00 1.841922947680418475e-03 9.215328467153284464e+00 2.111414018279693661e+00
3.645110863435991444e+00 1.833895812584415653e-03 8.409774436090225791e+00 2.253438776443994485e+00
3.651399341121458253e+00 1.797724079201825547e-03 7.796078431372548856e+00 2.530745962152648687e+00
3.657684783062496781e+00 1.823089633617003442e-03 7.174603174603174871e+00 2.113347663587496150e+00
3.663989311092172851e+00 1.817352227903809700e-03 6.725409836065574076e+00 2.103205855912860578e+00
3.670338462676961733e+00 1.852037082036360515e-03 6.008264462809917106e+00 1.693438644996786424e+00
3.676667454351053799e+00 1.802731285318214709e-03 5.620087336244541376e+00 1.217714384144170214e+00
3.682957402673964431e+00 1.831301914300888494e-03 5.584070796460176567e+00 9.465510884858731044e-01
3.689264510226057059e+00 1.810576500315507495e-03 5.423963133640553380e+00 1.043786431442803142e+00
3.695607159299667099e+00 1.851070780809128090e-03 5.432558139534883423e+00 8.949591420134466180e-01
3.701906411334345837e+00 1.786914693256676148e-03 5.766169154228856009e+00 8.457565114332645795e-01
3.708163258087520564e+00 1.825159420261267002e-03 6.221105527638190580e+00 8.980505472885221829e-01
3.714507337749332283e+00 1.833043865117713490e-03 6.450777202072538685e+00 1.013466734468583486e+00
3.720870273368275249e+00 1.842023606415223082e-03 6.978609625668449112e+00 1.194669641151251627e+00
3.727157013165883104e+00 1.785929560704693081e-03 7.434285714285714164e+00 1.015391751080962246e+00
3.733414267292576749e+00 1.823616893326991065e-03 7.476744186046511587e+00 8.969707448051116305e-01
3.739747614563589284e+00 1.832601406324968355e-03 7.512048192771084487e+00 1.127391572558032795e+00
3.746091684029914770e+00 1.828992002129592063e-03 7.547169811320754818e+00 1.112941019154123579e+00
3.752406222021260618e+00 1.812401454337024109e-03 7.403973509933774899e+00 1.121025988804891460e+00
3.758712131096641595e+00 1.823143945980814458e-03 7.124137931034482563e+00 1.104503805498866953e+00
3.765000355804634324e+00 1.809969724265664184e-03 6.554744525547445022e+00 1.215454499065614202e+00
3.771324791207556704e+00 1.846593531196991230e-03 6.037593984962406068e+00 1.259101075866925434e+00
3.777640884128447674e+00 1.800430178895984180e-03 5.203252032520325088e+00 1.071136282992972033e+00
3.783890033752419058e+00 1.812352582976840126e-03 4.880341880341880767e+00 1.026175074636153095e+00
3.790205950757557840e+00 1.839564216382759279e-03 4.580357142857143238e+00 9.154289727125922704e-01
3.796547481197723339e+00 1.823144808823023381e-03 4.365384615384614975e+00 7.995237117687467032e-01
3.802839460639445335e+00 1.822115437231795494e-03 4.402061855670103441e+00 8.478088768072409298e-01
3.809162628389719529e+00 1.835235423465040759e-03 4.780219780219780112e+00 8.794642186688725882e-01
3.815477698903783743e+00 1.813833779597889004e-03 4.746987951807229322e+00 8.810845927123959198e-01
3.821777178949230969e+00 1.830898415393102585e-03 4.974025974025973795e+00 7.290099844512304417e-01
3.828076951026545771e+00 1.795694771849016581e-03 5.463768115942029269e+00 9.826257960976190198e-01
3.834316772867639944e+00 1.791896653628349866e-03 5.370967741935483986e+00 8.408780901765853244e-01
3.840583618544390898e+00 1.820001018717854217e-03 5.321428571428571175e+00 7.965967151141241098e-01
3.846911872181034475e+00 1.824281646184678762e-03 5.387755102040816091e+00 7.956566812088949892e-01
3.853313008086272973e+00 1.880829953221405115e-03 5.116279069767442067e+00 7.076801885908341472e-01
3.859656947796285653e+00 1.787945514535103963e-03 4.676470588235294379e+00 6.885117594540957064e-01
3.865825284683709118e+00 1.773175751446867720e-03 4.629629629629629761e+00 6.919089515655334477e-01
3.872064552013789740e+00 1.858490478498285668e-03 4.238095238095238138e+00 8.178840017770317994e-01
3.878243048288448236e+00 1.738115315901965106e-03 3.846153846153846256e+00 7.614996105085897193e-01
3.884441558101385361e+00 1.990091083924331716e-03 3.857142857142857206e+00 8.206518066482898499e-01
