# q qerr I(q) I(q)err
6.111313073595031620e-02 3.154100855865873791e-03 3.547500000000000000e+02 1.125148728830902485e+02
6.800242608866982619e-02 2.110752812487300123e-03 5.826666666666666288e+02 1.106239877543142427e+02
7.478812129850326285e-02 1.894856213165734514e-03 6.121111111111110858e+02 1.534416284237537980e+02
8.081736842982174818e-02 1.577734731020807597e-03 6.373333333333333712e+02 1.389745513607650764e+02
8.706192866790804508e-02 2.018057842609979804e-03 6.497692307692307168e+02 1.186572559041301105e+02
9.311361532868518698e-02 1.734318039620741251e-03 6.480833333333333712e+02 1.116187708228324880e+02
9.924832822165428892e-02 1.939409616079583844e-03 6.273125000000000000e+02 1.456813195814755204e+02
1.056867454532435108e-01 2.068262530006435406e-03 5.826666666666666288e+02 1.603846937834156279e+02
1.120935416356093062e-01 1.699923986068800717e-03 5.430000000000000000e+02 1.649889273674029369e+02
1.177168722532570266e-01 1.903764278506084144e-03 5.463125000000000000e+02 1.771118279770580557e+02
1.242406998858587575e-01 2.007415885574503726e-03 5.484285714285714448e+02 1.406423129932156257e+02
1.307844605212421796e-01 1.948859987027574741e-03 5.566785714285714448e+02 1.195671935587274959e+02
1.372938405551752672e-01 1.976444694498947011e-03 5.504838709677419502e+02 1.178306912489615996e+02
1.433626874055373979e-01 1.479129257371093872e-03 5.338400000000000318e+02 1.091756749463908704e+02
1.497414395840910573e-01 2.132896554945924294e-03 5.457837837837837469e+02 1.051110164789814263e+02
1.562016171858009728e-01 1.470810848565314282e-03 5.389259259259259807e+02 1.002801220614456525e+02
1.620883487451751925e-01 1.817360580555445800e-03 5.433636363636363740e+02 9.808484268038749576e+01
1.684939590642719198e-01 1.975568076388520972e-03 5.369189189189189619e+02 9.971088959962192177e+01
1.749358117034872373e-01 1.810730169671130639e-03 5.461714285714285779e+02 9.017271409548976635e+01
1.813634234827302405e-01 1.982290824745188643e-03 5.492439024390243958e+02 9.113656395601330473e+01
1.877608813777307539e-01 1.710969833005861022e-03 5.511351351351351013e+02 9.924491401761488873e+01
1.936838392192468117e-01 1.708352888559126238e-03 5.510526315789473983e+02 9.655744777189175920e+01
1.998200724089964908e-01 1.901042836663710675e-03 5.548837209302325846e+02 9.332629708984435979e+01
2.064988844748374130e-01 2.083185659227047067e-03 5.520625000000000000e+02 1.130338145386886737e+02
2.131062600015138364e-01 1.923054290541973939e-03 5.660212765957446663e+02 9.683842652100366877e+01
2.193208008558340527e-01 1.649587748772136844e-03 5.671860465116278647e+02 9.970114618482517699e+01
2.255197753110727010e-01 1.943898002345461392e-03 5.728431372549019898e+02 9.305907761299935999e+01
2.319084130262620835e-01 1.853433278599466881e-03 5.767599999999999909e+02 9.111354235238579236e+01
2.380456302514551703e-01 1.717913041466973250e-03 5.830625000000000000e+02 9.057707065900655152e+01
2.441826744061198484e-01 1.910984005326162374e-03 5.892909090909090537e+02 8.635662172469739062e+01
2.508567628905887248e-01 1.865639566994751813e-03 5.583387096774193878e+02 1.178717335815648966e+02
2.571616352083493928e-01 2.042758540577210586e-03 5.478658536585365937e+02 1.207170340923251359e+02
2.636090936505812721e-01 1.759536909171210452e-03 5.581558441558441928e+02 1.035617819063292444e+02
2.696276322290375727e-01 1.767913466712890637e-03 5.646250000000000000e+02 9.669290143283527073e+01
2.756934411426098519e-01 1.847457432374286813e-03 5.711666666666666288e+02 8.923596550540898420e+01
2.820483295007140123e-01 1.942127748479487680e-03 5.703370786516853741e+02 8.767151566937337748e+01
2.885873542857223528e-01 1.999902870285049771e-03 5.746631578947368553e+02 8.601210956423376786e+01
2.950059364807982032e-01 1.753155416080761590e-03 5.763023255813953938e+02 8.671152667807558601e+01
3.012776628394395750e-01 1.916275679195857595e-03 5.828210526315789366e+02 8.729109069793695141e+01
3.076468654533095481e-01 1.858480647863890167e-03 5.870860215053763795e+02 8.716011701679454404e+01
3.139397285054469910e-01 1.849733180513128640e-03 5.933404255319148888e+02 8.448910585750790858e+01
3.202097007249891103e-01 1.889977811219999311e-03 5.957857142857143344e+02 8.213529690142081563e+01
3.264390569218261762e-01 1.757358001834326191e-03 5.996129032258064626e+02 7.926813604220782850e+01
3.326951465344144543e-01 1.930481388006281569e-03 6.081826923076922640e+02 7.718906057522144692e+01
3.390239669727912464e-01 1.785238221274862988e-03 6.061836734693877133e+02 7.775844842549925318e+01
3.452290355408559885e-01 1.822729964848564038e-03 6.129607843137255259e+02 7.643392660648780179e+01
3.515217579766085620e-01 1.894166946962649433e-03 6.183809523809524080e+02 7.264992005744907999e+01
3.581115149106128270e-01 1.984833837990382030e-03 6.288318584070796078e+02 7.454170521021953277e+01
3.646365217867122976e-01 1.807385512883236643e-03 6.374299065420560737e+02 7.519679192585451233e+01
3.707522342694583029e-01 1.646676631311451595e-03 6.380299999999999727e+02 7.373933414399671449e+01
3.768404479121448269e-01 1.835047814059704218e-03 6.457567567567567721e+02 6.973335244447845582e+01
3.831651369708888866e-01 1.834489868729198949e-03 6.449279279279279535e+02 6.737620288259823553e+01
3.894643253735652899e-01 1.853753096359237081e-03 6.462831858407079153e+02 6.455711755409514296e+01
3.958807651630259494e-01 1.912159574900255954e-03 6.454833333333333485e+02 6.213865208815953167e+01
4.022473572087105209e-01 1.746533598099251966e-03 6.455315315315315274e+02 5.894394735229402471e+01
4.083991683103055381e-01 1.862831917861469243e-03 6.490336134453781369e+02 5.541932581338950570e+01
4.147868792651558945e-01 1.850918924272050396e-03 6.508512396694214885e+02 5.436744996913537165e+01
4.211381020132339281e-01 1.813003092898375071e-03 6.578099173553719083e+02 5.258620926721454225e+01
4.273404438934948479e-01 1.765577699919095717e-03 6.618571428571428896e+02 5.053897976206243214e+01
4.337195733954657406e-01 1.911235613422362228e-03 6.683769230769230489e+02 4.830168874992543238e+01
4.400834723796714920e-01 1.795304431444431784e-03 6.694112903225806122e+02 4.747813040553946706e+01
4.463380503116383125e-01 1.781136916513354146e-03 6.705396825396825307e+02 4.647322503333225541e+01
4.525475293404462862e-01 1.782735370135076804e-03 6.716299212598424901e+02 4.526259656057410297e+01
4.588781844142776345e-01 1.863542184770878652e-03 6.687238805970149542e+02 4.474534141203697146e+01
4.652813857520213814e-01 1.809454061223974295e-03 6.656992481203008083e+02 4.283274599088637302e+01
4.715886271752884884e-01 1.786725641485754782e-03 6.562537313432835617e+02 4.155087035617615498e+01
4.778700308571910971e-01 1.749120838384908864e-03 6.519473684210526017e+02 3.792499314261549159e+01
4.841075358786299798e-01 1.812598873705853009e-03 6.487101449275362484e+02 3.537041217671819737e+01
4.904685449060671165e-01 1.813034819841214708e-03 6.432000000000000455e+02 3.475707533315031128e+01
4.967988078032400945e-01 1.775169993053363985e-03 6.408226950354610381e+02 3.432235485884067572e+01
5.030461340587593089e-01 1.710738770771227935e-03 6.363333333333333712e+02 3.361708933938471944e+01
5.093789740337634209e-01 1.844995629980458740e-03 6.367583892617449237e+02 3.217090064546164285e+01
5.157895609665918979e-01 1.772173611217854692e-03 6.361643835616438309e+02 3.176866501070208315e+01
5.220653538623039047e-01 1.710912446064493482e-03 6.361608391608391457e+02 3.072406650342243495e+01
5.282420832211931483e-01 1.776221308977217429e-03 6.366283783783783292e+02 2.972545423802105091e+01
5.345849814872509764e-01 1.797460663252185451e-03 6.375986842105263577e+02 2.926446093511231084e+01
5.409400198384390901e-01 1.769240412124692928e-03 6.378235294117647527e+02 2.920672977596214892e+01
5.471612929737256215e-01 1.671871176479489780e-03 6.368040540540540633e+02 2.905704101553570240e+01
5.535187503546902255e-01 1.843477994232445120e-03 6.404012345679012697e+02 2.927491246654363266e+01
5.599303633336802921e-01 1.774845713676194252e-03 6.445222929936305718e+02 3.302495623294601046e+01
5.661980099607780703e-01 1.715649351238413218e-03 6.541103896103895750e+02 2.606849541165526674e+01
5.724333289920446877e-01 1.764199560704661452e-03 6.641375000000000455e+02 2.839884598227540735e+01
5.786575496797814466e-01 1.687338640378493104e-03 6.746428571428571104e+02 3.022083224033880455e+01
5.849918082512260975e-01 1.882166412490617838e-03 6.876860465116278647e+02 3.143937804119365254e+01
5.913559560974818163e-01 1.673563701773732749e-03 6.992101910828025666e+02 3.349163541217193085e+01
5.976003341774964728e-01 1.789272139650604403e-03 7.133668639053254310e+02 3.454099881906700631e+01
6.039710484280985670e-01 1.760471037718898532e-03 7.265595238095238528e+02 3.578656673730432658e+01
6.103455122609070527e-01 1.778153705054047679e-03 7.357543859649123306e+02 3.709758260408890607e+01
6.165941547084902163e-01 1.709282904712068618e-03 7.367305389221556879e+02 3.697495549793625713e+01
6.227886440901039267e-01 1.708031916550016484e-03 7.334583333333333712e+02 3.628337270597420883e+01
6.292222757675741684e-01 1.895555695838723603e-03 7.239197860962566438e+02 3.361115461150355088e+01
6.355837393651907474e-01 1.609918394456906487e-03 7.059636363636363967e+02 3.184448436657442727e+01
6.417201133152361514e-01 1.735489606861494215e-03 6.912752808988764173e+02 2.969212683797003649e+01
6.480234646877054416e-01 1.746502386866512820e-03 6.738089887640448978e+02 2.703216089234791752e+01
6.543745591304535036e-01 1.808595843625667669e-03 6.584945652173912549e+02 2.457182120739151188e+01
6.607410482875138991e-01 1.776914150084337417e-03 6.452771739130434980e+02 2.630549427074080882e+01
6.669765730033264672e-01 1.670208017253243388e-03 6.401534090909091219e+02 3.250498312878318075e+01
6.731673103258457580e-01 1.796482171393593615e-03 6.380212765957446663e+02 3.446613633839564272e+01
6.795850853652600776e-01 1.822834825668488831e-03 6.231151832460733431e+02 2.477676047092674594e+01
6.858902177354958551e-01 1.747430487391250960e-03 6.108494623655914211e+02 2.091131226612546357e+01
6.921278880332987216e-01 1.765781770802452586e-03 5.992010582010582311e+02 1.902234287065297025e+01
6.985070946107704293e-01 1.847715388967816497e-03 5.929898989898989612e+02 1.833401785181731469e+01
7.048037128132643714e-01 1.757666077632949074e-03 5.890052910052910420e+02 1.805957220280004805e+01
7.109847861020758275e-01 1.767854622430342420e-03 5.859843750000000000e+02 1.797001807119755767e+01
7.172345948602801835e-01 1.822657136245004524e-03 5.826464646464646648e+02 1.844373083244526157e+01
7.236608500653414211e-01 1.906739358311473767e-03 5.789756097560975832e+02 1.766902397107498146e+01
7.299519259881649402e-01 1.814756391122580772e-03 5.764693877551020478e+02 1.715940952588310253e+01
7.362298620906445601e-01 1.872001608046580190e-03 5.746764705882352473e+02 1.718231585338110889e+01
7.427109241448597299e-01 1.961252361706546793e-03 5.732383177570093267e+02 1.753075856462480786e+01
7.489749171607754663e-01 1.795506848231544564e-03 5.695897435897435344e+02 1.882098790708969815e+01
7.553119902396251417e-01 1.968290517240121971e-03 5.669817351598173900e+02 1.832368887156994219e+01
7.617428847945948434e-01 1.878647625832918257e-03 5.635265700483091678e+02 2.636854465130632619e+01
7.679897535333021219e-01 1.889655825210407886e-03 5.640430622009569106e+02 1.512921308357420891e+01
7.742716946001383382e-01 1.890740870187222538e-03 5.595305164319248661e+02 2.169621482744426544e+01
7.806130493972306406e-01 1.874127862848933099e-03 5.570707547169811278e+02 1.858496671764704544e+01
7.869955317179381238e-01 1.962138593108325030e-03 5.553035714285714448e+02 1.902262054698273630e+01
7.933337815560531636e-01 1.823456314192357453e-03 5.531809523809523625e+02 1.863232019929536776e+01
7.995722808394026826e-01 1.873920736445982161e-03 5.531674208144796694e+02 1.852746192758695187e+01
8.059029702364099990e-01 1.855844282913126459e-03 5.511552511415525260e+02 1.959427238000834137e+01
8.122482529694946551e-01 1.899897789708842157e-03 5.494801762114537951e+02 1.872807275496481694e+01
8.185971333973350861e-01 1.831057107996742058e-03 5.472959641255605447e+02 1.906629481311514240e+01
8.248840800988579414e-01 1.805078930334647752e-03 5.464484304932735768e+02 1.880411239502863907e+01
8.311527541867054225e-01 1.843524136775542745e-03 5.463930131004366331e+02 1.810076379411648162e+01
8.375116084758876811e-01 1.829773299230467044e-03 5.462695652173913459e+02 1.851551130242344101e+01
8.438261475186588090e-01 1.817550564165925373e-03 5.457844827586206975e+02 1.861856329653581099e+01
8.500843452560248314e-01 1.755513946144033992e-03 5.451371681415929515e+02 1.919115358467041332e+01
8.563647400134730692e-01 1.844487251387733453e-03 5.448962655601659435e+02 1.881370813295149347e+01
8.626696591174244366e-01 1.710203360544058351e-03 5.437412280701754526e+02 1.992590151653212871e+01
8.689830853488446083e-01 1.844123492424595270e-03 5.434227642276422330e+02 2.069282261221952623e+01
8.753179752476163422e-01 1.741457950302257533e-03 5.417872340425532229e+02 2.136841464426490944e+01
8.815756228481118617e-01 1.752464905610253906e-03 5.403983402489626542e+02 2.132578336196460000e+01
8.877944678552249780e-01 1.716242394594354789e-03 5.395991561181434690e+02 2.201845399664304637e+01
8.941407927930166144e-01 1.839522330085644050e-03 5.382569169960473801e+02 2.149111014962815958e+01
9.005003621585947471e-01 1.752218829319661820e-03 5.362571428571428669e+02 2.269613444951446368e+01
9.067627482844141662e-01 1.720498064613873055e-03 5.337868852459016580e+02 2.324677881070633489e+01
9.130278025298368405e-01 1.789374596252915357e-03 5.323809523809524080e+02 2.335133740126709867e+01
9.193563827426239898e-01 1.786117629316656989e-03 5.316468253968254203e+02 2.439093104017972280e+01
9.256709965929463824e-01 1.773964252230773864e-03 5.313686274509803980e+02 2.462206229293341053e+01
9.319487846442510159e-01 1.740175819907428248e-03 5.320639999999999645e+02 2.576905430938434449e+01
9.382375230166524194e-01 1.835219923763222079e-03 5.348473282442747632e+02 2.599447537150447474e+01
9.445114335627492475e-01 1.754301698834087597e-03 5.393478260869565020e+02 2.606913422821772386e+01
9.507739483173833772e-01 1.796477233495237351e-03 5.502145593869731783e+02 2.473431227991996550e+01
9.571000001339345920e-01 1.844157663989784944e-03 5.889962264150943838e+02 3.879262682583399879e+01
9.634651872700409347e-01 1.860525514413665987e-03 7.215939849624060116e+02 1.281965382621910123e+02
9.697902983397413967e-01 1.869026222830578836e-03 1.070932330827067744e+03 2.977811536468344116e+02
9.761731987705594138e-01 1.898719003246270758e-03 1.687970479704797071e+03 4.722640598151132849e+02
9.824546988499620603e-01 1.850375251942234242e-03 2.478818867924528149e+03 5.912737134724518455e+02
9.887603507672997338e-01 1.885371791598095068e-03 3.152621323529411711e+03 7.098291546149322357e+02
9.951547945742836854e-01 1.923480157877882840e-03 3.523444839857651459e+03 8.410642361033801535e+02
1.001497743307979915e+00 1.816985016266823736e-03 3.708164794007490855e+03 9.998392509635023089e+02
1.007730073445106012e+00 1.872875193246743668e-03 3.719309352517985644e+03 1.073668445374853263e+03
1.014110590476311025e+00 1.881534321868284657e-03 3.672861702127659555e+03 1.032347679881312843e+03
1.020442888611849064e+00 1.823625195420996601e-03 3.614996415770609474e+03 1.008343430133099446e+03
1.026691701700078063e+00 1.782759485576686145e-03 3.493996376811594018e+03 9.854870292177129159e+02
1.033057845114525142e+00 1.884320384582664851e-03 3.123530612244897839e+03 9.715757534774345459e+02
1.039437792018165441e+00 1.793463056649077922e-03 2.517908127208480437e+03 9.334641162103763463e+02
1.045681248368910410e+00 1.745618337461533540e-03 1.699670212765957558e+03 6.571259257322781195e+02
1.051944871571292683e+00 1.801987856022948175e-03 1.032027586206896558e+03 3.621074988362383351e+02
1.058324809813473877e+00 1.829265674919061668e-03 6.800909090909091219e+02 1.481325577578778905e+02
1.064596602572098316e+00 1.714864743882408334e-03 5.585457746478873560e+02 6.057537937963499530e+01
1.070868750588993112e+00 1.792957436204007347e-03 5.226228956228956122e+02 3.748060720581317895e+01
1.077195490251847465e+00 1.798916779777443367e-03 5.082608695652173765e+02 3.093762810755427495e+01
1.083505800573759448e+00 1.740543057611223946e-03 4.985392491467576974e+02 2.666690870876808717e+01
1.089676915900379850e+00 1.748165881083384946e-03 4.923469387755101820e+02 2.422829059695690290e+01
1.096052400832523421e+00 1.863573573199493825e-03 4.875527156549520669e+02 2.295341391964619504e+01
1.102364289960501065e+00 1.744372504095847640e-03 4.849559322033898070e+02 2.279364935721838137e+01
1.108625070827478076e+00 1.829094711995288541e-03 4.812996742671009542e+02 2.322161534063293331e+01
1.114924075445366869e+00 1.842999932655674591e-03 4.655779220779220964e+02 4.473408836293650381e+01
1.121282665432693726e+00 1.762017027877181303e-03 4.733931297709923456e+02 3.300716442951350871e+01
1.127553932619258736e+00 1.851826979229859085e-03 4.729479553903345845e+02 3.029435635976195229e+01
1.133905639228342421e+00 1.803927404845938115e-03 4.709333333333333371e+02 3.073484322776502964e+01
1.140144523104706709e+00 1.820967272376473748e-03 4.702519685039370074e+02 3.337357894490106247e+01
1.146455214771981312e+00 1.831860927088285957e-03 4.700717131474103780e+02 3.152693030044788713e+01
1.152869066430118439e+00 1.902391342003174283e-03 4.714633204633204855e+02 3.109481482708575939e+01
1.159252377890596986e+00 1.791659613503928782e-03 4.694854771784232526e+02 3.143759442029346829e+01
1.165575291556828930e+00 1.872439892399787795e-03 4.721075697211155102e+02 3.046702895484988360e+01
1.171828433925186763e+00 1.747387590499659572e-03 4.702943722943722946e+02 3.316456912527688417e+01
1.178029580193284076e+00 1.845903894892485285e-03 4.726666666666666856e+02 3.024622322215436299e+01
1.184400904434957269e+00 1.829516060217846983e-03 4.716150627615062945e+02 2.990432448239219099e+01
1.190737654720273042e+00 1.816225366119703435e-03 4.722869198312236563e+02 2.985356500217105946e+01
1.196977477342464180e+00 1.780548390738201196e-03 4.704585152838428144e+02 2.870854249649118017e+01
1.203312963818603976e+00 1.874247930763579166e-03 4.701818181818181870e+02 2.979240722355789828e+01
1.209645773529357093e+00 1.750259837788138012e-03 4.690176991150442518e+02 3.079168854804921907e+01
1.215952225700388523e+00 1.837678281197498587e-03 4.703220338983051079e+02 2.997497879288679101e+01
1.222254898926581568e+00 1.775628514659025698e-03 4.485056179775281180e+02 5.644045774423094031e+01
1.228537298751265050e+00 1.780223345631782141e-03 4.580724637681159379e+02 3.928586348196014910e+01
1.234759587745337228e+00 1.795376270296014523e-03 4.563548387096774377e+02 3.730798994855683759e+01
1.241110555825225781e+00 1.895169703334604900e-03 4.557013422818791923e+02 3.641244536143138077e+01
1.247523323486311897e+00 1.874537877840588536e-03 4.536351351351351582e+02 3.441510460194187004e+01
1.253854431820907944e+00 1.857283623330970761e-03 4.547080536912751541e+02 3.398530617766110140e+01
1.260138295168494293e+00 1.856490137450314505e-03 4.518305647840531378e+02 3.542678517079194478e+01
1.266501421045549414e+00 1.881588491645209797e-03 4.528520900321543650e+02 3.428929544471409940e+01
1.272807251993681055e+00 1.824447191781883651e-03 4.514688524590163752e+02 3.352040841288516049e+01
1.279100636071537789e+00 1.831925956271344968e-03 4.512515923566879223e+02 3.294438354248259770e+01
1.285385940199903265e+00 1.796864974607813087e-03 4.492275641025640880e+02 3.325176255752643328e+01
1.291734086560349049e+00 1.833790085687247952e-03 4.496226993865030863e+02 3.269079037323460568e+01
1.297999116585571544e+00 1.712347548001254965e-03 4.491197411003236084e+02 3.291794689184111178e+01
1.304332283077917598e+00 1.862331657852500611e-03 4.500176991150442518e+02 3.280387376867771110e+01
1.310629912671008812e+00 1.689758514739712848e-03 4.481250000000000000e+02 3.303437651979043466e+01
1.316859893871710430e+00 1.807323329610554348e-03 4.487940298507462558e+02 3.352101510990775068e+01
1.323169508333509325e+00 1.772103529485381237e-03 4.479726443768997228e+02 3.224699163385553646e+01
1.329416719622044551e+00 1.761213072716576004e-03 4.484773413897281102e+02 3.330455714904033471e+01
1.335676763851219473e+00 1.808340606324402439e-03 4.474970238095237960e+02 3.244214144917671661e+01
1.342102166253144047e+00 1.916040745002256648e-03 4.486929577464788963e+02 3.398111428061813655e+01
1.348432554966731090e+00 1.804515701739407276e-03 4.468700906344411123e+02 3.372584887202570059e+01
1.354697325729501189e+00 1.895450207138361931e-03 4.488498583569405014e+02 3.616988136938749676e+01
1.361035554581970564e+00 1.836151892644552735e-03 4.514622093023255616e+02 3.483169545856356564e+01
1.367445372286436589e+00 1.911657172750392099e-03 4.626575342465753238e+02 3.382132136604649020e+01
1.373833054624600258e+00 1.794265400870382644e-03 4.839855072463768124e+02 3.381445163323603254e+01
1.380048052911932777e+00 1.791287036868802413e-03 5.260000000000000000e+02 3.893145411692350422e+01
1.386332670155489666e+00 1.806335848089170130e-03 5.744634831460674604e+02 4.202189734030078228e+01
1.392624520144640332e+00 1.796075039907524609e-03 6.135527777777778056e+02 4.551430025582923378e+01
1.398923000198597277e+00 1.771229759338340285e-03 6.344241573033707482e+02 4.966119413972453600e+01
1.405184482923453881e+00 1.808998902686751115e-03 6.385027173913043725e+02 5.068124224224769137e+01
1.411475199677901360e+00 1.734371386327675756e-03 6.426882022471910432e+02 5.552145750431637339e+01
1.417706081410672780e+00 1.817237095201347432e-03 6.455268817204300831e+02 5.252542287845503211e+01
1.424046144262549829e+00 1.816956160244514703e-03 6.483902439024390105e+02 5.419617570488806280e+01
1.430457268966005335e+00 1.925855730949348329e-03 6.505089974293059640e+02 5.153668739676067645e+01
1.436865665354877475e+00 1.843763745384080412e-03 6.507876344086021163e+02 5.088942817396180374e+01
1.443084111958556903e+00 1.831535442318516687e-03 6.468172043010753214e+02 5.452474004653177531e+01
1.449466238371406979e+00 1.910439897345804971e-03 6.448354430379746418e+02 5.401685482950824735e+01
1.455780432464144347e+00 1.769262236301017126e-03 6.378243243243243796e+02 5.785460353113084864e+01
1.462109939136078340e+00 1.873282905934200038e-03 6.144937343358395765e+02 5.991448015719326747e+01
1.468414112563870999e+00 1.734923018383166060e-03 5.696906666666666297e+02 5.728706213448197815e+01
1.474680891373796765e+00 1.804015195942032307e-03 5.217994923857868343e+02 4.665047046271936892e+01
1.480924591063775386e+00 1.742163032935032654e-03 4.853838120104438758e+02 3.768129244228951791e+01
1.487138550370334267e+00 1.742602934721402272e-03 4.718277634961439730e+02 3.490609097921446846e+01
1.493462591150057195e+00 1.833511633313982111e-03 4.670024752475247283e+02 3.477039254911858990e+01
1.499809278721849770e+00 1.805357266360340307e-03 4.658690176322418210e+02 3.509487170493957109e+01
1.506175762378094918e+00 1.888906516140883814e-03 4.663643031784841355e+02 3.466257478580291007e+01
1.512543466733061504e+00 1.879653113941155348e-03 4.668480392156862990e+02 3.718460262961041707e+01
1.518927121842702510e+00 1.865813122140227640e-03 4.678700980392156907e+02 3.675014956932741228e+01
1.525176469146275027e+00 1.826629940430822378e-03 4.697444168734491541e+02 3.552067232149211407e+01
1.531416651941075235e+00 1.798854978931840659e-03 4.706435643564356610e+02 3.640929720347127585e+01
1.537728221615372926e+00 1.856986876758172280e-03 4.707328605200945617e+02 3.627304993428271018e+01
1.544096010846849332e+00 1.769518617434322075e-03 4.709708029197080350e+02 3.720262857435939452e+01
1.550405005344789089e+00 1.809055686031393537e-03 4.716595744680851112e+02 3.611115746380313141e+01
1.556696834359960313e+00 1.740139413919524446e-03 4.720679611650485299e+02 3.638581571257240199e+01
1.562969221032702194e+00 1.804120915253569534e-03 4.733301886792452819e+02 3.650165102797254235e+01
1.569251838380229191e+00 1.803338776033149233e-03 4.740357995226730168e+02 3.514737125280546337e+01
1.575556094315494926e+00 1.863019847936644557e-03 4.759603729603729789e+02 3.468930653208073522e+01
1.581892448177514066e+00 1.865480693804838323e-03 4.761550925925926094e+02 3.739518573840040716e+01
1.588269483401412163e+00 1.861295980786164313e-03 4.783433179723502349e+02 3.754451087838255319e+01
1.594574325321363339e+00 1.830133252637398044e-03 4.803425925925926094e+02 3.732476460720869937e+01
1.600916934751582588e+00 1.832077894544300927e-03 4.821981776765375685e+02 3.641897289959022999e+01
1.607201343968552854e+00 1.780442356845074459e-03 4.891875000000000000e+02 3.525512177132722513e+01
1.613445462524496721e+00 1.775524639999344866e-03 5.099885321100917395e+02 3.405334897084212997e+01
1.619730849749851931e+00 1.787630240083115185e-03 5.516027088036117902e+02 3.699318708120347310e+01
1.625979803600224649e+00 1.755895091839796123e-03 6.048873563218390927e+02 3.966046608011767916e+01
1.632226613292544926e+00 1.821174808670054370e-03 6.459440715883669100e+02 4.735414545118830887e+01
1.638606704061473573e+00 1.894452323361247963e-03 6.682819956616051513e+02 5.636170032643516237e+01
1.645050487946952522e+00 1.887301666918968484e-03 6.740086956521739694e+02 6.285908972201656297e+01
1.651415996904310735e+00 1.851783837096881687e-03 6.771513157894736423e+02 6.536375461844943402e+01
1.657788871265904573e+00 1.852242853945953917e-03 6.803023758099352563e+02 6.484192391253587573e+01
1.664006124760511351e+00 1.741113674427757210e-03 6.832426303854874732e+02 6.559233475865160301e+01
1.670281873961185770e+00 1.842366346193471905e-03 6.873699788583509189e+02 6.519036400860410652e+01
1.676541801276667298e+00 1.721555322686186195e-03 6.970358744394618498e+02 6.263150222920946675e+01
1.682793682471841024e+00 1.824670227224382997e-03 7.247067510548523614e+02 5.688301239797059594e+01
1.689107465299970467e+00 1.791603935857043455e-03 7.755184381778741454e+02 5.736186107222776798e+01
1.695415952935033443e+00 1.877357617877282179e-03 8.322421711899791035e+02 6.406312372272408595e+01
1.701806617780016628e+00 1.875253898477295287e-03 8.674697286012526547e+02 7.383653983926188857e+01
1.708145235544118012e+00 1.851238026496159058e-03 8.777031578947368189e+02 8.186161427319120776e+01
1.714469347376187613e+00 1.845626368464784459e-03 8.695445134575569455e+02 8.755526308651762690e+01
1.720739519194126599e+00 1.771881702320935673e-03 8.315405982905982682e+02 9.118544747759740687e+01
1.726990948287859817e+00 1.820993782645452704e-03 7.744938775510204323e+02 8.257020482916962578e+01
1.733361150263370787e+00 1.784216608021570085e-03 7.300433884297520990e+02 7.031952064646901590e+01
1.739571674833123582e+00 1.760427731239605715e-03 7.138301886792453388e+02 7.268419203979193810e+01
1.745887440247851030e+00 1.853392121839796862e-03 7.094769539078156413e+02 8.169909061097938263e+01
1.752250177420427102e+00 1.860925844240075020e-03 7.029129554655870606e+02 6.927762270877315132e+01
1.758607387389414800e+00 1.864192030273802104e-03 6.931559999999999491e+02 6.711183186294350378e+01
1.764972322429467777e+00 1.851098948525789619e-03 6.903719999999999573e+02 6.481532503968486481e+01
1.771273520234028620e+00 1.808016239517707931e-03 6.890504032258064626e+02 6.272152339203908866e+01
1.777586992161852564e+00 1.807004964737956481e-03 6.871089108910890673e+02 5.934617554739930512e+01
1.783840233931820451e+00 1.746107465683986813e-03 6.723054989816700981e+02 6.224827892747926228e+01
1.790071520275328565e+00 1.795583184790444783e-03 6.342952755905512277e+02 6.274830994896040437e+01
1.796393698957722052e+00 1.819993601147859141e-03 5.671818181818181301e+02 5.790261100124732252e+01
1.802712928873270393e+00 1.883216042231023422e-03 5.074521072796935073e+02 4.253411420546824928e+01
1.809114577024696358e+00 1.850157529878445435e-03 4.733837209302325846e+02 3.590376367567836979e+01
1.815345782948464493e+00 1.803540499391122600e-03 4.615691699604743121e+02 3.256970779804581895e+01
1.821700705453981772e+00 1.863872113208649628e-03 4.584402985074626713e+02 3.171604806632475615e+01
1.828034416566336029e+00 1.759461126105644731e-03 4.560984251968503713e+02 3.320946339504627076e+01
1.834289862490237510e+00 1.817049905439401892e-03 4.552071563088512107e+02 3.308462071702397367e+01
1.840620947190598100e+00 1.780340576699249600e-03 4.538903846153846189e+02 3.197717462105683595e+01
1.846876290479544158e+00 1.833628160635640113e-03 4.523421550094518011e+02 3.234383484313096346e+01
1.853225331533147280e+00 1.864396810776891523e-03 4.501648148148148039e+02 3.268198326568212053e+01
1.859586416204100923e+00 1.843230203276794224e-03 4.477588785046729072e+02 3.307193106976637864e+01
1.865884580336470755e+00 1.827085395033201023e-03 4.452681564245809795e+02 3.150361788307913002e+01
1.872200528994375501e+00 1.799198018262535481e-03 4.442462962962962933e+02 3.119367483632279203e+01
1.878453452628845000e+00 1.760356359008985331e-03 4.425649717514124291e+02 3.013244690981376550e+01
1.884712324747962020e+00 1.805687576808031941e-03 4.417627737226277418e+02 2.928767843849876940e+01
1.891113706724730337e+00 1.861939656346446982e-03 4.419136690647482055e+02 2.926386315342150368e+01
1.897400945427566432e+00 1.833350088909791505e-03 4.417665441176470722e+02 2.953578081947246048e+01
1.903772875545957088e+00 1.875180743362649160e-03 4.415193661971831034e+02 3.135342901754926714e+01
1.910018917854334752e+00 1.739883276586547947e-03 4.433969754253308224e+02 2.925121076246492535e+01
1.916236012056648175e+00 1.833205283437960029e-03 4.487684210526315951e+02 2.721816344011166677e+01
1.922638163561010805e+00 1.793373418488206777e-03 4.616053571428571445e+02 2.863593488227043693e+01
1.928888348891847349e+00 1.792288115248428593e-03 4.940881294964028712e+02 5.231979641334744002e+01
1.935240631371640818e+00 1.865766417879262265e-03 5.543702422145328228e+02 1.004598005161146546e+02
1.941608872090050619e+00 1.856644915843207438e-03 6.377398945518453957e+02 1.502636654230705915e+02
1.947917338414854704e+00 1.837601359788319485e-03 7.558038528896672688e+02 1.880204176944925507e+02
1.954236834815996637e+00 1.805754229573221887e-03 9.142762237762237874e+02 2.180555144914188759e+02
1.960488135501994522e+00 1.772905664188001006e-03 1.113778761061946852e+03 2.281787962347498535e+02
1.966755922696415082e+00 1.810201296061439468e-03 1.286728055077452609e+03 2.168053838333697740e+02
1.973091583736556354e+00 1.814240900008777741e-03 1.388731034482758560e+03 2.313624219644693483e+02
1.979420480567132490e+00 1.865397302840512408e-03 1.445833616298811648e+03 2.458453194596000344e+02
1.985762243830389018e+00 1.849873766110382307e-03 1.453247457627118592e+03 2.594507402991357026e+02
1.992143605840229093e+00 1.840662096304069391e-03 1.471658291457286396e+03 2.780992614981390147e+02
1.998372952698491245e+00 1.738412627792555948e-03 1.469594024604569313e+03 2.805966866364117323e+02
2.004614638405731508e+00 1.821010887715033720e-03 1.475195364238410548e+03 2.724551853980848932e+02
2.010981699228176822e+00 1.807963355431743604e-03 1.472653198653198615e+03 2.740015151845631181e+02
2.017216781415232862e+00 1.822968187424302972e-03 1.493711635750421692e+03 2.927862010582117591e+02
2.023555507756473748e+00 1.866836436713831520e-03 1.463186991869918756e+03 2.843243443987292949e+02
2.029945947492921121e+00 1.842053164818473936e-03 1.449929276315789366e+03 2.719401476336227006e+02
2.036236367431154548e+00 1.802040352124230577e-03 1.445371900826446335e+03 2.623834261238453678e+02
2.042538823796997693e+00 1.786279422623429517e-03 1.423054187192118206e+03 2.657908553015338953e+02
2.048720173306640469e+00 1.747373060808409071e-03 1.378866101694915187e+03 2.770644154684500791e+02
2.055017041239767028e+00 1.892889576395914968e-03 1.318056338028168966e+03 3.100249119884927609e+02
2.061465280497128294e+00 1.850343878148330047e-03 1.209408653846153811e+03 3.255089264844060608e+02
2.067778354784032935e+00 1.826644103880053095e-03 1.104077294685990410e+03 3.430180071777984949e+02
2.074107962816127415e+00 1.810449409964311413e-03 9.277380952380951840e+02 3.006150508007735311e+02
2.080392027050733006e+00 1.757304311173108879e-03 7.072296416938111179e+02 2.190714779690606804e+02
2.086560915145909245e+00 1.789004268885935290e-03 5.294764991896272477e+02 1.149562624581309507e+02
2.092907509218693285e+00 1.897916204239676529e-03 4.387347560975609895e+02 4.920478273273875658e+01
2.099341076602548206e+00 1.841856996552926774e-03 4.063562499999999886e+02 3.155642593162484388e+01
2.105598503643897335e+00 1.780460926307301031e-03 3.981038338658146927e+02 2.653312940989225055e+01
2.111872942412509335e+00 1.813036870717739954e-03 3.943688271604938222e+02 2.569854979623022828e+01
2.118179840511383194e+00 1.773074262998883873e-03 3.979779527559055055e+02 2.284951348717370934e+01
2.124489700938873238e+00 1.854176769044688739e-03 4.081804281345565641e+02 2.401626901143786341e+01
2.130866139955553962e+00 1.876679961187130126e-03 4.185143721633888276e+02 2.636292805336817224e+01
2.137196345481136905e+00 1.803165093871285981e-03 4.271408668730650220e+02 2.530835597829669226e+01
2.143477781291089013e+00 1.808033309626025679e-03 4.300183206106869989e+02 2.651699148402378370e+01
2.149749346762158453e+00 1.787076492040512573e-03 4.310046082949309039e+02 2.584201055746119735e+01
2.156014428448592479e+00 1.811767013668930289e-03 4.347123287671232674e+02 2.532411940305052056e+01
2.162388958755252943e+00 1.899773100682969557e-03 4.506452554744525401e+02 3.344483293612342578e+01
2.168776559916051561e+00 1.828625003914755194e-03 4.921411411411411336e+02 5.590509538943038592e+01
2.175079146577416189e+00 1.799027495536281414e-03 5.665716417910447262e+02 8.701354014411592175e+01
2.181358965593887422e+00 1.775037425494343461e-03 6.744397590361445509e+02 1.091792355122938147e+02
2.187625576602315824e+00 1.830837683859201127e-03 8.108387573964497506e+02 1.081751282767109075e+02
2.193923842198696850e+00 1.837507381709080519e-03 9.531233480176211970e+02 8.561492831417669436e+01
2.200310743338333541e+00 1.859271066102410235e-03 1.065682926829268354e+03 7.815254378509048649e+01
2.206637920896229677e+00 1.789161753318371274e-03 1.125839999999999918e+03 8.949643949052655501e+01
2.212855268310565560e+00 1.778695396750237757e-03 1.146779086892488976e+03 1.003712816049358310e+02
2.219155297956861617e+00 1.826812665150635666e-03 1.161089208633093449e+03 1.070175912270876637e+02
2.225534449623195243e+00 1.883537061579874895e-03 1.166100141043723625e+03 1.134759065542248067e+02
2.231816049321749151e+00 1.789850136339156059e-03 1.163236417033773932e+03 1.092674054474065173e+02
2.238124350048766420e+00 1.838516226422660244e-03 1.161593575418994305e+03 1.045686025120166107e+02
2.244461256680506001e+00 1.769483755913013904e-03 1.160816208393632451e+03 1.105671373381462956e+02
2.250672411056880762e+00 1.815340560525242463e-03 1.153143472022955621e+03 1.200101908410091767e+02
2.256976265699253581e+00 1.875232856265233962e-03 1.139859116022099442e+03 1.253557230651235130e+02
2.263404067221236105e+00 1.844596500685106652e-03 1.124431129476583919e+03 1.305355597225164956e+02
2.269740131332425914e+00 1.784620609829179342e-03 1.114680339462517622e+03 1.303824340886988580e+02
2.275928662030326066e+00 1.770462641505800294e-03 1.102056980056980137e+03 1.224871629867780882e+02
2.282234771450446509e+00 1.859120215862977580e-03 1.092470189701896970e+03 1.189779665464462539e+02
2.288651494096741512e+00 1.861574731480084791e-03 1.075306648575305189e+03 1.271956580208736085e+02
2.294929189507614264e+00 1.787386468760323059e-03 1.043011235955056236e+03 1.495371835750447076e+02
2.301123790424945526e+00 1.773889529887621910e-03 9.809819444444444798e+02 1.751087112625492637e+02
2.307427473574251042e+00 1.823767960867003161e-03 8.781502029769959563e+02 1.889394103454726519e+02
2.313824548022820782e+00 1.807223345639351721e-03 7.429465081723625417e+02 1.901317796729633187e+02
2.320154992066300714e+00 1.861695907969135875e-03 5.771627218934911525e+02 1.540427458508854386e+02
2.326479049872378635e+00 1.797363522119922990e-03 4.357057010785824218e+02 9.076557195205062101e+01
2.332811122143054305e+00 1.834923033436536115e-03 3.556671732522796106e+02 4.269923403062020384e+01
2.339146829363451641e+00 1.809933127175767861e-03 3.240518053375196246e+02 2.439668705888757572e+01
2.345346999874724947e+00 1.788822558822959720e-03 3.120755627009646105e+02 2.250400193476691513e+01
2.351591514044208964e+00 1.821961582186779451e-03 3.062614173228346317e+02 2.133160998319557322e+01
2.357940827546205931e+00 1.821480796874143165e-03 3.021645569620253013e+02 2.047378111211405738e+01
2.364269371024037891e+00 1.822839816105960298e-03 3.002596153846153584e+02 1.915984557790154241e+01
2.370575565839220911e+00 1.828742917233826173e-03 2.989244372990353895e+02 2.042657515721374750e+01
2.376891771469677561e+00 1.815523241845057745e-03 3.016278317152103341e+02 2.042168833796954175e+01
2.383240749019818416e+00 1.833462819707767054e-03 3.109839228295820135e+02 2.277235388643740066e+01
2.389601619010945921e+00 1.828185711102788165e-03 3.261726384364820888e+02 2.519810347046815835e+01
2.395961259100775731e+00 1.812604844355751544e-03 3.413688394276629765e+02 3.370742437529499824e+01
2.402160007896914973e+00 1.807533258736503850e-03 3.600149253731343038e+02 3.192785397128040970e+01
2.408453972146052724e+00 1.793232887210479852e-03 3.741301169590643099e+02 2.760740720026159778e+01
2.414771780432101167e+00 1.830638750947721858e-03 3.789928263988522303e+02 2.734554792524707167e+01
2.421058800843912895e+00 1.849123668637423033e-03 3.803606789250353586e+02 2.866021463957941506e+01
2.427397847212681370e+00 1.833909450969152099e-03 3.797333333333333485e+02 2.922172264042751166e+01
2.433701938443864954e+00 1.777285794113256248e-03 3.781645569620253013e+02 2.860571263239775774e+01
2.440001432560962691e+00 1.835928632076300280e-03 3.773119015047879543e+02 2.562120675894136923e+01
2.446276920633820851e+00 1.825543246774167941e-03 3.749628610729023421e+02 2.676822317255550487e+01
2.452612917458465880e+00 1.850886418197054181e-03 3.743289124668435193e+02 2.599685653872048263e+01
2.458937188373468086e+00 1.764090576915684772e-03 3.736452054794520450e+02 2.514818421029385220e+01
2.465235494564519847e+00 1.842465198645606636e-03 3.721770145310435964e+02 2.443437973231029403e+01
2.471581205305689810e+00 1.856761058240425245e-03 3.709276315789473415e+02 2.456644982621038054e+01
2.477865992864338285e+00 1.798850075022648308e-03 3.694647137150466278e+02 2.494260467818151739e+01
2.484122936716935737e+00 1.780971833254360159e-03 3.678507265521796512e+02 2.352715575448023699e+01
2.490467721662181333e+00 1.849468727863495983e-03 3.662490421455938758e+02 2.310387133758864664e+01
2.496849546734450254e+00 1.852734310658727887e-03 3.627215836526181079e+02 2.427450577615919158e+01
2.503105859710241798e+00 1.772860352036017325e-03 3.598865435356200351e+02 2.384990801903900604e+01
2.509322203788900918e+00 1.804578376445024500e-03 3.562141025641025749e+02 2.462710251272478246e+01
2.515643032193938478e+00 1.830400595634155535e-03 3.516095717884131204e+02 2.523892322134689437e+01
2.522012436559997628e+00 1.844427975373299751e-03 3.386600496277915795e+02 3.007240051136067649e+01
2.528376527697731913e+00 1.805263014170996501e-03 3.196268844221105496e+02 3.140367363920061550e+01
2.534662305746367750e+00 1.817191430107880853e-03 2.961196473551637496e+02 3.059563511510248190e+01
2.540923642722284104e+00 1.847774197163838152e-03 2.741274752475247283e+02 2.566434126912590230e+01
2.547222087144660030e+00 1.810867478977307979e-03 2.584195544554455637e+02 1.898439922940831082e+01
2.553540685742163419e+00 1.807658101810726481e-03 2.518151774785801820e+02 1.632926602698675467e+01
2.559925401613222018e+00 1.856915584780679824e-03 2.508622754491017872e+02 1.540324345469698919e+01
2.566280305514876403e+00 1.838802799104265022e-03 2.497748184019370399e+02 1.683454202330965899e+01
2.572544852388987113e+00 1.785952156998167010e-03 2.486834355828220851e+02 1.578160029115023377e+01
2.578799894204640619e+00 1.806472379669163885e-03 2.474135429262394155e+02 1.575277491772185634e+01
2.585123793491197919e+00 1.855120447360665906e-03 2.470317273795534732e+02 1.708708513364500448e+01
2.591472256141813091e+00 1.805120360344933915e-03 2.458712753277711442e+02 1.774262992287578911e+01
2.597744265483155957e+00 1.788819714346394623e-03 2.454976019184652216e+02 1.809706021695539135e+01
2.604038454996993934e+00 1.850630787333012181e-03 2.453554778554778579e+02 1.867742160406910656e+01
2.610374414453144443e+00 1.837105816396599096e-03 2.432759022118742678e+02 1.865310078490254142e+01
2.616634120485421100e+00 1.761050173804210722e-03 2.426754176610978391e+02 1.824489953971180967e+01
2.622940397920966227e+00 1.848634675493098997e-03 2.431854379977246765e+02 1.863260622779351650e+01
2.629323187355575353e+00 1.839581463337864892e-03 2.426529680365296713e+02 1.951943052691114744e+01
2.635681273538560632e+00 1.815290224604702678e-03 2.410870561282932556e+02 1.896087702931847119e+01
2.641934789831782204e+00 1.778405014700361417e-03 2.407089201877934386e+02 1.920932753204251853e+01
2.648176773767660031e+00 1.853093332118325998e-03 2.417339346110484826e+02 2.047923419616444463e+01
2.654514065851063087e+00 1.823524830511773481e-03 2.410926553672316288e+02 2.009720712854198865e+01
2.660817448321032508e+00 1.798052776896779401e-03 2.403720136518771255e+02 1.971017892032159580e+01
2.667123571907564994e+00 1.844852426740933296e-03 2.406766666666666765e+02 2.089251824262737500e+01
2.673472329675100401e+00 1.839448802019330543e-03 2.384263565891472751e+02 2.128442827797946535e+01
2.679761377760365715e+00 1.786299887381436651e-03 2.360373303167420715e+02 2.056618840937453996e+01
2.686129035698236578e+00 1.877272974428747035e-03 2.295429480381760357e+02 3.594631252948092737e+01
2.692300573720700196e+00 1.798376592015874225e-03 2.291111111111111143e+02 2.089541889957944321e+01
2.698561328278970439e+00 1.798779619418457414e-03 2.252725199543899635e+02 1.601798946818943037e+01
2.704947056964875252e+00 1.860594623228957294e-03 2.215213483146067404e+02 1.558570418614143982e+01
2.711339925705444909e+00 1.826229981736538378e-03 2.197835648148148096e+02 1.639607811426713369e+01
2.717643416720191052e+00 1.774618570520191145e-03 2.184868735083532272e+02 1.704745036130393743e+01
2.723934694222051256e+00 1.823763048442502126e-03 2.163400236127508833e+02 1.864160246996848969e+01
2.730274673678132036e+00 1.841398355898408350e-03 2.156564344746163044e+02 1.904560731633202053e+01
2.736591263199737778e+00 1.788312012670147501e-03 2.165500000000000114e+02 1.994851605215101742e+01
2.742885231028380222e+00 1.844652457607765493e-03 2.177278177458033497e+02 2.352800623243356881e+01
2.749161241756704843e+00 1.804773587711254630e-03 2.292555282555282474e+02 3.017830113711244522e+01
2.755398232824302962e+00 1.776157869081165970e-03 2.554572490706319741e+02 4.535373473542242806e+01
2.761751565609168679e+00 1.857903093933079139e-03 2.977455197132616718e+02 6.469430497223589782e+01
2.768124311574730267e+00 1.813883183384283311e-03 3.553521472392637861e+02 7.425931422762909051e+01
2.774423663616722546e+00 1.776295681999270643e-03 4.136067415730337302e+02 7.534611547071082782e+01
2.780754869867226198e+00 1.842436817654598789e-03 4.591729598051157382e+02 7.131370893748832884e+01
2.787077464795406190e+00 1.805278297034774168e-03 4.934700000000000273e+02 6.277675475444712561e+01
2.793346642012575654e+00 1.793644434711254678e-03 5.149634300126103881e+02 6.529846987175044148e+01
2.799634253246212179e+00 1.838111547031318375e-03 5.262493796526055121e+02 6.941077000467603852e+01
2.805924842988945844e+00 1.808245895551135627e-03 5.323421717171717091e+02 7.016865157377812068e+01
2.812167973206011862e+00 1.789098639402584082e-03 5.323797953964194676e+02 6.682196237354132506e+01
2.818496662748549042e+00 1.874446068014908040e-03 5.317066014669926517e+02 6.702358168874742717e+01
2.824858807967614460e+00 1.791571154666717633e-03 5.394840764331210039e+02 7.339358634079776778e+01
2.831150482550185643e+00 1.815112775054883139e-03 5.371468354430379577e+02 7.229669980321028788e+01
2.837475400148095517e+00 1.850316795954077458e-03 5.333237858032379108e+02 6.836426443619187410e+01
2.843805018276897911e+00 1.786824753329564535e-03 5.319935815147624680e+02 6.477304073073835866e+01
2.850131561922547352e+00 1.845583173970813699e-03 5.302696629213482993e+02 6.544311672118131185e+01
2.856484494638581229e+00 1.841115527677602507e-03 5.322478206724781558e+02 6.738458544467161460e+01
2.862782859862781137e+00 1.780809355167121575e-03 5.333329081632653015e+02 6.865439032624429672e+01
2.869068523143336158e+00 1.847699945098150954e-03 5.300184049079754232e+02 7.360387044980556936e+01
2.875378514069953706e+00 1.802909528894259443e-03 5.313558052434457295e+02 7.351369505023302509e+01
2.881671995666307051e+00 1.819305449905813353e-03 5.318683229813664184e+02 7.299793165247312743e+01
2.887980092673573917e+00 1.848812746508326317e-03 5.300710784313725981e+02 7.228390673045707615e+01
2.894292086458025270e+00 1.795011172749967111e-03 5.227248743718593005e+02 8.087863505583374035e+01
2.900588101801901963e+00 1.834444505730529681e-03 5.028529048207663550e+02 1.022807302148053026e+02
2.906894294921833044e+00 1.834235081131648307e-03 4.777335811648079584e+02 1.158989189853478905e+02
2.913143215321425394e+00 1.775388414920497622e-03 4.385198463508322675e+02 1.167556377778677046e+02
2.919469846096636179e+00 1.902110692867622259e-03 3.858081534772182408e+02 1.076647536379063439e+02
2.925831071463227850e+00 1.799019204260941503e-03 3.574213197969543216e+02 8.582370035173840961e+01
2.932125236913744715e+00 1.849572311535908030e-03 3.469035846724351018e+02 7.127430414694036642e+01
2.938426190430696305e+00 1.829943172517629413e-03 3.656616729088639204e+02 6.600282760779067814e+01
2.944698497868602605e+00 1.792371922793937686e-03 4.001687817258883229e+02 6.295110019895693654e+01
2.951032364443879619e+00 1.872648010744969562e-03 4.314599514563107050e+02 5.591654819527625619e+01
2.957349976869245278e+00 1.772646084934545842e-03 4.561393861892582891e+02 5.067389782806283449e+01
2.963641534615172990e+00 1.843499637433317897e-03 4.655246913580247110e+02 4.767556936888281172e+01
2.969974563050315375e+00 1.835483252247156055e-03 4.696496894409937681e+02 4.589879309515996653e+01
2.976261971728969780e+00 1.784595762971840369e-03 4.723188775510204209e+02 4.536195980453680932e+01
2.982555079221103078e+00 1.856376802478345786e-03 4.719143206854345181e+02 4.885088239587039993e+01
2.988860230475899549e+00 1.767956570045068222e-03 4.734058898847630985e+02 4.811243418995748300e+01
2.995178874680174186e+00 1.856934622757372335e-03 4.704755501222493876e+02 4.807680904461810911e+01
3.001496400543723020e+00 1.797819739674591305e-03 4.677908745247148090e+02 5.077975362199133258e+01
3.007822553902104179e+00 1.849516356328991537e-03 4.651534653465346310e+02 5.082142249932037714e+01
3.014155913686516808e+00 1.844070628166239031e-03 4.621478260869565133e+02 5.090782751710663234e+01
3.020427983220980828e+00 1.780401570183770890e-03 4.573756410256410163e+02 5.663051991344707403e+01
3.026726854870708916e+00 1.864734463497724846e-03 4.784951100244499003e+02 4.439609156121032356e+02
3.033042693621903041e+00 1.790509691971886499e-03 6.430510204081632537e+02 2.532419217492486496e+03
3.039417687211595442e+00 1.892848977299335135e-03 6.695881642512077860e+02 3.335879414966655531e+03
3.045771113053035606e+00 1.809002971513908259e-03 4.724841571609632638e+02 1.017998118489078024e+03
3.052089874155329063e+00 1.844438578281415919e-03 3.876972704714640372e+02 1.123584956842988163e+02
3.058386304167925118e+00 1.824217551217444024e-03 3.589786967418546624e+02 1.166018094868846049e+02
3.064635661305841197e+00 1.781811879387494579e-03 3.364115384615384414e+02 1.268389110992218605e+02
3.070942258104439215e+00 1.879278577764203085e-03 3.080836363636363444e+02 1.371572921987955453e+02
3.077306102136554866e+00 1.789896323379901438e-03 2.886810673443455926e+02 1.351037703154769360e+02
3.083610248093582751e+00 1.842323938384468965e-03 2.606359163591636161e+02 1.285635123679043090e+02
3.089899276602742884e+00 1.781295098450355954e-03 2.352025477707006473e+02 1.110263066173311870e+02
3.096219282790054539e+00 1.849962857272845727e-03 1.985833333333333428e+02 8.621184092410331345e+01
3.102516781183005889e+00 1.793151767743564459e-03 1.767477820025348478e+02 6.284704465648222538e+01
3.108846425703184035e+00 1.844538984569745127e-03 1.622804428044280485e+02 4.784495176043826348e+01
3.115155056293756886e+00 1.812510444856532069e-03 1.583776662484316091e+02 3.963749951480334488e+01
3.121484332076036150e+00 1.832521331068808152e-03 1.571066997518610435e+02 3.568979826782966569e+01
3.127777573742708483e+00 1.818133687887086257e-03 1.562830423940149558e+02 3.353475571584483816e+01
3.134074710556275623e+00 1.800750836428910992e-03 1.560517023959646963e+02 3.226277144115978501e+01
3.140350968701055567e+00 1.840082388152106639e-03 1.539741379310344769e+02 3.147640509379483120e+01
3.146669598331559570e+00 1.795769837056059460e-03 1.531792929292929273e+02 3.102893972773621911e+01
3.152959210157879166e+00 1.842768641532451131e-03 1.509631901840490684e+02 3.058003396290862241e+01
3.159264892205651432e+00 1.791857333635609589e-03 1.514683544303797476e+02 3.067457152507717666e+01
3.165581888857809112e+00 1.858342078644047027e-03 1.485643203883495005e+02 3.056858346923025849e+01
3.171905560319084216e+00 1.782720971754531017e-03 1.487477820025348478e+02 3.062776965878958535e+01
3.178180461481988406e+00 1.828434529921516482e-03 1.458722358722358763e+02 3.044244952576061181e+01
3.184506679420991304e+00 1.810619157308176325e-03 1.456301369863013804e+02 3.036582230340206578e+01
3.190846230582273346e+00 1.831490456789015321e-03 1.424437652811735973e+02 3.029097594461962473e+01
3.197132365687451294e+00 1.780884113596707067e-03 1.417873417721519047e+02 3.105695178419705371e+01
3.203454230992797136e+00 1.862619862555806765e-03 1.378914354644149682e+02 3.203300696368388856e+01
3.209790152929830498e+00 1.796864404628749357e-03 1.372540880503144649e+02 3.426823397111715508e+01
3.216105270782768422e+00 1.849581865447865814e-03 1.351310679611650585e+02 3.681634055292470009e+01
3.222383723154825574e+00 1.773184836801974633e-03 1.391307106598984831e+02 3.784121694514065837e+01
3.228652903688512765e+00 1.829814433570467642e-03 1.399780755176613809e+02 3.790804926487268034e+01
3.234977992221026444e+00 1.801123950508762587e-03 1.442052238805970035e+02 3.773024413507044983e+01
3.241301441286830176e+00 1.830570155328411054e-03 1.432928311057108033e+02 3.639942651956726394e+01
3.247581817024004280e+00 1.774748969754167847e-03 1.438849557522123916e+02 3.576780039072009743e+01
3.253885986942128827e+00 1.868811343678552150e-03 1.417089820359281305e+02 3.618707202271227885e+01
3.260235987169183947e+00 1.804603356501592029e-03 1.406962499999999920e+02 3.553677470241214564e+01
3.266546856392692710e+00 1.857627301288636550e-03 1.371430288461538396e+02 3.320969076659228136e+01
3.272886904023045052e+00 1.792569475559808913e-03 1.364650000000000034e+02 3.211957123390659063e+01
3.279153478698136670e+00 1.837211362056317054e-03 1.333030303030303116e+02 3.085770952152151736e+01
3.285516195699416553e+00 1.819318898053023329e-03 1.321449631449631568e+02 2.962855716443580079e+01
3.291677990232397821e+00 1.824817096246810931e-03 1.328086500655307987e+02 3.010490334130899370e+01
3.298068987764390059e+00 1.863784166448585874e-03 1.318260273972602761e+02 3.014696267003627028e+01
3.304430978840338096e+00 1.814787339162488022e-03 1.305247093023255900e+02 3.132133960896222646e+01
3.310737564052387061e+00 1.817945227602999880e-03 1.285997023809523796e+02 3.288616548673498130e+01
3.317033906120231190e+00 1.800198345421728579e-03 1.256471494607087891e+02 3.385093408811414406e+01
3.323313479518194669e+00 1.810036704891648416e-03 1.238338557993730404e+02 3.488939582929351957e+01
3.329645772824664451e+00 1.853775369266378323e-03 1.229703588143525792e+02 3.663394432804210510e+01
3.335990548707715053e+00 1.826590486813650920e-03 1.198651685393258362e+02 3.708583032799619872e+01
3.342268739174953929e+00 1.807641793864574143e-03 1.185676998368678596e+02 3.790205907099963412e+01
3.348554594221377023e+00 1.807536448754866812e-03 1.167302631578947398e+02 3.837892131133274631e+01
3.354810866618635590e+00 1.798386852034845364e-03 1.147989949748743754e+02 3.840554726804524677e+01
3.361143554435736203e+00 1.860575678898459748e-03 1.151098360655737736e+02 3.955976493033958974e+01
3.367505271257411170e+00 1.829077091643749146e-03 1.125067567567567579e+02 3.899416275897191042e+01
3.373804785089639324e+00 1.803149868685275390e-03 1.106776429809358717e+02 3.852260177997457902e+01
3.380079784639911100e+00 1.805631642174917659e-03 1.081036906854129995e+02 3.657832162978168355e+01
3.386416571036835244e+00 1.843579116849991192e-03 1.079471830985915517e+02 3.477848317617245044e+01
3.392732849186819166e+00 1.821713749179523084e-03 1.111887477313974557e+02 3.409130366312353289e+01
3.399077842768783331e+00 1.840157085703132342e-03 1.190000000000000000e+02 3.334821225897372443e+01
3.405368445234043140e+00 1.771416845865005909e-03 1.327748091603053524e+02 3.362609294146108851e+01
3.411642977450664915e+00 1.840004348347408980e-03 1.462236842105263293e+02 3.413844560813761575e+01
3.417946432239648225e+00 1.816648589106147462e-03 1.535242718446602055e+02 3.203299181786597671e+01
3.424268333461439884e+00 1.838339958730071926e-03 1.571508704061895685e+02 3.087453185977713943e+01
3.430601598134079389e+00 1.799761940178920376e-03 1.593687374749499099e+02 2.930119728627118647e+01
3.436922606236269218e+00 1.844213366763177700e-03 1.610639999999999930e+02 2.888650259204113979e+01
3.443269856433799347e+00 1.834668830692703879e-03 1.588773006134969421e+02 2.950357904660293329e+01
3.449516618902171317e+00 1.769622948488585408e-03 1.563098290598290703e+02 2.932635350434713217e+01
3.455771942280530862e+00 1.817195070858158281e-03 1.563826638477801225e+02 3.219628359928355366e+01
3.462154010515302804e+00 1.866018191136946868e-03 1.595928270042194015e+02 3.361603772735504947e+01
3.468478914699885340e+00 1.799468636805881495e-03 1.531019955654101921e+02 2.719105476848075753e+01
3.474737530089159865e+00 1.798535080277152308e-03 1.492713004484304804e+02 2.483711258005494571e+01
3.481027808853469629e+00 1.828779808500339806e-03 1.497466063348416299e+02 2.906590134636383738e+01
3.487370903609774420e+00 1.855504762412056021e-03 1.450113122171945577e+02 3.003331313103819511e+01
3.493710577164840458e+00 1.791815171782784382e-03 1.397777777777777715e+02 3.175902503434455326e+01
3.499981309375833849e+00 1.817721919481020843e-03 1.362267303102625249e+02 3.561306534506238108e+01
3.506294281862427642e+00 1.840208171226962808e-03 1.289088729016786488e+02 3.689233301263969622e+01
3.512643170548069183e+00 1.819719049123772565e-03 1.233832923832923854e+02 3.730047953004065420e+01
3.518887929185086527e+00 1.780316295825717758e-03 1.197076923076923123e+02 3.680183888296416228e+01
3.525201780775713889e+00 1.871585280235478531e-03 1.185682382133995105e+02 3.703808789015934622e+01
3.531587235286628879e+00 1.812415240060859375e-03 1.169817708333333286e+02 3.591054620246017492e+01
3.537791204901774123e+00 1.765649031450039182e-03 1.170844686648501352e+02 3.448829781948018791e+01
3.544104483213670331e+00 1.881636984785636617e-03 1.155364583333333286e+02 2.952942679740848320e+01
3.550526160049383151e+00 1.823753900979235669e-03 1.149508196721311464e+02 2.147727643829690081e+01
3.556826252644191833e+00 1.805941154371571225e-03 1.154929577464788792e+02 1.333408481648722343e+01
3.563110991539715666e+00 1.831382697511484874e-03 1.193210227272727337e+02 1.067016409712165981e+01
3.569418747584309326e+00 1.819035597463529485e-03 1.226511627906976685e+02 9.839229546800654091e+00
3.575721219182565580e+00 1.815191134896390569e-03 1.263531157270029723e+02 1.466857724155397058e+01
3.582041784633743120e+00 1.836067019019354488e-03 1.285075075075075119e+02 1.826381074691741446e+01
3.588351193306853926e+00 1.816205673054769026e-03 1.270650154798761662e+02 1.690903542244958047e+01
3.594644124218077774e+00 1.816162507538995278e-03 1.236025236593059873e+02 1.180941191567585236e+01
3.600965899690116157e+00 1.832434222657099978e-03 1.207827476038338688e+02 8.713767444796500783e+00
3.607301933810233674e+00 1.823864462282996299e-03 1.187278688524590109e+02 8.833457445307264067e+00
3.613589615564896995e+00 1.801875725405921403e-03 1.157322033898305023e+02 9.639884708359460319e+00
3.619872304563952703e+00 1.819848024125704684e-03 1.128384879725085881e+02 1.107956966652880837e+01
3.626184481674183946e+00 1.827760715362539709e-03 1.095824561403508710e+02 1.189882711849942964e+01
3.632455309189269510e+00 1.797655079431180383e-03 1.048941605839416127e+02 1.332453212192888792e+01
3.638754857574894697e+00 1.841922947680418475e-03 1.003284671532846772e+02 1.490245245375209926e+01
3.645110863435991444e+00 1.833895812584415653e-03 9.512030075187969658e+01 1.614283875733935858e+01
3.651399341121458253e+00 1.797724079201825547e-03 8.979215686274510233e+01 1.658794465049232159e+01
3.657684783062496781e+00 1.823089633617003442e-03 8.454365079365079794e+01 1.630330859059755610e+01
3.663989311092172851e+00 1.817352227903809700e-03 7.926229508196720985e+01 1.362291876266177049e+01
3.670338462676961733e+00 1.852037082036360515e-03 7.660330578512396471e+01 1.083812536418267314e+01
3.676667454351053799e+00 1.802731285318214709e-03 7.658515283842794474e+01 7.975994187935353530e+00
3.682957402673964431e+00 1.831301914300888494e-03 7.852212389380531476e+01 6.253817066055330720e+00
3.689264510226057059e+00 1.810576500315507495e-03 8.152995391705069039e+01 5.291322020592276409e+00
3.695607159299667099e+00 1.851070780809128090e-03 8.385116279069767131e+01 3.972632172984053689e+00
3.701906411334345837e+00 1.786914693256676148e-03 8.564676616915423324e+01 3.694534866730597500e+00
3.708163258087520564e+00 1.825159420261267002e-03 8.628140703517587440e+01 4.073768650823065052e+00
3.714507337749332283e+00 1.833043865117713490e-03 8.473575129533678307e+01 4.285328064271475057e+00
3.720870273368275249e+00 1.842023606415223082e-03 8.418716577540106982e+01 4.270678767098416984e+00
3.727157013165883104e+00 1.785929560704693081e-03 8.377714285714286291e+01 4.375311067658562258e+00
3.733414267292576749e+00 1.823616893326991065e-03 8.355232558139535115e+01 3.702671407828910244e+00
3.739747614563589284e+00 1.832601406324968355e-03 8.309638554216867590e+01 4.055008963241968800e+00
3.746091684029914770e+00 1.828992002129592063e-03 8.221383647798742800e+01 4.228492301764076977e+00
3.752406222021260618e+00 1.812401454337024109e-03 8.141059602649006877e+01 4.578927867212996716e+00
3.758712131096641595e+00 1.823143945980814458e-03 8.027586206896552312e+01 5.986906045299506651e+00
3.765000355804634324e+00 1.809969724265664184e-03 7.852554744525546937e+01 6.717819277826631463e+00
3.771324791207556704e+00 1.846593531196991230e-03 7.578195488721804907e+01 7.417951527327371508e+00
3.777640884128447674e+00 1.800430178895984180e-03 7.291056910569105298e+01 6.992985352508084951e+00
3.783890033752419058e+00 1.812352582976840126e-03 6.963247863247863734e+01 5.763745413801705020e+00
3.790205950757557840e+00 1.839564216382759279e-03 6.833035714285713880e+01 3.956354679112927819e+00
3.796547481197723339e+00 1.823144808823023381e-03 6.813461538461538680e+01 3.458893220047750461e+00
3.802839460639445335e+00 1.822115437231795494e-03 6.689690721649483862e+01 2.931988487096851337e+00
3.809162628389719529e+00 1.835235423465040759e-03 6.582417582417582480e+01 2.641617447016979092e+00
3.815477698903783743e+00 1.813833779597889004e-03 6.587951807228915868e+01 3.568055558341520772e+00
3.821777178949230969e+00 1.830898415393102585e-03 6.600000000000000000e+01 3.243374865704012677e+00
3.828076951026545771e+00 1.795694771849016581e-03 6.466666666666667140e+01 3.554951639533270313e+00
3.834316772867639944e+00 1.791896653628349866e-03 6.448387096774193594e+01 3.032000675417736879e+00
3.840583618544390898e+00 1.820001018717854217e-03 6.442857142857143060e+01 3.162680986190065102e+00
3.846911872181034475e+00 1.824281646184678762e-03 6.406122448979591866e+01 3.401312924836729756e+00
3.853313008086272973e+00 1.880829953221405115e-03 6.423255813953488769e+01 4.879732590710432305e+00
3.859656947796285653e+00 1.787945514535103963e-03 6.135294117647058698e+01 4.162570073809829019e+00
3.865825284683709118e+00 1.773175751446867720e-03 5.833333333333333570e+01 3.476552854924892522e+00
3.872064552013789740e+00 1.858490478498285668e-03 5.838095238095237960e+01 4.924831799561102841e+00
3.878243048288448236e+00 1.738115315901965106e-03 5.415384615384615330e+01 2.569737398229241077e+00
3.884441558101385361e+00 1.990091083924331716e-03 5.285714285714285410e+01 3.288818409491811146e+00
