# q qerr I(q) I(q)err
6.111313073595031620e-02 3.154100855865873791e-03 4.985000000000000000e+02 1.767685020480926141e+02
6.800242608866982619e-02 2.110752812487300123e-03 6.316666666666666288e+02 9.862132967399428196e+01
7.478812129850326285e-02 1.894856213165734514e-03 6.268888888888889142e+02 1.347168956564418636e+02
8.081736842982174818e-02 1.577734731020807597e-03 6.741111111111110858e+02 1.185565968922297770e+02
8.706192866790804508e-02 2.018057842609979804e-03 6.596923076923077360e+02 1.237840742640995728e+02
9.311361532868518698e-02 1.734318039620741251e-03 6.874166666666666288e+02 1.170300293846745063e+02
9.924832822165428892e-02 1.939409616079583844e-03 6.774375000000000000e+02 1.618223128542537950e+02
1.056867454532435108e-01 2.068262530006435406e-03 6.246250000000000000e+02 1.869931204171247714e+02
1.120935416356093062e-01 1.699923986068800717e-03 6.147692307692307168e+02 1.955400199659497105e+02
1.177168722532570266e-01 1.903764278506084144e-03 6.053437500000000000e+02 2.008888500592429693e+02
1.242406998858587575e-01 2.007415885574503726e-03 5.940000000000000000e+02 1.811169708858259924e+02
1.307844605212421796e-01 1.948859987027574741e-03 5.993571428571428896e+02 1.490114791496525868e+02
1.372938405551752672e-01 1.976444694498947011e-03 5.984516129032258505e+02 1.484485496873121519e+02
1.433626874055373979e-01 1.479129257371093872e-03 5.836000000000000227e+02 1.339993432819728412e+02
1.497414395840910573e-01 2.132896554945924294e-03 6.015135135135135442e+02 1.383097538876158978e+02
1.562016171858009728e-01 1.470810848565314282e-03 6.008148148148147811e+02 1.296372272905760497e+02
1.620883487451751925e-01 1.817360580555445800e-03 6.116969696969697452e+02 1.286946899927235961e+02
1.684939590642719198e-01 1.975568076388520972e-03 6.098918918918918735e+02 1.335568974267359010e+02
1.749358117034872373e-01 1.810730169671130639e-03 6.212285714285713993e+02 1.278380001631529410e+02
1.813634234827302405e-01 1.982290824745188643e-03 6.315609756097560421e+02 1.292042869613272842e+02
1.877608813777307539e-01 1.710969833005861022e-03 6.371351351351351013e+02 1.373853782159985144e+02
1.936838392192468117e-01 1.708352888559126238e-03 6.418947368421053170e+02 1.338327190036139029e+02
1.998200724089964908e-01 1.901042836663710675e-03 6.515813953488371908e+02 1.317799475263132365e+02
2.064988844748374130e-01 2.083185659227047067e-03 6.475833333333333712e+02 1.567710146732063095e+02
2.131062600015138364e-01 1.923054290541973939e-03 6.663191489361702224e+02 1.355639545949558737e+02
2.193208008558340527e-01 1.649587748772136844e-03 6.690465116279069662e+02 1.411498423240411739e+02
2.255197753110727010e-01 1.943898002345461392e-03 6.798039215686274019e+02 1.364464876172465893e+02
2.319084130262620835e-01 1.853433278599466881e-03 6.868400000000000318e+02 1.380050404876575385e+02
2.380456302514551703e-01 1.717913041466973250e-03 6.929583333333333712e+02 1.392419114197781198e+02
2.441826744061198484e-01 1.910984005326162374e-03 6.999454545454545951e+02 1.344956087027772469e+02
2.508567628905887248e-01 1.865639566994751813e-03 6.469354838709676869e+02 1.887566566832747412e+02
2.571616352083493928e-01 2.042758540577210586e-03 6.287317073170731874e+02 1.927925344315493987e+02
2.636090936505812721e-01 1.759536909171210452e-03 6.346883116883117282e+02 1.769189853405359827e+02
2.696276322290375727e-01 1.767913466712890637e-03 6.424624999999999773e+02 1.680486666861715719e+02
2.756934411426098519e-01 1.847457432374286813e-03 6.571547619047619264e+02 1.595263130578248081e+02
2.820483295007140123e-01 1.942127748479487680e-03 6.635280898876404763e+02 1.571776961857512447e+02
2.885873542857223528e-01 1.999902870285049771e-03 6.762421052631578959e+02 1.525004805405443733e+02
2.950059364807982032e-01 1.753155416080761590e-03 6.830000000000000000e+02 1.494106639822871045e+02
3.012776628394395750e-01 1.916275679195857595e-03 6.959578947368421495e+02 1.468901411715816892e+02
3.076468654533095481e-01 1.858480647863890167e-03 7.010430107526881329e+02 1.444462496663166746e+02
3.139397285054469910e-01 1.849733180513128640e-03 7.091914893617021107e+02 1.411287229190961341e+02
3.202097007249891103e-01 1.889977811219999311e-03 7.113775510204081911e+02 1.390533009009922694e+02
3.264390569218261762e-01 1.757358001834326191e-03 7.180107526881720332e+02 1.356353032358130690e+02
3.326951465344144543e-01 1.930481388006281569e-03 7.340384615384615472e+02 1.291985608329356410e+02
3.390239669727912464e-01 1.785238221274862988e-03 7.330408163265306030e+02 1.273190143049412626e+02
3.452290355408559885e-01 1.822729964848564038e-03 7.441568627450980102e+02 1.254772710868395933e+02
3.515217579766085620e-01 1.894166946962649433e-03 7.506000000000000227e+02 1.209938133011058596e+02
3.581115149106128270e-01 1.984833837990382030e-03 7.619292035398229928e+02 1.165306508667671608e+02
3.646365217867122976e-01 1.807385512883236643e-03 7.744766355140186533e+02 1.144786299375417542e+02
3.707522342694583029e-01 1.646676631311451595e-03 7.784099999999999682e+02 1.144981484566453673e+02
3.768404479121448269e-01 1.835047814059704218e-03 7.913783783783783292e+02 1.108461918905426984e+02
3.831651369708888866e-01 1.834489868729198949e-03 7.892522522522522195e+02 1.079038690114972496e+02
3.894643253735652899e-01 1.853753096359237081e-03 7.903274336283185448e+02 1.040311905402209618e+02
3.958807651630259494e-01 1.912159574900255954e-03 7.881833333333332803e+02 9.917787681736284355e+01
4.022473572087105209e-01 1.746533598099251966e-03 7.907207207207206920e+02 9.432544119390057347e+01
4.083991683103055381e-01 1.862831917861469243e-03 7.972016806722689353e+02 8.909924413493240536e+01
4.147868792651558945e-01 1.850918924272050396e-03 7.976942148760330156e+02 8.501907322056258920e+01
4.211381020132339281e-01 1.813003092898375071e-03 8.052148760330578625e+02 7.978440101578576105e+01
4.273404438934948479e-01 1.765577699919095717e-03 8.085378151260504183e+02 7.509770205656738540e+01
4.337195733954657406e-01 1.911235613422362228e-03 8.178153846153845734e+02 7.206692320418808606e+01
4.400834723796714920e-01 1.795304431444431784e-03 8.215887096774193878e+02 7.191996071480826913e+01
4.463380503116383125e-01 1.781136916513354146e-03 8.221984126984126533e+02 7.054505697954974153e+01
4.525475293404462862e-01 1.782735370135076804e-03 8.216299212598424901e+02 6.851410776158384408e+01
4.588781844142776345e-01 1.863542184770878652e-03 8.170970149253731734e+02 6.744842340306348660e+01
4.652813857520213814e-01 1.809454061223974295e-03 8.137443609022556075e+02 6.647013307655461745e+01
4.715886271752884884e-01 1.786725641485754782e-03 8.037835820895522829e+02 6.524606166776946736e+01
4.778700308571910971e-01 1.749120838384908864e-03 8.006691729323308664e+02 6.270806646568144771e+01
4.841075358786299798e-01 1.812598873705853009e-03 7.954275362318840052e+02 6.022200491578184511e+01
4.904685449060671165e-01 1.813034819841214708e-03 7.881571428571428442e+02 5.838962114231309641e+01
4.967988078032400945e-01 1.775169993053363985e-03 7.896737588652482600e+02 5.630997459394458815e+01
5.030461340587593089e-01 1.710738770771227935e-03 7.869637681159420026e+02 5.470366695500294441e+01
5.093789740337634209e-01 1.844995629980458740e-03 7.880939597315435776e+02 5.150609389393979143e+01
5.157895609665918979e-01 1.772173611217854692e-03 7.844589041095890707e+02 4.938614360662331393e+01
5.220653538623039047e-01 1.710912446064493482e-03 7.847272727272727479e+02 4.811794156095595554e+01
5.282420832211931483e-01 1.776221308977217429e-03 7.845000000000000000e+02 4.564429895427277728e+01
5.345849814872509764e-01 1.797460663252185451e-03 7.830526315789473983e+02 4.431189037728885438e+01
5.409400198384390901e-01 1.769240412124692928e-03 7.853594771241830585e+02 4.506093102462314448e+01
5.471612929737256215e-01 1.671871176479489780e-03 7.838581081081081265e+02 4.511440999329479240e+01
5.535187503546902255e-01 1.843477994232445120e-03 7.872160493827160508e+02 4.297577944918923265e+01
5.599303633336802921e-01 1.774845713676194252e-03 7.920573248407642950e+02 4.600640646341446427e+01
5.661980099607780703e-01 1.715649351238413218e-03 8.021688311688311614e+02 3.968445173145068594e+01
5.724333289920446877e-01 1.764199560704661452e-03 8.102124999999999773e+02 4.188011069559154009e+01
5.786575496797814466e-01 1.687338640378493104e-03 8.197142857142856656e+02 4.218259187762073026e+01
5.849918082512260975e-01 1.882166412490617838e-03 8.350872093023256184e+02 4.260232408974285789e+01
5.913559560974818163e-01 1.673563701773732749e-03 8.466433121019108512e+02 4.584706429416924323e+01
5.976003341774964728e-01 1.789272139650604403e-03 8.621656804733727313e+02 4.698064102298189937e+01
6.039710484280985670e-01 1.760471037718898532e-03 8.751666666666666288e+02 4.698217113716547999e+01
6.103455122609070527e-01 1.778153705054047679e-03 8.833684210526315610e+02 4.764225591942543758e+01
6.165941547084902163e-01 1.709282904712068618e-03 8.833413173652694468e+02 4.751116390884697438e+01
6.227886440901039267e-01 1.708031916550016484e-03 8.783333333333333712e+02 4.639309694819310437e+01
6.292222757675741684e-01 1.895555695838723603e-03 8.654598930481283787e+02 4.299918598227822741e+01
6.355837393651907474e-01 1.609918394456906487e-03 8.479393939393939945e+02 3.978756721704035471e+01
6.417201133152361514e-01 1.735489606861494215e-03 8.329606741573034014e+02 3.476952086038865986e+01
6.480234646877054416e-01 1.746502386866512820e-03 8.141123595505617914e+02 3.204174464387440935e+01
6.543745591304535036e-01 1.808595843625667669e-03 7.973097826086956275e+02 3.041708724709441469e+01
6.607410482875138991e-01 1.776914150084337417e-03 7.801684782608696196e+02 2.911707492962620947e+01
6.669765730033264672e-01 1.670208017253243388e-03 7.657386363636363740e+02 2.812226915116814752e+01
6.731673103258457580e-01 1.796482171393593615e-03 7.559468085106383342e+02 2.740005191927222938e+01
6.795850853652600776e-01 1.822834825668488831e-03 7.465654450261780539e+02 2.582233877888509355e+01
6.858902177354958551e-01 1.747430487391250960e-03 7.401290322580645125e+02 2.385473874363809799e+01
6.921278880332987216e-01 1.765781770802452586e-03 7.333809523809524080e+02 2.275356270504104828e+01
6.985070946107704293e-01 1.847715388967816497e-03 7.299545454545454959e+02 2.218159049394652627e+01
7.048037128132643714e-01 1.757666077632949074e-03 7.253544973544973118e+02 2.217613512715402280e+01
7.109847861020758275e-01 1.767854622430342420e-03 7.209687500000000000e+02 2.292978199512044668e+01
7.172345948602801835e-01 1.822657136245004524e-03 7.173080808080808310e+02 2.405942927687322452e+01
7.236608500653414211e-01 1.906739358311473767e-03 7.138634146341463520e+02 2.377270817087345023e+01
7.299519259881649402e-01 1.814756391122580772e-03 7.115000000000000000e+02 2.369346116633904131e+01
7.362298620906445601e-01 1.872001608046580190e-03 7.077745098039215463e+02 2.258354879726289255e+01
7.427109241448597299e-01 1.961252361706546793e-03 7.043364485981308007e+02 2.225532721583301665e+01
7.489749171607754663e-01 1.795506848231544564e-03 6.996102564102563974e+02 2.226760205431151007e+01
7.553119902396251417e-01 1.968290517240121971e-03 6.983652968036529955e+02 2.085623123956763436e+01
7.617428847945948434e-01 1.878647625832918257e-03 6.931352657004830462e+02 3.005625545395606224e+01
7.679897535333021219e-01 1.889655825210407886e-03 6.925598086124401789e+02 1.489164407184355809e+01
7.742716946001383382e-01 1.890740870187222538e-03 6.875680751173708813e+02 2.467534084756004020e+01
7.806130493972306406e-01 1.874127862848933099e-03 6.857358490566037972e+02 2.253539599438424545e+01
7.869955317179381238e-01 1.962138593108325030e-03 6.830401785714285552e+02 2.249778546358076525e+01
7.933337815560531636e-01 1.823456314192357453e-03 6.809476190476190141e+02 2.295226635023750816e+01
7.995722808394026826e-01 1.873920736445982161e-03 6.797466063348416583e+02 2.252194069110390728e+01
8.059029702364099990e-01 1.855844282913126459e-03 6.778310502283104597e+02 2.351552289307198507e+01
8.122482529694946551e-01 1.899897789708842157e-03 6.753259911894273273e+02 2.274385259860757813e+01
8.185971333973350861e-01 1.831057107996742058e-03 6.726816143497758276e+02 2.300585577953592420e+01
8.248840800988579414e-01 1.805078930334647752e-03 6.713183856502241724e+02 2.292292730941371559e+01
8.311527541867054225e-01 1.843524136775542745e-03 6.697379912663755022e+02 2.330639073734841915e+01
8.375116084758876811e-01 1.829773299230467044e-03 6.693434782608695741e+02 2.411324809019633619e+01
8.438261475186588090e-01 1.817550564165925373e-03 6.686034482758620925e+02 2.456782665237052399e+01
8.500843452560248314e-01 1.755513946144033992e-03 6.671061946902655109e+02 2.509332646907807174e+01
8.563647400134730692e-01 1.844487251387733453e-03 6.665892116182573091e+02 2.478295167282408329e+01
8.626696591174244366e-01 1.710203360544058351e-03 6.647763157894736423e+02 2.579884809928983813e+01
8.689830853488446083e-01 1.844123492424595270e-03 6.648089430894308407e+02 2.607936832651690295e+01
8.753179752476163422e-01 1.741457950302257533e-03 6.652382978723404676e+02 2.840002199707129549e+01
8.815756228481118617e-01 1.752464905610253906e-03 6.669543568464730470e+02 3.110159048395048842e+01
8.877944678552249780e-01 1.716242394594354789e-03 6.677974683544304071e+02 3.442879743199524967e+01
8.941407927930166144e-01 1.839522330085644050e-03 6.662924901185771205e+02 3.543332257495710280e+01
9.005003621585947471e-01 1.752218829319661820e-03 6.647020408163265301e+02 3.775830499375820892e+01
9.067627482844141662e-01 1.720498064613873055e-03 6.630450819672131502e+02 4.066060793476032842e+01
9.130278025298368405e-01 1.789374596252915357e-03 6.613730158730159019e+02 4.220350872740328185e+01
9.193563827426239898e-01 1.786117629316656989e-03 6.609444444444444571e+02 4.544900188658460394e+01
9.256709965929463824e-01 1.773964252230773864e-03 6.602823529411764412e+02 4.695312443157502713e+01
9.319487846442510159e-01 1.740175819907428248e-03 6.595720000000000027e+02 4.842192792526960687e+01
9.382375230166524194e-01 1.835219923763222079e-03 6.568740458015266768e+02 4.699097353460524573e+01
9.445114335627492475e-01 1.754301698834087597e-03 6.533320158102766300e+02 4.636491461295053540e+01
9.507739483173833772e-01 1.796477233495237351e-03 6.542145593869731783e+02 4.512970660795377853e+01
9.571000001339345920e-01 1.844157663989784944e-03 6.684943396226415189e+02 4.625739046914889485e+01
9.634651872700409347e-01 1.860525514413665987e-03 7.230714285714285552e+02 6.478659920974658348e+01
9.697902983397413967e-01 1.869026222830578836e-03 8.736766917293233519e+02 1.336707585821465329e+02
9.761731987705594138e-01 1.898719003246270758e-03 1.130228782287822924e+03 2.364392844236063240e+02
9.824546988499620603e-01 1.850375251942234242e-03 1.460996226415094270e+03 3.360935516239760545e+02
9.887603507672997338e-01 1.885371791598095068e-03 1.710261029411764639e+03 4.005710295753773380e+02
9.951547945742836854e-01 1.923480157877882840e-03 1.850950177935942975e+03 4.376269322836886317e+02
1.001497743307979915e+00 1.816985016266823736e-03 1.890486891385767876e+03 4.805378821134806344e+02
1.007730073445106012e+00 1.872875193246743668e-03 1.910269784172661957e+03 5.029205031647583723e+02
1.014110590476311025e+00 1.881534321868284657e-03 1.922180851063829778e+03 5.045764952565806993e+02
1.020442888611849064e+00 1.823625195420996601e-03 1.970953405017921114e+03 5.315338235213306461e+02
1.026691701700078063e+00 1.782759485576686145e-03 1.962072463768115995e+03 5.510420978131138554e+02
1.033057845114525142e+00 1.884320384582664851e-03 1.893173469387755176e+03 5.479644314346063538e+02
1.039437792018165441e+00 1.793463056649077922e-03 1.786176678445229754e+03 5.634470491385006881e+02
1.045681248368910410e+00 1.745618337461533540e-03 1.521705673758865260e+03 4.776057540482368609e+02
1.051944871571292683e+00 1.801987856022948175e-03 1.169241379310344882e+03 3.682770150440430825e+02
1.058324809813473877e+00 1.829265674919061668e-03 9.075723905723905318e+02 2.571300570051380419e+02
1.064596602572098316e+00 1.714864743882408334e-03 7.530704225352112644e+02 1.766130853259506353e+02
1.070868750588993112e+00 1.792957436204007347e-03 6.614208754208754044e+02 1.017685664436023103e+02
1.077195490251847465e+00 1.798916779777443367e-03 6.112976588628762329e+02 5.315358594736359521e+01
1.083505800573759448e+00 1.740543057611223946e-03 5.928225255972696459e+02 3.743005280190090645e+01
1.089676915900379850e+00 1.748165881083384946e-03 5.851938775510203641e+02 3.360126044653272004e+01
1.096052400832523421e+00 1.863573573199493825e-03 5.810766773162939671e+02 3.331317349794093730e+01
1.102364289960501065e+00 1.744372504095847640e-03 5.793186440677966402e+02 3.451019825204682689e+01
1.108625070827478076e+00 1.829094711995288541e-03 5.743387622149837171e+02 3.414021230257187511e+01
1.114924075445366869e+00 1.842999932655674591e-03 5.553928571428571104e+02 5.386011394195564606e+01
1.121282665432693726e+00 1.762017027877181303e-03 5.647404580152672224e+02 4.420601888154106973e+01
1.127553932619258736e+00 1.851826979229859085e-03 5.656579925650557925e+02 4.054380316552360597e+01
1.133905639228342421e+00 1.803927404845938115e-03 5.637999999999999545e+02 3.945961449977165358e+01
1.140144523104706709e+00 1.820967272376473748e-03 5.619527559055118218e+02 4.280533605280525933e+01
1.146455214771981312e+00 1.831860927088285957e-03 5.607051792828684711e+02 4.164892581685712969e+01
1.152869066430118439e+00 1.902391342003174283e-03 5.610115830115829567e+02 4.107202341578864946e+01
1.159252377890596986e+00 1.791659613503928782e-03 5.580414937759336453e+02 4.135012062057580806e+01
1.165575291556828930e+00 1.872439892399787795e-03 5.613984063745019739e+02 3.860555240338125316e+01
1.171828433925186763e+00 1.747387590499659572e-03 5.578311688311688386e+02 4.212546950183446626e+01
1.178029580193284076e+00 1.845903894892485285e-03 5.585925925925926094e+02 4.093683075395580317e+01
1.184400904434957269e+00 1.829516060217846983e-03 5.564435146443514668e+02 4.096888455809469320e+01
1.190737654720273042e+00 1.816225366119703435e-03 5.576160337552743158e+02 4.170752469853420052e+01
1.196977477342464180e+00 1.780548390738201196e-03 5.568558951965065944e+02 4.121427130390812721e+01
1.203312963818603976e+00 1.874247930763579166e-03 5.582603305785123666e+02 4.251683475542814961e+01
1.209645773529357093e+00 1.750259837788138012e-03 5.558849557522123632e+02 4.451920604753796340e+01
1.215952225700388523e+00 1.837678281197498587e-03 5.572415254237288309e+02 4.351312263472799913e+01
1.222254898926581568e+00 1.775628514659025698e-03 5.337340823970037036e+02 6.571986439826648052e+01
1.228537298751265050e+00 1.780223345631782141e-03 5.446195652173912549e+02 4.888509426925477896e+01
1.234759587745337228e+00 1.795376270296014523e-03 5.427777777777778283e+02 4.649627109571746075e+01
1.241110555825225781e+00 1.895169703334604900e-03 5.436006711409396530e+02 4.358587452578598231e+01
1.247523323486311897e+00 1.874537877840588536e-03 5.418074324324323925e+02 4.282379954775562680e+01
1.253854431820907944e+00 1.857283623330970761e-03 5.415268456375838468e+02 4.346385569583203079e+01
1.260138295168494293e+00 1.856490137450314505e-03 5.384252491694352329e+02 4.576293068741628645e+01
1.266501421045549414e+00 1.881588491645209797e-03 5.391929260450160655e+02 4.415777097525092643e+01
1.272807251993681055e+00 1.824447191781883651e-03 5.369573770491803089e+02 4.435281066661376315e+01
1.279100636071537789e+00 1.831925956271344968e-03 5.375636942675158707e+02 4.427033304512728051e+01
1.285385940199903265e+00 1.796864974607813087e-03 5.366025641025640880e+02 4.398350945761102082e+01
1.291734086560349049e+00 1.833790085687247952e-03 5.376012269938649979e+02 4.354546882304755684e+01
1.297999116585571544e+00 1.712347548001254965e-03 5.368122977346278049e+02 4.407003566942080397e+01
1.304332283077917598e+00 1.862331657852500611e-03 5.388466076696165601e+02 4.357175853924229614e+01
1.310629912671008812e+00 1.689758514739712848e-03 5.362211538461538112e+02 4.405954455585564489e+01
1.316859893871710430e+00 1.807323329610554348e-03 5.364955223880597259e+02 4.429966607488344721e+01
1.323169508333509325e+00 1.772103529485381237e-03 5.361762917933131121e+02 4.374608801851140782e+01
1.329416719622044551e+00 1.761213072716576004e-03 5.381510574018126363e+02 4.521745372543456654e+01
1.335676763851219473e+00 1.808340606324402439e-03 5.358779761904761472e+02 4.353241386079595543e+01
1.342102166253144047e+00 1.916040745002256648e-03 5.366338028169013796e+02 4.403798066806839984e+01
1.348432554966731090e+00 1.804515701739407276e-03 5.343444108761328835e+02 4.430459939334544117e+01
1.354697325729501189e+00 1.895450207138361931e-03 5.360113314447592074e+02 4.715672038677464428e+01
1.361035554581970564e+00 1.836151892644552735e-03 5.360000000000000000e+02 4.627270027454280665e+01
1.367445372286436589e+00 1.911657172750392099e-03 5.414958904109588502e+02 4.406392429081781614e+01
1.373833054624600258e+00 1.794265400870382644e-03 5.486579710144927731e+02 4.332888378105585758e+01
1.380048052911932777e+00 1.791287036868802413e-03 5.678974358974359120e+02 4.622126288641840119e+01
1.386332670155489666e+00 1.806335848089170130e-03 5.865308988764045353e+02 4.783671874349160902e+01
1.392624520144640332e+00 1.796075039907524609e-03 6.048222222222221944e+02 5.248252207599010433e+01
1.398923000198597277e+00 1.771229759338340285e-03 6.118230337078651928e+02 5.223068091200565277e+01
1.405184482923453881e+00 1.808998902686751115e-03 6.160625000000000000e+02 5.382185856359041054e+01
1.411475199677901360e+00 1.734371386327675756e-03 6.196601123595505669e+02 5.585383044683587883e+01
1.417706081410672780e+00 1.817237095201347432e-03 6.220510752688171578e+02 5.562605757470321777e+01
1.424046144262549829e+00 1.816956160244514703e-03 6.241111111111110858e+02 5.832245091419221694e+01
1.430457268966005335e+00 1.925855730949348329e-03 6.242365038560411676e+02 5.752858858202008463e+01
1.436865665354877475e+00 1.843763745384080412e-03 6.259758064516129252e+02 5.848321967919002162e+01
1.443084111958556903e+00 1.831535442318516687e-03 6.232096774193548754e+02 6.171506793143371539e+01
1.449466238371406979e+00 1.910439897345804971e-03 6.254734177215190130e+02 5.688576036597099517e+01
1.455780432464144347e+00 1.769262236301017126e-03 6.280297297297297519e+02 5.669121440830479486e+01
1.462109939136078340e+00 1.873282905934200038e-03 6.326516290726816578e+02 5.897336444922904519e+01
1.468414112563870999e+00 1.734923018383166060e-03 6.287706666666666706e+02 6.208924862378886189e+01
1.474680891373796765e+00 1.804015195942032307e-03 6.173451776649745852e+02 6.280669726112680706e+01
1.480924591063775386e+00 1.742163032935032654e-03 5.934986945169712271e+02 6.245560821494022008e+01
1.487138550370334267e+00 1.742602934721402272e-03 5.781259640102828143e+02 5.933017183346036916e+01
1.493462591150057195e+00 1.833511633313982111e-03 5.665742574257425304e+02 5.584724007590416761e+01
1.499809278721849770e+00 1.805357266360340307e-03 5.599647355163727980e+02 5.350188845351684108e+01
1.506175762378094918e+00 1.888906516140883814e-03 5.575183374083129593e+02 5.029802697785619614e+01
1.512543466733061504e+00 1.879653113941155348e-03 5.560318627450980102e+02 5.308568309002859564e+01
1.518927121842702510e+00 1.865813122140227640e-03 5.568431372549019898e+02 5.265324980942810384e+01
1.525176469146275027e+00 1.826629940430822378e-03 5.579305210918114426e+02 5.156864381667384833e+01
1.531416651941075235e+00 1.798854978931840659e-03 5.586039603960396107e+02 5.235614987527051056e+01
1.537728221615372926e+00 1.856986876758172280e-03 5.581536643026004185e+02 5.167884014639069079e+01
1.544096010846849332e+00 1.769518617434322075e-03 5.587372262773723151e+02 5.192021667353054681e+01
1.550405005344789089e+00 1.809055686031393537e-03 5.601843971631205932e+02 5.134286089667590858e+01
1.556696834359960313e+00 1.740139413919524446e-03 5.614708737864077648e+02 5.290516614888222335e+01
1.562969221032702194e+00 1.804120915253569534e-03 5.628820754716981583e+02 5.368296578693969678e+01
1.569251838380229191e+00 1.803338776033149233e-03 5.629522673031026443e+02 5.178761468610778707e+01
1.575556094315494926e+00 1.863019847936644557e-03 5.647832167832167443e+02 5.036578607025451504e+01
1.581892448177514066e+00 1.865480693804838323e-03 5.642222222222221717e+02 5.378874333413097730e+01
1.588269483401412163e+00 1.861295980786164313e-03 5.647142857142856656e+02 5.414469617391564071e+01
1.594574325321363339e+00 1.830133252637398044e-03 5.661018518518518476e+02 5.471220199510923976e+01
1.600916934751582588e+00 1.832077894544300927e-03 5.666833712984055182e+02 5.457125646207121150e+01
1.607201343968552854e+00 1.780442356845074459e-03 5.698240740740740193e+02 5.269093265044174501e+01
1.613445462524496721e+00 1.775524639999344866e-03 5.752155963302752752e+02 5.164662367938498022e+01
1.619730849749851931e+00 1.787630240083115185e-03 5.896455981941309119e+02 5.161515439955600471e+01
1.625979803600224649e+00 1.755895091839796123e-03 6.099425287356322087e+02 5.371721412798279260e+01
1.632226613292544926e+00 1.821174808670054370e-03 6.291454138702461023e+02 5.737273034141237815e+01
1.638606704061473573e+00 1.894452323361247963e-03 6.395010845986985260e+02 6.019550127940048867e+01
1.645050487946952522e+00 1.887301666918968484e-03 6.416260869565217035e+02 6.422449270440364444e+01
1.651415996904310735e+00 1.851783837096881687e-03 6.426315789473684390e+02 6.484219604402393600e+01
1.657788871265904573e+00 1.852242853945953917e-03 6.448812095032396883e+02 6.099033927912420694e+01
1.664006124760511351e+00 1.741113674427757210e-03 6.465941043083900013e+02 6.177210949904986848e+01
1.670281873961185770e+00 1.842366346193471905e-03 6.459471458773784889e+02 6.147626479182319059e+01
1.676541801276667298e+00 1.721555322686186195e-03 6.464215246636771326e+02 6.342866433553439975e+01
1.682793682471841024e+00 1.824670227224382997e-03 6.575168776371308468e+02 6.023634677062663201e+01
1.689107465299970467e+00 1.791603935857043455e-03 6.775878524945769641e+02 6.100565885039740976e+01
1.695415952935033443e+00 1.877357617877282179e-03 7.044822546972860664e+02 6.465198438086297017e+01
1.701806617780016628e+00 1.875253898477295287e-03 7.189895615866388425e+02 6.819240765766605250e+01
1.708145235544118012e+00 1.851238026496159058e-03 7.239536842105262622e+02 7.167078146103514769e+01
1.714469347376187613e+00 1.845626368464784459e-03 7.307412008281573890e+02 7.458019696338986648e+01
1.720739519194126599e+00 1.771881702320935673e-03 7.305641025641025408e+02 7.948226756259785475e+01
1.726990948287859817e+00 1.820993782645452704e-03 7.191040816326531058e+02 8.187063957441149853e+01
1.733361150263370787e+00 1.784216608021570085e-03 6.969132231404959157e+02 7.997498664477994623e+01
1.739571674833123582e+00 1.760427731239605715e-03 6.799077568134172225e+02 7.864910060055294139e+01
1.745887440247851030e+00 1.853392121839796862e-03 6.661082164328657882e+02 7.815741610648989024e+01
1.752250177420427102e+00 1.860925844240075020e-03 6.582429149797570744e+02 6.479046096626782969e+01
1.758607387389414800e+00 1.864192030273802104e-03 6.540860000000000127e+02 6.164536297240855589e+01
1.764972322429467777e+00 1.851098948525789619e-03 6.533740000000000236e+02 5.749992062603217136e+01
1.771273520234028620e+00 1.808016239517707931e-03 6.492479838709676869e+02 6.058884016346836887e+01
1.777586992161852564e+00 1.807004964737956481e-03 6.463801980198019237e+02 6.265463061088597385e+01
1.783840233931820451e+00 1.746107465683986813e-03 6.449816700610997486e+02 6.496851527460810871e+01
1.790071520275328565e+00 1.795583184790444783e-03 6.482244094488188466e+02 6.567785017347939913e+01
1.796393698957722052e+00 1.819993601147859141e-03 6.381462450592885034e+02 7.040093148793499722e+01
1.802712928873270393e+00 1.883216042231023422e-03 6.119386973180077121e+02 6.905270319132830537e+01
1.809114577024696358e+00 1.850157529878445435e-03 5.829631782945735949e+02 6.894913392440940925e+01
1.815345782948464493e+00 1.803540499391122600e-03 5.647411067193676217e+02 6.708598438248564833e+01
1.821700705453981772e+00 1.863872113208649628e-03 5.507910447761194064e+02 5.977603392208843047e+01
1.828034416566336029e+00 1.759461126105644731e-03 5.382854330708661337e+02 5.607791082025225649e+01
1.834289862490237510e+00 1.817049905439401892e-03 5.330753295668549754e+02 5.246352983370304912e+01
1.840620947190598100e+00 1.780340576699249600e-03 5.304249999999999545e+02 5.071772372652385030e+01
1.846876290479544158e+00 1.833628160635640113e-03 5.286691871455576575e+02 5.171120504948956409e+01
1.853225331533147280e+00 1.864396810776891523e-03 5.259666666666666970e+02 5.195370743315036322e+01
1.859586416204100923e+00 1.843230203276794224e-03 5.236000000000000227e+02 5.228977491582521253e+01
1.865884580336470755e+00 1.827085395033201023e-03 5.221787709497206151e+02 5.157719200499990819e+01
1.872200528994375501e+00 1.799198018262535481e-03 5.200166666666666515e+02 5.105862401612242252e+01
1.878453452628845000e+00 1.760356359008985331e-03 5.162335216572504351e+02 5.180917610332175371e+01
1.884712324747962020e+00 1.805687576808031941e-03 5.149671532846715536e+02 5.110645066046198792e+01
1.891113706724730337e+00 1.861939656346446982e-03 5.144082733812949755e+02 5.080171515783798952e+01
1.897400945427566432e+00 1.833350088909791505e-03 5.126966911764706083e+02 5.065565794162289137e+01
1.903772875545957088e+00 1.875180743362649160e-03 5.102852112676056322e+02 5.225725370813173498e+01
1.910018917854334752e+00 1.739883276586547947e-03 5.081587901701323062e+02 5.161107317361359748e+01
1.916236012056648175e+00 1.833205283437960029e-03 5.076912280701754412e+02 4.883759961069004163e+01
1.922638163561010805e+00 1.793373418488206777e-03 5.083571428571428328e+02 4.741275688362914309e+01
1.928888348891847349e+00 1.792288115248428593e-03 5.169694244604316964e+02 4.643172929112748903e+01
1.935240631371640818e+00 1.865766417879262265e-03 5.434117647058823195e+02 6.178508643813094636e+01
1.941608872090050619e+00 1.856644915843207438e-03 5.903356766256590618e+02 1.140527983478204277e+02
1.947917338414854704e+00 1.837601359788319485e-03 6.439562171628721217e+02 1.308621944770085292e+02
1.954236834815996637e+00 1.805754229573221887e-03 6.980279720279720550e+02 1.374411226799705901e+02
1.960488135501994522e+00 1.772905664188001006e-03 7.638637168141592610e+02 1.475506594864544070e+02
1.966755922696415082e+00 1.810201296061439468e-03 8.317555938037866099e+02 1.594929845921230367e+02
1.973091583736556354e+00 1.814240900008777741e-03 8.819931034482758605e+02 1.809499357581863990e+02
1.979420480567132490e+00 1.865397302840512408e-03 8.861782682512733800e+02 1.631179771373106462e+02
1.985762243830389018e+00 1.849873766110382307e-03 8.763779661016949376e+02 1.555521335656401618e+02
1.992143605840229093e+00 1.840662096304069391e-03 8.696616415410385343e+02 1.349443170307014555e+02
1.998372952698491245e+00 1.738412627792555948e-03 8.773760984182777065e+02 1.418193787467498055e+02
2.004614638405731508e+00 1.821010887715033720e-03 8.824403973509934076e+02 1.420005438772230093e+02
2.010981699228176822e+00 1.807963355431743604e-03 8.769427609427609696e+02 1.430077050303071644e+02
2.017216781415232862e+00 1.822968187424302972e-03 8.808313659359190524e+02 1.418272110261385421e+02
2.023555507756473748e+00 1.866836436713831520e-03 8.705723577235772837e+02 1.429440910800359177e+02
2.029945947492921121e+00 1.842053164818473936e-03 8.739095394736841627e+02 1.439152021786073306e+02
2.036236367431154548e+00 1.802040352124230577e-03 8.886198347107438167e+02 1.489700351577661763e+02
2.042538823796997693e+00 1.786279422623429517e-03 8.928587848932676252e+02 1.498529696166619374e+02
2.048720173306640469e+00 1.747373060808409071e-03 8.845983050847457889e+02 1.545977634664576783e+02
2.055017041239767028e+00 1.892889576395914968e-03 8.877824726134584807e+02 1.626658996468769374e+02
2.061465280497128294e+00 1.850343878148330047e-03 8.633189102564102768e+02 1.629107080806000454e+02
2.067778354784032935e+00 1.826644103880053095e-03 8.330789049919484341e+02 1.661808097642855557e+02
2.074107962816127415e+00 1.810449409964311413e-03 8.229238095238094957e+02 1.991934182737920196e+02
2.080392027050733006e+00 1.757304311173108879e-03 7.660423452768729931e+02 2.073552120000753973e+02
2.086560915145909245e+00 1.789004268885935290e-03 6.751410048622366276e+02 1.857775716172863554e+02
2.092907509218693285e+00 1.897916204239676529e-03 5.904161585365853853e+02 1.484786046675459943e+02
2.099341076602548206e+00 1.841856996552926774e-03 5.242468750000000455e+02 1.200682699070681281e+02
2.105598503643897335e+00 1.780460926307301031e-03 4.767731629392971513e+02 7.231852424767483001e+01
2.111872942412509335e+00 1.813036870717739954e-03 4.506419753086419746e+02 4.789026777221672404e+01
2.118179840511383194e+00 1.773074262998883873e-03 4.433102362204724614e+02 3.880391233016619879e+01
2.124489700938873238e+00 1.854176769044688739e-03 4.443363914373088619e+02 3.633332625498407964e+01
2.130866139955553962e+00 1.876679961187130126e-03 4.451497730711043914e+02 3.896938792848140309e+01
2.137196345481136905e+00 1.803165093871285981e-03 4.476904024767802071e+02 3.955436300800180049e+01
2.143477781291089013e+00 1.808033309626025679e-03 4.475419847328244032e+02 3.931501543667023668e+01
2.149749346762158453e+00 1.787076492040512573e-03 4.467112135176651577e+02 3.936165801762971483e+01
2.156014428448592479e+00 1.811767013668930289e-03 4.464855403348553864e+02 3.846468656959633847e+01
2.162388958755252943e+00 1.899773100682969557e-03 4.498102189781021707e+02 3.625226172025365656e+01
2.168776559916051561e+00 1.828625003914755194e-03 4.630405405405405190e+02 3.143038797417438701e+01
2.175079146577416189e+00 1.799027495536281414e-03 4.916000000000000227e+02 3.275281462213043682e+01
2.181358965593887422e+00 1.775037425494343461e-03 5.312168674698795030e+02 4.147328193409887120e+01
2.187625576602315824e+00 1.830837683859201127e-03 5.830118343195266561e+02 5.159708085923966792e+01
2.193923842198696850e+00 1.837507381709080519e-03 6.381762114537444859e+02 5.705160390240585144e+01
2.200310743338333541e+00 1.859271066102410235e-03 6.840975609756097811e+02 7.075568188159088834e+01
2.206637920896229677e+00 1.789161753318371274e-03 7.103155555555555338e+02 8.092789751306266055e+01
2.212855268310565560e+00 1.778695396750237757e-03 7.120574374079528752e+02 8.398024539240539355e+01
2.219155297956861617e+00 1.826812665150635666e-03 7.129266187050359349e+02 8.662408809965826606e+01
2.225534449623195243e+00 1.883537061579874895e-03 7.128589562764457241e+02 8.899863515049830198e+01
2.231816049321749151e+00 1.789850136339156059e-03 7.131160058737151530e+02 8.939313221625572226e+01
2.238124350048766420e+00 1.838516226422660244e-03 7.168170391061452165e+02 8.652252789895332796e+01
2.244461256680506001e+00 1.769483755913013904e-03 7.207887120115774451e+02 8.636556052257593308e+01
2.250672411056880762e+00 1.815340560525242463e-03 7.221348637015781833e+02 8.347954377624516553e+01
2.256976265699253581e+00 1.875232856265233962e-03 7.165000000000000000e+02 8.624096958090245835e+01
2.263404067221236105e+00 1.844596500685106652e-03 7.119297520661157250e+02 9.861249080681002965e+01
2.269740131332425914e+00 1.784620609829179342e-03 7.102630834512023057e+02 9.685524369566091707e+01
2.275928662030326066e+00 1.770462641505800294e-03 7.083333333333333712e+02 1.018736322218378803e+02
2.282234771450446509e+00 1.859120215862977580e-03 7.069728997289972767e+02 1.040658043777022783e+02
2.288651494096741512e+00 1.861574731480084791e-03 7.019511533242877022e+02 9.555843291578308651e+01
2.294929189507614264e+00 1.787386468760323059e-03 7.063637640449437640e+02 8.498604601983103635e+01
2.301123790424945526e+00 1.773889529887621910e-03 7.029583333333333712e+02 8.288272930550510864e+01
2.307427473574251042e+00 1.823767960867003161e-03 6.834749661705006929e+02 9.747424462463159500e+01
2.313824548022820782e+00 1.807223345639351721e-03 6.736359583952452112e+02 1.104437318212809913e+02
2.320154992066300714e+00 1.861695907969135875e-03 6.379526627218934891e+02 1.262268107349945296e+02
2.326479049872378635e+00 1.797363522119922990e-03 5.630123266563944071e+02 1.249031977327751690e+02
2.332811122143054305e+00 1.834923033436536115e-03 4.801291793313070002e+02 1.087252340450002350e+02
2.339146829363451641e+00 1.809933127175767861e-03 4.201821036106750284e+02 8.705139370584450376e+01
2.345346999874724947e+00 1.788822558822959720e-03 3.766318327974276485e+02 6.258793584303845137e+01
2.351591514044208964e+00 1.821961582186779451e-03 3.513496062992126099e+02 4.071219780859418336e+01
2.357940827546205931e+00 1.821480796874143165e-03 3.391408227848101546e+02 3.292904741889809372e+01
2.364269371024037891e+00 1.822839816105960298e-03 3.342339743589743648e+02 3.082877843308424204e+01
2.370575565839220911e+00 1.828742917233826173e-03 3.307829581993569263e+02 3.213697778794116999e+01
2.376891771469677561e+00 1.815523241845057745e-03 3.296472491909385099e+02 3.058149353582291141e+01
2.383240749019818416e+00 1.833462819707767054e-03 3.304067524115755532e+02 3.005467949376808434e+01
2.389601619010945921e+00 1.828185711102788165e-03 3.349283387622149917e+02 2.984939873150563372e+01
2.395961259100775731e+00 1.812604844355751544e-03 3.377567567567567721e+02 3.424524709204382589e+01
2.402160007896914973e+00 1.807533258736503850e-03 3.465134328358208791e+02 3.370844910553536522e+01
2.408453972146052724e+00 1.793232887210479852e-03 3.528333333333333144e+02 3.216750370089321365e+01
2.414771780432101167e+00 1.830638750947721858e-03 3.531979913916786131e+02 3.333121197605111519e+01
2.421058800843912895e+00 1.849123668637423033e-03 3.525671852899575924e+02 3.456658551763499787e+01
2.427397847212681370e+00 1.833909450969152099e-03 3.502666666666666515e+02 3.440710251828397759e+01
2.433701938443864954e+00 1.777285794113256248e-03 3.489985935302390772e+02 3.336235018019255705e+01
2.440001432560962691e+00 1.835928632076300280e-03 3.482804377564979745e+02 3.219498118558093580e+01
2.446276920633820851e+00 1.825543246774167941e-03 3.448968363136175981e+02 3.259737627858054765e+01
2.452612917458465880e+00 1.850886418197054181e-03 3.437480106100795751e+02 3.253229103901815478e+01
2.458937188373468086e+00 1.764090576915684772e-03 3.415479452054794365e+02 3.079508877991801796e+01
2.465235494564519847e+00 1.842465198645606636e-03 3.392721268163804211e+02 3.003729988556967356e+01
2.471581205305689810e+00 1.856761058240425245e-03 3.361144736842105090e+02 3.060416112194285176e+01
2.477865992864338285e+00 1.798850075022648308e-03 3.336165113182423170e+02 3.102915539266448519e+01
2.484122936716935737e+00 1.780971833254360159e-03 3.333025099075297248e+02 3.004943148465488889e+01
2.490467721662181333e+00 1.849468727863495983e-03 3.339182630906768736e+02 3.021102213375779399e+01
2.496849546734450254e+00 1.852734310658727887e-03 3.327688378033205368e+02 3.101871738482258678e+01
2.503105859710241798e+00 1.772860352036017325e-03 3.290263852242744065e+02 2.960341425347279554e+01
2.509322203788900918e+00 1.804578376445024500e-03 3.252628205128204968e+02 2.931273427254005171e+01
2.515643032193938478e+00 1.830400595634155535e-03 3.255201511335012583e+02 2.877817746842698199e+01
2.522012436559997628e+00 1.844427975373299751e-03 3.235607940446649877e+02 3.041026505478133757e+01
2.528376527697731913e+00 1.805263014170996501e-03 3.212412060301507495e+02 2.921977306121741336e+01
2.534662305746367750e+00 1.817191430107880853e-03 3.165302267002518875e+02 3.167813381812223028e+01
2.540923642722284104e+00 1.847774197163838152e-03 3.062574257425742417e+02 3.294085445411874247e+01
2.547222087144660030e+00 1.810867478977307979e-03 2.930618811881188321e+02 3.068673496398290723e+01
2.553540685742163419e+00 1.807658101810726481e-03 2.831321909424724481e+02 2.819100908716642095e+01
2.559925401613222018e+00 1.856915584780679824e-03 2.765497005988024171e+02 2.614650655328578566e+01
2.566280305514876403e+00 1.838802799104265022e-03 2.692384987893462380e+02 2.540669808915212968e+01
2.572544852388987113e+00 1.785952156998167010e-03 2.638920245398772977e+02 2.228274498692222139e+01
2.578799894204640619e+00 1.806472379669163885e-03 2.616989117291414573e+02 2.141792714769221817e+01
2.585123793491197919e+00 1.855120447360665906e-03 2.604629847238542766e+02 2.233775678940300224e+01
2.591472256141813091e+00 1.805120360344933915e-03 2.578772348033373305e+02 2.243614252853735636e+01
2.597744265483155957e+00 1.788819714346394623e-03 2.567841726618705138e+02 2.153113676566615098e+01
2.604038454996993934e+00 1.850630787333012181e-03 2.563671328671328524e+02 2.145868585121680638e+01
2.610374414453144443e+00 1.837105816396599096e-03 2.541152502910360909e+02 2.290110604949964923e+01
2.616634120485421100e+00 1.761050173804210722e-03 2.527637231503580040e+02 2.247894748072505067e+01
2.622940397920966227e+00 1.848634675493098997e-03 2.519658703071672221e+02 2.238607720803181778e+01
2.629323187355575353e+00 1.839581463337864892e-03 2.497260273972602818e+02 2.250494548903228065e+01
2.635681273538560632e+00 1.815290224604702678e-03 2.467720504009163847e+02 2.098885347772689158e+01
2.641934789831782204e+00 1.778405014700361417e-03 2.436173708920187835e+02 2.012049617996050088e+01
2.648176773767660031e+00 1.853093332118325998e-03 2.385490417136414862e+02 2.243703869591819711e+01
2.654514065851063087e+00 1.823524830511773481e-03 2.357887005649717480e+02 2.409335130423266591e+01
2.660817448321032508e+00 1.798052776896779401e-03 2.326951080773606293e+02 2.535699565705239777e+01
2.667123571907564994e+00 1.844852426740933296e-03 2.275544444444444423e+02 3.012953306911613538e+01
2.673472329675100401e+00 1.839448802019330543e-03 2.259102990033222511e+02 3.148966053162150658e+01
2.679761377760365715e+00 1.786299887381436651e-03 2.235769230769230660e+02 3.276039688780389980e+01
2.686129035698236578e+00 1.877272974428747035e-03 2.153435843054082852e+02 4.532903182816323095e+01
2.692300573720700196e+00 1.798376592015874225e-03 2.173950617283950635e+02 3.856733341681337635e+01
2.698561328278970439e+00 1.798779619418457414e-03 2.170627137970353431e+02 3.780898720716612615e+01
2.704947056964875252e+00 1.860594623228957294e-03 2.114348314606741610e+02 4.192521639450468740e+01
2.711339925705444909e+00 1.826229981736538378e-03 2.099236111111111143e+02 4.236862704650778255e+01
2.717643416720191052e+00 1.774618570520191145e-03 2.094463007159904464e+02 4.434256602962675231e+01
2.723934694222051256e+00 1.823763048442502126e-03 2.069787485242030698e+02 5.414871511448936303e+01
2.730274673678132036e+00 1.841398355898408350e-03 2.076021251475796987e+02 5.770758963239148898e+01
2.736591263199737778e+00 1.788312012670147501e-03 2.057890243902438954e+02 5.026306759154355319e+01
2.742885231028380222e+00 1.844652457607765493e-03 2.000815347721822661e+02 4.740177951979230642e+01
2.749161241756704843e+00 1.804773587711254630e-03 2.016990171990171916e+02 4.626930778643200171e+01
2.755398232824302962e+00 1.776157869081165970e-03 2.085848822800495554e+02 4.912206328040926451e+01
2.761751565609168679e+00 1.857903093933079139e-03 2.203751493428912909e+02 5.830987319599847751e+01
2.768124311574730267e+00 1.813883183384283311e-03 2.443558282208588821e+02 6.427942419642170080e+01
2.774423663616722546e+00 1.776295681999270643e-03 2.716117353308364386e+02 7.114875013639782253e+01
2.780754869867226198e+00 1.842436817654598789e-03 2.886638246041412685e+02 6.790524923620498043e+01
2.787077464795406190e+00 1.805278297034774168e-03 3.021962500000000205e+02 5.979803910873666695e+01
2.793346642012575654e+00 1.793644434711254678e-03 3.099079445145018781e+02 5.987288118594067754e+01
2.799634253246212179e+00 1.838111547031318375e-03 3.106414392059553506e+02 6.210626866233769761e+01
2.805924842988945844e+00 1.808245895551135627e-03 3.158497474747474598e+02 5.742846856866930239e+01
2.812167973206011862e+00 1.789098639402584082e-03 3.182685421994884791e+02 5.805784524706243843e+01
2.818496662748549042e+00 1.874446068014908040e-03 3.183349633251833666e+02 6.201098722556963594e+01
2.824858807967614460e+00 1.791571154666717633e-03 3.212012738853503038e+02 6.203244887456721557e+01
2.831150482550185643e+00 1.815112775054883139e-03 3.192860759493671026e+02 6.216344964719813504e+01
2.837475400148095517e+00 1.850316795954077458e-03 3.209315068493150420e+02 6.507453494923133519e+01
2.843805018276897911e+00 1.786824753329564535e-03 3.244801026957637760e+02 7.051931810176900228e+01
2.850131561922547352e+00 1.845583173970813699e-03 3.156666666666666856e+02 7.147413094323509597e+01
2.856484494638581229e+00 1.841115527677602507e-03 3.089402241594022485e+02 6.551001245789750271e+01
2.862782859862781137e+00 1.780809355167121575e-03 3.116020408163265074e+02 6.609834817218363412e+01
2.869068523143336158e+00 1.847699945098150954e-03 3.134073619631901693e+02 6.961803027150122603e+01
2.875378514069953706e+00 1.802909528894259443e-03 3.149513108614232237e+02 7.185413206750259008e+01
2.881671995666307051e+00 1.819305449905813353e-03 3.099788819875776653e+02 6.516187792911904353e+01
2.887980092673573917e+00 1.848812746508326317e-03 2.997781862745097783e+02 6.992214358910585759e+01
2.894292086458025270e+00 1.795011172749967111e-03 2.982248743718593005e+02 8.066894451085086359e+01
2.900588101801901963e+00 1.834444505730529681e-03 2.940494437577256122e+02 9.492318195155998239e+01
2.906894294921833044e+00 1.834235081131648307e-03 2.916567534076827997e+02 1.085009126752386805e+02
2.913143215321425394e+00 1.775388414920497622e-03 2.846120358514724558e+02 1.161848391520259014e+02
2.919469846096636179e+00 1.902110692867622259e-03 2.678729016786570583e+02 1.190569075811282573e+02
2.925831071463227850e+00 1.799019204260941503e-03 2.611040609137056094e+02 1.109325409583894810e+02
2.932125236913744715e+00 1.849572311535908030e-03 2.471545117428924527e+02 1.015795573814167767e+02
2.938426190430696305e+00 1.829943172517629413e-03 2.441435705368289746e+02 8.969804132714432399e+01
2.944698497868602605e+00 1.792371922793937686e-03 2.505736040609137092e+02 8.151645924367078067e+01
2.951032364443879619e+00 1.872648010744969562e-03 2.545825242718446475e+02 7.214853686956958256e+01
2.957349976869245278e+00 1.772646084934545842e-03 2.613363171355498480e+02 6.296373621292375589e+01
2.963641534615172990e+00 1.843499637433317897e-03 2.612419753086419973e+02 5.881680929230121535e+01
2.969974563050315375e+00 1.835483252247156055e-03 2.618509316770186501e+02 5.732279702958982881e+01
2.976261971728969780e+00 1.784595762971840369e-03 2.624247448979591582e+02 5.683737525057645712e+01
2.982555079221103078e+00 1.856376802478345786e-03 2.602607099143206710e+02 5.740514745297783605e+01
2.988860230475899549e+00 1.767956570045068222e-03 2.602087067861715468e+02 5.569244230559839792e+01
2.995178874680174186e+00 1.856934622757372335e-03 2.567775061124694389e+02 5.351768077946702107e+01
3.001496400543723020e+00 1.797819739674591305e-03 2.598060836501900894e+02 5.421453343983532136e+01
3.007822553902104179e+00 1.849516356328991537e-03 2.586349009900990268e+02 5.509856077405843422e+01
3.014155913686516808e+00 1.844070628166239031e-03 2.573142857142856883e+02 5.718329252587140132e+01
3.020427983220980828e+00 1.780401570183770890e-03 2.561205128205128290e+02 6.006642468761938858e+01
3.026726854870708916e+00 1.864734463497724846e-03 2.788655256723716320e+02 4.482311991747455977e+02
3.033042693621903041e+00 1.790509691971886499e-03 4.483788265306122298e+02 2.540493481325495395e+03
3.039417687211595442e+00 1.892848977299335135e-03 4.847198067632850211e+02 3.347482968845235064e+03
3.045771113053035606e+00 1.809002971513908259e-03 2.985564005069708742e+02 1.026673323495309660e+03
3.052089874155329063e+00 1.844438578281415919e-03 2.281885856079404391e+02 1.052479733074540604e+02
3.058386304167925118e+00 1.824217551217444024e-03 2.124298245614035068e+02 9.301506332316576220e+01
3.064635661305841197e+00 1.781811879387494579e-03 2.013692307692307679e+02 9.486003880731156812e+01
3.070942258104439215e+00 1.879278577764203085e-03 1.882096969696969779e+02 9.699211421941978983e+01
3.077306102136554866e+00 1.789896323379901438e-03 1.821092757306226133e+02 9.787777763085652794e+01
3.083610248093582751e+00 1.842323938384468965e-03 1.742669126691266968e+02 9.999340289963285500e+01
3.089899276602742884e+00 1.781295098450355954e-03 1.720853503184713418e+02 1.009984004847739527e+02
3.096219282790054539e+00 1.849962857272845727e-03 1.602463235294117680e+02 9.673803401261132251e+01
3.102516781183005889e+00 1.793151767743564459e-03 1.549176172370088693e+02 8.997996230070927481e+01
3.108846425703184035e+00 1.844538984569745127e-03 1.430848708487084764e+02 8.075407391337446938e+01
3.115155056293756886e+00 1.812510444856532069e-03 1.339146800501881955e+02 6.853533202050738282e+01
3.121484332076036150e+00 1.832521331068808152e-03 1.252493796526054552e+02 5.661166882571651371e+01
3.127777573742708483e+00 1.818133687887086257e-03 1.200997506234413947e+02 4.927818281321366811e+01
3.134074710556275623e+00 1.800750836428910992e-03 1.184829760403530940e+02 4.651800696987851325e+01
3.140350968701055567e+00 1.840082388152106639e-03 1.155529556650246263e+02 4.506533674771346654e+01
3.146669598331559570e+00 1.795769837056059460e-03 1.146944444444444429e+02 4.498906643268836802e+01
3.152959210157879166e+00 1.842768641532451131e-03 1.123165644171779149e+02 4.412011829051529332e+01
3.159264892205651432e+00 1.791857333635609589e-03 1.120708860759493604e+02 4.415654117098151232e+01
3.165581888857809112e+00 1.858342078644047027e-03 1.088495145631067942e+02 4.295561308813051937e+01
3.171905560319084216e+00 1.782720971754531017e-03 1.091609632446134412e+02 4.329387477101628434e+01
3.178180461481988406e+00 1.828434529921516482e-03 1.062862407862407821e+02 4.192731794833797920e+01
3.184506679420991304e+00 1.810619157308176325e-03 1.063972602739726057e+02 4.203130943585685486e+01
3.190846230582273346e+00 1.831490456789015321e-03 1.038985330073349616e+02 4.147710472180333596e+01
3.197132365687451294e+00 1.780884113596707067e-03 1.031518987341772089e+02 4.187889296547199081e+01
3.203454230992797136e+00 1.862619862555806765e-03 1.000711700844390890e+02 4.175861001537634820e+01
3.209790152929830498e+00 1.796864404628749357e-03 1.003987421383647813e+02 4.314254561472455407e+01
3.216105270782768422e+00 1.849581865447865814e-03 9.820024271844660291e+01 4.287564090203109402e+01
3.222383723154825574e+00 1.773184836801974633e-03 9.944670050761421010e+01 4.256708959872487696e+01
3.228652903688512765e+00 1.829814433570467642e-03 9.860779537149817031e+01 4.125793494573619569e+01
3.234977992221026444e+00 1.801123950508762587e-03 9.979601990049751237e+01 4.100033890291285132e+01
3.241301441286830176e+00 1.830570155328411054e-03 9.860024301336574126e+01 3.967743696210005311e+01
3.247581817024004280e+00 1.774748969754167847e-03 9.887104930467762642e+01 3.949987146642310876e+01
3.253885986942128827e+00 1.868811343678552150e-03 9.849461077844311774e+01 3.922111768278109167e+01
3.260235987169183947e+00 1.804603356501592029e-03 9.784375000000000000e+01 3.948637917845849188e+01
3.266546856392692710e+00 1.857627301288636550e-03 9.530889423076922640e+01 3.837640819072704090e+01
3.272886904023045052e+00 1.792569475559808913e-03 9.470624999999999716e+01 3.800185316204987629e+01
3.279153478698136670e+00 1.837211362056317054e-03 9.303272727272727138e+01 3.626172786822191796e+01
3.285516195699416553e+00 1.819318898053023329e-03 9.208722358722359047e+01 3.512817691962435163e+01
3.291677990232397821e+00 1.824817096246810931e-03 9.257798165137614887e+01 3.593077456776899936e+01
3.298068987764390059e+00 1.863784166448585874e-03 9.084657534246575494e+01 3.568629803078560769e+01
3.304430978840338096e+00 1.814787339162488022e-03 8.926889534883720501e+01 3.492875895886807314e+01
3.310737564052387061e+00 1.817945227602999880e-03 8.791815476190475920e+01 3.499239748780362191e+01
3.317033906120231190e+00 1.800198345421728579e-03 8.571340523882896889e+01 3.508489389069760733e+01
3.323313479518194669e+00 1.810036704891648416e-03 8.455485893416927468e+01 3.543686457848632188e+01
3.329645772824664451e+00 1.853775369266378323e-03 8.594851794071762185e+01 3.722657467597657899e+01
3.335990548707715053e+00 1.826590486813650920e-03 8.434189406099518749e+01 3.683777543461627602e+01
3.342268739174953929e+00 1.807641793864574143e-03 8.373409461663948150e+01 3.710294728748416304e+01
3.348554594221377023e+00 1.807536448754866812e-03 8.251809210526316463e+01 3.743495057831518125e+01
3.354810866618635590e+00 1.798386852034845364e-03 8.125293132328307877e+01 3.705593717027023359e+01
3.361143554435736203e+00 1.860575678898459748e-03 8.316885245901639223e+01 3.834495664465696763e+01
3.367505271257411170e+00 1.829077091643749146e-03 8.069594594594595094e+01 3.756746108165932441e+01
3.373804785089639324e+00 1.803149868685275390e-03 7.947487001733102829e+01 3.799597170305089833e+01
3.380079784639911100e+00 1.805631642174917659e-03 7.777504393673110883e+01 3.751936771484875521e+01
3.386416571036835244e+00 1.843579116849991192e-03 7.873415492957747119e+01 3.820860071005728997e+01
3.392732849186819166e+00 1.821713749179523084e-03 7.867876588021778161e+01 3.767072017479384982e+01
3.399077842768783331e+00 1.840157085703132342e-03 7.762681159420290555e+01 3.469929702123828008e+01
3.405368445234043140e+00 1.771416845865005909e-03 8.113549618320610080e+01 3.456392780735008330e+01
3.411642977450664915e+00 1.840004348347408980e-03 8.722744360902255778e+01 3.587223324498943811e+01
3.417946432239648225e+00 1.816648589106147462e-03 9.067572815533981156e+01 3.551013864056339031e+01
3.424268333461439884e+00 1.838339958730071926e-03 9.107350096711799381e+01 3.316129856275118470e+01
3.430601598134079389e+00 1.799761940178920376e-03 9.168136272545089582e+01 3.271128386744637595e+01
3.436922606236269218e+00 1.844213366763177700e-03 9.074800000000000466e+01 3.286770439200159188e+01
3.443269856433799347e+00 1.834668830692703879e-03 8.741922290388548333e+01 2.847840205299516825e+01
3.449516618902171317e+00 1.769622948488585408e-03 8.556410256410256920e+01 2.584431697956552298e+01
3.455771942280530862e+00 1.817195070858158281e-03 8.431712473572939359e+01 2.563587719598377390e+01
3.462154010515302804e+00 1.866018191136946868e-03 8.705907172995780741e+01 3.020504488360256445e+01
3.468478914699885340e+00 1.799468636805881495e-03 8.387361419068736268e+01 2.597327936263260639e+01
3.474737530089159865e+00 1.798535080277152308e-03 8.054260089686098922e+01 2.443510822290641826e+01
3.481027808853469629e+00 1.828779808500339806e-03 8.009502262443439236e+01 2.680430606625003520e+01
3.487370903609774420e+00 1.855504762412056021e-03 7.647511312217194757e+01 2.345134085050521477e+01
3.493710577164840458e+00 1.791815171782784382e-03 7.345626477541371457e+01 2.099073290759329780e+01
3.499981309375833849e+00 1.817721919481020843e-03 7.077804295942721069e+01 2.046751521530519824e+01
3.506294281862427642e+00 1.840208171226962808e-03 6.728297362110311042e+01 1.569706414425942320e+01
3.512643170548069183e+00 1.819719049123772565e-03 6.636117936117936722e+01 1.523834132129363717e+01
3.518887929185086527e+00 1.780316295825717758e-03 6.571794871794871540e+01 1.514279826354736613e+01
3.525201780775713889e+00 1.871585280235478531e-03 6.624813895781637996e+01 1.637384544018894417e+01
3.531587235286628879e+00 1.812415240060859375e-03 6.559375000000000000e+01 1.484312224549779913e+01
3.537791204901774123e+00 1.765649031450039182e-03 6.454768392370571917e+01 1.100476280531526641e+01
3.544104483213670331e+00 1.881636984785636617e-03 6.498177083333332860e+01 1.043904107468822140e+01
3.550526160049383151e+00 1.823753900979235669e-03 6.509016393442622928e+01 8.241424546952446306e+00
3.556826252644191833e+00 1.805941154371571225e-03 6.585633802816902005e+01 6.789704214235126933e+00
3.563110991539715666e+00 1.831382697511484874e-03 6.705397727272726627e+01 5.979374684424413111e+00
3.569418747584309326e+00 1.819035597463529485e-03 6.797383720930233153e+01 5.988054575009624791e+00
3.575721219182565580e+00 1.815191134896390569e-03 6.808308605341245823e+01 5.668842605709044413e+00
3.582041784633743120e+00 1.836067019019354488e-03 6.799399399399399613e+01 5.836095094487224522e+00
3.588351193306853926e+00 1.816205673054769026e-03 6.681733746130031193e+01 6.177217767138890814e+00
3.594644124218077774e+00 1.816162507538995278e-03 6.676971608832808158e+01 7.284865905665100172e+00
3.600965899690116157e+00 1.832434222657099978e-03 6.620127795527156422e+01 5.977198625461672243e+00
3.607301933810233674e+00 1.823864462282996299e-03 6.488196721311474846e+01 5.384444135240461726e+00
3.613589615564896995e+00 1.801875725405921403e-03 6.403389830508474745e+01 5.450453228007037687e+00
3.619872304563952703e+00 1.819848024125704684e-03 6.216151202749141191e+01 6.030726149690560867e+00
3.626184481674183946e+00 1.827760715362539709e-03 5.983508771929824377e+01 5.483974807204831770e+00
3.632455309189269510e+00 1.797655079431180383e-03 5.777007299270073304e+01 5.992173932409777137e+00
3.638754857574894697e+00 1.841922947680418475e-03 5.644525547445255143e+01 6.741884574727314394e+00
3.645110863435991444e+00 1.833895812584415653e-03 5.440601503759398838e+01 7.025880297232715677e+00
3.651399341121458253e+00 1.797724079201825547e-03 5.287843137254901649e+01 6.588197945739143080e+00
3.657684783062496781e+00 1.823089633617003442e-03 5.073809523809524080e+01 5.660168676658295261e+00
3.663989311092172851e+00 1.817352227903809700e-03 4.882377049180328044e+01 4.853698058468843612e+00
3.670338462676961733e+00 1.852037082036360515e-03 4.801652892561983776e+01 4.005136378453672208e+00
3.676667454351053799e+00 1.802731285318214709e-03 4.846288209606986896e+01 4.405929599165924415e+00
3.682957402673964431e+00 1.831301914300888494e-03 4.935398230088495808e+01 3.791604254669378893e+00
3.689264510226057059e+00 1.810576500315507495e-03 5.019815668202765124e+01 4.008445818170831565e+00
3.695607159299667099e+00 1.851070780809128090e-03 5.115348837209302246e+01 3.691025175604237596e+00
3.701906411334345837e+00 1.786914693256676148e-03 5.130348258706467846e+01 3.556083040499192549e+00
3.708163258087520564e+00 1.825159420261267002e-03 5.096984924623115631e+01 3.185069554018839622e+00
3.714507337749332283e+00 1.833043865117713490e-03 5.092227979274611727e+01 3.341338254347887560e+00
3.720870273368275249e+00 1.842023606415223082e-03 5.101604278074866272e+01 3.031005475887215805e+00
3.727157013165883104e+00 1.785929560704693081e-03 5.111428571428571388e+01 3.234482578561893806e+00
3.733414267292576749e+00 1.823616893326991065e-03 5.042441860465116577e+01 2.745442164228334647e+00
3.739747614563589284e+00 1.832601406324968355e-03 5.039156626506024139e+01 3.150769421268537318e+00
3.746091684029914770e+00 1.828992002129592063e-03 5.024528301886792292e+01 3.353097924845605871e+00
3.752406222021260618e+00 1.812401454337024109e-03 4.974834437086092720e+01 2.747889533894559477e+00
3.758712131096641595e+00 1.823143945980814458e-03 4.791034482758620783e+01 2.543070134206109945e+00
3.765000355804634324e+00 1.809969724265664184e-03 4.671532846715328446e+01 3.142147132702159951e+00
3.771324791207556704e+00 1.846593531196991230e-03 4.545112781954887282e+01 3.075959974424289811e+00
3.777640884128447674e+00 1.800430178895984180e-03 4.430081300813008482e+01 2.659804277455096511e+00
3.783890033752419058e+00 1.812352582976840126e-03 4.342735042735042583e+01 2.634517469985092397e+00
3.790205950757557840e+00 1.839564216382759279e-03 4.324107142857143060e+01 1.999402015195379523e+00
3.796547481197723339e+00 1.823144808823023381e-03 4.363461538461538680e+01 2.265438487017809699e+00
3.802839460639445335e+00 1.822115437231795494e-03 4.368041237113401820e+01 2.668590105910572774e+00
3.809162628389719529e+00 1.835235423465040759e-03 4.349450549450549630e+01 2.335210083595224972e+00
3.815477698903783743e+00 1.813833779597889004e-03 4.331325301204819311e+01 2.722438388559702549e+00
3.821777178949230969e+00 1.830898415393102585e-03 4.397402597402597735e+01 2.800561348929513361e+00
3.828076951026545771e+00 1.795694771849016581e-03 4.382608695652174191e+01 2.541650526253667497e+00
3.834316772867639944e+00 1.791896653628349866e-03 4.353225806451612812e+01 2.549407717223127978e+00
3.840583618544390898e+00 1.820001018717854217e-03 4.257142857142856940e+01 2.054114834935487632e+00
3.846911872181034475e+00 1.824281646184678762e-03 4.161224489795918657e+01 1.847474271225579168e+00
3.853313008086272973e+00 1.880829953221405115e-03 4.072093023255813904e+01 1.565411700236876813e+00
3.859656947796285653e+00 1.787945514535103963e-03 3.944117647058823195e+01 2.085126102913659629e+00
3.865825284683709118e+00 1.773175751446867720e-03 3.733333333333333570e+01 2.444444444444444642e+00
3.872064552013789740e+00 1.858490478498285668e-03 3.852380952380952550e+01 3.068751140136765976e+00
3.878243048288448236e+00 1.738115315901965106e-03 3.969230769230769340e+01 3.663347969166356410e+00
3.884441558101385361e+00 1.990091083924331716e-03 4.014285714285714590e+01 3.760699023168052602e+00
