# q qerr I(q) I(q)err
6.111313073595031620e-02 3.154100855865873791e-03 3.592500000000000000e+02 1.110740913208616121e+02
6.800242608866982619e-02 2.110752812487300123e-03 4.950000000000000000e+02 7.915280580413222822e+01
7.478812129850326285e-02 1.894856213165734514e-03 5.552222222222221717e+02 1.097202390819375069e+02
8.081736842982174818e-02 1.577734731020807597e-03 6.467777777777778283e+02 1.058323272043163570e+02
8.706192866790804508e-02 2.018057842609979804e-03 6.646923076923077360e+02 1.275597783057814922e+02
9.311361532868518698e-02 1.734318039620741251e-03 7.241666666666666288e+02 1.301754691859329398e+02
9.924832822165428892e-02 1.939409616079583844e-03 7.305000000000000000e+02 1.912473039025648518e+02
1.056867454532435108e-01 2.068262530006435406e-03 6.724166666666666288e+02 2.332447078713684050e+02
1.120935416356093062e-01 1.699923986068800717e-03 6.811538461538461888e+02 2.410597227676751970e+02
1.177168722532570266e-01 1.903764278506084144e-03 6.748437500000000000e+02 2.374243999742338929e+02
1.242406998858587575e-01 2.007415885574503726e-03 6.517142857142856656e+02 2.303836418867007581e+02
1.307844605212421796e-01 1.948859987027574741e-03 6.598571428571428896e+02 1.890006883693327495e+02
1.372938405551752672e-01 1.976444694498947011e-03 6.612580645161290249e+02 1.881474364863884716e+02
1.433626874055373979e-01 1.479129257371093872e-03 6.472000000000000455e+02 1.696001415093749074e+02
1.497414395840910573e-01 2.132896554945924294e-03 6.706216216216216708e+02 1.737719322594934113e+02
1.562016171858009728e-01 1.470810848565314282e-03 6.745555555555555429e+02 1.614289457524547231e+02
1.620883487451751925e-01 1.817360580555445800e-03 6.895757575757576205e+02 1.611144554923456838e+02
1.684939590642719198e-01 1.975568076388520972e-03 6.911351351351351013e+02 1.645593181031690335e+02
1.749358117034872373e-01 1.810730169671130639e-03 7.058857142857142435e+02 1.623431487904053085e+02
1.813634234827302405e-01 1.982290824745188643e-03 7.206341463414634063e+02 1.623478759873275123e+02
1.877608813777307539e-01 1.710969833005861022e-03 7.285405405405405190e+02 1.719589619278099804e+02
1.936838392192468117e-01 1.708352888559126238e-03 7.360526315789473983e+02 1.686342934599837804e+02
1.998200724089964908e-01 1.901042836663710675e-03 7.478372093023256184e+02 1.679652301834158834e+02
2.064988844748374130e-01 2.083185659227047067e-03 7.462916666666666288e+02 1.994028694384255118e+02
2.131062600015138364e-01 1.923054290541973939e-03 7.704680851063830005e+02 1.769599167387533214e+02
2.193208008558340527e-01 1.649587748772136844e-03 7.760232558139534831e+02 1.871261855068006810e+02
2.255197753110727010e-01 1.943898002345461392e-03 7.876862745098038658e+02 1.804839174121739802e+02
2.319084130262620835e-01 1.853433278599466881e-03 7.967200000000000273e+02 1.831309258426877591e+02
2.380456302514551703e-01 1.717913041466973250e-03 8.050625000000000000e+02 1.830586128243264739e+02
2.441826744061198484e-01 1.910984005326162374e-03 8.154181818181817789e+02 1.781927863043537741e+02
2.508567628905887248e-01 1.865639566994751813e-03 7.432096774193548754e+02 2.585103568110259857e+02
2.571616352083493928e-01 2.042758540577210586e-03 7.137073170731707705e+02 2.650023166701965351e+02
2.636090936505812721e-01 1.759536909171210452e-03 7.164545454545454959e+02 2.494295191149259097e+02
2.696276322290375727e-01 1.767913466712890637e-03 7.272000000000000455e+02 2.377985491965836502e+02
2.756934411426098519e-01 1.847457432374286813e-03 7.478809523809524080e+02 2.263054901822342799e+02
2.820483295007140123e-01 1.942127748479487680e-03 7.576966292134831065e+02 2.215397726134975471e+02
2.885873542857223528e-01 1.999902870285049771e-03 7.725157894736842081e+02 2.149373529807492389e+02
2.950059364807982032e-01 1.753155416080761590e-03 7.788023255813953938e+02 2.109425812390016972e+02
3.012776628394395750e-01 1.916275679195857595e-03 7.951368421052632129e+02 2.045305371073431786e+02
3.076468654533095481e-01 1.858480647863890167e-03 8.025161290322580498e+02 1.997530125988517682e+02
3.139397285054469910e-01 1.849733180513128640e-03 8.154680851063830005e+02 1.946567866768745034e+02
3.202097007249891103e-01 1.889977811219999311e-03 8.205816326530612059e+02 1.906095064917135176e+02
3.264390569218261762e-01 1.757358001834326191e-03 8.284838709677419502e+02 1.858212723703844063e+02
3.326951465344144543e-01 1.930481388006281569e-03 8.487115384615384528e+02 1.764024588201951644e+02
3.390239669727912464e-01 1.785238221274862988e-03 8.500510204081632537e+02 1.753339902061662201e+02
3.452290355408559885e-01 1.822729964848564038e-03 8.653137254901961342e+02 1.708779886497909501e+02
3.515217579766085620e-01 1.894166946962649433e-03 8.746380952380952749e+02 1.695067602448571620e+02
3.581115149106128270e-01 1.984833837990382030e-03 8.888318584070796078e+02 1.651884050969653686e+02
3.646365217867122976e-01 1.807385512883236643e-03 9.031588785046728844e+02 1.608885217452832421e+02
3.707522342694583029e-01 1.646676631311451595e-03 9.078200000000000500e+02 1.591190931346706634e+02
3.768404479121448269e-01 1.835047814059704218e-03 9.260540540540540633e+02 1.518556607745554459e+02
3.831651369708888866e-01 1.834489868729198949e-03 9.243603603603603460e+02 1.481272871780221010e+02
3.894643253735652899e-01 1.853753096359237081e-03 9.237168141592920847e+02 1.426390535603598266e+02
3.958807651630259494e-01 1.912159574900255954e-03 9.193666666666666742e+02 1.377815067819738601e+02
4.022473572087105209e-01 1.746533598099251966e-03 9.199549549549549283e+02 1.326085049427475724e+02
4.083991683103055381e-01 1.862831917861469243e-03 9.279075630252100382e+02 1.279515366091443553e+02
4.147868792651558945e-01 1.850918924272050396e-03 9.276942148760330156e+02 1.236463024135359206e+02
4.211381020132339281e-01 1.813003092898375071e-03 9.369338842975206489e+02 1.159960958647179581e+02
4.273404438934948479e-01 1.765577699919095717e-03 9.422436974789916349e+02 1.111121840723719885e+02
4.337195733954657406e-01 1.911235613422362228e-03 9.521461538461538794e+02 1.059455001124768927e+02
4.400834723796714920e-01 1.795304431444431784e-03 9.543709677419354875e+02 1.053000056080786493e+02
4.463380503116383125e-01 1.781136916513354146e-03 9.548333333333333712e+02 1.040417473189737763e+02
4.525475293404462862e-01 1.782735370135076804e-03 9.548425196850394059e+02 1.001479886430039983e+02
4.588781844142776345e-01 1.863542184770878652e-03 9.479925373134328765e+02 9.813997713723607319e+01
4.652813857520213814e-01 1.809454061223974295e-03 9.412932330827068199e+02 9.480327304487688878e+01
4.715886271752884884e-01 1.786725641485754782e-03 9.292686567164179223e+02 9.485730040650479111e+01
4.778700308571910971e-01 1.749120838384908864e-03 9.264436090225564158e+02 8.966190759882839245e+01
4.841075358786299798e-01 1.812598873705853009e-03 9.223188405797101268e+02 8.502993035937885224e+01
4.904685449060671165e-01 1.813034819841214708e-03 9.139857142857142662e+02 8.354451153824088294e+01
4.967988078032400945e-01 1.775169993053363985e-03 9.157588652482269254e+02 7.898126002183104788e+01
5.030461340587593089e-01 1.710738770771227935e-03 9.115144927536232444e+02 7.642965817405725204e+01
5.093789740337634209e-01 1.844995629980458740e-03 9.123758389261745378e+02 7.146028741130589879e+01
5.157895609665918979e-01 1.772173611217854692e-03 9.097191780821917746e+02 7.075789347899842596e+01
5.220653538623039047e-01 1.710912446064493482e-03 9.099230769230769056e+02 7.071710987330226317e+01
5.282420832211931483e-01 1.776221308977217429e-03 9.098918918918918735e+02 6.999489180986046222e+01
5.345849814872509764e-01 1.797460663252185451e-03 9.080460526315789593e+02 6.647618903373412991e+01
5.409400198384390901e-01 1.769240412124692928e-03 9.103921568627450824e+02 6.498671874093240319e+01
5.471612929737256215e-01 1.671871176479489780e-03 9.086554054054054177e+02 6.653520106137483481e+01
5.535187503546902255e-01 1.843477994232445120e-03 9.140493827160494220e+02 6.663747760633268058e+01
5.599303633336802921e-01 1.774845713676194252e-03 9.166242038216560104e+02 6.769279860038456320e+01
5.661980099607780703e-01 1.715649351238413218e-03 9.241688311688311614e+02 5.843643339721270280e+01
5.724333289920446877e-01 1.764199560704661452e-03 9.297999999999999545e+02 5.744461463009391622e+01
5.786575496797814466e-01 1.687338640378493104e-03 9.377987012987013031e+02 5.811042770503473776e+01
5.849918082512260975e-01 1.882166412490617838e-03 9.534767441860465169e+02 5.917457340710100056e+01
5.913559560974818163e-01 1.673563701773732749e-03 9.635732484076432911e+02 6.175346406600266391e+01
5.976003341774964728e-01 1.789272139650604403e-03 9.774970414201183075e+02 6.184164476301429403e+01
6.039710484280985670e-01 1.760471037718898532e-03 9.908869047619048160e+02 6.072095318198486780e+01
6.103455122609070527e-01 1.778153705054047679e-03 1.000169590643274887e+03 6.108130194377106648e+01
6.165941547084902163e-01 1.709282904712068618e-03 9.996167664670658723e+02 6.160717207938470352e+01
6.227886440901039267e-01 1.708031916550016484e-03 9.922321428571428896e+02 6.092658436161335800e+01
6.292222757675741684e-01 1.895555695838723603e-03 9.795828877005347977e+02 5.849699695790151566e+01
6.355837393651907474e-01 1.609918394456906487e-03 9.587151515151515468e+02 5.503939786011842727e+01
6.417201133152361514e-01 1.735489606861494215e-03 9.417640449438201813e+02 4.958093224534900401e+01
6.480234646877054416e-01 1.746502386866512820e-03 9.198820224719100906e+02 4.419926816303878070e+01
6.543745591304535036e-01 1.808595843625667669e-03 9.013586956521738784e+02 4.021759327211331936e+01
6.607410482875138991e-01 1.776914150084337417e-03 8.840869565217391255e+02 3.788617790659953499e+01
6.669765730033264672e-01 1.670208017253243388e-03 8.695340909090908781e+02 3.653542253334539680e+01
6.731673103258457580e-01 1.796482171393593615e-03 8.595904255319148888e+02 3.487752531781973175e+01
6.795850853652600776e-01 1.822834825668488831e-03 8.482827225130889701e+02 3.323051456028621686e+01
6.858902177354958551e-01 1.747430487391250960e-03 8.407258064516129252e+02 3.235619482787122791e+01
6.921278880332987216e-01 1.765781770802452586e-03 8.323703703703703241e+02 3.090439639658525905e+01
6.985070946107704293e-01 1.847715388967816497e-03 8.286464646464646648e+02 2.950585449438693431e+01
7.048037128132643714e-01 1.757666077632949074e-03 8.230105820105819703e+02 2.965364342452962987e+01
7.109847861020758275e-01 1.767854622430342420e-03 8.197916666666666288e+02 2.895825464617606926e+01
7.172345948602801835e-01 1.822657136245004524e-03 8.159494949494949196e+02 2.758928979396856462e+01
7.236608500653414211e-01 1.906739358311473767e-03 8.110048780487804834e+02 2.717441407809567977e+01
7.299519259881649402e-01 1.814756391122580772e-03 8.068775510204081911e+02 2.621651788623221790e+01
7.362298620906445601e-01 1.872001608046580190e-03 8.020686274509804434e+02 2.454838238382394167e+01
7.427109241448597299e-01 1.961252361706546793e-03 7.985280373831775478e+02 2.431009365124225141e+01
7.489749171607754663e-01 1.795506848231544564e-03 7.925846153846154039e+02 2.547235187530141687e+01
7.553119902396251417e-01 1.968290517240121971e-03 7.882648401826484132e+02 2.567898987593460447e+01
7.617428847945948434e-01 1.878647625832918257e-03 7.801111111111110858e+02 3.451951457859473038e+01
7.679897535333021219e-01 1.889655825210407886e-03 7.793636363636363740e+02 1.751414018923204452e+01
7.742716946001383382e-01 1.890740870187222538e-03 7.732159624413145593e+02 2.525729399507621409e+01
7.806130493972306406e-01 1.874127862848933099e-03 7.689858490566037972e+02 2.148166653572323526e+01
7.869955317179381238e-01 1.962138593108325030e-03 7.656383928571428896e+02 2.032079206729765275e+01
7.933337815560531636e-01 1.823456314192357453e-03 7.612857142857143344e+02 2.035659982567287685e+01
7.995722808394026826e-01 1.873920736445982161e-03 7.573529411764706083e+02 2.044082326593509435e+01
8.059029702364099990e-01 1.855844282913126459e-03 7.527899543378995304e+02 2.053720622468985368e+01
8.122482529694946551e-01 1.899897789708842157e-03 7.509383259911894584e+02 1.969884216838005742e+01
8.185971333973350861e-01 1.831057107996742058e-03 7.473318385650223945e+02 1.934450198072574167e+01
8.248840800988579414e-01 1.805078930334647752e-03 7.446098654708520144e+02 2.009859867964328473e+01
8.311527541867054225e-01 1.843524136775542745e-03 7.407510917030567725e+02 2.016845685834844559e+01
8.375116084758876811e-01 1.829773299230467044e-03 7.378521739130434298e+02 1.998921732018850150e+01
8.438261475186588090e-01 1.817550564165925373e-03 7.344482758620689538e+02 2.020752544037259213e+01
8.500843452560248314e-01 1.755513946144033992e-03 7.313097345132742930e+02 2.134935164282409659e+01
8.563647400134730692e-01 1.844487251387733453e-03 7.295020746887967107e+02 2.107778038316882530e+01
8.626696591174244366e-01 1.710203360544058351e-03 7.277105263157894797e+02 2.187610701591453122e+01
8.689830853488446083e-01 1.844123492424595270e-03 7.272479674796747986e+02 2.439338191195551175e+01
8.753179752476163422e-01 1.741457950302257533e-03 7.340425531914893327e+02 3.622715667757548630e+01
8.815756228481118617e-01 1.752464905610253906e-03 7.546887966804979442e+02 6.780030320216775408e+01
8.877944678552249780e-01 1.716242394594354789e-03 7.985527426160338109e+02 1.262485851273839472e+02
8.941407927930166144e-01 1.839522330085644050e-03 8.384624505928853750e+02 1.799220884933015157e+02
9.005003621585947471e-01 1.752218829319661820e-03 8.669183673469387941e+02 2.124566826026126591e+02
9.067627482844141662e-01 1.720498064613873055e-03 8.637786885245901658e+02 2.079329359479192476e+02
9.130278025298368405e-01 1.789374596252915357e-03 8.216071428571428896e+02 1.649860469603716524e+02
9.193563827426239898e-01 1.786117629316656989e-03 7.796111111111110858e+02 1.206341955126493843e+02
9.256709965929463824e-01 1.773964252230773864e-03 7.401568627450980102e+02 7.994993242962574698e+01
9.319487846442510159e-01 1.740175819907428248e-03 7.151520000000000437e+02 5.363071418506378762e+01
9.382375230166524194e-01 1.835219923763222079e-03 6.998625954198473664e+02 3.800275783637257376e+01
9.445114335627492475e-01 1.754301698834087597e-03 6.916086956521738784e+02 3.151772633583054528e+01
9.507739483173833772e-01 1.796477233495237351e-03 6.886360153256705416e+02 2.908759774889942307e+01
9.571000001339345920e-01 1.844157663989784944e-03 6.885169811320754434e+02 3.037617553069907927e+01
9.634651872700409347e-01 1.860525514413665987e-03 6.972781954887218490e+02 3.497414145352233561e+01
9.697902983397413967e-01 1.869026222830578836e-03 7.473721804511278606e+02 6.446399957952253601e+01
9.761731987705594138e-01 1.898719003246270758e-03 9.459261992619925650e+02 2.372334585135899090e+02
9.824546988499620603e-01 1.850375251942234242e-03 1.499196226415094316e+03 5.611878473127515008e+02
9.887603507672997338e-01 1.885371791598095068e-03 2.634264705882353155e+03 9.828659534110269078e+02
9.951547945742836854e-01 1.923480157877882840e-03 4.141708185053380475e+03 1.444192569275560345e+03
1.001497999719481502e+00 1.820392376112148691e-03 5.276793233082707047e+03 1.792291565068161844e+03
1.007730073445106012e+00 1.872875193246743668e-03 5.394392086330934944e+03 1.795497512919946075e+03
1.014110590476311025e+00 1.881534321868284657e-03 4.603322695035461038e+03 1.549000484134560566e+03
1.020442888611849064e+00 1.823625195420996601e-03 3.614333333333333485e+03 1.245627216499810174e+03
1.026691701700078063e+00 1.782759485576686145e-03 2.518710144927536021e+03 8.525790445774974842e+02
1.033057845114525142e+00 1.884320384582664851e-03 1.680690476190476147e+03 5.160849661226875469e+02
1.039437792018165441e+00 1.793463056649077922e-03 1.139915194346289809e+03 2.891857453872677297e+02
1.045681248368910410e+00 1.745618337461533540e-03 8.441737588652482600e+02 1.368025789279131459e+02
1.051944871571292683e+00 1.801987856022948175e-03 6.987241379310345337e+02 6.367738339290445992e+01
1.058324809813473877e+00 1.829265674919061668e-03 6.393164983164982687e+02 3.331876275772568619e+01
1.064596602572098316e+00 1.714864743882408334e-03 6.148309859154929882e+02 2.436002832437378274e+01
1.070868750588993112e+00 1.792957436204007347e-03 6.041380471380471135e+02 2.218831843860465014e+01
1.077195490251847465e+00 1.798916779777443367e-03 5.970769230769230944e+02 2.204892004668504057e+01
1.083505800573759448e+00 1.740543057611223946e-03 5.919453924914676008e+02 2.278382394801285571e+01
1.089676915900379850e+00 1.748165881083384946e-03 5.868571428571428896e+02 2.271689541333944007e+01
1.096052400832523421e+00 1.863573573199493825e-03 5.821086261980830159e+02 2.197925360268615691e+01
1.102364289960501065e+00 1.744372504095847640e-03 5.781389830508475143e+02 2.181660389904947195e+01
1.108625070827478076e+00 1.829094711995288541e-03 5.724006514657980915e+02 2.329251186947185914e+01
1.114924075445366869e+00 1.842999932655674591e-03 5.526753246753246458e+02 5.248902816063016985e+01
1.121282665432693726e+00 1.762017027877181303e-03 5.616908396946564608e+02 3.715305915789347324e+01
1.127553932619258736e+00 1.851826979229859085e-03 5.603717472118959222e+02 3.282686343411468499e+01
1.133905639228342421e+00 1.803927404845938115e-03 5.560235294117646845e+02 3.256835239699226747e+01
1.140144523104706709e+00 1.820967272376473748e-03 5.518346456692913762e+02 3.626710238777604900e+01
1.146455214771981312e+00 1.831860927088285957e-03 5.487330677290837002e+02 3.451160949106338904e+01
1.152869066430118439e+00 1.902391342003174283e-03 5.465482625482625281e+02 3.370475345304974724e+01
1.159252377890596986e+00 1.791659613503928782e-03 5.415933609958506167e+02 3.465058200002135891e+01
1.165575291556828930e+00 1.872439892399787795e-03 5.411394422310756909e+02 3.347207071254229760e+01
1.171828433925186763e+00 1.747387590499659572e-03 5.361298701298701417e+02 3.726541249852193260e+01
1.178029580193284076e+00 1.845903894892485285e-03 5.338230452674897606e+02 3.509383154219284506e+01
1.184400904434957269e+00 1.829516060217846983e-03 5.300460251046025633e+02 3.561454146557491640e+01
1.190737654720273042e+00 1.816225366119703435e-03 5.274936708860759609e+02 3.637699545339193463e+01
1.196977477342464180e+00 1.780548390738201196e-03 5.230567685589519442e+02 3.641400222413685128e+01
1.203312963818603976e+00 1.874247930763579166e-03 5.203719008264463355e+02 3.741883231314854896e+01
1.209645773529357093e+00 1.750259837788138012e-03 5.154424778761061816e+02 3.828001134457770860e+01
1.215952225700388523e+00 1.837678281197498587e-03 5.129110169491525539e+02 3.636537993081069686e+01
1.222254898926581568e+00 1.775628514659025698e-03 4.861423220973782691e+02 6.131629589783371870e+01
1.228537298751265050e+00 1.780223345631782141e-03 4.936086956521739353e+02 4.634516640001675114e+01
1.234759587745337228e+00 1.795376270296014523e-03 4.895304659498207798e+02 4.285614101386072150e+01
1.241110555825225781e+00 1.895169703334604900e-03 4.882583892617449806e+02 4.106948451640602116e+01
1.247523323486311897e+00 1.874537877840588536e-03 4.823243243243243228e+02 3.907110588181939193e+01
1.253854431820907944e+00 1.857283623330970761e-03 4.793154362416107119e+02 3.897683292414971845e+01
1.260138295168494293e+00 1.856490137450314505e-03 4.730299003322259068e+02 3.982660761030648899e+01
1.266501421045549414e+00 1.881588491645209797e-03 4.718681672025723515e+02 3.679706505765017255e+01
1.272807251993681055e+00 1.824447191781883651e-03 4.670754098360655462e+02 3.558874112733153083e+01
1.279100636071537789e+00 1.831925956271344968e-03 4.640668789808917154e+02 3.504799540958821780e+01
1.285385940199903265e+00 1.796864974607813087e-03 4.593141025641025408e+02 3.541134343334222478e+01
1.291734086560349049e+00 1.833790085687247952e-03 4.564693251533742568e+02 3.513417151298643404e+01
1.297999116585571544e+00 1.712347548001254965e-03 4.509546925566343134e+02 3.482068352655925025e+01
1.304332283077917598e+00 1.862331657852500611e-03 4.484100294985250912e+02 3.413837950962777512e+01
1.310629912671008812e+00 1.689758514739712848e-03 4.439775641025640880e+02 3.260145999723551569e+01
1.316859893871710430e+00 1.807323329610554348e-03 4.416567164179104452e+02 3.167960778743330508e+01
1.323169508333509325e+00 1.772103529485381237e-03 4.375106382978723332e+02 3.029448791759362436e+01
1.329416719622044551e+00 1.761213072716576004e-03 4.351359516616313954e+02 3.195247689678441105e+01
1.335676763851219473e+00 1.808340606324402439e-03 4.298214285714285552e+02 3.087875228514058179e+01
1.342102166253144047e+00 1.916040745002256648e-03 4.273859154929577358e+02 3.130843901412667662e+01
1.348432554966731090e+00 1.804515701739407276e-03 4.229909365558912668e+02 3.037151450772783789e+01
1.354697325729501189e+00 1.895450207138361931e-03 4.196147308781869469e+02 3.224926018126373606e+01
1.361035554581970564e+00 1.836151892644552735e-03 4.158895348837209553e+02 3.099670330653640704e+01
1.367445372286436589e+00 1.911657172750392099e-03 4.144328767123287776e+02 2.887071030135143701e+01
1.373833054624600258e+00 1.794265400870382644e-03 4.114405797101449025e+02 2.778689465175506257e+01
1.380048052911932777e+00 1.791287036868802413e-03 4.139287749287749421e+02 2.818150108264421405e+01
1.386332670155489666e+00 1.806335848089170130e-03 4.236348314606741496e+02 2.663296949996019691e+01
1.392624520144640332e+00 1.796075039907524609e-03 4.660388888888888914e+02 3.792893554048899318e+01
1.398923000198597277e+00 1.771229759338340285e-03 5.492528089887640590e+02 5.649521457312044959e+01
1.405184482923453881e+00 1.808998902686751115e-03 6.532690217391303804e+02 7.351426281070956747e+01
1.411475199677901360e+00 1.734371386327675756e-03 7.244775280898876417e+02 9.836019705386004830e+01
1.417706081410672780e+00 1.817237095201347432e-03 7.370026881720430083e+02 1.131872318875481653e+02
1.424046144262549829e+00 1.816956160244514703e-03 7.179593495934959719e+02 1.185497774265968616e+02
1.430457268966005335e+00 1.925855730949348329e-03 6.723547557840616946e+02 1.120454530250681699e+02
1.436865665354877475e+00 1.843763745384080412e-03 6.139838709677419502e+02 9.829886247136010979e+01
1.443084111958556903e+00 1.831535442318516687e-03 5.498494623655914211e+02 8.274964540993511264e+01
1.449466238371406979e+00 1.910439897345804971e-03 4.942126582278481237e+02 6.362135517136311336e+01
1.455780432464144347e+00 1.769262236301017126e-03 4.494729729729729684e+02 4.758774832967394985e+01
1.462109939136078340e+00 1.873282905934200038e-03 4.156165413533834680e+02 3.715745631526201009e+01
1.468414112563870999e+00 1.734923018383166060e-03 3.911493333333333453e+02 3.086861563321412305e+01
1.474680891373796765e+00 1.804015195942032307e-03 3.787360406091370351e+02 2.767098593470933565e+01
1.480924591063775386e+00 1.742163032935032654e-03 3.688355091383812123e+02 2.608569291575721749e+01
1.487138550370334267e+00 1.742602934721402272e-03 3.654550128534704641e+02 2.568605784174227225e+01
1.493462591150057195e+00 1.833511633313982111e-03 3.606287128712871208e+02 2.406915241813958062e+01
1.499809278721849770e+00 1.805357266360340307e-03 3.589571788413098261e+02 2.444668435323817945e+01
1.506175762378094918e+00 1.888906516140883814e-03 3.560855745721271433e+02 2.306237372475803227e+01
1.512543466733061504e+00 1.879653113941155348e-03 3.534828431372549176e+02 2.507778891617560291e+01
1.518927121842702510e+00 1.865813122140227640e-03 3.511544117647058556e+02 2.444964946571913345e+01
1.525176469146275027e+00 1.826629940430822378e-03 3.489900744416873408e+02 2.359327354893465767e+01
1.531416651941075235e+00 1.798854978931840659e-03 3.468688118811880940e+02 2.379340306284185047e+01
1.537728221615372926e+00 1.856986876758172280e-03 3.446028368794326298e+02 2.269001089473882615e+01
1.544096010846849332e+00 1.769518617434322075e-03 3.433965936739659242e+02 2.244039153676149567e+01
1.550405005344789089e+00 1.809055686031393537e-03 3.416004728132387527e+02 2.192190525415670876e+01
1.556696834359960313e+00 1.740139413919524446e-03 3.397694174757281758e+02 2.340902987738214236e+01
1.562969221032702194e+00 1.804120915253569534e-03 3.375825471698113347e+02 2.367949780929768622e+01
1.569251838380229191e+00 1.803338776033149233e-03 3.363054892601431902e+02 2.251614127273479582e+01
1.575556094315494926e+00 1.863019847936644557e-03 3.356946386946386838e+02 2.174918975034439228e+01
1.581892448177514066e+00 1.865480693804838323e-03 3.348888888888889142e+02 2.310561277187397877e+01
1.588269483401412163e+00 1.861295980786164313e-03 3.353248847926267331e+02 2.168960528123632159e+01
1.594574325321363339e+00 1.830133252637398044e-03 3.379745370370370097e+02 2.004593650776263658e+01
1.600916934751582588e+00 1.832077894544300927e-03 3.430478359908883590e+02 1.809548473615465269e+01
1.607201343968552854e+00 1.780442356845074459e-03 3.488009259259259238e+02 1.756981316404194260e+01
1.613445462524496721e+00 1.775524639999344866e-03 3.530779816513761489e+02 1.664389759271683999e+01
1.619730849749851931e+00 1.787630240083115185e-03 3.545462753950338879e+02 1.709806713758979058e+01
1.625979803600224649e+00 1.755895091839796123e-03 3.572574712643678367e+02 1.723858414123995431e+01
1.632226613292544926e+00 1.821174808670054370e-03 3.741275167785234999e+02 2.230507707277375573e+01
1.638606704061473573e+00 1.894452323361247963e-03 4.355683297180043496e+02 4.502880894996555128e+01
1.645050487946952522e+00 1.887301666918968484e-03 5.452847826086956502e+02 8.106496292240308321e+01
1.651415996904310735e+00 1.851783837096881687e-03 6.440482456140350678e+02 1.102230293505633369e+02
1.657788871265904573e+00 1.852242853945953917e-03 6.899697624190064289e+02 1.301879315009717004e+02
1.664006124760511351e+00 1.741113674427757210e-03 6.793401360544218051e+02 1.324693805353838059e+02
1.670281873961185770e+00 1.842366346193471905e-03 6.477272727272727479e+02 1.247127739833353814e+02
1.676541801276667298e+00 1.721555322686186195e-03 6.039506726457399282e+02 1.155173085614831194e+02
1.682793682471841024e+00 1.824670227224382997e-03 5.571561181434599348e+02 1.002488633665114719e+02
1.689107465299970467e+00 1.791603935857043455e-03 5.056117136659436255e+02 8.427482040667142371e+01
1.695415952935033443e+00 1.877357617877282179e-03 4.611920668058455135e+02 6.506491895277552828e+01
1.701806617780016628e+00 1.875253898477295287e-03 4.427995824634655264e+02 4.906141095487367210e+01
1.708145235544118012e+00 1.851238026496159058e-03 4.852505263157895001e+02 5.864078763552921458e+01
1.714469347376187613e+00 1.845626368464784459e-03 5.871097308488613180e+02 8.087956301982065099e+01
1.720739519194126599e+00 1.771881702320935673e-03 6.796730769230769056e+02 9.610400631391911475e+01
1.726990948287859817e+00 1.820993782645452704e-03 7.140489795918367690e+02 1.096316548346063513e+02
1.733361150263370787e+00 1.784216608021570085e-03 7.060289256198346948e+02 1.107407778744091189e+02
1.739571674833123582e+00 1.760427731239605715e-03 6.731593291404611819e+02 1.007506111151304964e+02
1.745888420135642827e+00 1.855122891619970195e-03 6.284096385542168264e+02 9.006328479362865380e+01
1.752250177420427102e+00 1.860925844240075020e-03 5.693117408906882702e+02 8.033522003596036143e+01
1.758607387389414800e+00 1.864192030273802104e-03 5.091539999999999964e+02 7.147299204594698097e+01
1.764972322429467777e+00 1.851098948525789619e-03 4.530520000000000209e+02 5.780937121263298906e+01
1.771273520234028620e+00 1.808016239517707931e-03 4.058689516129032313e+02 4.798853926532311931e+01
1.777586992161852564e+00 1.807004964737956481e-03 3.670376237623762563e+02 3.834851444248008079e+01
1.783840233931820451e+00 1.746107465683986813e-03 3.366537678207739077e+02 3.341560163123656224e+01
1.790071520275328565e+00 1.795583184790444783e-03 3.160452755905511708e+02 2.915604244234154407e+01
1.796393698957722052e+00 1.819993601147859141e-03 3.002628458498023747e+02 2.720215291511036781e+01
1.802712928873270393e+00 1.883216042231023422e-03 2.927701149425287213e+02 2.477419804378603629e+01
1.809114577024696358e+00 1.850157529878445435e-03 2.874670542635658990e+02 2.537264545828498896e+01
1.815345782948464493e+00 1.803540499391122600e-03 2.830869565217391255e+02 2.444325771185810225e+01
1.821700705453981772e+00 1.863872113208649628e-03 2.805298507462686644e+02 2.281103638685775081e+01
1.828034416566336029e+00 1.759461126105644731e-03 2.779389763779527698e+02 2.253007820023818297e+01
1.834289862490237510e+00 1.817049905439401892e-03 2.763483992467043322e+02 2.215605049459476206e+01
1.840620947190598100e+00 1.780340576699249600e-03 2.752788461538461320e+02 2.290724801966223723e+01
1.846876290479544158e+00 1.833628160635640113e-03 2.732155009451795991e+02 2.251018036411398526e+01
1.853225331533147280e+00 1.864396810776891523e-03 2.717833333333333599e+02 2.319177030492806679e+01
1.859586416204100923e+00 1.843230203276794224e-03 2.696560747663551183e+02 2.220904816164595630e+01
1.865884580336470755e+00 1.827085395033201023e-03 2.684264432029794989e+02 2.141258140356903539e+01
1.872200528994375501e+00 1.799198018262535481e-03 2.675648148148148380e+02 2.146592028965984511e+01
1.878453452628845000e+00 1.760356359008985331e-03 2.657306967984933976e+02 2.198082627660361865e+01
1.884712324747962020e+00 1.805687576808031941e-03 2.639361313868612910e+02 2.177291144667682232e+01
1.891113706724730337e+00 1.861939656346446982e-03 2.620773381294964111e+02 2.126637125605329715e+01
1.897400945427566432e+00 1.833350088909791505e-03 2.607573529411764639e+02 2.109226614350243523e+01
1.903772875545957088e+00 1.875180743362649160e-03 2.604542253521127009e+02 2.179066798921927273e+01
1.910018917854334752e+00 1.739883276586547947e-03 2.599905482041588130e+02 2.187785923152218714e+01
1.916236012056648175e+00 1.833205283437960029e-03 2.596947368421052715e+02 2.142913981570416126e+01
1.922638163561010805e+00 1.793373418488206777e-03 2.595178571428571672e+02 2.107280488846577171e+01
1.928888348891847349e+00 1.792288115248428593e-03 2.596492805755395921e+02 2.141321194194168243e+01
1.935240631371640818e+00 1.865766417879262265e-03 2.624896193771626258e+02 2.172058036304131434e+01
1.941608872090050619e+00 1.856644915843207438e-03 2.655500878734621892e+02 2.141966528168454431e+01
1.947917338414854704e+00 1.837601359788319485e-03 2.788178633975481375e+02 1.999176168577384161e+01
1.954236834815996637e+00 1.805754229573221887e-03 3.282674825174825060e+02 7.560449100807278455e+01
1.960488135501994522e+00 1.772905664188001006e-03 4.444778761061946852e+02 2.041006581932450104e+02
1.966755922696415082e+00 1.810201296061439468e-03 6.121996557659208520e+02 3.634496204072303840e+02
1.973091583736556354e+00 1.814240900008777741e-03 8.021551724137931387e+02 4.757441361547320753e+02
1.979420480567132490e+00 1.865397302840512408e-03 1.052750424448217245e+03 4.802818871333274160e+02
1.985762243830389018e+00 1.849873766110382307e-03 1.414944067796610170e+03 4.363413453457558262e+02
1.992143605840229093e+00 1.840662096304069391e-03 1.726520938023450526e+03 4.093338083790519590e+02
1.998372952698491245e+00 1.738412627792555948e-03 1.868906854130052807e+03 4.305999186366823324e+02
2.004614638405731508e+00 1.821010887715033720e-03 1.852814569536423733e+03 4.377155817883653981e+02
2.010981699228176822e+00 1.807963355431743604e-03 1.758048821548821479e+03 4.319762269634874770e+02
2.017216781415232862e+00 1.822968187424302972e-03 1.642232715008431796e+03 4.443705670649198396e+02
2.023555507756473748e+00 1.866836436713831520e-03 1.445360975609755997e+03 4.251573352471477847e+02
2.029945947492921121e+00 1.842053164818473936e-03 1.233067434210526244e+03 3.734089653877632600e+02
2.036236367431154548e+00 1.802040352124230577e-03 1.034897520661156932e+03 3.216095125844323093e+02
2.042538823796997693e+00 1.786279422623429517e-03 8.585336617405582729e+02 2.741957581411280103e+02
2.048720173306640469e+00 1.747373060808409071e-03 6.921644067796610216e+02 2.116796316828932447e+02
2.055017041239767028e+00 1.892889576395914968e-03 5.635712050078246875e+02 1.626863399237112446e+02
2.061465280497128294e+00 1.850343878148330047e-03 4.520512820512820440e+02 1.160588268874360125e+02
2.067778354784032935e+00 1.826644103880053095e-03 3.710933977455716786e+02 8.605536618269755422e+01
2.074107962816127415e+00 1.810449409964311413e-03 3.127301587301587347e+02 6.174330960662166490e+01
2.080392027050733006e+00 1.757304311173108879e-03 2.713941368078175742e+02 4.346423916700905465e+01
2.086560915145909245e+00 1.789004268885935290e-03 2.473614262560778059e+02 3.272907706007698891e+01
2.092907509218693285e+00 1.897916204239676529e-03 2.354496951219512084e+02 2.728915260780467023e+01
2.099341076602548206e+00 1.841856996552926774e-03 2.263921875000000057e+02 2.554374168476131146e+01
2.105598503643897335e+00 1.780460926307301031e-03 2.211054313099041622e+02 2.330839730500330731e+01
2.111872942412509335e+00 1.813036870717739954e-03 2.179506172839506064e+02 2.233617900507756104e+01
2.118179840511383194e+00 1.773074262998883873e-03 2.160425196850393661e+02 2.104131273741453967e+01
2.124489700938873238e+00 1.854176769044688739e-03 2.141681957186544309e+02 2.041839379825733758e+01
2.130866139955553962e+00 1.876679961187130126e-03 2.127443267776096718e+02 2.100171218263908912e+01
2.137196345481136905e+00 1.803165093871285981e-03 2.144767801857585141e+02 1.930621855908195528e+01
2.143477781291089013e+00 1.808033309626025679e-03 2.221541984732824346e+02 1.697917809502877518e+01
2.149749346762158453e+00 1.787076492040512573e-03 2.418894009216589893e+02 1.857222900243025521e+01
2.156014428448592479e+00 1.811767013668930289e-03 2.686514459665144727e+02 2.585364005449571323e+01
2.162388958755252943e+00 1.899773100682969557e-03 2.906744525547445051e+02 3.262941839918384090e+01
2.168776559916051561e+00 1.828625003914755194e-03 3.007927927927927954e+02 3.419692569551131101e+01
2.175079146577416189e+00 1.799027495536281414e-03 3.040567164179104225e+02 3.396503692874410518e+01
2.181358965593887422e+00 1.775037425494343461e-03 3.048418674698795030e+02 3.309677390167362887e+01
2.187625576602315824e+00 1.830837683859201127e-03 3.143461538461538680e+02 3.429366188947620486e+01
2.193923842198696850e+00 1.837507381709080519e-03 3.521718061674008595e+02 6.631393178236010044e+01
2.200310743338333541e+00 1.859271066102410235e-03 4.391649928263988727e+02 1.298886466632853001e+02
2.206637920896229677e+00 1.789161753318371274e-03 5.817155555555555111e+02 1.914580743283354707e+02
2.212855268310565560e+00 1.778695396750237757e-03 7.963269513991162967e+02 2.121528672735812222e+02
2.219155297956861617e+00 1.826812665150635666e-03 1.088089208633093449e+03 1.920734292975474773e+02
2.225534449623195243e+00 1.883537061579874895e-03 1.353098730606488061e+03 1.958462386842120964e+02
2.231816049321749151e+00 1.789850136339156059e-03 1.505417033773861931e+03 2.596332242411798461e+02
2.238124350048766420e+00 1.838516226422660244e-03 1.529599162011173121e+03 2.925388422824179315e+02
2.244461256680506001e+00 1.769483755913013904e-03 1.472014471780028998e+03 3.109133407486803549e+02
2.250672411056880762e+00 1.815340560525242463e-03 1.374824964131994193e+03 3.181200685379387210e+02
2.256976265699253581e+00 1.875232856265233962e-03 1.251998618784530436e+03 3.122003071173061244e+02
2.263404067221236105e+00 1.844596500685106652e-03 1.105840220385674911e+03 2.975225141509483819e+02
2.269740131332425914e+00 1.784620609829179342e-03 9.422673267326732685e+02 2.628259079890886483e+02
2.275928662030326066e+00 1.770462641505800294e-03 7.976524216524217081e+02 2.285715733949694481e+02
2.282234771450446509e+00 1.859120215862977580e-03 6.679552845528455691e+02 1.884352536639776190e+02
2.288651494096741512e+00 1.861574731480084791e-03 5.429986431478969280e+02 1.503280356880289048e+02
2.294929189507614264e+00 1.787386468760323059e-03 4.426109550561797619e+02 1.178084872606976319e+02
2.301123790424945526e+00 1.773889529887621910e-03 3.634624999999999773e+02 9.191296041183016996e+01
2.307427473574251042e+00 1.823767960867003161e-03 2.960527740189445467e+02 7.055867331296052214e+01
2.313824548022820782e+00 1.807223345639351721e-03 2.454294205052005964e+02 5.440105222103314730e+01
2.320154992066300714e+00 1.861695907969135875e-03 2.101153846153846132e+02 4.043021446509056460e+01
2.326479049872378635e+00 1.797363522119922990e-03 1.893836671802773424e+02 3.075397804675008828e+01
2.332811122143054305e+00 1.834923033436536115e-03 1.771914893617021391e+02 2.549292362120350575e+01
2.339146829363451641e+00 1.809933127175767861e-03 1.702056514913657850e+02 2.245170170452038860e+01
2.345346999874724947e+00 1.788822558822959720e-03 1.652829581993569263e+02 2.155787403670631264e+01
2.351591514044208964e+00 1.821961582186779451e-03 1.629196850393700799e+02 2.063289261525187968e+01
2.357940827546205931e+00 1.821480796874143165e-03 1.604018987341772231e+02 2.023353837934683952e+01
2.364269371024037891e+00 1.822839816105960298e-03 1.588333333333333428e+02 2.004783941936425506e+01
2.370575565839220911e+00 1.828742917233826173e-03 1.566286173633440626e+02 2.025559504413818246e+01
2.376891771469677561e+00 1.815523241845057745e-03 1.554336569579288039e+02 1.970737436895580430e+01
2.383240749019818416e+00 1.833462819707767054e-03 1.540418006430868161e+02 1.969432626703478206e+01
2.389601619010945921e+00 1.828185711102788165e-03 1.536254071661237788e+02 1.920468646385243972e+01
2.395961259100775731e+00 1.812604844355751544e-03 1.520779014308426156e+02 1.953209664257476774e+01
2.402160007896914973e+00 1.807533258736503850e-03 1.556432835820895662e+02 1.701690941561527737e+01
2.408453972146052724e+00 1.793232887210479852e-03 1.665774853801169684e+02 1.527656686770623828e+01
2.414771780432101167e+00 1.830638750947721858e-03 1.859124820659971249e+02 1.853019459551412496e+01
2.421058800843912895e+00 1.849123668637423033e-03 2.170438472418670415e+02 2.771094189454422008e+01
2.427397847212681370e+00 1.833909450969152099e-03 2.603361111111111086e+02 3.323675586735895848e+01
2.433701938443864954e+00 1.777285794113256248e-03 3.049353023909985723e+02 3.507652793296043114e+01
2.440001432560962691e+00 1.835928632076300280e-03 3.342284541723666393e+02 4.016912053223160939e+01
2.446276920633820851e+00 1.825543246774167941e-03 3.428074277854195202e+02 4.934439295381380930e+01
2.452612917458465880e+00 1.850886418197054181e-03 3.381379310344827331e+02 5.317068498257766862e+01
2.458937188373468086e+00 1.764090576915684772e-03 3.280013698630136787e+02 5.466657339339406718e+01
2.465235494564519847e+00 1.842465198645606636e-03 3.139273447820343677e+02 5.468684635459507604e+01
2.471581205305689810e+00 1.856761058240425245e-03 2.955289473684210293e+02 5.306399924551463698e+01
2.477865992864338285e+00 1.798850075022648308e-03 2.738548601864181364e+02 5.106228455154069934e+01
2.484122936716935737e+00 1.780971833254360159e-03 2.521796565389696241e+02 4.817473899636152623e+01
2.490467721662181333e+00 1.849468727863495983e-03 2.311315453384418959e+02 4.390941247241171652e+01
2.496849546734450254e+00 1.852734310658727887e-03 2.096807151979565731e+02 3.956797115917741792e+01
2.503105859710241798e+00 1.772860352036017325e-03 1.915290237467018528e+02 3.479844699968852240e+01
2.509322203788900918e+00 1.804578376445024500e-03 1.775448717948717956e+02 3.092109425119028288e+01
2.515643032193938478e+00 1.830400595634155535e-03 1.664433249370277110e+02 2.752599854049374528e+01
2.522012436559997628e+00 1.844427975373299751e-03 1.554590570719603022e+02 2.523840686468842520e+01
2.528376527697731913e+00 1.805263014170996501e-03 1.476884422110552748e+02 2.295966591509674615e+01
2.534662305746367750e+00 1.817191430107880853e-03 1.415428211586901739e+02 2.084924256402147336e+01
2.540923642722284104e+00 1.847774197163838152e-03 1.375049504950495134e+02 1.925729529849683885e+01
2.547222087144660030e+00 1.810867478977307979e-03 1.345532178217821695e+02 1.857545039802431219e+01
2.553540685742163419e+00 1.807658101810726481e-03 1.332925336597307080e+02 1.801700464935456480e+01
2.559925401613222018e+00 1.856915584780679824e-03 1.330395209580838412e+02 1.780966350515573637e+01
2.566280305514876403e+00 1.838802799104265022e-03 1.331767554479419005e+02 1.803988621094076450e+01
2.572544852388987113e+00 1.785952156998167010e-03 1.354981595092024520e+02 1.777008050700638009e+01
2.578799894204640619e+00 1.806472379669163885e-03 1.413857315598548894e+02 1.922064769722409139e+01
2.585123793491197919e+00 1.855120447360665906e-03 1.490434782608695627e+02 2.301234621839874350e+01
2.591472256141813091e+00 1.805120360344933915e-03 1.534398092967818741e+02 2.696543830804820985e+01
2.597744265483155957e+00 1.788819714346394623e-03 1.558681055155875299e+02 2.861145818065373092e+01
2.604038454996993934e+00 1.850630787333012181e-03 1.575279720279720266e+02 2.997740712291124154e+01
2.610374414453144443e+00 1.837105816396599096e-03 1.556693830034924417e+02 3.083354564191644442e+01
2.616634120485421100e+00 1.761050173804210722e-03 1.544391408114558430e+02 3.065437545073612569e+01
2.622940397920966227e+00 1.848634675493098997e-03 1.535187713310580193e+02 3.088477169929166877e+01
2.629323187355575353e+00 1.839581463337864892e-03 1.514406392694064039e+02 3.058507399052723486e+01
2.635681273538560632e+00 1.815290224604702678e-03 1.482932416953035499e+02 2.963155231752976349e+01
2.641934789831782204e+00 1.778405014700361417e-03 1.459577464788732470e+02 2.890989800406262233e+01
2.648176773767660031e+00 1.853093332118325998e-03 1.446572717023675239e+02 2.834480217694384052e+01
2.654514065851063087e+00 1.823524830511773481e-03 1.413604519774011408e+02 2.704892775992779264e+01
2.660817448321032508e+00 1.798052776896779401e-03 1.392855517633674651e+02 2.630222984312008094e+01
2.667123571907564994e+00 1.844852426740933296e-03 1.391699999999999875e+02 2.679714246789096777e+01
2.673472329675100401e+00 1.839448802019330543e-03 1.377419712070874880e+02 2.759681681257015384e+01
2.679761377760365715e+00 1.786299887381436651e-03 1.373631221719456903e+02 2.782979540593047574e+01
2.686129035698236578e+00 1.877272974428747035e-03 1.360392364793213176e+02 3.276856710189979083e+01
2.692300573720700196e+00 1.798376592015874225e-03 1.379147025813692551e+02 2.863653243690369266e+01
2.698561328278970439e+00 1.798779619418457414e-03 1.391049030786772960e+02 2.695317646536978984e+01
2.704947056964875252e+00 1.860594623228957294e-03 1.417393258426966156e+02 2.815469432032919528e+01
2.711339925705444909e+00 1.826229981736538378e-03 1.422453703703703809e+02 2.860527637751622620e+01
2.717643416720191052e+00 1.774618570520191145e-03 1.428794749403341200e+02 2.683947922224159299e+01
2.723934694222051256e+00 1.823763048442502126e-03 1.461959858323494643e+02 2.537040039998043284e+01
2.730274673678132036e+00 1.841398355898408350e-03 1.493400236127508833e+02 2.261205634950469445e+01
2.736591263199737778e+00 1.788312012670147501e-03 1.541939024390243844e+02 2.277799439271227655e+01
2.742885231028380222e+00 1.844652457607765493e-03 1.600875299760191979e+02 2.418183261432436737e+01
2.749161241756704843e+00 1.804773587711254630e-03 1.624766584766584856e+02 2.506040695046208100e+01
2.755398232824302962e+00 1.776157869081165970e-03 1.644783147459727388e+02 2.518757017320718816e+01
2.761751565609168679e+00 1.857903093933079139e-03 1.687431302270011884e+02 2.845345643238901445e+01
2.768124311574730267e+00 1.813883183384283311e-03 1.715116564417178040e+02 3.066016281677612909e+01
2.774423663616722546e+00 1.776295681999270643e-03 1.739625468164794029e+02 3.077315899523408405e+01
2.780754869867226198e+00 1.842436817654598789e-03 1.831242387332521275e+02 2.432119750040622819e+01
2.787077464795406190e+00 1.805278297034774168e-03 2.145250000000000057e+02 4.058303255364241124e+01
2.793346642012575654e+00 1.793644434711254678e-03 2.878675914249684524e+02 9.172017978854316311e+01
2.799634253246212179e+00 1.838111547031318375e-03 3.843287841191066718e+02 1.364906135757457832e+02
2.805924842988945844e+00 1.808245895551135627e-03 4.951780303030303116e+02 1.560224791001040217e+02
2.812167973206011862e+00 1.789098639402584082e-03 5.904923273657288973e+02 1.445494983598219676e+02
2.818496662748549042e+00 1.874446068014908040e-03 6.682885085574572486e+02 1.354427052537927239e+02
2.824858807967614460e+00 1.791571154666717633e-03 7.223707006369427290e+02 1.446700594822326309e+02
2.831150482550185643e+00 1.815112775054883139e-03 7.381278481012658403e+02 1.515925343640771246e+02
2.837475400148095517e+00 1.850316795954077458e-03 7.344682440846823965e+02 1.578795054532954509e+02
2.843805018276897911e+00 1.786824753329564535e-03 7.060012836970474837e+02 1.606479139188238605e+02
2.850131561922547352e+00 1.845583173970813699e-03 6.715193508114856513e+02 1.635780459455739333e+02
2.856484494638581229e+00 1.841115527677602507e-03 6.268630136986300840e+02 1.543318697501378836e+02
2.862782859862781137e+00 1.780809355167121575e-03 5.760586734693877133e+02 1.528929170407909908e+02
2.869068523143336158e+00 1.847699945098150954e-03 5.222024539877301095e+02 1.417021580360757298e+02
2.875378514069953706e+00 1.802909528894259443e-03 4.641985018726591647e+02 1.318369383859335358e+02
2.881671995666307051e+00 1.819305449905813353e-03 4.098248447204969125e+02 1.138601961105082125e+02
2.887980092673573917e+00 1.848812746508326317e-03 3.601703431372549176e+02 9.150330469661086852e+01
2.894292086458025270e+00 1.795011172749967111e-03 3.128404522613065524e+02 7.094763779652106450e+01
2.900588101801901963e+00 1.834444505730529681e-03 2.728949320148331026e+02 5.644333785596809605e+01
2.906894294921833044e+00 1.834235081131648307e-03 2.377794299876084381e+02 4.347895441516117643e+01
2.913143215321425394e+00 1.775388414920497622e-03 2.128437900128041065e+02 3.322776298901654002e+01
2.919469846096636179e+00 1.902110692867622259e-03 1.967925659472421955e+02 2.362125984439600046e+01
2.925831071463227850e+00 1.799019204260941503e-03 1.895774111675126790e+02 1.621304291522728036e+01
2.932125236913744715e+00 1.849572311535908030e-03 1.933733003708281899e+02 1.302183374194828147e+01
2.938426190430696305e+00 1.829943172517629413e-03 2.108339575530586671e+02 1.786136619598717346e+01
2.944698497868602605e+00 1.792371922793937686e-03 2.395355329949238694e+02 2.608268628066625539e+01
2.951032364443879619e+00 1.872648010744969562e-03 2.729016990291262346e+02 3.658123589442514856e+01
2.957349976869245278e+00 1.772646084934545842e-03 3.036649616368286502e+02 4.005312783987855596e+01
2.963641534615172990e+00 1.843499637433317897e-03 3.483950617283950351e+02 4.394421232286836698e+01
2.969974563050315375e+00 1.835483252247156055e-03 4.172447204968943879e+02 6.052743369368647564e+01
2.976261971728969780e+00 1.784595762971840369e-03 5.044783163265306030e+02 7.607986296043733887e+01
2.982555079221103078e+00 1.856376802478345786e-03 5.841358629130967302e+02 7.020789250669768933e+01
2.988860230475899549e+00 1.767956570045068222e-03 6.410627400768246389e+02 7.534281012639333142e+01
2.995178874680174186e+00 1.856934622757372335e-03 6.554559902200488750e+02 7.666854941235867216e+01
3.001496400543723020e+00 1.797819739674591305e-03 6.462408111533586634e+02 7.280033710952055515e+01
3.007822553902104179e+00 1.849516356328991537e-03 6.184381188118811679e+02 7.287019980674888586e+01
3.014155913686516808e+00 1.844070628166239031e-03 5.774844720496894297e+02 7.174707594944369760e+01
3.020427983220980828e+00 1.780401570183770890e-03 5.351717948717948730e+02 7.097287447962122542e+01
3.026726854870708916e+00 1.864734463497724846e-03 4.899669926650366847e+02 6.814629089740768109e+01
3.033042693621903041e+00 1.790509691971886499e-03 4.442321428571428328e+02 6.640731209491927700e+01
3.039421166988304002e+00 1.891344364520593712e-03 3.933216444981862310e+02 6.039064451244708920e+01
3.045771113053035606e+00 1.809002971513908259e-03 3.436058301647655071e+02 5.174667772209419780e+01
3.052089874155329063e+00 1.844438578281415919e-03 2.917270471464019579e+02 4.712879872492809596e+01
3.058386304167925118e+00 1.824217551217444024e-03 2.486165413533834680e+02 4.467747519409145696e+01
3.064635661305841197e+00 1.781811879387494579e-03 2.162397435897435969e+02 4.001843177408138530e+01
3.070942258104439215e+00 1.879278577764203085e-03 1.878848484848484759e+02 3.290857759519306569e+01
3.077306102136554866e+00 1.789896323379901438e-03 1.697966963151206983e+02 2.423941543475147853e+01
3.083610248093582751e+00 1.842323938384468965e-03 1.559557195571955788e+02 1.712598428676220763e+01
3.089899276602742884e+00 1.781295098450355954e-03 1.463248407643312134e+02 1.325403389842930757e+01
3.096219282790054539e+00 1.849962857272845727e-03 1.397022058823529278e+02 1.198059799131608827e+01
3.102516781183005889e+00 1.793151767743564459e-03 1.351280101394169719e+02 1.172569886719031729e+01
3.108846425703184035e+00 1.844538984569745127e-03 1.324391143911439030e+02 1.175878281456625629e+01
3.115155056293756886e+00 1.812510444856532069e-03 1.309485570890840620e+02 1.222354718951419983e+01
3.121484332076036150e+00 1.832521331068808152e-03 1.301513647642679814e+02 1.225472435681209760e+01
3.127777573742708483e+00 1.818133687887086257e-03 1.293628428927680716e+02 1.185178498930813440e+01
3.134074710556275623e+00 1.800750836428910992e-03 1.295725094577553591e+02 1.162961677788872095e+01
3.140350968701055567e+00 1.840082388152106639e-03 1.323522167487684840e+02 1.179951667972567186e+01
3.146669598331559570e+00 1.795769837056059460e-03 1.385227272727272805e+02 1.410790458441952211e+01
3.152959210157879166e+00 1.842768641532451131e-03 1.467374233128834362e+02 1.678286249823572618e+01
3.159264892205651432e+00 1.791857333635609589e-03 1.531772151898734080e+02 1.953699402557107589e+01
3.165581888857809112e+00 1.858342078644047027e-03 1.574029126213592349e+02 2.049092967473333005e+01
3.171905560319084216e+00 1.782720971754531017e-03 1.575133079847908846e+02 2.222715496214506103e+01
3.178180461481988406e+00 1.828434529921516482e-03 1.567690417690417632e+02 2.201287731495987998e+01
3.184506679420991304e+00 1.810619157308176325e-03 1.538331257783312651e+02 2.138671600304409282e+01
3.190846230582273346e+00 1.831490456789015321e-03 1.509547677261613785e+02 1.966138412941950975e+01
3.197132365687451294e+00 1.780884113596707067e-03 1.459708860759493803e+02 1.827900162307789245e+01
3.203454230992797136e+00 1.862619862555806765e-03 1.403172496984318514e+02 1.641286825529022764e+01
3.209790152929830498e+00 1.796864404628749357e-03 1.332830188679245396e+02 1.587373939029251879e+01
3.216105270782768422e+00 1.849581865447865814e-03 1.274939320388349557e+02 1.486041295831124742e+01
3.222383723154825574e+00 1.773184836801974633e-03 1.240050761421319834e+02 1.366281704141108122e+01
3.228652903688512765e+00 1.829814433570467642e-03 1.198635809987819698e+02 1.181787208736840533e+01
3.234977992221026444e+00 1.801123950508762587e-03 1.170435323383084523e+02 1.072835782250866821e+01
3.241301441286830176e+00 1.830570155328411054e-03 1.148469015795868842e+02 9.322594126106016788e+00
3.247581817024004280e+00 1.774748969754167847e-03 1.164171934260429850e+02 8.348958720120753796e+00
3.253885986942128827e+00 1.868811343678552150e-03 1.227520958083832312e+02 8.539197113259204386e+00
3.260235987169183947e+00 1.804603356501592029e-03 1.340162500000000136e+02 1.026284591378044375e+01
3.266546856392692710e+00 1.857627301288636550e-03 1.449326923076923208e+02 1.192933739563788897e+01
3.272886904023045052e+00 1.792569475559808913e-03 1.527524999999999977e+02 1.321938668679450579e+01
3.279153478698136670e+00 1.837211362056317054e-03 1.563818181818181756e+02 1.401285596270100875e+01
3.285516195699416553e+00 1.819318898053023329e-03 1.567039312039312051e+02 1.357200975664931164e+01
3.291677990232397821e+00 1.824817096246810931e-03 1.541192660550458697e+02 1.346361856908638899e+01
3.298068987764390059e+00 1.863784166448585874e-03 1.504150684931506987e+02 1.280023808185413969e+01
3.304430978840338096e+00 1.814787339162488022e-03 1.444142441860465169e+02 1.329054539425264281e+01
3.310737564052387061e+00 1.817945227602999880e-03 1.385580357142857224e+02 1.537682890026616889e+01
3.317033906120231190e+00 1.800198345421728579e-03 1.320616332819722629e+02 1.619048762469583025e+01
3.323313479518194669e+00 1.810036704891648416e-03 1.259247648902821339e+02 1.473806373630318411e+01
3.329645772824664451e+00 1.853775369266378323e-03 1.199297971918876726e+02 1.324294594382912926e+01
3.335990548707715053e+00 1.826590486813650920e-03 1.149197431781701511e+02 1.152280918283487132e+01
3.342268739174953929e+00 1.807641793864574143e-03 1.106362153344208821e+02 9.638871837598427916e+00
3.348554594221377023e+00 1.807536448754866812e-03 1.071118421052631646e+02 8.126417546276252679e+00
3.354810866618635590e+00 1.798386852034845364e-03 1.041474036850921294e+02 7.111127463443120078e+00
3.361143554435736203e+00 1.860575678898459748e-03 1.018442622950819612e+02 5.986877614776169310e+00
3.367505271257411170e+00 1.829077091643749146e-03 1.005945945945945965e+02 5.391011240146004191e+00
3.373804785089639324e+00 1.803149868685275390e-03 9.915251299826690001e+01 5.667526055783273620e+00
3.380079784639911100e+00 1.805631642174917659e-03 9.860281195079086558e+01 5.947757077928484293e+00
3.386416571036835244e+00 1.843579116849991192e-03 9.846302816901408050e+01 6.237337400815889055e+00
3.392732849186819166e+00 1.821713749179523084e-03 9.836842105263157521e+01 5.829796880245097235e+00
3.399077842768783331e+00 1.840157085703132342e-03 9.806884057971014101e+01 5.279412588535130624e+00
3.405368445234043140e+00 1.771416845865005909e-03 9.771755725190840280e+01 5.047468572420173771e+00
3.411642977450664915e+00 1.840004348347408980e-03 9.743609022556391608e+01 5.264482915917063188e+00
3.417946432239648225e+00 1.816648589106147462e-03 9.729708737864078216e+01 5.303386483291451903e+00
3.424268333461439884e+00 1.838339958730071926e-03 9.982591876208897474e+01 5.749469508343324264e+00
3.430601598134079389e+00 1.799761940178920376e-03 1.089498997995991942e+02 1.059915463362404964e+01
3.436922606236269218e+00 1.844213366763177700e-03 1.285800000000000125e+02 2.382462507574883048e+01
3.443269856433799347e+00 1.834668830692703879e-03 1.548732106339468260e+02 3.504910409544778815e+01
3.449516618902171317e+00 1.769622948488585408e-03 1.771538461538461604e+02 3.733762787007017181e+01
3.455771942280530862e+00 1.817195070858158281e-03 1.933361522198731564e+02 4.209173732271105450e+01
3.462154010515302804e+00 1.866018191136946868e-03 2.040907172995780456e+02 4.303406534739271905e+01
3.468478914699885340e+00 1.799468636805881495e-03 2.035920177383592033e+02 3.599490365754821397e+01
3.474737530089159865e+00 1.798535080277152308e-03 1.943609865470851901e+02 3.089223428881934552e+01
3.481027808853469629e+00 1.828779808500339806e-03 1.847624434389140333e+02 3.063966682697701671e+01
3.487370903609774420e+00 1.855504762412056021e-03 1.719411764705882320e+02 3.067876222986104295e+01
3.493710577164840458e+00 1.791815171782784382e-03 1.642198581560283799e+02 4.222053921445634472e+01
3.499981309375833849e+00 1.817721919481020843e-03 1.525178997613365084e+02 4.091020301080848043e+01
3.506294281862427642e+00 1.840208171226962808e-03 1.355635491606714709e+02 3.366160168573276223e+01
3.512643170548069183e+00 1.819719049123772565e-03 1.205159705159705226e+02 2.657898904915480287e+01
3.518887929185086527e+00 1.780316295825717758e-03 1.118230769230769255e+02 2.264761352597864530e+01
3.525201780775713889e+00 1.871585280235478531e-03 1.051191066997518675e+02 1.918199385623208286e+01
3.531587235286628879e+00 1.812415240060859375e-03 9.905989583333332860e+01 1.504668795675254422e+01
3.537791204901774123e+00 1.765649031450039182e-03 9.580926430517710912e+01 1.090914394922059039e+01
3.544104483213670331e+00 1.881636984785636617e-03 9.470572916666667140e+01 9.125635412380201927e+00
3.550526160049383151e+00 1.823753900979235669e-03 9.575136612021857729e+01 6.984003127182296211e+00
3.556826252644191833e+00 1.805941154371571225e-03 9.948450704225352581e+01 6.530567194005553411e+00
3.563110991539715666e+00 1.831382697511484874e-03 1.064772727272727337e+02 7.856000792414246092e+00
3.569418747584309326e+00 1.819035597463529485e-03 1.150813953488372050e+02 8.412477292823528074e+00
3.575721219182565580e+00 1.815191134896390569e-03 1.247240356083086112e+02 8.665915932725132720e+00
3.582041784633743120e+00 1.836067019019354488e-03 1.358798798798798657e+02 9.784935881007115199e+00
3.588351193306853926e+00 1.816205673054769026e-03 1.482445820433436552e+02 1.090799158861396556e+01
3.594644124218077774e+00 1.816162507538995278e-03 1.582902208201892620e+02 1.296216161644578868e+01
3.600965899690116157e+00 1.832434222657099978e-03 1.651373801916932962e+02 1.488746176062118387e+01
3.607301933810233674e+00 1.823864462282996299e-03 1.662229508196721213e+02 1.289110282772668370e+01
3.613589615564896995e+00 1.801875725405921403e-03 1.634677966101695006e+02 1.250205567698893816e+01
3.619872304563952703e+00 1.819848024125704684e-03 1.588247422680412342e+02 1.431084545327132318e+01
3.626184481674183946e+00 1.827760715362539709e-03 1.503929824561403450e+02 1.576008493023785029e+01
3.632455309189269510e+00 1.797655079431180383e-03 1.393613138686131379e+02 1.784182235554149898e+01
3.638754857574894697e+00 1.841922947680418475e-03 1.295109489051095011e+02 2.014092486425471407e+01
3.645110863435991444e+00 1.833895812584415653e-03 1.158421052631578902e+02 2.032140344732263415e+01
3.651399341121458253e+00 1.797724079201825547e-03 1.041098039215686271e+02 1.893487655552605275e+01
3.657684783062496781e+00 1.823089633617003442e-03 9.438095238095237960e+01 1.535322332164563619e+01
3.663989311092172851e+00 1.817352227903809700e-03 8.720491803278687826e+01 1.264505330229991031e+01
3.670338462676961733e+00 1.852037082036360515e-03 8.135123966942148854e+01 9.251422912172499124e+00
3.676667454351053799e+00 1.802731285318214709e-03 7.736681222707423444e+01 6.221723663906361779e+00
3.682957402673964431e+00 1.831301914300888494e-03 7.598672566371681114e+01 5.153805580214480209e+00
3.689264510226057059e+00 1.810576500315507495e-03 7.521658986175114592e+01 4.034435225271300496e+00
3.695607159299667099e+00 1.851070780809128090e-03 7.511162790697675007e+01 4.013020991686778949e+00
3.701906411334345837e+00 1.786914693256676148e-03 7.684577114427860067e+01 4.111060603621809584e+00
3.708163258087520564e+00 1.825159420261267002e-03 8.198492462311557460e+01 4.480521605993120993e+00
3.714507337749332283e+00 1.833043865117713490e-03 8.965803108808290744e+01 5.656436602750947173e+00
3.720870273368275249e+00 1.842023606415223082e-03 9.821925133689839527e+01 6.974449146026017843e+00
3.727157013165883104e+00 1.785929560704693081e-03 1.066742857142857162e+02 8.507176322352316689e+00
3.733414267292576749e+00 1.823616893326991065e-03 1.130930232558139465e+02 8.426703351087269311e+00
3.739747614563589284e+00 1.832601406324968355e-03 1.147891566265060277e+02 7.752345015819569696e+00
3.746091684029914770e+00 1.828992002129592063e-03 1.138050314465408803e+02 7.855919935117515962e+00
3.752406222021260618e+00 1.812401454337024109e-03 1.076622516556291345e+02 7.372508934370236133e+00
3.758712131096641595e+00 1.823143945980814458e-03 1.032413793103448256e+02 8.301970311815381365e+00
3.765000355804634324e+00 1.809969724265664184e-03 9.706569343065693545e+01 1.007760922455724995e+01
3.771324791207556704e+00 1.846593531196991230e-03 8.872180451127819367e+01 1.083832956479465892e+01
3.777640884128447674e+00 1.800430178895984180e-03 7.871544715447154772e+01 9.831819959702672307e+00
3.783890033752419058e+00 1.812352582976840126e-03 7.182905982905982967e+01 7.413553225161998661e+00
3.790205950757557840e+00 1.839564216382759279e-03 6.750892857142856940e+01 4.720301897124800306e+00
3.796547481197723339e+00 1.823144808823023381e-03 6.570192307692308020e+01 4.087341550047606020e+00
3.802839460639445335e+00 1.822115437231795494e-03 6.606185567010309967e+01 4.163774459425457763e+00
3.809162628389719529e+00 1.835235423465040759e-03 6.951648351648351820e+01 4.790376981932664258e+00
3.815477698903783743e+00 1.813833779597889004e-03 7.285542168674699326e+01 5.090885408265727108e+00
3.821777178949230969e+00 1.830898415393102585e-03 7.646753246753246458e+01 4.993029379533818535e+00
3.828076951026545771e+00 1.795694771849016581e-03 8.042028985507246830e+01 5.077988709535842915e+00
3.834316772867639944e+00 1.791896653628349866e-03 8.253225806451612812e+01 5.105290965035107043e+00
3.840583618544390898e+00 1.820001018717854217e-03 8.373214285714286120e+01 5.581721261841903647e+00
3.846911872181034475e+00 1.824281646184678762e-03 8.240816326530612912e+01 5.103509992550712582e+00
3.853313008086272973e+00 1.880829953221405115e-03 8.209302325581394655e+01 5.556728438176629759e+00
3.859656947796285653e+00 1.787945514535103963e-03 7.755882352941176805e+01 5.562323827932172726e+00
3.865825284683709118e+00 1.773175751446867720e-03 7.200000000000000000e+01 4.981447060324421194e+00
3.872064552013789740e+00 1.858490478498285668e-03 6.780952380952381020e+01 3.200056688840274610e+00
3.878243048288448236e+00 1.738115315901965106e-03 6.300000000000000000e+01 3.025532375276482444e+00
3.884441558101385361e+00 1.990091083924331716e-03 6.185714285714285410e+01 3.223004049336708032e+00
