# q qerr I(q) I(q)err
6.111313073595031620e-02 3.154100855865873791e-03 3.642500000000000000e+02 1.157109002480945605e+02
6.800242608866982619e-02 2.110752812487300123e-03 5.033333333333333144e+02 8.256176139378595735e+01
7.478812129850326285e-02 1.894856213165734514e-03 5.738888888888889142e+02 1.125979957280559773e+02
8.081736842982174818e-02 1.577734731020807597e-03 6.660000000000000000e+02 1.132813606321298892e+02
8.706192866790804508e-02 2.018057842609979804e-03 6.772307692307692832e+02 1.366949266014649425e+02
9.311361532868518698e-02 1.734318039620741251e-03 7.412500000000000000e+02 1.353413893332954672e+02
9.924832822165428892e-02 1.939409616079583844e-03 7.524375000000000000e+02 1.960539426726736281e+02
1.056867454532435108e-01 2.068262530006435406e-03 6.911250000000000000e+02 2.386086186973694794e+02
1.120935416356093062e-01 1.699923986068800717e-03 6.989615384615384528e+02 2.478748073490792763e+02
1.177168722532570266e-01 1.903764278506084144e-03 6.913750000000000000e+02 2.464475651000634286e+02
1.242406998858587575e-01 2.007415885574503726e-03 6.653571428571428896e+02 2.421053331650064422e+02
1.307844605212421796e-01 1.948859987027574741e-03 6.777857142857143344e+02 2.017879456260953077e+02
1.372938405551752672e-01 1.976444694498947011e-03 6.810645161290323131e+02 2.006514338818303713e+02
1.433626874055373979e-01 1.479129257371093872e-03 6.607999999999999545e+02 1.750616805585962368e+02
1.497414395840910573e-01 2.132896554945924294e-03 6.846216216216216708e+02 1.810195841521114346e+02
1.562016171858009728e-01 1.470810848565314282e-03 6.886296296296296759e+02 1.676644495022309513e+02
1.620883487451751925e-01 1.817360580555445800e-03 7.048181818181818699e+02 1.669557850443632105e+02
1.684939590642719198e-01 1.975568076388520972e-03 7.090810810810810381e+02 1.711492029525493308e+02
1.749358117034872373e-01 1.810730169671130639e-03 7.218857142857142435e+02 1.655533948024390156e+02
1.813634234827302405e-01 1.982290824745188643e-03 7.359024390243902189e+02 1.650263476521043629e+02
1.877608813777307539e-01 1.710969833005861022e-03 7.451351351351351013e+02 1.778655322229643616e+02
1.936838392192468117e-01 1.708352888559126238e-03 7.530526315789473983e+02 1.794446804778579860e+02
1.998200724089964908e-01 1.901042836663710675e-03 7.659302325581395507e+02 1.803610539697392028e+02
2.064988844748374130e-01 2.083185659227047067e-03 7.654166666666666288e+02 2.107335938322232778e+02
2.131062600015138364e-01 1.923054290541973939e-03 7.924680851063830005e+02 1.887418686546531603e+02
2.193208008558340527e-01 1.649587748772136844e-03 7.980232558139534831e+02 1.988682513508600493e+02
2.255197753110727010e-01 1.943898002345461392e-03 8.093333333333333712e+02 1.889181100042600292e+02
2.319084130262620835e-01 1.853433278599466881e-03 8.202400000000000091e+02 1.902701952487566928e+02
2.380456302514551703e-01 1.717913041466973250e-03 8.282291666666666288e+02 1.911583499534991404e+02
2.441826744061198484e-01 1.910984005326162374e-03 8.384909090909090992e+02 1.883781610756616942e+02
2.508567628905887248e-01 1.865639566994751813e-03 7.623709677419354875e+02 2.700512149368444739e+02
2.571616352083493928e-01 2.042758540577210586e-03 7.298536585365853853e+02 2.768042827448042544e+02
2.636090936505812721e-01 1.759536909171210452e-03 7.309480519480518979e+02 2.594380725912577645e+02
2.696276322290375727e-01 1.767913466712890637e-03 7.439375000000000000e+02 2.478391268797160762e+02
2.756934411426098519e-01 1.847457432374286813e-03 7.642738095238095184e+02 2.340371606683351899e+02
2.820483295007140123e-01 1.942127748479487680e-03 7.745617977528089568e+02 2.296583801965337841e+02
2.885873542857223528e-01 1.999902870285049771e-03 7.924736842105263577e+02 2.250621939281097639e+02
2.950059364807982032e-01 1.753155416080761590e-03 8.012906976744186522e+02 2.212824414070569787e+02
3.012776628394395750e-01 1.916275679195857595e-03 8.173052631578947285e+02 2.144625952574083385e+02
3.076468654533095481e-01 1.858480647863890167e-03 8.248064516129031745e+02 2.108962778897458179e+02
3.139397285054469910e-01 1.849733180513128640e-03 8.377978723404255561e+02 2.053445199846637763e+02
3.202097007249891103e-01 1.889977811219999311e-03 8.430714285714285552e+02 2.007222563600029446e+02
3.264390569218261762e-01 1.757358001834326191e-03 8.521827956989246786e+02 1.951420236942639121e+02
3.326951465344144543e-01 1.930481388006281569e-03 8.737980769230769056e+02 1.864539682750221345e+02
3.390239669727912464e-01 1.785238221274862988e-03 8.753775510204081911e+02 1.864624054728652425e+02
3.452290355408559885e-01 1.822729964848564038e-03 8.920294117647058556e+02 1.813073693162988036e+02
3.515217579766085620e-01 1.894166946962649433e-03 9.007999999999999545e+02 1.778170167013591083e+02
3.581115149106128270e-01 1.984833837990382030e-03 9.177433628318584624e+02 1.730295207531918606e+02
3.646365217867122976e-01 1.807385512883236643e-03 9.335140186915888307e+02 1.700694262575616733e+02
3.707522342694583029e-01 1.646676631311451595e-03 9.360800000000000409e+02 1.695574663646517024e+02
3.768404479121448269e-01 1.835047814059704218e-03 9.523693693693693376e+02 1.612511393974753275e+02
3.831651369708888866e-01 1.834489868729198949e-03 9.495945945945945823e+02 1.555044204739824067e+02
3.894643253735652899e-01 1.853753096359237081e-03 9.506548672566372034e+02 1.509622878151749887e+02
3.958807651630259494e-01 1.912159574900255954e-03 9.479666666666666970e+02 1.455149429134723107e+02
4.022473572087105209e-01 1.746533598099251966e-03 9.472792792792793080e+02 1.392435684904712048e+02
4.083991683103055381e-01 1.862831917861469243e-03 9.536554621848739544e+02 1.339206628740938072e+02
4.147868792651558945e-01 1.850918924272050396e-03 9.541652892561983208e+02 1.308385813744065729e+02
4.211381020132339281e-01 1.813003092898375071e-03 9.633966942148759927e+02 1.253730418837029532e+02
4.273404438934948479e-01 1.765577699919095717e-03 9.665630252100839925e+02 1.209209701053875108e+02
4.337195733954657406e-01 1.911235613422362228e-03 9.760307692307692378e+02 1.132492794234949116e+02
4.400834723796714920e-01 1.795304431444431784e-03 9.795322580645160997e+02 1.108975989161596232e+02
4.463380503116383125e-01 1.781136916513354146e-03 9.785555555555555429e+02 1.073667378759194548e+02
4.525475293404462862e-01 1.782735370135076804e-03 9.784409448818897772e+02 1.030573476935721686e+02
4.588781844142776345e-01 1.863542184770878652e-03 9.727686567164179223e+02 1.008135783992593844e+02
4.652813857520213814e-01 1.809454061223974295e-03 9.688872180451128315e+02 9.823174209007258639e+01
4.715886271752884884e-01 1.786725641485754782e-03 9.578805970149253426e+02 9.771547067925864383e+01
4.778700308571910971e-01 1.749120838384908864e-03 9.558270676691729477e+02 9.303224639528939122e+01
4.841075358786299798e-01 1.812598873705853009e-03 9.527826086956521294e+02 8.988101074897699050e+01
4.904685449060671165e-01 1.813034819841214708e-03 9.446285714285713766e+02 8.880207986165133605e+01
4.967988078032400945e-01 1.775169993053363985e-03 9.443546099290780376e+02 8.473959377161209261e+01
5.030461340587593089e-01 1.710738770771227935e-03 9.382898550724637516e+02 8.252161313959318534e+01
5.093789740337634209e-01 1.844995629980458740e-03 9.383892617449664613e+02 7.802063967506045117e+01
5.157895609665918979e-01 1.772173611217854692e-03 9.357534246575341967e+02 7.696783159716385114e+01
5.220653538623039047e-01 1.710912446064493482e-03 9.359580419580419175e+02 7.520543920468766430e+01
5.282420832211931483e-01 1.776221308977217429e-03 9.351621621621621898e+02 7.240899555277154320e+01
5.345849814872509764e-01 1.797460663252185451e-03 9.347697368421053170e+02 6.916749838189878119e+01
5.409400198384390901e-01 1.769240412124692928e-03 9.376601307189542922e+02 6.738912399052115632e+01
5.471612929737256215e-01 1.671871176479489780e-03 9.377635135135135442e+02 6.677000087464867306e+01
5.535187503546902255e-01 1.843477994232445120e-03 9.427098765432099299e+02 6.472964068472262511e+01
5.599303633336802921e-01 1.774845713676194252e-03 9.447070063694267219e+02 6.798759859280458784e+01
5.661980099607780703e-01 1.715649351238413218e-03 9.526038961038960906e+02 6.266771997609986755e+01
5.724333289920446877e-01 1.764199560704661452e-03 9.583875000000000455e+02 6.198489546353208368e+01
5.786575496797814466e-01 1.687338640378493104e-03 9.668701298701298583e+02 6.053861452724528647e+01
5.849918082512260975e-01 1.882166412490617838e-03 9.823081395348837077e+02 6.038726652047627397e+01
5.913559560974818163e-01 1.673563701773732749e-03 9.922547770700637102e+02 6.298974053022759279e+01
5.976003341774964728e-01 1.789272139650604403e-03 1.005988165680473344e+03 6.289513976843812770e+01
6.039710484280985670e-01 1.760471037718898532e-03 1.019964285714285666e+03 6.395067621296305305e+01
6.103455122609070527e-01 1.778153705054047679e-03 1.027415204678362670e+03 6.405329175943562348e+01
6.165941547084902163e-01 1.709282904712068618e-03 1.024455089820359262e+03 6.446443889321619736e+01
6.227886440901039267e-01 1.708031916550016484e-03 1.017803571428571445e+03 6.331207293977959694e+01
6.292222757675741684e-01 1.895555695838723603e-03 1.005144385026737950e+03 6.026555520633518626e+01
6.355837393651907474e-01 1.609918394456906487e-03 9.847939393939393540e+02 5.855832564457152500e+01
6.417201133152361514e-01 1.735489606861494215e-03 9.680449438202247165e+02 5.400279255124602429e+01
6.480234646877054416e-01 1.746502386866512820e-03 9.456516853932583899e+02 4.938396092372088475e+01
6.543745591304535036e-01 1.808595843625667669e-03 9.274891304347826235e+02 4.563069305703985634e+01
6.607410482875138991e-01 1.776914150084337417e-03 9.101304347826087451e+02 4.140015490414202759e+01
6.669765730033264672e-01 1.670208017253243388e-03 8.950113636363636260e+02 3.775842686169868045e+01
6.731673103258457580e-01 1.796482171393593615e-03 8.835531914893616658e+02 3.422298758336022217e+01
6.795850853652600776e-01 1.822834825668488831e-03 8.720052356020942170e+02 3.304027369535359782e+01
6.858902177354958551e-01 1.747430487391250960e-03 8.650107526881720332e+02 3.274888073662482668e+01
6.921278880332987216e-01 1.765781770802452586e-03 8.569312169312169090e+02 3.192857745652037949e+01
6.985070946107704293e-01 1.847715388967816497e-03 8.529848484848484986e+02 3.022290416775044264e+01
7.048037128132643714e-01 1.757666077632949074e-03 8.479417989417989929e+02 2.978958853556050457e+01
7.109847861020758275e-01 1.767854622430342420e-03 8.445520833333333712e+02 2.931545660728739477e+01
7.172345948602801835e-01 1.822657136245004524e-03 8.391262626262625872e+02 2.837047206759575246e+01
7.236608500653414211e-01 1.906739358311473767e-03 8.331951219512195621e+02 2.709868057663778984e+01
7.299519259881649402e-01 1.814756391122580772e-03 8.281224489795918089e+02 2.726487458414451481e+01
7.362298620906445601e-01 1.872001608046580190e-03 8.235000000000000000e+02 2.731358385025842850e+01
7.427109241448597299e-01 1.961252361706546793e-03 8.202803738317757052e+02 2.565801854442035079e+01
7.489749171607754663e-01 1.795506848231544564e-03 8.148769230769230489e+02 2.504436300533904713e+01
7.553119902396251417e-01 1.968290517240121971e-03 8.104611872146118685e+02 2.350059566703908942e+01
7.617428847945948434e-01 1.878647625832918257e-03 8.022898550724637516e+02 3.391328089433391568e+01
7.679897535333021219e-01 1.889655825210407886e-03 8.003636363636363740e+02 1.667974838208311539e+01
7.742716946001383382e-01 1.890740870187222538e-03 7.947183098591549424e+02 2.589685362560755522e+01
7.806130493972306406e-01 1.874127862848933099e-03 7.917877358490566166e+02 2.309774511671392716e+01
7.869955317179381238e-01 1.962138593108325030e-03 7.875446428571428896e+02 2.247032747932395580e+01
7.933337815560531636e-01 1.823456314192357453e-03 7.823714285714286234e+02 2.254090461699310310e+01
7.995722808394026826e-01 1.873920736445982161e-03 7.768190045248868500e+02 2.183127185263634829e+01
8.059029702364099990e-01 1.855844282913126459e-03 7.721004566210045823e+02 2.171356607395971494e+01
8.122482529694946551e-01 1.899897789708842157e-03 7.685814977973568602e+02 2.049044300582819389e+01
8.185971333973350861e-01 1.831057107996742058e-03 7.653542600896861359e+02 2.050094252596536037e+01
8.248840800988579414e-01 1.805078930334647752e-03 7.627309417040358994e+02 2.039922044627936870e+01
8.311527541867054225e-01 1.843524136775542745e-03 7.588864628820961116e+02 2.002748488067054211e+01
8.375116084758876811e-01 1.829773299230467044e-03 7.564086956521739467e+02 2.008958104442804782e+01
8.438261475186588090e-01 1.817550564165925373e-03 7.531293103448275588e+02 2.007649702409811709e+01
8.500843452560248314e-01 1.755513946144033992e-03 7.490442477876106295e+02 2.062996808171805796e+01
8.563647400134730692e-01 1.844487251387733453e-03 7.457385892116182049e+02 2.021012745894542562e+01
8.626696591174244366e-01 1.710203360544058351e-03 7.430219298245614254e+02 2.072945106803422277e+01
8.689830853488446083e-01 1.844123492424595270e-03 7.445040650406504028e+02 2.242403617491694234e+01
8.753179752476163422e-01 1.741457950302257533e-03 7.506042553191489333e+02 3.175550212000459993e+01
8.815756228481118617e-01 1.752464905610253906e-03 7.677302904564315895e+02 5.684306119936752566e+01
8.877944678552249780e-01 1.716242394594354789e-03 8.017172995780590554e+02 1.054820515132319230e+02
8.941407927930166144e-01 1.839522330085644050e-03 8.357351778656126271e+02 1.514848117472450042e+02
9.005003621585947471e-01 1.752218829319661820e-03 8.614897959183673493e+02 1.834081064939518626e+02
9.067627482844141662e-01 1.720498064613873055e-03 8.641762295081966840e+02 1.872709267165658957e+02
9.130278025298368405e-01 1.789374596252915357e-03 8.318809523809524080e+02 1.557681976110631581e+02
9.193563827426239898e-01 1.786117629316656989e-03 7.979960317460316901e+02 1.210282826722792038e+02
9.256709965929463824e-01 1.773964252230773864e-03 7.631058823529411939e+02 8.528175326203353279e+01
9.319487846442510159e-01 1.740175819907428248e-03 7.387799999999999727e+02 5.870651343760756902e+01
9.382375230166524194e-01 1.835219923763222079e-03 7.202900763358778704e+02 4.089552152055532730e+01
9.445114335627492475e-01 1.754301698834087597e-03 7.096996047430830004e+02 3.227358772564113565e+01
9.507739483173833772e-01 1.796477233495237351e-03 7.042528735632183725e+02 2.838390100190227727e+01
9.571000001339345920e-01 1.844157663989784944e-03 7.026641509433961801e+02 2.946259371851510522e+01
9.634651872700409347e-01 1.860525514413665987e-03 7.089097744360901743e+02 3.333148302664120877e+01
9.697902983397413967e-01 1.869026222830578836e-03 7.506992481203008083e+02 5.406278162941966769e+01
9.761731987705594138e-01 1.898719003246270758e-03 9.157490774907748801e+02 2.020241910028535415e+02
9.824546988499620603e-01 1.850375251942234242e-03 1.377264150943396317e+03 4.784655141200952926e+02
9.887603507672997338e-01 1.885371791598095068e-03 2.329022058823529278e+03 8.219198850183782952e+02
9.951547945742836854e-01 1.923480157877882840e-03 3.611192170818505474e+03 1.193998090711449322e+03
1.001497999719481502e+00 1.820392376112148691e-03 4.630375939849624046e+03 1.499147508105850875e+03
1.007730073445106012e+00 1.872875193246743668e-03 4.827309352517985644e+03 1.531137519380778940e+03
1.014110590476311025e+00 1.881534321868284657e-03 4.246386524822694810e+03 1.368560077344999627e+03
1.020442888611849064e+00 1.823625195420996601e-03 3.520810035842293928e+03 1.173580148377790010e+03
1.026691701700078063e+00 1.782759485576686145e-03 2.638445652173913004e+03 8.968557609266790678e+02
1.033057845114525142e+00 1.884320384582664851e-03 1.896306122448979522e+03 6.096197508805079224e+02
1.039437792018165441e+00 1.793463056649077922e-03 1.366653710247349863e+03 3.977312724426503792e+02
1.045681248368910410e+00 1.745618337461533540e-03 1.014631205673758814e+03 2.220246158849287781e+02
1.051944871571292683e+00 1.801987856022948175e-03 7.963931034482758378e+02 1.132657780637227631e+02
1.058324809813473877e+00 1.829265674919061668e-03 6.842457912457912244e+02 5.073663772373409842e+01
1.064596602572098316e+00 1.714864743882408334e-03 6.384788732394366662e+02 2.755873063476552076e+01
1.070868750588993112e+00 1.792957436204007347e-03 6.214814814814815236e+02 2.242335465022565799e+01
1.077195490251847465e+00 1.798916779777443367e-03 6.129732441471571747e+02 2.180705595955489073e+01
1.083505800573759448e+00 1.740543057611223946e-03 6.065051194539248627e+02 2.226291452791799941e+01
1.089676915900379850e+00 1.748165881083384946e-03 6.009489795918367463e+02 2.211897203894023178e+01
1.096052400832523421e+00 1.863573573199493825e-03 5.954856230031948598e+02 2.220839945054592235e+01
1.102364289960501065e+00 1.744372504095847640e-03 5.911254237288135300e+02 2.325929628223859780e+01
1.108625070827478076e+00 1.829094711995288541e-03 5.846351791530944411e+02 2.411642332021757440e+01
1.114924075445366869e+00 1.842999932655674591e-03 5.644740259740259489e+02 5.291488099418830160e+01
1.121282665432693726e+00 1.762017027877181303e-03 5.728015267175572944e+02 3.778608335219929870e+01
1.127553932619258736e+00 1.851826979229859085e-03 5.720780669144980948e+02 3.329207451493847003e+01
1.133905639228342421e+00 1.803927404845938115e-03 5.675686274509804434e+02 3.286586629382174607e+01
1.140144523104706709e+00 1.820967272376473748e-03 5.635039370078740149e+02 3.557397748376961744e+01
1.146455214771981312e+00 1.831860927088285957e-03 5.601673306772908063e+02 3.341261656896963927e+01
1.152869066430118439e+00 1.902391342003174283e-03 5.581274131274130923e+02 3.316571954320053806e+01
1.159252377890596986e+00 1.791659613503928782e-03 5.529626556016597760e+02 3.546277497526281763e+01
1.165575291556828930e+00 1.872439892399787795e-03 5.522191235059760857e+02 3.525011188310786991e+01
1.171828433925186763e+00 1.747387590499659572e-03 5.455281385281385838e+02 3.852030977419547497e+01
1.178029580193284076e+00 1.845903894892485285e-03 5.431975308641975744e+02 3.631502064549952280e+01
1.184400904434957269e+00 1.829516060217846983e-03 5.391004184100418115e+02 3.709361054141530190e+01
1.190737654720273042e+00 1.816225366119703435e-03 5.373459915611814495e+02 3.716907286397788823e+01
1.196977477342464180e+00 1.780548390738201196e-03 5.333493449781659592e+02 3.637801304297872917e+01
1.203312963818603976e+00 1.874247930763579166e-03 5.302066115702479010e+02 3.741126559640868976e+01
1.209645773529357093e+00 1.750259837788138012e-03 5.243584070796459855e+02 3.836863160576932330e+01
1.215952225700388523e+00 1.837678281197498587e-03 5.228262711864406356e+02 3.719398890914845879e+01
1.222254898926581568e+00 1.775628514659025698e-03 4.959400749063670446e+02 6.357716657447258513e+01
1.228537298751265050e+00 1.780223345631782141e-03 5.036195652173913118e+02 4.504227780141688697e+01
1.234759587745337228e+00 1.795376270296014523e-03 5.003297491039426745e+02 4.214703707454688697e+01
1.241110555825225781e+00 1.895169703334604900e-03 4.995738255033556925e+02 4.048284290095896409e+01
1.247523323486311897e+00 1.874537877840588536e-03 4.937770270270270316e+02 3.903788271055449854e+01
1.253854431820907944e+00 1.857283623330970761e-03 4.899328859060402692e+02 3.906330220562701072e+01
1.260138295168494293e+00 1.856490137450314505e-03 4.826079734219268857e+02 3.973351217162144877e+01
1.266501421045549414e+00 1.881588491645209797e-03 4.801125401929260192e+02 3.762051048445170665e+01
1.272807251993681055e+00 1.824447191781883651e-03 4.750426229508196911e+02 3.607430803328905000e+01
1.279100636071537789e+00 1.831925956271344968e-03 4.722420382165605020e+02 3.519082860097832111e+01
1.285385940199903265e+00 1.796864974607813087e-03 4.667435897435897232e+02 3.458741391291681566e+01
1.291734086560349049e+00 1.833790085687247952e-03 4.639846625766871284e+02 3.387123342768099832e+01
1.297999116585571544e+00 1.712347548001254965e-03 4.596731391585760775e+02 3.312883843275339046e+01
1.304332283077917598e+00 1.862331657852500611e-03 4.576784660766961679e+02 3.314915035009857291e+01
1.310629912671008812e+00 1.689758514739712848e-03 4.519935897435897232e+02 3.227525749014602496e+01
1.316859893871710430e+00 1.807323329610554348e-03 4.492985074626865867e+02 3.220361747368801275e+01
1.323169508333509325e+00 1.772103529485381237e-03 4.448449848024316111e+02 3.058884807862636990e+01
1.329416719622044551e+00 1.761213072716576004e-03 4.419848942598187591e+02 3.217535551652819947e+01
1.335676763851219473e+00 1.808340606324402439e-03 4.366428571428571672e+02 3.063377113046105293e+01
1.342102166253144047e+00 1.916040745002256648e-03 4.346225352112676319e+02 3.154348852488858412e+01
1.348432554966731090e+00 1.804515701739407276e-03 4.304924471299093511e+02 3.064962425485195396e+01
1.354697325729501189e+00 1.895450207138361931e-03 4.281954674220963284e+02 3.231737568473268851e+01
1.361035554581970564e+00 1.836151892644552735e-03 4.241918604651162923e+02 3.005515903310341841e+01
1.367445372286436589e+00 1.911657172750392099e-03 4.225452054794520791e+02 2.896843106078537744e+01
1.373833054624600258e+00 1.794265400870382644e-03 4.178492753623188491e+02 2.789763958610030059e+01
1.380048052911932777e+00 1.791287036868802413e-03 4.192962962962963047e+02 2.865456321120134220e+01
1.386332670155489666e+00 1.806335848089170130e-03 4.253286516853932540e+02 2.665793915960766824e+01
1.392624520144640332e+00 1.796075039907524609e-03 4.586861111111111313e+02 3.451457891105449960e+01
1.398923000198597277e+00 1.771229759338340285e-03 5.257331460674157597e+02 4.874127354977643733e+01
1.405184482923453881e+00 1.808998902686751115e-03 6.102961956521738784e+02 6.029039803114798701e+01
1.411475199677901360e+00 1.734371386327675756e-03 6.717106741573034014e+02 7.893324782799177797e+01
1.417706081410672780e+00 1.817237095201347432e-03 6.861290322580645125e+02 9.161971332404557700e+01
1.424046144262549829e+00 1.816956160244514703e-03 6.723794037940378985e+02 9.596816972976422733e+01
1.430457268966005335e+00 1.925855730949348329e-03 6.410745501285347245e+02 9.435907342037475587e+01
1.436865665354877475e+00 1.843763745384080412e-03 5.993897849462365457e+02 8.681242712078413604e+01
1.443084111958556903e+00 1.831535442318516687e-03 5.518521505376344294e+02 7.657986063528480258e+01
1.449466238371406979e+00 1.910439897345804971e-03 5.066025316455696270e+02 6.190599651942687132e+01
1.455780432464144347e+00 1.769262236301017126e-03 4.676324324324324380e+02 4.869795609349987586e+01
1.462109939136078340e+00 1.873282905934200038e-03 4.357794486215539109e+02 3.907464647711575623e+01
1.468414112563870999e+00 1.734923018383166060e-03 4.099973333333333585e+02 3.241221969840660933e+01
1.474680891373796765e+00 1.804015195942032307e-03 3.939060913705583857e+02 2.853199430757897304e+01
1.480924591063775386e+00 1.742163032935032654e-03 3.801488250652741385e+02 2.608835488421737026e+01
1.487138550370334267e+00 1.742602934721402272e-03 3.729305912596400958e+02 2.468391733915728281e+01
1.493462591150057195e+00 1.833511633313982111e-03 3.655569306930693187e+02 2.358381133827792198e+01
1.499809278721849770e+00 1.805357266360340307e-03 3.623022670025188745e+02 2.414336015060797891e+01
1.506175762378094918e+00 1.888906516140883814e-03 3.596381418092909712e+02 2.282976669308289885e+01
1.512543466733061504e+00 1.879653113941155348e-03 3.574142156862745310e+02 2.495586357700889479e+01
1.518927121842702510e+00 1.865813122140227640e-03 3.553995098039215463e+02 2.419089114200883017e+01
1.525176469146275027e+00 1.826629940430822378e-03 3.534739454094292910e+02 2.368402160393172551e+01
1.531416651941075235e+00 1.798854978931840659e-03 3.516509900990099027e+02 2.417568948068459278e+01
1.537728221615372926e+00 1.856986876758172280e-03 3.491513002364065983e+02 2.356668863968733163e+01
1.544096010846849332e+00 1.769518617434322075e-03 3.472992700729927265e+02 2.349713908407753138e+01
1.550405005344789089e+00 1.809055686031393537e-03 3.446382978723404449e+02 2.212602512603366378e+01
1.556696834359960313e+00 1.740139413919524446e-03 3.421990291262135884e+02 2.288064634758901406e+01
1.562969221032702194e+00 1.804120915253569534e-03 3.404834905660377444e+02 2.306851811720655832e+01
1.569251838380229191e+00 1.803338776033149233e-03 3.392601431980907023e+02 2.227865961647908577e+01
1.575556094315494926e+00 1.863019847936644557e-03 3.384079254079254042e+02 2.193484848453883629e+01
1.581892448177514066e+00 1.865480693804838323e-03 3.363634259259259238e+02 2.345150164758643285e+01
1.588269483401412163e+00 1.861295980786164313e-03 3.357995391705069324e+02 2.153934132076161134e+01
1.594574325321363339e+00 1.830133252637398044e-03 3.382870370370370097e+02 1.977528236702255526e+01
1.600916934751582588e+00 1.832077894544300927e-03 3.423644646924828976e+02 1.819397194934660433e+01
1.607201343968552854e+00 1.780442356845074459e-03 3.470254629629629903e+02 1.761153250703151230e+01
1.613445462524496721e+00 1.775524639999344866e-03 3.506215596330275162e+02 1.662271429407612899e+01
1.619730849749851931e+00 1.787630240083115185e-03 3.516388261851016068e+02 1.784937296265116302e+01
1.625979803600224649e+00 1.755895091839796123e-03 3.532436781609195577e+02 1.719792915849078341e+01
1.632226613292544926e+00 1.821174808670054370e-03 3.662662192393735836e+02 1.998151193183898400e+01
1.638606704061473573e+00 1.894452323361247963e-03 4.136681127982646444e+02 3.597841873522916956e+01
1.645050487946952522e+00 1.887301666918968484e-03 5.014173913043478024e+02 6.315721030579631901e+01
1.651415996904310735e+00 1.851783837096881687e-03 5.869868421052631220e+02 8.832112098501616515e+01
1.657788871265904573e+00 1.852242853945953917e-03 6.290734341252699551e+02 1.067803560682403230e+02
1.664006124760511351e+00 1.741113674427757210e-03 6.241292517006802427e+02 1.123198155122244799e+02
1.670281873961185770e+00 1.842366346193471905e-03 6.030274841437632176e+02 1.087281816483014438e+02
1.676541801276667298e+00 1.721555322686186195e-03 5.726591928251120862e+02 1.014938958214654434e+02
1.682793682471841024e+00 1.824670227224382997e-03 5.391518987341771663e+02 9.130636765670935517e+01
1.689107465299970467e+00 1.791603935857043455e-03 5.006464208242950349e+02 8.123421606093769753e+01
1.695415952935033443e+00 1.877357617877282179e-03 4.650354906054279809e+02 6.546294800801783254e+01
1.701806617780016628e+00 1.875253898477295287e-03 4.489519832985386074e+02 5.325792692131850714e+01
1.708145235544118012e+00 1.851238026496159058e-03 4.799957894736842263e+02 5.344809557669592692e+01
1.714469347376187613e+00 1.845626368464784459e-03 5.621552795031055894e+02 6.980172317064712217e+01
1.720739519194126599e+00 1.771881702320935673e-03 6.392628205128205536e+02 8.604913046906226270e+01
1.726990948287859817e+00 1.820993782645452704e-03 6.638204081632652560e+02 9.348277170018025117e+01
1.733361150263370787e+00 1.784216608021570085e-03 6.533243801652893126e+02 9.936936892610906114e+01
1.739571674833123582e+00 1.760427731239605715e-03 6.228113207547170305e+02 9.354324810825703196e+01
1.745888420135642827e+00 1.855122891619970195e-03 5.878714859437751556e+02 8.218472247080414661e+01
1.752250177420427102e+00 1.860925844240075020e-03 5.418744939271255134e+02 7.109616133173517483e+01
1.758607387389414800e+00 1.864192030273802104e-03 4.986820000000000164e+02 6.476840464300474309e+01
1.764972322429467777e+00 1.851098948525789619e-03 4.580880000000000223e+02 5.773910660895265323e+01
1.771273520234028620e+00 1.808016239517707931e-03 4.195141129032257936e+02 5.017215152808195455e+01
1.777586992161852564e+00 1.807004964737956481e-03 3.830673267326732798e+02 4.098337693004013715e+01
1.783840233931820451e+00 1.746107465683986813e-03 3.534317718940936857e+02 3.404142367357334109e+01
1.790071520275328565e+00 1.795583184790444783e-03 3.323641732283464307e+02 3.029156193822710463e+01
1.796393698957722052e+00 1.819993601147859141e-03 3.135869565217391255e+02 2.931787961227099615e+01
1.802712928873270393e+00 1.883216042231023422e-03 3.002969348659003685e+02 2.666484447907397382e+01
1.809114577024696358e+00 1.850157529878445435e-03 2.904457364341085395e+02 2.606714371217566040e+01
1.815345782948464493e+00 1.803540499391122600e-03 2.837707509881423107e+02 2.400745840406580456e+01
1.821700705453981772e+00 1.863872113208649628e-03 2.798824626865671803e+02 2.257704378328628181e+01
1.828034416566336029e+00 1.759461126105644731e-03 2.771594488188976584e+02 2.261685508739595107e+01
1.834289862490237510e+00 1.817049905439401892e-03 2.756365348399246500e+02 2.190152965957573628e+01
1.840620947190598100e+00 1.780340576699249600e-03 2.744038461538461320e+02 2.184929131722786266e+01
1.846876290479544158e+00 1.833628160635640113e-03 2.720680529300566945e+02 2.176023402396638673e+01
1.853225331533147280e+00 1.864396810776891523e-03 2.710388888888888914e+02 2.262542089734228412e+01
1.859586416204100923e+00 1.843230203276794224e-03 2.684915887850467016e+02 2.195212308461505657e+01
1.865884580336470755e+00 1.827085395033201023e-03 2.670242085661080296e+02 2.136817929976667330e+01
1.872200528994375501e+00 1.799198018262535481e-03 2.651999999999999886e+02 2.106056522051123636e+01
1.878453452628845000e+00 1.760356359008985331e-03 2.632241054613936058e+02 2.150914295831944045e+01
1.884712324747962020e+00 1.805687576808031941e-03 2.617208029197080350e+02 2.117687088959359443e+01
1.891113706724730337e+00 1.861939656346446982e-03 2.599748201438848696e+02 2.095136635978692752e+01
1.897400945427566432e+00 1.833350088909791505e-03 2.586323529411764639e+02 2.107248968639076736e+01
1.903772875545957088e+00 1.875180743362649160e-03 2.575915492957746551e+02 2.144378628054350244e+01
1.910018917854334752e+00 1.739883276586547947e-03 2.566200378071833370e+02 2.087460299870619451e+01
1.916236012056648175e+00 1.833205283437960029e-03 2.569964912280701697e+02 2.064660838184155622e+01
1.922638163561010805e+00 1.793373418488206777e-03 2.567357142857142662e+02 2.074710054736441833e+01
1.928888348891847349e+00 1.792288115248428593e-03 2.564352517985611257e+02 2.083495887590603601e+01
1.935240631371640818e+00 1.865766417879262265e-03 2.588494809688581313e+02 2.102654255725875387e+01
1.941608872090050619e+00 1.856644915843207438e-03 2.610316344463971632e+02 2.127749796224254553e+01
1.947917338414854704e+00 1.837601359788319485e-03 2.713765323992994922e+02 1.814706520620238095e+01
1.954236834815996637e+00 1.805754229573221887e-03 3.097027972027972282e+02 5.817307757982064231e+01
1.960488135501994522e+00 1.772905664188001006e-03 4.026088495575221486e+02 1.648266193629615088e+02
1.966755922696415082e+00 1.810201296061439468e-03 5.381927710843373234e+02 2.919025212838323569e+02
1.973091583736556354e+00 1.814240900008777741e-03 6.881655172413793480e+02 3.692229078050792168e+02
1.979420480567132490e+00 1.865397302840512408e-03 8.918353140916808570e+02 3.763204998523676181e+02
1.985762243830389018e+00 1.849873766110382307e-03 1.207376271186440590e+03 3.851545977169269008e+02
1.992143605840229093e+00 1.840662096304069391e-03 1.509581239530988341e+03 4.080765046574858275e+02
1.998372952698491245e+00 1.738412627792555948e-03 1.658695957820738158e+03 4.265988494795313386e+02
2.004614638405731508e+00 1.821010887715033720e-03 1.657443708609271425e+03 4.152924098094816259e+02
2.010981699228176822e+00 1.807963355431743604e-03 1.581912457912457967e+03 3.848835438900392774e+02
2.017216781415232862e+00 1.822968187424302972e-03 1.483996627318718311e+03 3.869634630513995717e+02
2.023555507756473748e+00 1.866836436713831520e-03 1.335037398373983706e+03 3.656261166803561196e+02
2.029945947492921121e+00 1.842053164818473936e-03 1.195180921052631675e+03 3.383915691596026249e+02
2.036236367431154548e+00 1.802040352124230577e-03 1.038571900826446381e+03 3.068696837427170294e+02
2.042538823796997693e+00 1.786279422623429517e-03 8.944302134646961804e+02 2.659620320393718202e+02
2.048720173306640469e+00 1.747373060808409071e-03 7.516101694915254257e+02 2.168331388033420524e+02
2.055017041239767028e+00 1.892889576395914968e-03 6.390641627543036520e+02 1.834054806118138856e+02
2.061465280497128294e+00 1.850343878148330047e-03 5.258092948717949184e+02 1.422784721820194989e+02
2.067778354784032935e+00 1.826644103880053095e-03 4.366392914653784487e+02 1.111303788166924278e+02
2.074107962816127415e+00 1.810449409964311413e-03 3.718825396825396865e+02 8.836607830161213428e+01
2.080392027050733006e+00 1.757304311173108879e-03 3.170472312703582816e+02 6.722622943693100694e+01
2.086560915145909245e+00 1.789004268885935290e-03 2.755299837925445559e+02 4.946297053623492701e+01
2.092907509218693285e+00 1.897916204239676529e-03 2.501890243902439011e+02 3.635530855825395946e+01
2.099341076602548206e+00 1.841856996552926774e-03 2.317968750000000000e+02 2.853565178599504648e+01
2.105598503643897335e+00 1.780460926307301031e-03 2.216421725239616478e+02 2.366065636142625195e+01
2.111872942412509335e+00 1.813036870717739954e-03 2.160123456790123555e+02 2.248874593650516118e+01
2.118179840511383194e+00 1.773074262998883873e-03 2.127748031496062993e+02 2.123366705911236352e+01
2.124489700938873238e+00 1.854176769044688739e-03 2.110458715596330137e+02 2.032517268903511720e+01
2.130866139955553962e+00 1.876679961187130126e-03 2.100922844175491662e+02 2.002900555298926122e+01
2.137196345481136905e+00 1.803165093871285981e-03 2.107616099071207429e+02 1.837627228743765073e+01
2.143477781291089013e+00 1.808033309626025679e-03 2.165770992366412315e+02 1.658935709532816105e+01
2.149749346762158453e+00 1.787076492040512573e-03 2.326513056835637485e+02 1.689010734445759354e+01
2.156014428448592479e+00 1.811767013668930289e-03 2.541811263318112708e+02 2.118238646461119501e+01
2.162388958755252943e+00 1.899773100682969557e-03 2.729649635036496420e+02 2.674819385641627534e+01
2.168776559916051561e+00 1.828625003914755194e-03 2.826726726726726611e+02 2.904209731388838378e+01
2.175079146577416189e+00 1.799027495536281414e-03 2.858656716417910388e+02 3.084176699255393928e+01
2.181358965593887422e+00 1.775037425494343461e-03 2.861581325301204970e+02 3.009023963698103898e+01
2.187625576602315824e+00 1.830837683859201127e-03 2.926301775147928765e+02 2.948899540396766739e+01
2.193923842198696850e+00 1.837507381709080519e-03 3.235624082232012029e+02 5.361157906439505894e+01
2.200310743338333541e+00 1.859271066102410235e-03 3.985150645624103163e+02 1.091758260124015862e+02
2.206637920896229677e+00 1.789161753318371274e-03 5.213570370370370028e+02 1.662037139626531825e+02
2.212855268310565560e+00 1.778695396750237757e-03 7.001752577319587090e+02 1.908280935696215579e+02
2.219155297956861617e+00 1.826812665150635666e-03 9.371582733812949755e+02 1.754745825870595297e+02
2.225534449623195243e+00 1.883537061579874895e-03 1.172205923836389275e+03 1.766782679168023833e+02
2.231816049321749151e+00 1.789850136339156059e-03 1.312744493392070581e+03 2.183610903195804553e+02
2.238124350048766420e+00 1.838516226422660244e-03 1.341483240223463781e+03 2.535453313135501503e+02
2.244461256680506001e+00 1.769483755913013904e-03 1.302099855282199769e+03 2.757734766686655234e+02
2.250672411056880762e+00 1.815340560525242463e-03 1.233761836441893820e+03 2.787672242536002614e+02
2.256976265699253581e+00 1.875232856265233962e-03 1.137537292817679599e+03 2.607753619623823056e+02
2.263404067221236105e+00 1.844596500685106652e-03 1.023111570247933855e+03 2.423284803504396052e+02
2.269740131332425914e+00 1.784620609829179342e-03 9.049391796322489654e+02 2.259071773803195811e+02
2.275928662030326066e+00 1.770462641505800294e-03 7.995042735042735558e+02 2.123916079898637008e+02
2.282234771450446509e+00 1.859120215862977580e-03 6.970311653116531261e+02 1.829523066168530931e+02
2.288651494096741512e+00 1.861574731480084791e-03 5.909986431478969280e+02 1.527997332348572286e+02
2.294929189507614264e+00 1.787386468760323059e-03 4.979424157303370748e+02 1.264553179817746553e+02
2.301123790424945526e+00 1.773889529887621910e-03 4.167388888888888800e+02 1.030223253178110383e+02
2.307427473574251042e+00 1.823767960867003161e-03 3.453274695534506122e+02 8.295351486832223031e+01
2.313824548022820782e+00 1.807223345639351721e-03 2.916121842496285126e+02 7.059462359167045520e+01
2.320154992066300714e+00 1.861695907969135875e-03 2.484482248520710073e+02 5.734876736672939757e+01
2.326479049872378635e+00 1.797363522119922990e-03 2.154976887519260345e+02 4.347490543404374108e+01
2.332811122143054305e+00 1.834923033436536115e-03 1.920091185410334447e+02 3.351014804347460085e+01
2.339146829363451641e+00 1.809933127175767861e-03 1.768320251177393914e+02 2.716210591944493657e+01
2.345346999874724947e+00 1.788822558822959720e-03 1.667556270096463038e+02 2.354224536045145655e+01
2.351591514044208964e+00 1.821961582186779451e-03 1.614913385826771730e+02 2.074320659881783868e+01
2.357940827546205931e+00 1.821480796874143165e-03 1.581186708860759609e+02 1.970880651785582671e+01
2.364269371024037891e+00 1.822839816105960298e-03 1.562419871794871824e+02 1.893454912369848842e+01
2.370575565839220911e+00 1.828742917233826173e-03 1.543938906752411526e+02 1.940227763154069862e+01
2.376891771469677561e+00 1.815523241845057745e-03 1.534110032362459606e+02 1.921657423195782854e+01
2.383240749019818416e+00 1.833462819707767054e-03 1.517540192926045108e+02 1.923049891131043054e+01
2.389601619010945921e+00 1.828185711102788165e-03 1.513110749185667885e+02 1.867399451856165626e+01
2.395961259100775731e+00 1.812604844355751544e-03 1.489316375198728224e+02 1.918585329597185307e+01
2.402160007896914973e+00 1.807533258736503850e-03 1.514044776119403082e+02 1.710977686137182019e+01
2.408453972146052724e+00 1.793232887210479852e-03 1.601198830409356617e+02 1.467305928636478107e+01
2.414771780432101167e+00 1.830638750947721858e-03 1.759268292682926926e+02 1.584751564026254833e+01
2.421058800843912895e+00 1.849123668637423033e-03 2.012008486562941982e+02 2.303925315130902263e+01
2.427397847212681370e+00 1.833909450969152099e-03 2.387347222222222172e+02 3.185333286823868448e+01
2.433701938443864954e+00 1.777285794113256248e-03 2.774177215189873209e+02 3.475274032098322152e+01
2.440001432560962691e+00 1.835928632076300280e-03 3.022640218878249243e+02 3.763079893452707125e+01
2.446276920633820851e+00 1.825543246774167941e-03 3.098019257221458247e+02 4.404095379354302509e+01
2.452612917458465880e+00 1.850886418197054181e-03 3.069960212201591503e+02 4.609337748948797042e+01
2.458937188373468086e+00 1.764090576915684772e-03 2.989986301369863213e+02 4.578290039796177524e+01
2.465235494564519847e+00 1.842465198645606636e-03 2.885442536327608991e+02 4.587188972041276713e+01
2.471581205305689810e+00 1.856761058240425245e-03 2.760118421052631561e+02 4.544963819645175107e+01
2.477865992864338285e+00 1.798850075022648308e-03 2.608961384820239573e+02 4.527855485635850386e+01
2.484122936716935737e+00 1.780971833254360159e-03 2.440026420079260276e+02 4.363030707342080916e+01
2.490467721662181333e+00 1.849468727863495983e-03 2.270945083014048578e+02 3.994463123324771914e+01
2.496849546734450254e+00 1.852734310658727887e-03 2.099667943805874870e+02 3.659430518139626543e+01
2.503105859710241798e+00 1.772860352036017325e-03 1.950857519788918069e+02 3.419084479662348031e+01
2.509322203788900918e+00 1.804578376445024500e-03 1.821217948717948616e+02 3.137093116495709921e+01
2.515643032193938478e+00 1.830400595634155535e-03 1.717002518891687544e+02 2.808547497436902418e+01
2.522012436559997628e+00 1.844427975373299751e-03 1.613498759305210797e+02 2.576936947339769546e+01
2.528376527697731913e+00 1.805263014170996501e-03 1.528580402010050250e+02 2.384570946792709378e+01
2.534662305746367750e+00 1.817191430107880853e-03 1.459874055415617136e+02 2.204763167084839992e+01
2.540923642722284104e+00 1.847774197163838152e-03 1.406262376237623641e+02 2.094067971274293072e+01
2.547222087144660030e+00 1.810867478977307979e-03 1.358391089108910990e+02 1.964628184116106624e+01
2.553540685742163419e+00 1.807658101810726481e-03 1.326132190942472562e+02 1.842781379436396350e+01
2.559925401613222018e+00 1.856915584780679824e-03 1.307892215568862184e+02 1.798314887254007033e+01
2.566280305514876403e+00 1.838802799104265022e-03 1.298631961259079901e+02 1.796294963962978386e+01
2.572544852388987113e+00 1.785952156998167010e-03 1.314932515337423240e+02 1.746081348412980105e+01
2.578799894204640619e+00 1.806472379669163885e-03 1.360108827085852568e+02 1.860948884024493921e+01
2.585123793491197919e+00 1.855120447360665906e-03 1.422373678025851973e+02 2.188508308012174908e+01
2.591472256141813091e+00 1.805120360344933915e-03 1.462622169249106037e+02 2.495107428265754379e+01
2.597744265483155957e+00 1.788819714346394623e-03 1.484640287769784095e+02 2.650283648210557530e+01
2.604038454996993934e+00 1.850630787333012181e-03 1.498205128205128176e+02 2.808192683536730527e+01
2.610374414453144443e+00 1.837105816396599096e-03 1.482211874272409773e+02 2.807847384272747249e+01
2.616634120485421100e+00 1.761050173804210722e-03 1.471455847255369918e+02 2.744296285607769192e+01
2.622940397920966227e+00 1.848634675493098997e-03 1.465437997724687023e+02 2.756286861709670433e+01
2.629323187355575353e+00 1.839581463337864892e-03 1.452625570776255586e+02 2.830772831269123557e+01
2.635681273538560632e+00 1.815290224604702678e-03 1.427468499427262429e+02 2.802342745755461806e+01
2.641934789831782204e+00 1.778405014700361417e-03 1.410774647887323852e+02 2.749784380767484393e+01
2.648176773767660031e+00 1.853093332118325998e-03 1.404915445321307743e+02 2.723504478022706010e+01
2.654514065851063087e+00 1.823524830511773481e-03 1.375819209039547957e+02 2.622443102645758017e+01
2.660817448321032508e+00 1.798052776896779401e-03 1.355870307167235467e+02 2.563013991140399384e+01
2.667123571907564994e+00 1.844852426740933296e-03 1.356322222222222251e+02 2.607086278625540743e+01
2.673472329675100401e+00 1.839448802019330543e-03 1.341849390919158225e+02 2.656120411049300856e+01
2.679761377760365715e+00 1.786299887381436651e-03 1.337285067873303035e+02 2.666221948970782307e+01
2.686129035698236578e+00 1.877272974428747035e-03 1.324676564156945915e+02 3.152849257897254276e+01
2.692300573720700196e+00 1.798376592015874225e-03 1.342828282828282909e+02 2.794179878033657616e+01
2.698561328278970439e+00 1.798779619418457414e-03 1.348586088939566707e+02 2.680878117580090603e+01
2.704947056964875252e+00 1.860594623228957294e-03 1.367831460674157427e+02 2.735172344953128132e+01
2.711339925705444909e+00 1.826229981736538378e-03 1.367152777777777715e+02 2.664279907602525554e+01
2.717643416720191052e+00 1.774618570520191145e-03 1.371181384248210122e+02 2.554364561035218628e+01
2.723934694222051256e+00 1.823763048442502126e-03 1.398996458087367216e+02 2.443313332708122232e+01
2.730274673678132036e+00 1.841398355898408350e-03 1.424899645808736750e+02 2.208361684631345057e+01
2.736591263199737778e+00 1.788312012670147501e-03 1.464548780487805004e+02 2.205071165728000793e+01
2.742885231028380222e+00 1.844652457607765493e-03 1.517446043165467700e+02 2.350892338677900284e+01
2.749161241756704843e+00 1.804773587711254630e-03 1.540835380835380874e+02 2.407258686787839963e+01
2.755398232824302962e+00 1.776157869081165970e-03 1.551895910780669112e+02 2.367900743287947307e+01
2.761751565609168679e+00 1.857903093933079139e-03 1.580848267622461094e+02 2.484559395507496760e+01
2.768124311574730267e+00 1.813883183384283311e-03 1.603509202453987825e+02 2.586553211932872998e+01
2.774423663616722546e+00 1.776295681999270643e-03 1.623220973782771637e+02 2.644102147603904385e+01
2.780754869867226198e+00 1.842436817654598789e-03 1.693690621193666175e+02 2.116211260806636574e+01
2.787077464795406190e+00 1.805278297034774168e-03 1.925674999999999955e+02 2.866755401364057931e+01
2.793346642012575654e+00 1.793644434711254678e-03 2.491374527112232045e+02 6.787748732185701783e+01
2.799634253246212179e+00 1.838111547031318375e-03 3.298424317617865995e+02 1.084659145969906859e+02
2.805924842988945844e+00 1.808245895551135627e-03 4.268636363636363740e+02 1.272533767306314871e+02
2.812167973206011862e+00 1.789098639402584082e-03 5.151227621483376424e+02 1.301442311132782095e+02
2.818496662748549042e+00 1.874446068014908040e-03 5.875097799511001995e+02 1.263557960774734710e+02
2.824858807967614460e+00 1.791571154666717633e-03 6.295452229299363580e+02 1.282741996875796815e+02
2.831150482550185643e+00 1.815112775054883139e-03 6.473050632911392768e+02 1.363060999814928493e+02
2.837475400148095517e+00 1.850316795954077458e-03 6.430747198007471752e+02 1.445874734335157541e+02
2.843805018276897911e+00 1.786824753329564535e-03 6.150102695763799829e+02 1.418071921789412215e+02
2.850131561922547352e+00 1.845583173970813699e-03 5.906616729088639204e+02 1.343836346703161837e+02
2.856484494638581229e+00 1.841115527677602507e-03 5.602042341220422941e+02 1.300587984177756482e+02
2.862782859862781137e+00 1.780809355167121575e-03 5.248048469387755404e+02 1.239466122440268379e+02
2.869068523143336158e+00 1.847699945098150954e-03 4.906760736196318931e+02 1.263126278339503159e+02
2.875378514069953706e+00 1.802909528894259443e-03 4.478689138576779101e+02 1.204636336091032121e+02
2.881671995666307051e+00 1.819305449905813353e-03 4.063478260869565020e+02 1.078096606402051805e+02
2.887980092673573917e+00 1.848812746508326317e-03 3.620710784313725412e+02 8.478411127775412126e+01
2.894292086458025270e+00 1.795011172749967111e-03 3.203881909547738474e+02 7.045103646631682182e+01
2.900588101801901963e+00 1.834444505730529681e-03 2.833634116192830561e+02 5.735792379433701882e+01
2.906894294921833044e+00 1.834235081131648307e-03 2.486567534076827712e+02 4.052922175319766751e+01
2.913143215321425394e+00 1.775388414920497622e-03 2.203930857874519802e+02 3.102237257514054036e+01
2.919469846096636179e+00 1.902110692867622259e-03 2.003561151079136664e+02 2.387541579805564496e+01
2.925831071463227850e+00 1.799019204260941503e-03 1.891928934010152261e+02 1.780534458547975873e+01
2.932125236913744715e+00 1.849572311535908030e-03 1.874042027194066691e+02 1.314736433721292741e+01
2.938426190430696305e+00 1.829943172517629413e-03 1.979500624219725466e+02 1.402619061506591969e+01
2.944698497868602605e+00 1.792371922793937686e-03 2.187208121827411276e+02 2.052463233168242596e+01
2.951032364443879619e+00 1.872648010744969562e-03 2.463737864077669997e+02 3.100644404469991144e+01
2.957349976869245278e+00 1.772646084934545842e-03 2.707148337595908174e+02 3.463474230272471743e+01
2.963641534615172990e+00 1.843499637433317897e-03 3.059419753086419860e+02 3.754500533622683633e+01
2.969974563050315375e+00 1.835483252247156055e-03 3.633838509316770455e+02 4.456146252928783014e+01
2.976261971728969780e+00 1.784595762971840369e-03 4.352066326530612059e+02 5.289284185567996843e+01
2.982555079221103078e+00 1.856376802478345786e-03 5.035948592411260734e+02 5.969342825903937921e+01
2.988860230475899549e+00 1.767956570045068222e-03 5.505966709346990910e+02 6.483741656210038684e+01
2.995178874680174186e+00 1.856934622757372335e-03 5.683740831295843918e+02 6.308218244179879264e+01
3.001496400543723020e+00 1.797819739674591305e-03 5.666349809885931563e+02 6.206157771948203816e+01
3.007822553902104179e+00 1.849516356328991537e-03 5.416076732673267315e+02 6.024853886830868532e+01
3.014155913686516808e+00 1.844070628166239031e-03 5.086944099378882242e+02 5.940604063283785052e+01
3.020427983220980828e+00 1.780401570183770890e-03 4.806435897435897573e+02 5.988963740614109099e+01
3.026726854870708916e+00 1.864734463497724846e-03 4.484669926650366847e+02 6.104075030496379384e+01
3.033042693621903041e+00 1.790509691971886499e-03 4.127385204081632537e+02 5.891147084349518792e+01
3.039421166988304002e+00 1.891344364520593712e-03 3.694087061668681713e+02 5.394864397036830894e+01
3.045771113053035606e+00 1.809002971513908259e-03 3.296121673003802357e+02 4.842127311356205865e+01
3.052089874155329063e+00 1.844438578281415919e-03 2.897940446650123931e+02 4.910486077453205667e+01
3.058386304167925118e+00 1.824217551217444024e-03 2.516641604010025048e+02 4.995937772321694581e+01
3.064635661305841197e+00 1.781811879387494579e-03 2.179923076923076906e+02 4.491028016278461621e+01
3.070942258104439215e+00 1.879278577764203085e-03 1.900909090909090935e+02 3.939026602920117881e+01
3.077306102136554866e+00 1.789896323379901438e-03 1.722770012706480429e+02 3.050256494983276312e+01
3.083610248093582751e+00 1.842323938384468965e-03 1.576457564575645733e+02 2.393635533114922254e+01
3.089899276602742884e+00 1.781295098450355954e-03 1.476203821656050934e+02 1.778593498085868063e+01
3.096219282790054539e+00 1.849962857272845727e-03 1.385551470588235361e+02 1.250157213296982839e+01
3.102516781183005889e+00 1.793151767743564459e-03 1.328884664131812485e+02 9.555857632679387592e+00
3.108846425703184035e+00 1.844538984569745127e-03 1.285412054120541256e+02 8.771277824057330363e+00
3.115155056293756886e+00 1.812510444856532069e-03 1.253086574654956138e+02 8.973638999287173235e+00
3.121484332076036150e+00 1.832521331068808152e-03 1.232133995037220870e+02 9.591954644482822090e+00
3.127777573742708483e+00 1.818133687887086257e-03 1.218129675810473884e+02 1.012279704828269722e+01
3.134074710556275623e+00 1.800750836428910992e-03 1.215296343001261050e+02 1.012389101415013570e+01
3.140350968701055567e+00 1.840082388152106639e-03 1.237044334975369395e+02 1.022570221569511340e+01
3.146669598331559570e+00 1.795769837056059460e-03 1.286666666666666572e+02 1.177217800936492864e+01
3.152959210157879166e+00 1.842768641532451131e-03 1.352871165644171754e+02 1.439828303672038246e+01
3.159264892205651432e+00 1.791857333635609589e-03 1.412797468354430350e+02 1.683803920212826455e+01
3.165581888857809112e+00 1.858342078644047027e-03 1.449114077669902940e+02 1.795610357376816779e+01
3.171905560319084216e+00 1.782720971754531017e-03 1.444435994930291542e+02 1.880717927049975913e+01
3.178180461481988406e+00 1.828434529921516482e-03 1.431486486486486456e+02 1.774069857555226548e+01
3.184506679420991304e+00 1.810619157308176325e-03 1.408256537982565249e+02 1.736016600921314890e+01
3.190846230582273346e+00 1.831490456789015321e-03 1.383606356968215039e+02 1.652304359269741241e+01
3.197132365687451294e+00 1.780884113596707067e-03 1.350860759493670855e+02 1.624298223971624822e+01
3.203454230992797136e+00 1.862619862555806765e-03 1.303365500603136411e+02 1.464561009841118455e+01
3.209790152929830498e+00 1.796864404628749357e-03 1.247748427672955955e+02 1.454602202847818226e+01
3.216105270782768422e+00 1.849581865447865814e-03 1.195000000000000000e+02 1.392766942916708217e+01
3.222383723154825574e+00 1.773184836801974633e-03 1.158426395939086291e+02 1.262743819494096620e+01
3.228652903688512765e+00 1.829814433570467642e-03 1.121900121802679706e+02 1.134502354386229683e+01
3.234977992221026444e+00 1.801123950508762587e-03 1.097574626865671661e+02 1.031756114680782233e+01
3.241301441286830176e+00 1.830570155328411054e-03 1.079258809234507908e+02 8.441090597223766423e+00
3.247581817024004280e+00 1.774748969754167847e-03 1.094943109987357843e+02 7.645860923883867954e+00
3.253885986942128827e+00 1.868811343678552150e-03 1.137281437125748482e+02 7.463204491182445111e+00
3.260235987169183947e+00 1.804603356501592029e-03 1.222487500000000011e+02 8.605357887676721163e+00
3.266546856392692710e+00 1.857627301288636550e-03 1.315360576923076792e+02 1.018190645915275105e+01
3.272886904023045052e+00 1.792569475559808913e-03 1.385049999999999955e+02 1.116481554930487796e+01
3.279153478698136670e+00 1.837211362056317054e-03 1.416872727272727275e+02 1.118846828612083577e+01
3.285516195699416553e+00 1.819318898053023329e-03 1.422702702702702595e+02 1.137979646482522078e+01
3.291677990232397821e+00 1.824817096246810931e-03 1.403709043250327682e+02 1.205820337573190137e+01
3.298068987764390059e+00 1.863784166448585874e-03 1.369136986301369916e+02 1.159738259986165154e+01
3.304430978840338096e+00 1.814787339162488022e-03 1.326104651162790731e+02 1.293095568759678571e+01
3.310737564052387061e+00 1.817945227602999880e-03 1.272351190476190510e+02 1.403673360656080682e+01
3.317033906120231190e+00 1.800198345421728579e-03 1.213944530046224912e+02 1.454054500792918070e+01
3.323313479518194669e+00 1.810036704891648416e-03 1.168181818181818130e+02 1.402783435855686278e+01
3.329645772824664451e+00 1.853775369266378323e-03 1.127441497659906418e+02 1.281348163311707467e+01
3.335990548707715053e+00 1.826590486813650920e-03 1.078234349919743238e+02 1.124685804415365276e+01
3.342268739174953929e+00 1.807641793864574143e-03 1.043849918433931521e+02 9.677636630991328204e+00
3.348554594221377023e+00 1.807536448754866812e-03 1.014769736842105203e+02 8.734116655887786962e+00
3.354810866618635590e+00 1.798386852034845364e-03 9.898659966499162977e+01 7.532495698786430438e+00
3.361143554435736203e+00 1.860575678898459748e-03 9.654754098360655235e+01 6.269058659754345619e+00
3.367505271257411170e+00 1.829077091643749146e-03 9.465033783783783861e+01 5.558848295776428472e+00
3.373804785089639324e+00 1.803149868685275390e-03 9.355632582322357393e+01 4.988370485242536567e+00
3.380079784639911100e+00 1.805631642174917659e-03 9.319683655536027800e+01 4.837454766273093121e+00
3.386416571036835244e+00 1.843579116849991192e-03 9.264084507042252881e+01 4.565519353900392652e+00
3.392732849186819166e+00 1.821713749179523084e-03 9.184392014519056602e+01 4.958708091775542393e+00
3.399077842768783331e+00 1.840157085703132342e-03 9.121376811594203105e+01 5.165729659733885093e+00
3.405368445234043140e+00 1.771416845865005909e-03 9.062977099236641720e+01 4.513509269153185954e+00
3.411642977450664915e+00 1.840004348347408980e-03 8.996428571428570820e+01 4.782542995944299768e+00
3.417946432239648225e+00 1.816648589106147462e-03 8.986796116504854126e+01 4.920906325943962045e+00
3.424268333461439884e+00 1.838339958730071926e-03 9.223210831721469560e+01 5.642197177933756080e+00
3.430601598134079389e+00 1.799761940178920376e-03 9.907014028056111954e+01 1.237114873821860961e+01
3.436922606236269218e+00 1.844213366763177700e-03 1.138179999999999978e+02 2.212276004480453651e+01
3.443269856433799347e+00 1.834668830692703879e-03 1.352556237218813919e+02 2.911988837714027767e+01
3.449516618902171317e+00 1.769622948488585408e-03 1.562414529914530021e+02 3.241985375094731126e+01
3.455771942280530862e+00 1.817195070858158281e-03 1.738414376321352961e+02 3.225961512466684411e+01
3.462154010515302804e+00 1.866018191136946868e-03 1.805316455696202524e+02 3.436434704779288296e+01
3.468478914699885340e+00 1.799468636805881495e-03 1.772439024390243958e+02 3.053486301752828069e+01
3.474737530089159865e+00 1.798535080277152308e-03 1.710067264573991110e+02 2.970927844027679043e+01
3.481027808853469629e+00 1.828779808500339806e-03 1.651244343891402764e+02 2.976823295958575244e+01
3.487370903609774420e+00 1.855504762412056021e-03 1.561176470588235361e+02 3.228808390089059799e+01
3.493710577164840458e+00 1.791815171782784382e-03 1.474539007092198517e+02 3.640539749569066430e+01
3.499981309375833849e+00 1.817721919481020843e-03 1.384057279236276941e+02 3.427821841506636247e+01
3.506294281862427642e+00 1.840208171226962808e-03 1.261750599520383673e+02 3.191491970787830823e+01
3.512643170548069183e+00 1.819719049123772565e-03 1.149803439803439744e+02 2.830506084647950615e+01
3.518887929185086527e+00 1.780316295825717758e-03 1.065153846153846189e+02 2.415600594622719655e+01
3.525201780775713889e+00 1.871585280235478531e-03 9.922828784119106160e+01 2.014957873239370656e+01
3.531587235286628879e+00 1.812415240060859375e-03 9.398177083333332860e+01 1.673046545653650696e+01
3.537791204901774123e+00 1.765649031450039182e-03 9.053678474114441599e+01 1.293978826761566303e+01
3.544104483213670331e+00 1.881636984785636617e-03 8.809114583333332860e+01 9.054508120047549014e+00
3.550526160049383151e+00 1.823753900979235669e-03 8.742349726775955787e+01 6.825054578689458751e+00
3.556826252644191833e+00 1.805941154371571225e-03 9.049577464788733039e+01 6.304310941029346971e+00
3.563110991539715666e+00 1.831382697511484874e-03 9.610795454545454675e+01 6.113510950471006566e+00
3.569418747584309326e+00 1.819035597463529485e-03 1.033750000000000000e+02 7.481372215881130217e+00
3.575721219182565580e+00 1.815191134896390569e-03 1.118545994065281945e+02 8.510027244972093285e+00
3.582041784633743120e+00 1.836067019019354488e-03 1.209699699699699664e+02 9.721446164256297706e+00
3.588351193306853926e+00 1.816205673054769026e-03 1.305294117647058840e+02 1.248764094897783750e+01
3.594644124218077774e+00 1.816162507538995278e-03 1.396246056782334506e+02 1.233726276864828719e+01
3.600965899690116157e+00 1.832434222657099978e-03 1.438849840255591062e+02 1.053091362995707492e+01
3.607301933810233674e+00 1.823864462282996299e-03 1.460557377049180445e+02 1.181609186129221456e+01
3.613589615564896995e+00 1.801875725405921403e-03 1.460983050847457605e+02 1.390259669168379908e+01
3.619872304563952703e+00 1.819848024125704684e-03 1.419759450171821413e+02 1.485240183986561568e+01
3.626184481674183946e+00 1.827760715362539709e-03 1.347122807017543948e+02 1.655369988835862571e+01
3.632455309189269510e+00 1.797655079431180383e-03 1.254489051094890470e+02 1.769461479138449178e+01
3.638754857574894697e+00 1.841922947680418475e-03 1.159890510948905131e+02 1.746539395912301273e+01
3.645110863435991444e+00 1.833895812584415653e-03 1.052030075187969942e+02 1.915805260732158999e+01
3.651399341121458253e+00 1.797724079201825547e-03 9.556470588235293917e+01 1.809216568170350214e+01
3.657684783062496781e+00 1.823089633617003442e-03 8.668253968253968367e+01 1.388605640051474843e+01
3.663989311092172851e+00 1.817352227903809700e-03 8.004508196721312174e+01 1.235017574380960070e+01
3.670338462676961733e+00 1.852037082036360515e-03 7.471487603305784830e+01 8.297176987384048630e+00
3.676667454351053799e+00 1.802731285318214709e-03 7.217903930131004131e+01 5.673749570008996379e+00
3.682957402673964431e+00 1.831301914300888494e-03 7.051327433628318886e+01 4.661541700293231116e+00
3.689264510226057059e+00 1.810576500315507495e-03 6.926728110599079002e+01 4.067271289987016480e+00
3.695607159299667099e+00 1.851070780809128090e-03 6.954418604651162639e+01 3.299664830480514954e+00
3.701906411334345837e+00 1.786914693256676148e-03 7.009950248756219082e+01 3.451230548973906131e+00
3.708163258087520564e+00 1.825159420261267002e-03 7.340703517587940041e+01 4.276520673985258369e+00
3.714507337749332283e+00 1.833043865117713490e-03 7.975129533678756388e+01 5.300216767246996419e+00
3.720870273368275249e+00 1.842023606415223082e-03 8.727272727272726627e+01 6.000162046102145652e+00
3.727157013165883104e+00 1.785929560704693081e-03 9.528000000000000114e+01 6.080676654076305532e+00
3.733414267292576749e+00 1.823616893326991065e-03 1.003313953488372050e+02 6.030176952003283297e+00
3.739747614563589284e+00 1.832601406324968355e-03 1.008915662650602343e+02 6.512702952939722678e+00
3.746091684029914770e+00 1.828992002129592063e-03 1.000125786163522008e+02 6.430072537607242289e+00
3.752406222021260618e+00 1.812401454337024109e-03 9.701986754966887361e+01 6.651176395922247409e+00
3.758712131096641595e+00 1.823143945980814458e-03 9.250344827586206975e+01 7.322498030579987827e+00
3.765000355804634324e+00 1.809969724265664184e-03 8.587591240875912035e+01 8.231489485420976138e+00
3.771324791207556704e+00 1.846593531196991230e-03 7.943609022556391608e+01 8.801120424718513746e+00
3.777640884128447674e+00 1.800430178895984180e-03 7.251219512195122263e+01 7.993515615156335130e+00
3.783890033752419058e+00 1.812352582976840126e-03 6.612820512820512420e+01 6.136067623657281089e+00
3.790205950757557840e+00 1.839564216382759279e-03 6.154464285714285410e+01 4.570207705278585664e+00
3.796547481197723339e+00 1.823144808823023381e-03 6.051923076923076650e+01 4.067319057994668086e+00
3.802839460639445335e+00 1.822115437231795494e-03 6.156701030927835205e+01 3.510487150526261146e+00
3.809162628389719529e+00 1.835235423465040759e-03 6.240659340659340870e+01 3.530654824179433771e+00
3.815477698903783743e+00 1.813833779597889004e-03 6.483132530120481363e+01 3.906235175614198418e+00
3.821777178949230969e+00 1.830898415393102585e-03 6.938961038961039662e+01 4.742322980972617508e+00
3.828076951026545771e+00 1.795694771849016581e-03 7.242028985507246830e+01 5.176916272048127432e+00
3.834316772867639944e+00 1.791896653628349866e-03 7.467741935483870463e+01 5.180960501389825446e+00
3.840583618544390898e+00 1.820001018717854217e-03 7.630357142857143060e+01 3.718061267897118327e+00
3.846911872181034475e+00 1.824281646184678762e-03 7.677551020408162685e+01 4.596596172877250197e+00
3.853313008086272973e+00 1.880829953221405115e-03 7.330232558139535115e+01 6.035499811721065200e+00
3.859656947796285653e+00 1.787945514535103963e-03 6.800000000000000000e+01 3.857765278134022147e+00
3.865825284683709118e+00 1.773175751446867720e-03 6.507407407407407618e+01 3.882181163965574999e+00
3.872064552013789740e+00 1.858490478498285668e-03 6.195238095238094900e+01 5.295572103203463499e+00
3.878243048288448236e+00 1.738115315901965106e-03 5.700000000000000000e+01 3.075961388174185185e+00
3.884441558101385361e+00 1.990091083924331716e-03 5.757142857142856940e+01 3.006795025692741596e+00
