# q qerr I(q) I(q)err
6.111313073595031620e-02 3.154100855865873791e-03 3.245000000000000000e+02 7.170468952586016087e+01
6.800242608866982619e-02 2.110752812487300123e-03 4.826666666666666856e+02 5.319461125590323292e+01
7.478812129850326285e-02 1.894856213165734514e-03 6.275555555555555429e+02 1.488346501538527775e+02
8.081736842982174818e-02 1.577734731020807597e-03 7.114444444444444571e+02 1.858158188059308316e+02
8.706192866790804508e-02 2.018057842609979804e-03 8.231538461538461888e+02 2.174970992121055247e+02
9.311361532868518698e-02 1.734318039620741251e-03 8.033333333333333712e+02 1.984607433893833388e+02
9.924832822165428892e-02 1.939409616079583844e-03 7.701875000000000000e+02 2.236630592263728943e+02
1.056867454532435108e-01 2.068262530006435406e-03 7.325416666666666288e+02 2.681969503306602292e+02
1.120935416356093062e-01 1.699923986068800717e-03 6.506538461538461888e+02 2.369289522248533615e+02
1.177168722532570266e-01 1.903764278506084144e-03 6.770312500000000000e+02 2.454064231025748768e+02
1.242406998858587575e-01 2.007415885574503726e-03 6.898214285714285552e+02 2.033129122956100900e+02
1.307844605212421796e-01 1.948859987027574741e-03 7.090357142857143344e+02 1.779193236112528496e+02
1.372938405551752672e-01 1.976444694498947011e-03 6.990000000000000000e+02 1.689604840230114746e+02
1.433626874055373979e-01 1.479129257371093872e-03 6.627999999999999545e+02 1.573626130947246509e+02
1.497414395840910573e-01 2.132896554945924294e-03 6.818918918918918735e+02 1.392339523927418554e+02
1.562016171858009728e-01 1.470810848565314282e-03 6.610000000000000000e+02 1.309394827702788291e+02
1.620883487451751925e-01 1.817360580555445800e-03 6.683333333333333712e+02 1.250281988395038297e+02
1.684939590642719198e-01 1.975568076388520972e-03 6.565405405405405190e+02 1.224857112162674042e+02
1.749358117034872373e-01 1.810730169671130639e-03 6.568571428571428896e+02 1.112614864512736119e+02
1.813634234827302405e-01 1.982290824745188643e-03 6.560243902439024168e+02 1.079280473956336550e+02
1.877608813777307539e-01 1.710969833005861022e-03 6.499189189189189619e+02 1.104350947543245525e+02
1.936838392192468117e-01 1.708352888559126238e-03 6.446052631578946830e+02 1.075925163962974551e+02
1.998200724089964908e-01 1.901042836663710675e-03 6.482558139534884276e+02 1.041198372471975517e+02
2.064988844748374130e-01 2.083185659227047067e-03 6.400416666666666288e+02 1.270350967198085215e+02
2.131062600015138364e-01 1.923054290541973939e-03 6.580212765957446663e+02 1.086349538200728517e+02
2.193208008558340527e-01 1.649587748772136844e-03 6.578604651162791015e+02 1.102239816112094104e+02
2.255197753110727010e-01 1.943898002345461392e-03 6.623921568627450824e+02 1.000294612503312806e+02
2.319084130262620835e-01 1.853433278599466881e-03 6.673999999999999773e+02 9.509294400742885500e+01
2.380456302514551703e-01 1.717913041466973250e-03 6.720833333333333712e+02 9.234398441876618335e+01
2.441826744061198484e-01 1.910984005326162374e-03 6.763090909090908553e+02 8.726491063479738841e+01
2.508567628905887248e-01 1.865639566994751813e-03 6.867258064516129252e+02 9.468138970627627771e+01
2.571616352083493928e-01 2.042758540577210586e-03 6.966341463414634063e+02 1.531907649630302046e+02
2.636090936505812721e-01 1.759536909171210452e-03 7.242467532467532010e+02 1.657741601925725377e+02
2.696276322290375727e-01 1.767913466712890637e-03 7.269750000000000227e+02 1.574287507493469320e+02
2.756934411426098519e-01 1.847457432374286813e-03 7.278690476190475920e+02 1.399992954306857769e+02
2.820483295007140123e-01 1.942127748479487680e-03 7.210112359550562360e+02 1.302950842847267552e+02
2.885873542857223528e-01 1.999902870285049771e-03 7.239368421052631675e+02 1.172139545264729747e+02
2.950059364807982032e-01 1.753155416080761590e-03 7.234767441860465169e+02 1.121023686155461689e+02
3.012776628394395750e-01 1.916275679195857595e-03 7.218526315789473529e+02 1.025814074399185216e+02
3.076468654533095481e-01 1.858480647863890167e-03 7.203118279569891911e+02 9.988780097179378004e+01
3.139397285054469910e-01 1.849733180513128640e-03 7.218297872340425556e+02 9.350782800221196567e+01
3.202097007249891103e-01 1.889977811219999311e-03 7.193571428571428896e+02 9.202538786477242638e+01
3.264390569218261762e-01 1.757358001834326191e-03 7.234408602150538172e+02 8.823577686056303548e+01
3.326951465344144543e-01 1.930481388006281569e-03 7.249519230769230944e+02 8.133913522185399358e+01
3.390239669727912464e-01 1.785238221274862988e-03 7.252755102040816837e+02 8.069537305190844734e+01
3.452290355408559885e-01 1.822729964848564038e-03 7.283235294117647527e+02 7.768151716090409309e+01
3.515217579766085620e-01 1.894166946962649433e-03 7.330380952380952522e+02 7.319451486827904318e+01
3.581115149106128270e-01 1.984833837990382030e-03 7.382212389380531476e+02 7.213542391142102872e+01
3.646365217867122976e-01 1.807385512883236643e-03 7.418971962616822111e+02 7.165022558058679181e+01
3.707522342694583029e-01 1.646676631311451595e-03 7.438799999999999955e+02 7.155602280730812481e+01
3.768404479121448269e-01 1.835047814059704218e-03 7.481531531531531982e+02 6.643241838257961263e+01
3.831651369708888866e-01 1.834489868729198949e-03 7.498018018018018438e+02 6.515300366721270109e+01
3.894643253735652899e-01 1.853753096359237081e-03 7.502035398230088958e+02 6.190090011239514212e+01
3.958807651630259494e-01 1.912159574900255954e-03 7.461166666666666742e+02 5.914688519083467355e+01
4.022473572087105209e-01 1.746533598099251966e-03 7.480450450450450717e+02 5.574223331508465407e+01
4.083991683103055381e-01 1.862831917861469243e-03 7.500000000000000000e+02 5.292884076639077051e+01
4.147868792651558945e-01 1.850918924272050396e-03 7.544710743801653052e+02 5.119325076857111867e+01
4.211381020132339281e-01 1.813003092898375071e-03 7.580578512396693895e+02 5.035039642941935512e+01
4.273404438934948479e-01 1.765577699919095717e-03 7.622352941176470722e+02 5.092304682531582216e+01
4.337195733954657406e-01 1.911235613422362228e-03 7.663999999999999773e+02 4.778329286396110120e+01
4.400834723796714920e-01 1.795304431444431784e-03 7.688467741935484128e+02 4.612473756231582911e+01
4.463380503116383125e-01 1.781136916513354146e-03 7.687222222222221717e+02 4.529830579543244795e+01
4.525475293404462862e-01 1.782735370135076804e-03 7.661417322834645347e+02 4.493999416117174661e+01
4.588781844142776345e-01 1.863542184770878652e-03 7.584328358208955478e+02 4.506507139004240514e+01
4.652813857520213814e-01 1.809454061223974295e-03 7.511052631578946830e+02 4.220818717385721186e+01
4.715886271752884884e-01 1.786725641485754782e-03 7.438134328358208904e+02 4.243468635881653483e+01
4.778700308571910971e-01 1.749120838384908864e-03 7.365338345864661278e+02 4.064125386391496875e+01
4.841075358786299798e-01 1.812598873705853009e-03 7.300217391304347530e+02 3.920486480107504690e+01
4.904685449060671165e-01 1.813034819841214708e-03 7.244357142857143117e+02 3.789504840843392230e+01
4.967988078032400945e-01 1.775169993053363985e-03 7.232978723404255561e+02 3.595907713791096683e+01
5.030461340587593089e-01 1.710738770771227935e-03 7.218478260869565020e+02 3.722197926481979380e+01
5.093789740337634209e-01 1.844995629980458740e-03 7.212080536912751541e+02 3.622818791946308181e+01
5.157895609665918979e-01 1.772173611217854692e-03 7.210616438356164508e+02 3.624550107645058006e+01
5.220653538623039047e-01 1.710912446064493482e-03 7.197762237762237874e+02 3.517475010071371599e+01
5.282420832211931483e-01 1.776221308977217429e-03 7.188175675675676075e+02 3.321539978764856471e+01
5.345849814872509764e-01 1.797460663252185451e-03 7.188421052631579187e+02 3.131829932445529963e+01
5.409400198384390901e-01 1.769240412124692928e-03 7.201437908496732234e+02 3.127643774662760734e+01
5.471612929737256215e-01 1.671871176479489780e-03 7.214864864864864558e+02 3.252758283359443681e+01
5.535187503546902255e-01 1.843477994232445120e-03 7.239814814814815236e+02 3.198253052530414919e+01
5.599303633336802921e-01 1.774845713676194252e-03 7.259681528662420078e+02 3.701461313400231035e+01
5.661980099607780703e-01 1.715649351238413218e-03 7.343831168831168270e+02 2.963049272010557544e+01
5.724333289920446877e-01 1.764199560704661452e-03 7.426437499999999545e+02 3.206217957929560214e+01
5.786575496797814466e-01 1.687338640378493104e-03 7.528831168831168270e+02 3.307672890326557535e+01
5.849918082512260975e-01 1.882166412490617838e-03 7.657558139534884276e+02 3.177020507067209110e+01
5.913559560974818163e-01 1.673563701773732749e-03 7.813057324840764295e+02 3.258351646235466603e+01
5.976003341774964728e-01 1.789272139650604403e-03 7.960591715976331670e+02 3.131605137468485722e+01
6.039710484280985670e-01 1.760471037718898532e-03 8.083273809523809632e+02 3.098303312841940738e+01
6.103455122609070527e-01 1.778153705054047679e-03 8.180409356725145926e+02 3.170577035181661785e+01
6.165941547084902163e-01 1.709282904712068618e-03 8.202215568862275177e+02 3.396572981857386253e+01
6.227886440901039267e-01 1.708031916550016484e-03 8.176488095238095184e+02 3.418750194319039082e+01
6.292222757675741684e-01 1.895555695838723603e-03 8.050106951871657657e+02 3.246923589653567177e+01
6.355837393651907474e-01 1.609918394456906487e-03 7.872545454545454504e+02 3.245571002069834066e+01
6.417201133152361514e-01 1.735489606861494215e-03 7.676348314606741496e+02 3.180814139267186036e+01
6.480234646877054416e-01 1.746502386866512820e-03 7.474157303370786849e+02 3.403110372445266307e+01
6.543745591304535036e-01 1.808595843625667669e-03 7.281250000000000000e+02 3.611457085804661205e+01
6.607410482875138991e-01 1.776914150084337417e-03 7.128641304347826235e+02 3.820741927945694272e+01
6.669765730033264672e-01 1.670208017253243388e-03 7.012329545454545041e+02 4.044712329768152159e+01
6.731673103258457580e-01 1.796482171393593615e-03 6.921861702127660010e+02 4.115310478015757667e+01
6.795850853652600776e-01 1.822834825668488831e-03 6.850052356020942170e+02 4.313415089951335801e+01
6.858902177354958551e-01 1.747430487391250960e-03 6.804946236559139834e+02 4.494829701507543973e+01
6.921278880332987216e-01 1.765781770802452586e-03 6.760582010582010071e+02 4.577633789475870429e+01
6.985070946107704293e-01 1.847715388967816497e-03 6.698989898989899530e+02 4.615684059023228514e+01
7.048037128132643714e-01 1.757666077632949074e-03 6.670529100529100788e+02 4.926252553688870250e+01
7.109847861020758275e-01 1.767854622430342420e-03 6.642187500000000000e+02 5.100148237480048152e+01
7.172345948602801835e-01 1.822657136245004524e-03 6.607777777777778283e+02 5.301872167909036193e+01
7.236608500653414211e-01 1.906739358311473767e-03 6.577804878048780211e+02 5.508463122562893943e+01
7.299519259881649402e-01 1.814756391122580772e-03 6.559897959183673493e+02 5.848530119662525806e+01
7.362298620906445601e-01 1.872001608046580190e-03 6.568137254901961342e+02 6.223893457420322761e+01
7.427109241448597299e-01 1.961252361706546793e-03 6.538130841121495678e+02 6.187545285206121548e+01
7.489749171607754663e-01 1.795506848231544564e-03 6.545487179487179219e+02 6.543122581989841535e+01
7.553119902396251417e-01 1.968290517240121971e-03 6.529041095890411270e+02 6.797615383692286173e+01
7.617428847945948434e-01 1.878647625832918257e-03 6.509710144927536248e+02 7.687881162465114926e+01
7.679897535333021219e-01 1.889655825210407886e-03 6.507511961722487968e+02 7.452490073560203143e+01
7.742716946001383382e-01 1.890740870187222538e-03 6.514319248826291187e+02 8.226864544103494836e+01
7.806130493972306406e-01 1.874127862848933099e-03 6.507264150943395862e+02 8.514762038384257892e+01
7.869955317179381238e-01 1.962138593108325030e-03 6.479642857142856656e+02 9.077625748065332800e+01
7.933337815560531636e-01 1.823456314192357453e-03 6.495904761904762381e+02 9.945265376115433753e+01
7.995722808394026826e-01 1.873920736445982161e-03 6.498009049773755805e+02 1.059925943098139811e+02
8.059029702364099990e-01 1.855844282913126459e-03 6.588264840182648641e+02 1.191102906441612816e+02
8.122482529694946551e-01 1.899897789708842157e-03 6.555550660792951021e+02 1.244668208843531545e+02
8.185971333973350861e-01 1.831057107996742058e-03 6.637174887892376773e+02 1.412789264683417514e+02
8.248840800988579414e-01 1.805078930334647752e-03 6.680717488789238132e+02 1.556767221218816246e+02
8.311527541867054225e-01 1.843524136775542745e-03 6.781135371179038884e+02 1.751452692320741562e+02
8.375116084758876811e-01 1.829773299230467044e-03 6.948217391304348212e+02 2.036167170151191783e+02
8.438261475186588090e-01 1.817550564165925373e-03 7.064181034482758150e+02 2.324086849049809871e+02
8.500843452560248314e-01 1.755513946144033992e-03 7.372212389380531476e+02 2.836466092427697845e+02
8.563647400134730692e-01 1.844487251387733453e-03 7.530497925311203744e+02 3.358155024253950955e+02
8.626696591174244366e-01 1.710203360544058351e-03 8.099912280701754526e+02 4.350604514039492301e+02
8.689830853488446083e-01 1.844123492424595270e-03 8.823536585365853853e+02 5.881343888008127578e+02
8.753179752476163422e-01 1.741457950302257533e-03 1.046370212765957376e+03 9.100498119677639579e+02
8.815756228481118617e-01 1.752464905610253906e-03 1.385809128630705345e+03 1.580064801219916035e+03
8.877944678552249780e-01 1.716242394594354789e-03 2.161219409282700326e+03 2.984402434239425020e+03
8.941407927930166144e-01 1.839522330085644050e-03 3.061549407114624501e+03 4.851474666882883866e+03
9.005003621585947471e-01 1.752218829319661820e-03 4.265048979591836542e+03 7.053246369207563475e+03
9.067627482844141662e-01 1.720498064613873055e-03 5.332774590163934590e+03 8.746808175074220344e+03
9.130278025298368405e-01 1.789374596252915357e-03 5.331956349206348932e+03 9.062717200566572501e+03
9.193563827426239898e-01 1.786117629316656989e-03 5.291361111111111313e+03 8.711912461458226971e+03
9.256709965929463824e-01 1.773964252230773864e-03 4.509172549019607686e+03 7.492303182516486231e+03
9.319487846442510159e-01 1.740175819907428248e-03 3.750847999999999956e+03 6.020765227468018566e+03
9.382375230166524194e-01 1.835219923763222079e-03 2.833106870229007654e+03 4.331413968009649579e+03
9.445114335627492475e-01 1.754301698834087597e-03 2.059687747035573011e+03 2.865353381361209358e+03
9.507739483173833772e-01 1.796477233495237351e-03 1.438103448275862092e+03 1.715704489097514625e+03
9.571000001339345920e-01 1.844157663989784944e-03 1.063569811320754752e+03 9.850889520764230838e+02
9.634651872700409347e-01 1.860525514413665987e-03 8.568646616541353751e+02 5.850046012044525696e+02
9.697902983397413967e-01 1.869026222830578836e-03 7.947518796992480929e+02 4.106318914617908717e+02
9.761731987705594138e-01 1.898719003246270758e-03 7.738634686346863418e+02 3.191370271685709668e+02
9.824546988499620603e-01 1.850375251942234242e-03 8.903886792452830150e+02 3.634275892929833276e+02
9.887603507672997338e-01 1.885371791598095068e-03 1.234808823529411711e+03 6.191875751255661271e+02
9.951547945742836854e-01 1.923480157877882840e-03 1.887882562277580064e+03 1.183175907371062067e+03
1.001497999719481502e+00 1.820392376112148691e-03 2.876406015037593988e+03 2.028324370994786477e+03
1.007730073445106012e+00 1.872875193246743668e-03 3.669557553956834454e+03 2.682234744296867120e+03
1.014110590476311025e+00 1.881534321868284657e-03 3.988897163120567257e+03 2.912933532044552067e+03
1.020442888611849064e+00 1.823625195420996601e-03 4.089279569892473319e+03 2.980158365492713074e+03
1.026691701700078063e+00 1.782759485576686145e-03 3.892032608695652016e+03 2.782512527635073184e+03
1.033057845114525142e+00 1.884320384582664851e-03 3.333255102040816382e+03 2.301860237902872086e+03
1.039437792018165441e+00 1.793463056649077922e-03 2.775095406360424022e+03 1.893643775217106622e+03
1.045681248368910410e+00 1.745618337461533540e-03 2.065010638297872447e+03 1.334323272550258707e+03
1.051944871571292683e+00 1.801987856022948175e-03 1.453844827586206975e+03 8.487843840215596174e+02
1.058324809813473877e+00 1.829265674919061668e-03 9.732491582491581994e+02 4.461831425228226067e+02
1.064596602572098316e+00 1.714864743882408334e-03 6.999401408450704594e+02 2.062470991903153106e+02
1.070868750588993112e+00 1.792957436204007347e-03 5.829158249158249419e+02 9.782651123888187783e+01
1.077195490251847465e+00 1.798916779777443367e-03 5.397525083612040362e+02 5.692203898459877109e+01
1.083505800573759448e+00 1.740543057611223946e-03 5.219931740614334785e+02 4.166656116345986050e+01
1.089676915900379850e+00 1.748165881083384946e-03 5.111394557823129503e+02 3.248214694199862151e+01
1.096052400832523421e+00 1.863573573199493825e-03 5.036134185303514528e+02 2.692017765636343540e+01
1.102364289960501065e+00 1.744372504095847640e-03 4.992610169491525198e+02 2.451952958820088924e+01
1.108625070827478076e+00 1.829094711995288541e-03 4.924885993485341942e+02 1.995525929688927391e+01
1.114924075445366869e+00 1.842999932655674591e-03 4.740681818181818130e+02 3.548081777174908780e+01
1.121282665432693726e+00 1.762017027877181303e-03 4.786412213740458128e+02 2.750287396714061927e+01
1.127553932619258736e+00 1.851826979229859085e-03 4.773717472118959222e+02 2.519604891917836653e+01
1.133905639228342421e+00 1.803927404845938115e-03 4.751294117647058783e+02 2.452864342615722748e+01
1.140144523104706709e+00 1.820967272376473748e-03 4.723464566929133639e+02 2.695431088100287909e+01
1.146455214771981312e+00 1.831860927088285957e-03 4.713107569721115624e+02 2.467276445050430667e+01
1.152869066430118439e+00 1.902391342003174283e-03 4.710810810810810949e+02 2.372610591409851821e+01
1.159252377890596986e+00 1.791659613503928782e-03 4.684232365145228414e+02 2.488690211196299273e+01
1.165575291556828930e+00 1.872439892399787795e-03 4.692191235059760857e+02 2.388086027288833080e+01
1.171828433925186763e+00 1.747387590499659572e-03 4.675454545454545610e+02 2.663825473835900937e+01
1.178029580193284076e+00 1.845903894892485285e-03 4.681810699588477291e+02 2.454040206067257301e+01
1.184400904434957269e+00 1.829516060217846983e-03 4.657405857740585589e+02 2.326576101443083289e+01
1.190737654720273042e+00 1.816225366119703435e-03 4.657763713080169055e+02 2.284758932067853365e+01
1.196977477342464180e+00 1.780548390738201196e-03 4.656899563318777382e+02 2.121203794914280039e+01
1.203312963818603976e+00 1.874247930763579166e-03 4.639338842975206489e+02 2.337821229379950339e+01
1.209645773529357093e+00 1.750259837788138012e-03 4.614955752212389370e+02 2.499203334573179802e+01
1.215952225700388523e+00 1.837678281197498587e-03 4.612627118644067536e+02 2.341437471127071390e+01
1.222254898926581568e+00 1.775628514659025698e-03 4.380037453183520597e+02 5.502893348593310918e+01
1.228537298751265050e+00 1.780223345631782141e-03 4.451811594202898732e+02 3.675024022342888941e+01
1.234759587745337228e+00 1.795376270296014523e-03 4.433010752688172147e+02 3.335698143692128781e+01
1.241110555825225781e+00 1.895169703334604900e-03 4.414798657718120580e+02 3.146020491813879616e+01
1.247523323486311897e+00 1.874537877840588536e-03 4.379729729729729684e+02 3.040035543648657423e+01
1.253854431820907944e+00 1.857283623330970761e-03 4.368187919463087496e+02 3.079914545778321866e+01
1.260138295168494293e+00 1.856490137450314505e-03 4.330664451827242374e+02 3.099843193663179619e+01
1.266501421045549414e+00 1.881588491645209797e-03 4.319903536977491854e+02 3.040915845156598607e+01
1.272807251993681055e+00 1.824447191781883651e-03 4.288983606557376902e+02 3.098718653964195724e+01
1.279100636071537789e+00 1.831925956271344968e-03 4.283216560509554256e+02 3.009342323958454202e+01
1.285385940199903265e+00 1.796864974607813087e-03 4.257788461538461320e+02 3.086122365914295784e+01
1.291734086560349049e+00 1.833790085687247952e-03 4.249509202453987768e+02 3.097674596079364662e+01
1.297999116585571544e+00 1.712347548001254965e-03 4.222265372168284898e+02 3.145029308377176491e+01
1.304332283077917598e+00 1.862331657852500611e-03 4.219675516224188527e+02 3.056858484471374737e+01
1.310629912671008812e+00 1.689758514739712848e-03 4.188397435897435912e+02 3.126965161195338894e+01
1.316859893871710430e+00 1.807323329610554348e-03 4.177373134328358333e+02 3.126089641171932243e+01
1.323169508333509325e+00 1.772103529485381237e-03 4.159027355623100561e+02 3.018236316831706745e+01
1.329416719622044551e+00 1.761213072716576004e-03 4.146253776435045211e+02 3.127299986023281519e+01
1.335676763851219473e+00 1.808340606324402439e-03 4.132083333333333144e+02 3.021276855782287996e+01
1.342102166253144047e+00 1.916040745002256648e-03 4.125323943661971953e+02 3.106643992709976843e+01
1.348432554966731090e+00 1.804515701739407276e-03 4.106344410876133111e+02 3.060376345815470600e+01
1.354697325729501189e+00 1.895450207138361931e-03 4.097762039660056530e+02 3.284296468820544135e+01
1.361035554581970564e+00 1.836151892644552735e-03 4.082936046511628092e+02 3.231960847026419259e+01
1.367445372286436589e+00 1.911657172750392099e-03 4.083945205479452056e+02 3.192935625063315186e+01
1.373833054624600258e+00 1.794265400870382644e-03 4.065536231884058225e+02 3.224776417793876249e+01
1.380048052911932777e+00 1.791287036868802413e-03 4.079629629629629903e+02 3.259247118599505200e+01
1.386332670155489666e+00 1.806335848089170130e-03 4.072303370786517007e+02 3.205018636103460494e+01
1.392624520144640332e+00 1.796075039907524609e-03 4.129638888888889028e+02 3.410154340122568328e+01
1.398923000198597277e+00 1.771229759338340285e-03 4.279185393258426870e+02 3.864824647459658280e+01
1.405184482923453881e+00 1.808998902686751115e-03 4.601983695652173765e+02 4.613751648814403694e+01
1.411475199677901360e+00 1.734371386327675756e-03 5.046797752808988662e+02 5.053817597399952177e+01
1.417706081410672780e+00 1.817237095201347432e-03 5.461048387096774377e+02 5.229704796786633381e+01
1.424046144262549829e+00 1.816956160244514703e-03 5.733739837398373993e+02 5.624389793406444227e+01
1.430457268966005335e+00 1.925855730949348329e-03 5.840565552699229102e+02 5.517168372160617196e+01
1.436865665354877475e+00 1.843763745384080412e-03 5.885994623655914211e+02 5.682277483721804145e+01
1.443084111958556903e+00 1.831535442318516687e-03 5.822634408602150415e+02 5.640875318707003316e+01
1.449466238371406979e+00 1.910439897345804971e-03 5.733544303797468729e+02 5.415766327665814828e+01
1.455780432464144347e+00 1.769262236301017126e-03 5.553783783783783292e+02 5.120299836568392493e+01
1.462109939136078340e+00 1.873282905934200038e-03 5.322055137844611181e+02 4.694355789165819459e+01
1.468414112563870999e+00 1.734923018383166060e-03 5.020453333333333603e+02 4.009130494813612700e+01
1.474680891373796765e+00 1.804015195942032307e-03 4.746421319796954208e+02 3.671474560756501404e+01
1.480924591063775386e+00 1.742163032935032654e-03 4.449765013054830547e+02 3.201777268421566447e+01
1.487138550370334267e+00 1.742602934721402272e-03 4.236683804627249401e+02 3.194918400381133239e+01
1.493462591150057195e+00 1.833511633313982111e-03 4.055346534653465369e+02 3.353533859107722748e+01
1.499809278721849770e+00 1.805357266360340307e-03 3.964811083123425419e+02 3.606960767789018973e+01
1.506175762378094918e+00 1.888906516140883814e-03 3.908141809290953574e+02 3.821732642339626551e+01
1.512543466733061504e+00 1.879653113941155348e-03 3.897254901960784537e+02 3.916196197417911407e+01
1.518927121842702510e+00 1.865813122140227640e-03 3.885784313725490051e+02 3.846573687455597934e+01
1.525176469146275027e+00 1.826629940430822378e-03 3.884516129032257936e+02 3.712844909459612808e+01
1.531416651941075235e+00 1.798854978931840659e-03 3.868539603960396107e+02 3.713179756162941203e+01
1.537728221615372926e+00 1.856986876758172280e-03 3.857541371158392280e+02 3.814642017407808794e+01
1.544096010846849332e+00 1.769518617434322075e-03 3.849586374695863924e+02 3.886238918446966295e+01
1.550405005344789089e+00 1.809055686031393537e-03 3.853971631205673702e+02 3.874883278220305272e+01
1.556696834359960313e+00 1.740139413919524446e-03 3.853640776699029402e+02 3.944994224057147392e+01
1.562969221032702194e+00 1.804120915253569534e-03 3.860966981132075375e+02 4.063467974884514433e+01
1.569251838380229191e+00 1.803338776033149233e-03 3.861909307875894797e+02 4.060205963913417548e+01
1.575556094315494926e+00 1.863019847936644557e-03 3.865780885780885683e+02 4.241885746709844085e+01
1.581892448177514066e+00 1.865480693804838323e-03 3.899004629629629903e+02 4.690609759506836696e+01
1.588269483401412163e+00 1.861295980786164313e-03 3.983686635944700356e+02 5.712798676737408954e+01
1.594574325321363339e+00 1.830133252637398044e-03 4.085162037037036953e+02 7.306276479180510819e+01
1.600916934751582588e+00 1.832077894544300927e-03 4.227585421412300661e+02 9.502730891515496126e+01
1.607201343968552854e+00 1.780442356845074459e-03 4.344814814814814667e+02 1.132925614297277832e+02
1.613445462524496721e+00 1.775524639999344866e-03 4.499655963302752184e+02 1.332040103394321022e+02
1.619730849749851931e+00 1.787630240083115185e-03 4.613386004514672436e+02 1.485384822073463340e+02
1.625979803600224649e+00 1.755895091839796123e-03 4.764206896551723958e+02 1.661718431581628010e+02
1.632226613292544926e+00 1.821174808670054370e-03 4.870872483221476728e+02 1.763757979801027886e+02
1.638606704061473573e+00 1.894452323361247963e-03 5.026117136659436255e+02 1.864958526488658208e+02
1.645050487946952522e+00 1.887301666918968484e-03 5.359630434782608290e+02 1.898869133411332939e+02
1.651415996904310735e+00 1.851783837096881687e-03 5.851820175438596152e+02 1.861803329881597335e+02
1.657788871265904573e+00 1.852242853945953917e-03 6.412159827213822609e+02 1.766301893684970992e+02
1.664006124760511351e+00 1.741113674427757210e-03 6.737256235827663886e+02 1.623432264936958802e+02
1.670281873961185770e+00 1.842366346193471905e-03 6.917991543340380076e+02 1.578743158875036841e+02
1.676541801276667298e+00 1.721555322686186195e-03 6.886704035874439569e+02 1.460836361259923990e+02
1.682793682471841024e+00 1.824670227224382997e-03 6.869493670886075734e+02 1.445187104393079380e+02
1.689107465299970467e+00 1.791603935857043455e-03 6.781540130151844323e+02 1.384510862911655522e+02
1.695415952935033443e+00 1.877357617877282179e-03 6.673507306889353003e+02 1.347066125219923833e+02
1.701806617780016628e+00 1.875253898477295287e-03 6.523653444676409663e+02 1.334920843990684034e+02
1.708145235544118012e+00 1.851238026496159058e-03 6.409810526315789048e+02 1.341890717216908797e+02
1.714469347376187613e+00 1.845626368464784459e-03 6.416542443064182635e+02 1.397362119484303378e+02
1.720739519194126599e+00 1.771881702320935673e-03 6.589935897435897232e+02 1.489637996978633794e+02
1.726990948287859817e+00 1.820993782645452704e-03 6.833204081632652560e+02 1.557037612192115716e+02
1.733361150263370787e+00 1.784216608021570085e-03 6.987871900826446563e+02 1.630585497172274358e+02
1.739571674833123582e+00 1.760427731239605715e-03 6.978867924528301501e+02 1.729410035830247239e+02
1.745888420135642827e+00 1.855122891619970195e-03 6.840180722891566347e+02 1.781863496783357164e+02
1.752250177420427102e+00 1.860925844240075020e-03 6.788663967611336147e+02 1.868908298568471764e+02
1.758607387389414800e+00 1.864192030273802104e-03 6.775819999999999936e+02 1.908440055123555794e+02
1.764972322429467777e+00 1.851098948525789619e-03 6.803519999999999754e+02 1.969167661729188410e+02
1.771273520234028620e+00 1.808016239517707931e-03 6.749677419354839003e+02 2.007911993818941312e+02
1.777586992161852564e+00 1.807004964737956481e-03 6.692435643564356269e+02 2.023461708110095856e+02
1.783840233931820451e+00 1.746107465683986813e-03 6.582423625254582475e+02 2.049228378014286704e+02
1.790071520275328565e+00 1.795583184790444783e-03 6.497795275590551682e+02 2.089564297660616887e+02
1.796393698957722052e+00 1.819993601147859141e-03 6.354683794466403697e+02 2.132140153201794988e+02
1.802712928873270393e+00 1.883216042231023422e-03 6.230613026819922879e+02 2.191014526446370496e+02
1.809114577024696358e+00 1.850157529878445435e-03 6.074825581395348308e+02 2.342867550176665645e+02
1.815345782948464493e+00 1.803540499391122600e-03 5.925612648221343761e+02 2.408926054403509340e+02
1.821700705453981772e+00 1.863872113208649628e-03 5.833488805970149542e+02 2.521144133933804596e+02
1.828034416566336029e+00 1.759461126105644731e-03 5.771279527559055396e+02 2.587509968447594702e+02
1.834289862490237510e+00 1.817049905439401892e-03 5.804689265536723042e+02 2.736452151567465307e+02
1.840620947190598100e+00 1.780340576699249600e-03 5.779980769230769511e+02 2.787153186295245746e+02
1.846876290479544158e+00 1.833628160635640113e-03 5.829867674858222699e+02 2.933161223423855972e+02
1.853225331533147280e+00 1.864396810776891523e-03 5.731777777777778056e+02 2.918731716926196214e+02
1.859586416204100923e+00 1.843230203276794224e-03 5.752485981308411738e+02 3.086186261725757731e+02
1.865884580336470755e+00 1.827085395033201023e-03 5.687411545623835991e+02 3.116042940256010638e+02
1.872200528994375501e+00 1.799198018262535481e-03 5.701611111111111541e+02 3.211837570971566151e+02
1.878453452628845000e+00 1.760356359008985331e-03 5.617382297551789634e+02 3.235834560314560804e+02
1.884712324747962020e+00 1.805687576808031941e-03 5.611058394160584157e+02 3.236433531111885031e+02
1.891113706724730337e+00 1.861939656346446982e-03 5.526888489208632791e+02 3.210430389234580844e+02
1.897400945427566432e+00 1.833350088909791505e-03 5.479889705882352473e+02 3.211644138761801628e+02
1.903772875545957088e+00 1.875180743362649160e-03 5.463204225352112644e+02 3.172229466692519964e+02
1.910018917854334752e+00 1.739883276586547947e-03 5.417126654064272770e+02 3.167505624083798352e+02
1.916236012056648175e+00 1.833205283437960029e-03 5.453298245614034840e+02 3.085895284314686364e+02
1.922638163561010805e+00 1.793373418488206777e-03 5.435678571428571786e+02 3.081111551200941676e+02
1.928888348891847349e+00 1.792288115248428593e-03 5.423812949640288252e+02 3.076274536902737395e+02
1.935240631371640818e+00 1.865766417879262265e-03 5.390795847750864596e+02 2.971759915075929257e+02
1.941608872090050619e+00 1.856644915843207438e-03 5.338945518453426757e+02 2.932669734109303477e+02
1.947917338414854704e+00 1.837601359788319485e-03 5.401698774080560952e+02 2.947788054095552752e+02
1.954236834815996637e+00 1.805754229573221887e-03 5.425856643356643190e+02 2.858295967369805908e+02
1.960488135501994522e+00 1.772905664188001006e-03 5.546371681415929515e+02 2.848651388936174271e+02
1.966755922696415082e+00 1.810201296061439468e-03 5.965697074010327015e+02 2.890277994257489240e+02
1.973091583736556354e+00 1.814240900008777741e-03 6.536206896551724412e+02 3.073674039108901752e+02
1.979420480567132490e+00 1.865397302840512408e-03 7.141273344651951902e+02 3.312064061771505976e+02
1.985762243830389018e+00 1.849873766110382307e-03 8.245033898305084676e+02 3.390617262852631484e+02
1.992143605840229093e+00 1.840662096304069391e-03 9.779162479061976683e+02 3.302170691807085632e+02
1.998372952698491245e+00 1.738412627792555948e-03 1.170639718804920903e+03 3.164355904778151967e+02
2.004614638405731508e+00 1.821010887715033720e-03 1.323796357615894067e+03 3.135895674315309520e+02
2.010981699228176822e+00 1.807963355431743604e-03 1.410946127946127945e+03 3.200554277075892173e+02
2.017216781415232862e+00 1.822968187424302972e-03 1.476239460370994948e+03 3.491546964949274638e+02
2.023555507756473748e+00 1.866836436713831520e-03 1.476421138211382186e+03 3.369743092818833361e+02
2.029945947492921121e+00 1.842053164818473936e-03 1.464307565789473756e+03 3.267142789256184301e+02
2.036236367431154548e+00 1.802040352124230577e-03 1.439123966942148854e+03 3.163216764923319602e+02
2.042538823796997693e+00 1.786279422623429517e-03 1.399085385878489433e+03 3.087621842867380337e+02
2.048720173306640469e+00 1.747373060808409071e-03 1.339311864406779705e+03 3.010049549927583143e+02
2.055017041239767028e+00 1.892889576395914968e-03 1.280921752738654050e+03 3.035452569541964181e+02
2.061465280497128294e+00 1.850343878148330047e-03 1.179660256410256352e+03 2.864207212173253652e+02
2.067778354784032935e+00 1.826644103880053095e-03 1.065054750402576474e+03 2.680046421871746816e+02
2.074107962816127415e+00 1.810449409964311413e-03 9.677698412698413222e+02 2.550366092514034051e+02
2.080392027050733006e+00 1.757304311173108879e-03 8.726009771986970236e+02 2.388169669725994595e+02
2.086560915145909245e+00 1.789004268885935290e-03 7.754116693679092123e+02 2.197568158213047127e+02
2.092907509218693285e+00 1.897916204239676529e-03 6.993521341463414274e+02 2.111001633759605625e+02
2.099341076602548206e+00 1.841856996552926774e-03 6.105359375000000455e+02 2.026026271939690844e+02
2.105598503643897335e+00 1.780460926307301031e-03 5.283019169329073748e+02 1.906365586853024467e+02
2.111872942412509335e+00 1.813036870717739954e-03 4.853950617283950351e+02 1.955599441555355043e+02
2.118179840511383194e+00 1.773074262998883873e-03 4.548393700787401599e+02 1.900721141849513458e+02
2.124489700938873238e+00 1.854176769044688739e-03 4.325428134556574946e+02 1.817429581018972726e+02
2.130866139955553962e+00 1.876679961187130126e-03 4.300287443267775984e+02 1.835284874959328931e+02
2.137196345481136905e+00 1.803165093871285981e-03 4.246424148606811286e+02 1.801252704797383331e+02
2.143477781291089013e+00 1.808033309626025679e-03 4.166106870229007768e+02 1.722382972719533711e+02
2.149749346762158453e+00 1.787076492040512573e-03 4.167711213517665101e+02 1.731322699570044961e+02
2.156014428448592479e+00 1.811767013668930289e-03 4.188904109589041127e+02 1.731350420052723678e+02
2.162388958755252943e+00 1.899773100682969557e-03 4.183941605839415843e+02 1.667143453637906134e+02
2.168776559916051561e+00 1.828625003914755194e-03 4.278093093093092989e+02 1.688701572729912073e+02
2.175079146577416189e+00 1.799027495536281414e-03 4.382373134328358333e+02 1.727193975938732819e+02
2.181358965593887422e+00 1.775037425494343461e-03 4.362123493975903443e+02 1.661711778498864476e+02
2.187625576602315824e+00 1.830837683859201127e-03 4.347307692307692264e+02 1.615032366849587504e+02
2.193923842198696850e+00 1.837507381709080519e-03 4.420205580029368662e+02 1.658289891597233066e+02
2.200310743338333541e+00 1.859271066102410235e-03 4.543256814921090267e+02 1.599451636481618948e+02
2.206637920896229677e+00 1.789161753318371274e-03 4.833674074074074269e+02 1.578003438496482147e+02
2.212855268310565560e+00 1.778695396750237757e-03 5.445095729013254413e+02 1.778475716983012092e+02
2.219155297956861617e+00 1.826812665150635666e-03 6.208561151079136380e+02 1.920967924023206592e+02
2.225534449623195243e+00 1.883537061579874895e-03 7.353215796897037535e+02 1.926058187397945289e+02
2.231816049321749151e+00 1.789850136339156059e-03 8.743832599118942426e+02 1.659359577488931166e+02
2.238124350048766420e+00 1.838516226422660244e-03 9.989357541899440776e+02 1.524932637968559277e+02
2.244461256680506001e+00 1.769483755913013904e-03 1.069303907380607825e+03 1.596938527432741353e+02
2.250672411056880762e+00 1.815340560525242463e-03 1.095684361549497908e+03 1.696753514322209355e+02
2.256976265699253581e+00 1.875232856265233962e-03 1.110383977900552509e+03 1.730925551528405606e+02
2.263404067221236105e+00 1.844596500685106652e-03 1.114115702479338779e+03 1.804923263888349823e+02
2.269740131332425914e+00 1.784620609829179342e-03 1.101711456859971804e+03 1.813949127030167290e+02
2.275928662030326066e+00 1.770462641505800294e-03 1.083910256410256352e+03 1.848799689781435802e+02
2.282234771450446509e+00 1.859120215862977580e-03 1.058829268292682855e+03 1.890948318785803792e+02
2.288651494096741512e+00 1.861574731480084791e-03 1.015819538670284942e+03 1.974052881405766016e+02
2.294929189507614264e+00 1.787386468760323059e-03 9.585337078651685943e+02 1.960066129241529893e+02
2.301123790424945526e+00 1.773889529887621910e-03 8.927291666666666288e+02 1.890399609307612252e+02
2.307427473574251042e+00 1.823767960867003161e-03 8.043937753721245372e+02 1.813067392601265055e+02
2.313824548022820782e+00 1.807223345639351721e-03 7.237518573551262762e+02 1.682861574095875596e+02
2.320154992066300714e+00 1.861695907969135875e-03 6.364112426035502494e+02 1.549065288207698927e+02
2.326479049872378635e+00 1.797363522119922990e-03 5.609784283513097307e+02 1.406173526675330834e+02
2.332811122143054305e+00 1.834923033436536115e-03 4.890835866261398337e+02 1.262906950050816590e+02
2.339146829363451641e+00 1.809933127175767861e-03 4.258602825745683162e+02 1.119687976932800240e+02
2.345346999874724947e+00 1.788822558822959720e-03 3.736961414790996514e+02 1.006970502421071956e+02
2.351591514044208964e+00 1.821961582186779451e-03 3.384740157480314906e+02 9.107970719883836352e+01
2.357940827546205931e+00 1.821480796874143165e-03 3.155395569620253013e+02 8.627037046762751515e+01
2.364269371024037891e+00 1.822839816105960298e-03 3.044326923076923208e+02 8.333885500074565300e+01
2.370575565839220911e+00 1.828742917233826173e-03 2.987379421221864959e+02 8.324858198639809359e+01
2.376891771469677561e+00 1.815523241845057745e-03 2.978478964401294320e+02 8.298340332138138820e+01
2.383240749019818416e+00 1.833462819707767054e-03 2.925016077170417930e+02 7.987435873470121805e+01
2.389601619010945921e+00 1.828185711102788165e-03 2.912149837133550250e+02 7.857039870291339412e+01
2.395961259100775731e+00 1.812604844355751544e-03 2.826979332273450041e+02 8.271408898781956509e+01
2.402160007896914973e+00 1.807533258736503850e-03 2.785492537313432990e+02 8.094966580444686599e+01
2.408453972146052724e+00 1.793232887210479852e-03 2.771695906432748302e+02 7.745484911027803321e+01
2.414771780432101167e+00 1.830638750947721858e-03 2.751549497847919383e+02 7.471616709011838964e+01
2.421058800843912895e+00 1.849123668637423033e-03 2.761782178217821979e+02 7.314177705869944646e+01
2.427397847212681370e+00 1.833909450969152099e-03 2.867777777777777715e+02 7.338156768091454296e+01
2.433701938443864954e+00 1.777285794113256248e-03 3.009240506329114169e+02 7.500410511770319033e+01
2.440001432560962691e+00 1.835928632076300280e-03 3.172763337893296693e+02 7.665028385415473622e+01
2.446276920633820851e+00 1.825543246774167941e-03 3.318335625859697302e+02 7.943731530441053224e+01
2.452612917458465880e+00 1.850886418197054181e-03 3.456936339522546291e+02 8.085703008660181013e+01
2.458937188373468086e+00 1.764090576915684772e-03 3.512780821917808112e+02 7.994372873188923734e+01
2.465235494564519847e+00 1.842465198645606636e-03 3.532721268163804211e+02 8.083786155000063900e+01
2.471581205305689810e+00 1.856761058240425245e-03 3.519828947368421268e+02 7.938053553450716038e+01
2.477865992864338285e+00 1.798850075022648308e-03 3.528934753661784498e+02 7.959774344157976600e+01
2.484122936716935737e+00 1.780971833254360159e-03 3.523936591809775223e+02 7.851228213135348710e+01
2.490467721662181333e+00 1.849468727863495983e-03 3.480830140485313109e+02 7.742410849418051555e+01
2.496849546734450254e+00 1.852734310658727887e-03 3.425555555555555429e+02 7.781774470300905477e+01
2.503105859710241798e+00 1.772860352036017325e-03 3.361754617414247832e+02 7.729767904718723059e+01
2.509322203788900918e+00 1.804578376445024500e-03 3.280602564102563861e+02 7.579369965871367754e+01
2.515643032193938478e+00 1.830400595634155535e-03 3.176272040302267214e+02 7.315627384247427756e+01
2.522012436559997628e+00 1.844427975373299751e-03 3.071836228287841095e+02 7.393777149671848292e+01
2.528376527697731913e+00 1.805263014170996501e-03 2.946922110552764025e+02 7.121215634253937310e+01
2.534662305746367750e+00 1.817191430107880853e-03 2.823362720403022763e+02 6.899711189915694831e+01
2.540923642722284104e+00 1.847774197163838152e-03 2.701646039603960503e+02 6.667117914853444915e+01
2.547222087144660030e+00 1.810867478977307979e-03 2.581002475247524899e+02 6.395940641189461218e+01
2.553540685742163419e+00 1.807658101810726481e-03 2.489277845777233722e+02 6.356755740017509027e+01
2.559925401613222018e+00 1.856915584780679824e-03 2.391964071856287433e+02 6.085428739346274796e+01
2.566280305514876403e+00 1.838802799104265022e-03 2.310750605326876439e+02 5.908016080799606584e+01
2.572544852388987113e+00 1.785952156998167010e-03 2.274613496932515204e+02 5.840923947695357299e+01
2.578799894204640619e+00 1.806472379669163885e-03 2.258972188633615588e+02 5.677225083897199909e+01
2.585123793491197919e+00 1.855120447360665906e-03 2.251609870740305439e+02 5.586257800475350876e+01
2.591472256141813091e+00 1.805120360344933915e-03 2.272097735399284772e+02 5.708083774525609044e+01
2.597744265483155957e+00 1.788819714346394623e-03 2.305971223021582830e+02 5.786324353419150412e+01
2.604038454996993934e+00 1.850630787333012181e-03 2.316118881118881063e+02 5.626443736638128712e+01
2.610374414453144443e+00 1.837105816396599096e-03 2.325599534342258323e+02 5.802929915450224030e+01
2.616634120485421100e+00 1.761050173804210722e-03 2.335035799522673017e+02 5.656458695528987590e+01
2.622940397920966227e+00 1.848634675493098997e-03 2.337224118316268573e+02 5.618002907218434672e+01
2.629323187355575353e+00 1.839581463337864892e-03 2.342602739726027323e+02 5.655062908992264425e+01
2.635681273538560632e+00 1.815290224604702678e-03 2.336781214203894592e+02 5.711629010993920019e+01
2.641934789831782204e+00 1.778405014700361417e-03 2.336549295774647987e+02 5.663699379374047993e+01
2.648176773767660031e+00 1.853093332118325998e-03 2.347508455467869339e+02 5.733831920915531555e+01
2.654514065851063087e+00 1.823524830511773481e-03 2.343231638418079115e+02 5.715367230521453479e+01
2.660817448321032508e+00 1.798052776896779401e-03 2.348885096700796282e+02 5.733969554671060109e+01
2.667123571907564994e+00 1.844852426740933296e-03 2.377444444444444400e+02 5.746219014531465064e+01
2.673472329675100401e+00 1.839448802019330543e-03 2.393621262458471790e+02 6.042072817304570975e+01
2.679761377760365715e+00 1.786299887381436651e-03 2.455916289592760222e+02 6.613245287429695907e+01
2.686129035698236578e+00 1.877272974428747035e-03 2.525440084835630898e+02 8.485047960588866545e+01
2.692300573720700196e+00 1.798376592015874225e-03 2.665948372615039261e+02 9.254266666104346939e+01
2.698561328278970439e+00 1.798779619418457414e-03 2.755199543899657897e+02 1.015634026955905398e+02
2.704947056964875252e+00 1.860594623228957294e-03 2.889494382022471655e+02 1.159495128127973800e+02
2.711339925705444909e+00 1.826229981736538378e-03 2.907789351851851620e+02 1.183707665535946347e+02
2.717643416720191052e+00 1.774618570520191145e-03 2.908711217183770827e+02 1.168273666338116499e+02
2.723934694222051256e+00 1.823763048442502126e-03 3.006340023612750656e+02 1.227312994757118645e+02
2.730274673678132036e+00 1.841398355898408350e-03 3.025903187721369818e+02 1.179110956729743123e+02
2.736591263199737778e+00 1.788312012670147501e-03 3.060475609756097697e+02 1.111329306900509408e+02
2.742885231028380222e+00 1.844652457607765493e-03 3.212517985611510767e+02 1.135860230011768692e+02
2.749161241756704843e+00 1.804773587711254630e-03 3.231117936117935869e+02 1.059874125539015921e+02
2.755398232824302962e+00 1.776157869081165970e-03 3.214114002478314660e+02 9.831597410371718126e+01
2.761751565609168679e+00 1.857903093933079139e-03 3.244635603345280970e+02 9.474386398928807296e+01
2.768124311574730267e+00 1.813883183384283311e-03 3.170858895705521263e+02 8.470815342087800559e+01
2.774423663616722546e+00 1.776295681999270643e-03 3.087990012484394242e+02 7.507390813823981546e+01
2.780754869867226198e+00 1.842436817654598789e-03 3.039634591961022920e+02 6.694758495893057670e+01
2.787077464795406190e+00 1.805278297034774168e-03 2.941625000000000227e+02 5.853271561165603032e+01
2.793346642012575654e+00 1.793644434711254678e-03 2.925573770491803316e+02 5.521506954691819402e+01
2.799634253246212179e+00 1.838111547031318375e-03 3.008635235732010074e+02 5.414244436467949839e+01
2.805924842988945844e+00 1.808245895551135627e-03 3.313585858585858546e+02 6.250839862966396510e+01
2.812167973206011862e+00 1.789098639402584082e-03 3.748670076726342586e+02 7.896952239808803142e+01
2.818496662748549042e+00 1.874446068014908040e-03 4.199523227383863286e+02 9.552894243205926728e+01
2.824858807967614460e+00 1.791571154666717633e-03 4.726484076433121118e+02 1.038283100755421202e+02
2.831150482550185643e+00 1.815112775054883139e-03 5.122000000000000455e+02 1.078582438179561507e+02
2.837475400148095517e+00 1.850316795954077458e-03 5.421207970112079693e+02 1.110753584157247644e+02
2.843805018276897911e+00 1.786824753329564535e-03 5.617920410783054876e+02 1.126596320178055777e+02
2.850131561922547352e+00 1.845583173970813699e-03 5.685068664169788235e+02 1.130288083166833388e+02
2.856484494638581229e+00 1.841115527677602507e-03 5.743138231631381814e+02 1.144234735341659359e+02
2.862782859862781137e+00 1.780809355167121575e-03 5.783469387755102389e+02 1.150892398846846447e+02
2.869068523143336158e+00 1.847699945098150954e-03 5.758503067484662097e+02 1.133193088216479651e+02
2.875378514069953706e+00 1.802909528894259443e-03 5.770886392009987276e+02 1.109525761367471972e+02
2.881671995666307051e+00 1.819305449905813353e-03 5.712447204968943879e+02 1.061375179378888163e+02
2.887980092673573917e+00 1.848812746508326317e-03 5.599460784313725981e+02 1.008516891422978290e+02
2.894292086458025270e+00 1.795011172749967111e-03 5.438592964824121054e+02 9.925060978827720248e+01
2.900588101801901963e+00 1.834444505730529681e-03 5.108949320148331026e+02 1.031600755708526265e+02
2.906894294921833044e+00 1.834235081131648307e-03 4.754262701363073234e+02 1.091591087142764280e+02
2.913143215321425394e+00 1.775388414920497622e-03 4.373265044814340854e+02 1.170926237868016813e+02
2.919469846096636179e+00 1.902110692867622259e-03 3.926426858513189586e+02 1.243611211147901656e+02
2.925831071463227850e+00 1.799019204260941503e-03 3.669835025380710931e+02 1.174091060525343408e+02
2.932125236913744715e+00 1.849572311535908030e-03 3.372113720642768726e+02 1.095790691418931573e+02
2.938426190430696305e+00 1.829943172517629413e-03 3.188489388264669060e+02 9.878476060107800549e+01
2.944698497868602605e+00 1.792371922793937686e-03 3.087043147208121923e+02 8.942815232622827182e+01
2.951032364443879619e+00 1.872648010744969562e-03 3.001104368932038824e+02 8.275603885423825545e+01
2.957349976869245278e+00 1.772646084934545842e-03 3.066841432225064068e+02 7.868635062271731329e+01
2.963641534615172990e+00 1.843499637433317897e-03 3.135345679012345954e+02 7.770081165397978396e+01
2.969974563050315375e+00 1.835483252247156055e-03 3.278931677018633764e+02 7.735632408865737375e+01
2.976261971728969780e+00 1.784595762971840369e-03 3.477959183673469283e+02 7.428860865632964305e+01
2.982555079221103078e+00 1.856376802478345786e-03 3.738653610771114018e+02 7.562279204686879552e+01
2.988860230475899549e+00 1.767956570045068222e-03 4.154507042253521263e+02 7.781639642711913041e+01
2.995178874680174186e+00 1.856934622757372335e-03 4.479205378973105098e+02 8.255893468433178839e+01
3.001496400543723020e+00 1.797819739674591305e-03 4.771901140684410620e+02 8.361398626041675186e+01
3.007822553902104179e+00 1.849516356328991537e-03 4.934665841584158557e+02 8.509673124602359451e+01
3.014155913686516808e+00 1.844070628166239031e-03 4.970496894409938022e+02 8.799509488102306420e+01
3.020427983220980828e+00 1.780401570183770890e-03 4.986602564102564088e+02 9.063298508202394999e+01
3.026726854870708916e+00 1.864734463497724846e-03 4.879718826405867844e+02 1.009088790172963428e+02
3.033042693621903041e+00 1.790509691971886499e-03 4.853035714285714448e+02 1.026294668518261659e+02
3.039421166988304002e+00 1.891344364520593712e-03 4.702805320435308545e+02 1.096731827284681060e+02
3.045771113053035606e+00 1.809002971513908259e-03 4.588833967046894600e+02 1.120831110012931191e+02
3.052089874155329063e+00 1.844438578281415919e-03 4.337729528535980421e+02 1.208529201830905890e+02
3.058386304167925118e+00 1.824217551217444024e-03 4.059035087719298076e+02 1.278665867305081036e+02
3.064635661305841197e+00 1.781811879387494579e-03 3.807346153846153811e+02 1.286593733817103384e+02
3.070942258104439215e+00 1.879278577764203085e-03 3.450290909090908826e+02 1.312262091842155485e+02
3.077306102136554866e+00 1.789896323379901438e-03 3.212210927573062236e+02 1.192198419424125007e+02
3.083610248093582751e+00 1.842323938384468965e-03 2.906826568265682909e+02 1.103153860022668198e+02
3.089899276602742884e+00 1.781295098450355954e-03 2.737515923566879223e+02 9.548967538215018180e+01
3.096219282790054539e+00 1.849962857272845727e-03 2.508308823529411882e+02 8.429512735556542680e+01
3.102516781183005889e+00 1.793151767743564459e-03 2.387870722433460173e+02 7.061454855726019275e+01
3.108846425703184035e+00 1.844538984569745127e-03 2.225018450184501830e+02 6.189784216589428922e+01
3.115155056293756886e+00 1.812510444856532069e-03 2.120326223337515614e+02 5.481456345651265849e+01
3.121484332076036150e+00 1.832521331068808152e-03 2.023039702233250523e+02 5.081244195227419169e+01
3.127777573742708483e+00 1.818133687887086257e-03 1.937531172069825516e+02 4.799200980779779968e+01
3.134074710556275623e+00 1.800750836428910992e-03 1.878965952080706074e+02 4.679734713763310339e+01
3.140350968701055567e+00 1.840082388152106639e-03 1.831133004926108470e+02 4.637418342933813165e+01
3.146669598331559570e+00 1.795769837056059460e-03 1.823636363636363740e+02 4.424806159601335054e+01
3.152959210157879166e+00 1.842768641532451131e-03 1.780073619631901920e+02 4.335523069312644395e+01
3.159264892205651432e+00 1.791857333635609589e-03 1.807658227848101262e+02 4.087313566433839185e+01
3.165581888857809112e+00 1.858342078644047027e-03 1.790182038834951470e+02 3.938618457493581104e+01
3.171905560319084216e+00 1.782720971754531017e-03 1.803650190114068437e+02 3.621750306052054214e+01
3.178180461481988406e+00 1.828434529921516482e-03 1.768108108108108070e+02 3.575575202735037550e+01
3.184506679420991304e+00 1.810619157308176325e-03 1.763561643835616337e+02 3.286703832349007115e+01
3.190846230582273346e+00 1.831490456789015321e-03 1.701540342298288522e+02 3.285559174927016812e+01
3.197132365687451294e+00 1.780884113596707067e-03 1.685101265822784740e+02 3.230659941818376524e+01
3.203454230992797136e+00 1.862619862555806765e-03 1.608455971049457105e+02 3.479883741847372391e+01
3.209790152929830498e+00 1.796864404628749357e-03 1.577031446540880495e+02 3.402754424949876721e+01
3.216105270782768422e+00 1.849581865447865814e-03 1.499708737864077648e+02 3.664536275522407749e+01
3.222383723154825574e+00 1.773184836801974633e-03 1.468895939086294504e+02 3.449491031874738667e+01
3.228652903688512765e+00 1.829814433570467642e-03 1.393410475030450755e+02 3.435694001712932533e+01
3.234977992221026444e+00 1.801123950508762587e-03 1.378930348258706431e+02 3.185755559197587061e+01
3.241301441286830176e+00 1.830570155328411054e-03 1.312697448359659802e+02 3.146135716081018074e+01
3.247581817024004280e+00 1.774748969754167847e-03 1.303982300884955805e+02 2.909138041330670532e+01
3.253885986942128827e+00 1.868811343678552150e-03 1.251760479041916199e+02 2.866804219197646830e+01
3.260235987169183947e+00 1.804603356501592029e-03 1.254249999999999972e+02 2.662045559809225281e+01
3.266546856392692710e+00 1.857627301288636550e-03 1.242872596153846132e+02 2.765786489660524339e+01
3.272886904023045052e+00 1.792569475559808913e-03 1.285575000000000045e+02 2.625380716439045514e+01
3.279153478698136670e+00 1.837211362056317054e-03 1.300315151515151513e+02 2.649723169351190322e+01
3.285516195699416553e+00 1.819318898053023329e-03 1.328280098280098400e+02 2.567086966999643849e+01
3.291677990232397821e+00 1.824817096246810931e-03 1.358558322411533368e+02 2.361364416043695869e+01
3.298068987764390059e+00 1.863784166448585874e-03 1.377452054794520677e+02 2.240090364568728987e+01
3.304430978840338096e+00 1.814787339162488022e-03 1.358604651162790731e+02 2.308454082017470554e+01
3.310737564052387061e+00 1.817945227602999880e-03 1.347008928571428612e+02 2.481009960072973897e+01
3.317033906120231190e+00 1.800198345421728579e-03 1.321448382126348235e+02 2.704719752125557619e+01
3.323313479518194669e+00 1.810036704891648416e-03 1.301755485893417017e+02 2.770835897174118756e+01
3.329645772824664451e+00 1.853775369266378323e-03 1.285787831513260642e+02 2.783864949995409432e+01
3.335990548707715053e+00 1.826590486813650920e-03 1.257303370786516865e+02 2.853705391545918246e+01
3.342268739174953929e+00 1.807641793864574143e-03 1.239445350734094546e+02 2.877901567875666089e+01
3.348554594221377023e+00 1.807536448754866812e-03 1.208421052631578902e+02 2.805040353549578924e+01
3.354810866618635590e+00 1.798386852034845364e-03 1.180301507537688508e+02 2.720089315945348929e+01
3.361143554435736203e+00 1.860575678898459748e-03 1.161377049180327816e+02 2.623489637279857334e+01
3.367505271257411170e+00 1.829077091643749146e-03 1.126131756756756772e+02 2.511019734729182673e+01
3.373804785089639324e+00 1.803149868685275390e-03 1.092530329289428010e+02 2.393616258035770983e+01
3.380079784639911100e+00 1.805631642174917659e-03 1.063251318101933265e+02 2.307522563745695265e+01
3.386416571036835244e+00 1.843579116849991192e-03 1.043802816901408477e+02 2.219512696471827340e+01
3.392732849186819166e+00 1.821713749179523084e-03 1.022450090744101630e+02 2.049851345962676774e+01
3.399077842768783331e+00 1.840157085703132342e-03 1.001449275362318900e+02 1.860119944729278529e+01
3.405368445234043140e+00 1.771416845865005909e-03 9.928435114503817260e+01 1.795859933665785491e+01
3.411642977450664915e+00 1.840004348347408980e-03 9.868796992481202324e+01 1.746903226579726365e+01
3.417946432239648225e+00 1.816648589106147462e-03 9.734174757281553525e+01 1.678135778986234072e+01
3.424268333461439884e+00 1.838339958730071926e-03 9.598839458413927161e+01 1.668898099287197923e+01
3.430601598134079389e+00 1.799761940178920376e-03 9.641883767535070149e+01 1.695803388821245150e+01
3.436922606236269218e+00 1.844213366763177700e-03 9.866200000000000614e+01 1.801291425616631869e+01
3.443269856433799347e+00 1.834668830692703879e-03 1.028629856850715782e+02 1.971725926536954532e+01
3.449516618902171317e+00 1.769622948488585408e-03 1.105769230769230802e+02 2.127680851394586270e+01
3.455771942280530862e+00 1.817195070858158281e-03 1.205877378435517926e+02 2.232373743105696562e+01
3.462154010515302804e+00 1.866018191136946868e-03 1.322827004219409162e+02 2.347457556555331593e+01
3.468478914699885340e+00 1.799468636805881495e-03 1.372439024390243958e+02 2.291139854361298944e+01
3.474737530089159865e+00 1.798535080277152308e-03 1.403789237668161434e+02 2.354384045423500993e+01
3.481027808853469629e+00 1.828779808500339806e-03 1.428484162895927625e+02 2.645536205935597707e+01
3.487370903609774420e+00 1.855504762412056021e-03 1.402307692307692264e+02 2.843969138273137531e+01
3.493710577164840458e+00 1.791815171782784382e-03 1.375011820330969385e+02 3.145597135338390515e+01
3.499981309375833849e+00 1.817721919481020843e-03 1.343436754176611032e+02 3.433705091341203541e+01
3.506294281862427642e+00 1.840208171226962808e-03 1.286019184652278113e+02 3.801326666003765808e+01
3.512643170548069183e+00 1.819719049123772565e-03 1.214619164619164593e+02 3.921278879354451163e+01
3.518887929185086527e+00 1.780316295825717758e-03 1.171025641025641022e+02 3.900095330853284281e+01
3.525201780775713889e+00 1.871585280235478531e-03 1.135831265508684851e+02 3.988113693021293216e+01
3.531587235286628879e+00 1.812415240060859375e-03 1.074843750000000000e+02 3.819397417245209425e+01
3.537791204901774123e+00 1.765649031450039182e-03 1.032643051771117229e+02 3.537477921684202897e+01
3.544104483213670331e+00 1.881636984785636617e-03 9.833593750000000000e+01 3.238658094025981171e+01
3.550526160049383151e+00 1.823753900979235669e-03 9.386885245901639507e+01 2.756966207867791496e+01
3.556826252644191833e+00 1.805941154371571225e-03 9.142535211267605177e+01 2.267890980209465113e+01
3.563110991539715666e+00 1.831382697511484874e-03 9.155965909090909349e+01 1.944604327145471956e+01
3.569418747584309326e+00 1.819035597463529485e-03 9.127616279069766847e+01 1.577586844785216158e+01
3.575721219182565580e+00 1.815191134896390569e-03 9.258753709198812487e+01 1.461130971173428783e+01
3.582041784633743120e+00 1.836067019019354488e-03 9.523723723723723822e+01 1.454572323918744203e+01
3.588351193306853926e+00 1.816205673054769026e-03 9.866563467492260031e+01 1.407130824501447108e+01
3.594644124218077774e+00 1.816162507538995278e-03 1.036403785488958960e+02 1.318404584235274690e+01
3.600965899690116157e+00 1.832434222657099978e-03 1.091789137380191761e+02 1.382445392556121000e+01
3.607301933810233674e+00 1.823864462282996299e-03 1.138032786885245855e+02 1.297715521125679139e+01
3.613589615564896995e+00 1.801875725405921403e-03 1.166271186440677923e+02 1.265843460607363014e+01
3.619872304563952703e+00 1.819848024125704684e-03 1.171099656357388312e+02 1.354001211444889741e+01
3.626184481674183946e+00 1.827760715362539709e-03 1.148561403508771974e+02 1.402878718229392518e+01
3.632455309189269510e+00 1.797655079431180383e-03 1.110072992700729912e+02 1.654820349928531797e+01
3.638754857574894697e+00 1.841922947680418475e-03 1.059160583941605864e+02 1.934822889360151876e+01
3.645110863435991444e+00 1.833895812584415653e-03 9.922556390977443641e+01 2.154551849929519136e+01
3.651399341121458253e+00 1.797724079201825547e-03 9.345490196078431211e+01 2.249415490739933432e+01
3.657684783062496781e+00 1.823089633617003442e-03 8.756349206349206327e+01 2.175363020416851612e+01
3.663989311092172851e+00 1.817352227903809700e-03 8.133606557377049739e+01 1.996572664659967344e+01
3.670338462676961733e+00 1.852037082036360515e-03 7.578925619834710403e+01 1.706986631589773395e+01
3.676667454351053799e+00 1.802731285318214709e-03 7.196943231441048283e+01 1.404931356363139017e+01
3.682957402673964431e+00 1.831301914300888494e-03 6.968584070796460139e+01 1.177337263635173414e+01
3.689264510226057059e+00 1.810576500315507495e-03 6.786635944700461209e+01 9.176455241493039594e+00
3.695607159299667099e+00 1.851070780809128090e-03 6.653488372093023884e+01 8.743907714521290231e+00
3.701906411334345837e+00 1.786914693256676148e-03 6.634328358208955478e+01 8.696558682461816403e+00
3.708163258087520564e+00 1.825159420261267002e-03 6.651256281407034976e+01 8.521987864619273267e+00
3.714507337749332283e+00 1.833043865117713490e-03 6.685492227979274560e+01 7.773607782692656620e+00
3.720870273368275249e+00 1.842023606415223082e-03 6.873796791443849941e+01 7.644822230045265066e+00
3.727157013165883104e+00 1.785929560704693081e-03 7.130857142857142605e+01 6.753050406736083922e+00
3.733414267292576749e+00 1.823616893326991065e-03 7.544186046511627808e+01 6.318052975548621220e+00
3.739747614563589284e+00 1.832601406324968355e-03 8.000000000000000000e+01 6.275790162893809310e+00
3.746091684029914770e+00 1.828992002129592063e-03 8.184905660377359027e+01 5.808379554652725929e+00
3.752406222021260618e+00 1.812401454337024109e-03 8.255629139072847522e+01 6.122279265742887944e+00
3.758712131096641595e+00 1.823143945980814458e-03 8.187586206896551744e+01 7.940138702562657969e+00
3.765000355804634324e+00 1.809969724265664184e-03 7.916058394160583589e+01 8.810091980773005815e+00
3.771324791207556704e+00 1.846593531196991230e-03 7.575187969924812137e+01 9.940637303427985572e+00
3.777640884128447674e+00 1.800430178895984180e-03 7.080487804878049474e+01 9.746428135067150222e+00
3.783890033752419058e+00 1.812352582976840126e-03 6.617094017094017033e+01 8.506785696032514110e+00
3.790205950757557840e+00 1.839564216382759279e-03 6.269642857142856940e+01 6.750909330283905163e+00
3.796547481197723339e+00 1.823144808823023381e-03 6.113461538461538680e+01 6.193397539067155400e+00
3.802839460639445335e+00 1.822115437231795494e-03 6.141237113402061709e+01 5.973237155962682010e+00
3.809162628389719529e+00 1.835235423465040759e-03 6.229670329670329920e+01 4.825852671097587532e+00
3.815477698903783743e+00 1.813833779597889004e-03 6.428915662650602769e+01 5.458881784066584864e+00
3.821777178949230969e+00 1.830898415393102585e-03 6.711688311688311614e+01 5.733321304676851859e+00
3.828076951026545771e+00 1.795694771849016581e-03 7.304347826086956275e+01 5.529778468029443061e+00
3.834316772867639944e+00 1.791896653628349866e-03 8.170967741935483275e+01 5.839912547632526874e+00
3.840583618544390898e+00 1.820001018717854217e-03 9.546428571428570820e+01 6.940297514648542609e+00
3.846911872181034475e+00 1.824281646184678762e-03 1.109795918367346985e+02 7.199715390737458698e+00
3.853313008086272973e+00 1.880829953221405115e-03 1.270697674418604635e+02 6.934679391184434216e+00
3.859656947796285653e+00 1.787945514535103963e-03 1.402352941176470722e+02 8.698128502520917849e+00
3.865825284683709118e+00 1.773175751446867720e-03 1.437037037037036953e+02 1.017865110275447726e+01
3.872064552013789740e+00 1.858490478498285668e-03 1.370476190476190368e+02 9.526904259091972804e+00
3.878243048288448236e+00 1.738115315901965106e-03 1.223076923076923066e+02 7.631296507837480370e+00
3.884441558101385361e+00 1.990091083924331716e-03 1.120000000000000000e+02 5.070925528371099666e+00
