# q qerr I(q) I(q)err
6.111313073595031620e-02 3.154100855865873791e-03 7.422500000000000000e+02 2.945093111855719030e+02
6.800242608866982619e-02 2.110752812487300123e-03 1.220000000000000000e+03 3.329534501998740552e+02
7.478812129850326285e-02 1.894856213165734514e-03 1.157444444444444343e+03 3.953349728277789836e+02
8.081736842982174818e-02 1.577734731020807597e-03 1.146111111111111086e+03 3.567808228528483596e+02
8.706192866790804508e-02 2.018057842609979804e-03 1.154307692307692378e+03 2.932676746490871551e+02
9.311361532868518698e-02 1.734318039620741251e-03 1.085250000000000000e+03 2.637548577751696826e+02
9.924832822165428892e-02 1.939409616079583844e-03 1.012875000000000000e+03 2.890229905431399970e+02
1.056867454532435108e-01 2.068262530006435406e-03 9.396250000000000000e+02 2.921916644088260000e+02
1.120935416356093062e-01 1.699923986068800717e-03 8.286923076923077360e+02 2.769480811361046904e+02
1.177168722532570266e-01 1.903764278506084144e-03 8.375937500000000000e+02 2.873331751044856333e+02
1.242406998858587575e-01 2.007415885574503726e-03 8.330357142857143344e+02 2.202978503234720051e+02
1.307844605212421796e-01 1.948859987027574741e-03 8.371071428571428896e+02 1.901743359689326667e+02
1.372938405551752672e-01 1.976444694498947011e-03 8.138064516129031745e+02 1.844360755734757049e+02
1.433626874055373979e-01 1.479129257371093872e-03 7.747999999999999545e+02 1.726328821516920584e+02
1.497414395840910573e-01 2.132896554945924294e-03 7.830540540540540633e+02 1.533081110621939445e+02
1.562016171858009728e-01 1.470810848565314282e-03 7.547037037037036953e+02 1.457209831776865485e+02
1.620883487451751925e-01 1.817360580555445800e-03 7.522121212121212466e+02 1.386822974078706068e+02
1.684939590642719198e-01 1.975568076388520972e-03 7.341891891891891646e+02 1.321548911944539668e+02
1.749358117034872373e-01 1.810730169671130639e-03 7.354857142857142662e+02 1.206845035112425109e+02
1.813634234827302405e-01 1.982290824745188643e-03 7.325609756097560421e+02 1.197825935618548954e+02
1.877608813777307539e-01 1.710969833005861022e-03 7.292702702702703164e+02 1.253009962609567935e+02
1.936838392192468117e-01 1.708352888559126238e-03 7.243684210526315610e+02 1.213135574631983502e+02
1.998200724089964908e-01 1.901042836663710675e-03 7.247674418604651692e+02 1.165640298999757931e+02
2.064988844748374130e-01 2.083185659227047067e-03 7.133541666666666288e+02 1.428040858814777039e+02
2.131062600015138364e-01 1.923054290541973939e-03 7.271276595744681117e+02 1.209144555796798670e+02
2.193208008558340527e-01 1.649587748772136844e-03 7.248139534883721353e+02 1.229849041200902775e+02
2.255197753110727010e-01 1.943898002345461392e-03 7.315686274509804434e+02 1.131535550836390200e+02
2.319084130262620835e-01 1.853433278599466881e-03 7.354400000000000546e+02 1.089305980888749161e+02
2.380456302514551703e-01 1.717913041466973250e-03 7.379166666666666288e+02 1.060630299371295848e+02
2.441826744061198484e-01 1.910984005326162374e-03 7.425454545454545041e+02 9.969555308931850846e+01
2.508567628905887248e-01 1.865639566994751813e-03 7.599838709677419502e+02 1.152070343773817598e+02
2.571616352083493928e-01 2.042758540577210586e-03 7.734756097560975832e+02 1.844187945698616033e+02
2.636090936505812721e-01 1.759536909171210452e-03 8.053246753246753542e+02 1.993431488922767016e+02
2.696276322290375727e-01 1.767913466712890637e-03 8.088500000000000227e+02 1.887561604954921393e+02
2.756934411426098519e-01 1.847457432374286813e-03 8.092380952380951840e+02 1.682694295082427232e+02
2.820483295007140123e-01 1.942127748479487680e-03 7.993483146067416101e+02 1.563303025310780754e+02
2.885873542857223528e-01 1.999902870285049771e-03 8.039894736842105658e+02 1.402877110927985314e+02
2.950059364807982032e-01 1.753155416080761590e-03 8.030697674418604493e+02 1.347384482325868476e+02
3.012776628394395750e-01 1.916275679195857595e-03 8.015789473684210407e+02 1.227351764805280681e+02
3.076468654533095481e-01 1.858480647863890167e-03 8.016236559139784958e+02 1.184095976390510714e+02
3.139397285054469910e-01 1.849733180513128640e-03 8.059893617021276668e+02 1.102829522677339185e+02
3.202097007249891103e-01 1.889977811219999311e-03 8.027653061224490330e+02 1.062381022076498311e+02
3.264390569218261762e-01 1.757358001834326191e-03 8.070107526881720332e+02 1.005332021333390173e+02
3.326951465344144543e-01 1.930481388006281569e-03 8.082019230769230944e+02 9.341959528933780632e+01
3.390239669727912464e-01 1.785238221274862988e-03 8.108979591836734926e+02 9.502555389671643127e+01
3.452290355408559885e-01 1.822729964848564038e-03 8.133627450980392268e+02 9.261690763657293246e+01
3.515217579766085620e-01 1.894166946962649433e-03 8.150380952380952522e+02 8.623085768056891709e+01
3.581115149106128270e-01 1.984833837990382030e-03 8.202123893805310217e+02 8.056608978596652548e+01
3.646365217867122976e-01 1.807385512883236643e-03 8.268411214953271156e+02 7.773217499712883694e+01
3.707522342694583029e-01 1.646676631311451595e-03 8.322000000000000455e+02 7.769647353644825216e+01
3.768404479121448269e-01 1.835047814059704218e-03 8.361801801801801730e+02 7.408058532646390404e+01
3.831651369708888866e-01 1.834489868729198949e-03 8.351711711711711814e+02 7.403717832308517188e+01
3.894643253735652899e-01 1.853753096359237081e-03 8.353716814159291744e+02 7.049281398523577025e+01
3.958807651630259494e-01 1.912159574900255954e-03 8.319416666666667197e+02 6.625094548591575006e+01
4.022473572087105209e-01 1.746533598099251966e-03 8.338198198198198270e+02 6.222512283521668053e+01
4.083991683103055381e-01 1.862831917861469243e-03 8.337394957983193535e+02 5.995647327808536176e+01
4.147868792651558945e-01 1.850918924272050396e-03 8.363305785123966416e+02 5.969364678447689698e+01
4.211381020132339281e-01 1.813003092898375071e-03 8.401735537190082823e+02 5.845557251505602636e+01
4.273404438934948479e-01 1.765577699919095717e-03 8.452352941176470722e+02 5.788489353582658481e+01
4.337195733954657406e-01 1.911235613422362228e-03 8.485615384615384755e+02 5.462111237570839251e+01
4.400834723796714920e-01 1.795304431444431784e-03 8.519354838709676869e+02 5.510103764572674834e+01
4.463380503116383125e-01 1.781136916513354146e-03 8.509523809523809632e+02 5.382693214682241489e+01
4.525475293404462862e-01 1.782735370135076804e-03 8.478031496062992574e+02 5.120899603314390447e+01
4.588781844142776345e-01 1.863542184770878652e-03 8.389104477611940638e+02 4.957730551919897266e+01
4.652813857520213814e-01 1.809454061223974295e-03 8.330300751879699419e+02 4.567512853539750495e+01
4.715886271752884884e-01 1.786725641485754782e-03 8.250447761194029681e+02 4.551338790403332979e+01
4.778700308571910971e-01 1.749120838384908864e-03 8.181804511278195378e+02 4.487709612454754193e+01
4.841075358786299798e-01 1.812598873705853009e-03 8.107608695652173765e+02 4.536501473676376150e+01
4.904685449060671165e-01 1.813034819841214708e-03 8.041000000000000227e+02 4.541339481443144166e+01
4.967988078032400945e-01 1.775169993053363985e-03 8.028794326241135195e+02 4.262735027419396516e+01
5.030461340587593089e-01 1.710738770771227935e-03 7.987173913043478706e+02 4.346635344191518158e+01
5.093789740337634209e-01 1.844995629980458740e-03 7.968187919463086928e+02 4.279315994506449528e+01
5.157895609665918979e-01 1.772173611217854692e-03 7.978356164383561691e+02 4.283497246209557119e+01
5.220653538623039047e-01 1.710912446064493482e-03 7.993706293706293309e+02 4.208871144710672496e+01
5.282420832211931483e-01 1.776221308977217429e-03 7.987297297297296836e+02 4.115444862155301564e+01
5.345849814872509764e-01 1.797460663252185451e-03 7.982697368421053170e+02 4.062636317764059868e+01
5.409400198384390901e-01 1.769240412124692928e-03 7.988104575163398522e+02 3.972983220243032321e+01
5.471612929737256215e-01 1.671871176479489780e-03 7.998513513513513544e+02 3.948439488882962678e+01
5.535187503546902255e-01 1.843477994232445120e-03 8.026728395061728634e+02 3.886430439849141294e+01
5.599303633336802921e-01 1.774845713676194252e-03 8.050445859872611436e+02 4.375538055969862228e+01
5.661980099607780703e-01 1.715649351238413218e-03 8.150714285714285552e+02 3.576613119980765987e+01
5.724333289920446877e-01 1.764199560704661452e-03 8.236124999999999545e+02 3.777843196686439597e+01
5.786575496797814466e-01 1.687338640378493104e-03 8.347662337662337677e+02 3.976524870054960559e+01
5.849918082512260975e-01 1.882166412490617838e-03 8.475058139534884276e+02 3.766703110889070416e+01
5.913559560974818163e-01 1.673563701773732749e-03 8.626624203821655783e+02 3.793757617443843344e+01
5.976003341774964728e-01 1.789272139650604403e-03 8.742899408284023366e+02 3.628479418427894387e+01
6.039710484280985670e-01 1.760471037718898532e-03 8.853452380952380736e+02 3.606849646263106024e+01
6.103455122609070527e-01 1.778153705054047679e-03 8.940526315789473983e+02 3.526927153078293742e+01
6.165941547084902163e-01 1.709282904712068618e-03 8.947185628742514609e+02 3.599205592805068932e+01
6.227886440901039267e-01 1.708031916550016484e-03 8.907202380952380736e+02 3.629792164361835916e+01
6.292222757675741684e-01 1.895555695838723603e-03 8.784491978609626130e+02 3.679766301123550676e+01
6.355837393651907474e-01 1.609918394456906487e-03 8.618545454545454731e+02 4.059499623116456490e+01
6.417201133152361514e-01 1.735489606861494215e-03 8.421741573033707482e+02 4.149209856287240683e+01
6.480234646877054416e-01 1.746502386866512820e-03 8.221292134831460316e+02 4.421272360611391150e+01
6.543745591304535036e-01 1.808595843625667669e-03 8.040652173913043725e+02 4.608954437976378671e+01
6.607410482875138991e-01 1.776914150084337417e-03 7.897391304347826235e+02 4.845915006428341343e+01
6.669765730033264672e-01 1.670208017253243388e-03 7.777386363636363740e+02 5.170588347419572983e+01
6.731673103258457580e-01 1.796482171393593615e-03 7.675478723404255561e+02 5.314503024248716656e+01
6.795850853652600776e-01 1.822834825668488831e-03 7.583507853403141326e+02 5.635321702387537357e+01
6.858902177354958551e-01 1.747430487391250960e-03 7.533333333333333712e+02 5.913828639352614402e+01
6.921278880332987216e-01 1.765781770802452586e-03 7.489417989417989929e+02 6.148649361678800318e+01
6.985070946107704293e-01 1.847715388967816497e-03 7.436464646464646648e+02 6.233482816996681208e+01
7.048037128132643714e-01 1.757666077632949074e-03 7.419894179894180297e+02 6.681079532316699954e+01
7.109847861020758275e-01 1.767854622430342420e-03 7.387656250000000000e+02 6.888597230924148107e+01
7.172345948602801835e-01 1.822657136245004524e-03 7.358131313131312936e+02 7.021726380536789236e+01
7.236608500653414211e-01 1.906739358311473767e-03 7.344731707317073415e+02 7.170636518366042367e+01
7.299519259881649402e-01 1.814756391122580772e-03 7.343214285714285552e+02 7.621663108683959820e+01
7.362298620906445601e-01 1.872001608046580190e-03 7.344117647058823195e+02 8.194450009446885019e+01
7.427109241448597299e-01 1.961252361706546793e-03 7.293037383177570518e+02 8.370627776978976442e+01
7.489749171607754663e-01 1.795506848231544564e-03 7.293076923076922640e+02 8.969037469879066293e+01
7.553119902396251417e-01 1.968290517240121971e-03 7.282191780821917746e+02 9.433733550645391119e+01
7.617428847945948434e-01 1.878647625832918257e-03 7.267681159420289987e+02 1.047549622423765783e+02
7.679897535333021219e-01 1.889655825210407886e-03 7.268708133971291545e+02 1.029061537159378474e+02
7.742716946001383382e-01 1.890740870187222538e-03 7.293708920187793865e+02 1.142334129363718205e+02
7.806130493972306406e-01 1.874127862848933099e-03 7.324905660377359027e+02 1.209745699087777098e+02
7.869955317179381238e-01 1.962138593108325030e-03 7.339241071428571104e+02 1.308789591079525110e+02
7.933337815560531636e-01 1.823456314192357453e-03 7.387238095238095639e+02 1.429663081315698321e+02
7.995722808394026826e-01 1.873920736445982161e-03 7.392941176470587834e+02 1.531488965318284556e+02
8.059029702364099990e-01 1.855844282913126459e-03 7.530913242009132773e+02 1.746938517767162580e+02
8.122482529694946551e-01 1.899897789708842157e-03 7.513039647577091955e+02 1.853532801433422605e+02
8.185971333973350861e-01 1.831057107996742058e-03 7.663677130044843580e+02 2.138111590342359705e+02
8.248840800988579414e-01 1.805078930334647752e-03 7.748295964125560431e+02 2.401181169940945779e+02
8.311527541867054225e-01 1.843524136775542745e-03 7.923580786026201395e+02 2.767247382634178621e+02
8.375116084758876811e-01 1.829773299230467044e-03 8.241347826086956729e+02 3.350808530367464186e+02
8.438261475186588090e-01 1.817550564165925373e-03 8.534482758620689538e+02 4.078038682338512899e+02
8.500843452560248314e-01 1.755513946144033992e-03 9.308672566371681114e+02 5.435051712471284873e+02
8.563647400134730692e-01 1.844487251387733453e-03 9.972365145228216079e+02 7.091323339363182185e+02
8.626696591174244366e-01 1.710203360544058351e-03 1.163934210526315837e+03 1.010321405234207191e+03
8.689830853488446083e-01 1.844123492424595270e-03 1.360020325203252014e+03 1.416947851939747352e+03
8.753179752476163422e-01 1.741457950302257533e-03 1.647400000000000091e+03 1.978915425928737704e+03
8.815756228481118617e-01 1.752464905610253906e-03 1.956091286307053906e+03 2.589733714889871408e+03
8.877944678552249780e-01 1.716242394594354789e-03 2.371367088607594724e+03 3.284035633791153032e+03
8.941407927930166144e-01 1.839522330085644050e-03 2.486296442687747003e+03 3.682257642815890904e+03
9.005003621585947471e-01 1.752218829319661820e-03 2.715277551020408282e+03 4.085072570186497160e+03
9.067627482844141662e-01 1.720498064613873055e-03 2.904422131147540767e+03 4.302930323467635390e+03
9.130278025298368405e-01 1.789374596252915357e-03 2.732904761904761926e+03 4.144891706236097889e+03
9.193563827426239898e-01 1.786117629316656989e-03 2.672349206349206270e+03 3.914579568344599011e+03
9.256709965929463824e-01 1.773964252230773864e-03 2.357721568627450779e+03 3.410376036395310621e+03
9.319487846442510159e-01 1.740175819907428248e-03 2.073900000000000091e+03 2.836996058086790981e+03
9.382375230166524194e-01 1.835219923763222079e-03 1.717732824427480864e+03 2.161924436956322552e+03
9.445114335627492475e-01 1.754301698834087597e-03 1.417968379446640256e+03 1.571682894672077964e+03
9.507739483173833772e-01 1.796477233495237351e-03 1.167735632183908137e+03 1.082877195738637511e+03
9.571000001339345920e-01 1.844157663989784944e-03 1.020924528301886767e+03 7.497250701501698131e+02
9.634651872700409347e-01 1.860525514413665987e-03 9.672180451127819651e+02 5.552938549147851290e+02
9.697902983397413967e-01 1.869026222830578836e-03 1.066060150375939884e+03 5.316869135606692680e+02
9.761731987705594138e-01 1.898719003246270758e-03 1.223826568265682681e+03 5.887980147069047234e+02
9.824546988499620603e-01 1.850375251942234242e-03 1.466973584905660346e+03 7.447905765892506906e+02
9.887603507672997338e-01 1.885371791598095068e-03 1.695264705882352928e+03 8.986495468812422587e+02
9.951547945742836854e-01 1.923480157877882840e-03 1.810199288256227646e+03 1.008625598527063516e+03
1.001497743307979915e+00 1.816985016266823736e-03 1.911891385767790325e+03 1.090603536551425123e+03
1.007730073445106012e+00 1.872875193246743668e-03 1.914064748201438761e+03 1.099974785354045252e+03
1.014110590476311025e+00 1.881534321868284657e-03 1.863687943262411409e+03 1.069629378755550988e+03
1.020442888611849064e+00 1.823625195420996601e-03 1.844956989247311867e+03 1.063520943507493257e+03
1.026691701700078063e+00 1.782759485576686145e-03 1.748507246376811509e+03 9.911662130693654262e+02
1.033057845114525142e+00 1.884320384582664851e-03 1.508391156462585059e+03 8.146251389655052435e+02
1.039437792018165441e+00 1.793463056649077922e-03 1.263010600706713831e+03 6.437977701341291095e+02
1.045681248368910410e+00 1.745618337461533540e-03 9.852624113475177410e+02 4.177449077575288356e+02
1.051944871571292683e+00 1.801987856022948175e-03 8.001517241379310690e+02 2.553079241301810498e+02
1.058324809813473877e+00 1.829265674919061668e-03 6.990134680134680139e+02 1.561745220752762577e+02
1.064596602572098316e+00 1.714864743882408334e-03 6.510809859154929882e+02 1.074011536760672243e+02
1.070868750588993112e+00 1.792957436204007347e-03 6.205353535353535790e+02 7.582525573899206961e+01
1.077195490251847465e+00 1.798916779777443367e-03 5.985953177257524658e+02 5.511619312892739231e+01
1.083505800573759448e+00 1.740543057611223946e-03 5.870034129692833176e+02 4.578708702116743012e+01
1.089676915900379850e+00 1.748165881083384946e-03 5.793775510204081911e+02 4.057815459789411250e+01
1.096052400832523421e+00 1.863573573199493825e-03 5.743450479233226815e+02 3.798524515429593862e+01
1.102364289960501065e+00 1.744372504095847640e-03 5.698372881355932122e+02 3.663517005758190948e+01
1.108625070827478076e+00 1.829094711995288541e-03 5.640749185667752954e+02 3.420199395065186110e+01
1.114924075445366869e+00 1.842999932655674591e-03 5.448344155844156376e+02 4.708293972364879210e+01
1.121282665432693726e+00 1.762017027877181303e-03 5.527671755725191360e+02 4.042595553901418981e+01
1.127553932619258736e+00 1.851826979229859085e-03 5.543494423791821646e+02 3.662953801560888678e+01
1.133905639228342421e+00 1.803927404845938115e-03 5.540274509803921319e+02 3.735053010591172296e+01
1.140144523104706709e+00 1.820967272376473748e-03 5.521614173228346090e+02 4.052016817299821838e+01
1.146455214771981312e+00 1.831860927088285957e-03 5.510358565737051322e+02 3.849166687627317884e+01
1.152869066430118439e+00 1.902391342003174283e-03 5.501119691119690742e+02 3.801858237304291066e+01
1.159252377890596986e+00 1.791659613503928782e-03 5.459917012448132709e+02 3.880240266674980631e+01
1.165575291556828930e+00 1.872439892399787795e-03 5.483745019920319237e+02 3.780939675961071345e+01
1.171828433925186763e+00 1.747387590499659572e-03 5.456666666666666288e+02 4.200839948993091610e+01
1.178029580193284076e+00 1.845903894892485285e-03 5.483703703703703241e+02 4.087152595508603525e+01
1.184400904434957269e+00 1.829516060217846983e-03 5.472301255230125889e+02 3.924963412785567130e+01
1.190737654720273042e+00 1.816225366119703435e-03 5.489662447257384201e+02 3.872453273383321459e+01
1.196977477342464180e+00 1.780548390738201196e-03 5.468165938864628970e+02 3.829996029602864382e+01
1.203312963818603976e+00 1.874247930763579166e-03 5.460041322314049239e+02 3.917607002763188717e+01
1.209645773529357093e+00 1.750259837788138012e-03 5.432964601769911042e+02 4.055404094900340084e+01
1.215952225700388523e+00 1.837678281197498587e-03 5.457415254237288309e+02 3.988463100716138854e+01
1.222254898926581568e+00 1.775628514659025698e-03 5.228352059925093727e+02 6.379178396458669908e+01
1.228537298751265050e+00 1.780223345631782141e-03 5.344347826086956275e+02 4.710781116455970619e+01
1.234759587745337228e+00 1.795376270296014523e-03 5.335232974910394432e+02 4.498638272117684522e+01
1.241110555825225781e+00 1.895169703334604900e-03 5.354261744966443075e+02 4.353877782553946929e+01
1.247523323486311897e+00 1.874537877840588536e-03 5.328108108108108354e+02 4.204486889895674295e+01
1.253854431820907944e+00 1.857283623330970761e-03 5.326107382550335387e+02 4.182688260728684071e+01
1.260138295168494293e+00 1.856490137450314505e-03 5.293920265780731143e+02 4.399468153036256268e+01
1.266501421045549414e+00 1.881588491645209797e-03 5.298810289389067520e+02 4.260015545386542613e+01
1.272807251993681055e+00 1.824447191781883651e-03 5.284459016393442425e+02 4.246849568213944082e+01
1.279100636071537789e+00 1.831925956271344968e-03 5.294617834394904321e+02 4.237914638544481249e+01
1.285385940199903265e+00 1.796864974607813087e-03 5.281250000000000000e+02 4.229211032986940211e+01
1.291734086560349049e+00 1.833790085687247952e-03 5.283190184049079789e+02 4.288954071535283674e+01
1.297999116585571544e+00 1.712347548001254965e-03 5.254142394822006281e+02 4.300411629224457499e+01
1.304332283077917598e+00 1.862331657852500611e-03 5.257935103244838047e+02 4.217463829995080005e+01
1.310629912671008812e+00 1.689758514739712848e-03 5.246314102564102768e+02 4.237149666290189032e+01
1.316859893871710430e+00 1.807323329610554348e-03 5.266567164179105021e+02 4.266888058598592437e+01
1.323169508333509325e+00 1.772103529485381237e-03 5.261854103343465567e+02 4.139423756865673454e+01
1.329416719622044551e+00 1.761213072716576004e-03 5.272809667673716376e+02 4.315573397354952334e+01
1.335676763851219473e+00 1.808340606324402439e-03 5.256785714285714448e+02 4.228365679317153081e+01
1.342102166253144047e+00 1.916040745002256648e-03 5.276394366197182535e+02 4.288417047080258016e+01
1.348432554966731090e+00 1.804515701739407276e-03 5.265407854984894129e+02 4.248762891500940952e+01
1.354697325729501189e+00 1.895450207138361931e-03 5.276062322946175982e+02 4.597196684053954385e+01
1.361035554581970564e+00 1.836151892644552735e-03 5.273168604651162923e+02 4.429406815861489832e+01
1.367445372286436589e+00 1.911657172750392099e-03 5.325123287671233356e+02 4.219704939529962928e+01
1.373833054624600258e+00 1.794265400870382644e-03 5.373188405797101268e+02 4.067147440255534718e+01
1.380048052911932777e+00 1.791287036868802413e-03 5.523646723646724013e+02 4.324809784891081677e+01
1.386332670155489666e+00 1.806335848089170130e-03 5.648033707865168935e+02 4.253250704355046707e+01
1.392624520144640332e+00 1.796075039907524609e-03 5.797500000000000000e+02 4.723132346935312142e+01
1.398923000198597277e+00 1.771229759338340285e-03 5.867443820224718820e+02 4.856475126073480908e+01
1.405184482923453881e+00 1.808998902686751115e-03 5.906005434782608745e+02 5.107876697771865793e+01
1.411475199677901360e+00 1.734371386327675756e-03 5.923089887640448978e+02 5.123032152278435092e+01
1.417706081410672780e+00 1.817237095201347432e-03 5.936935483870968255e+02 4.981446107739693474e+01
1.424046144262549829e+00 1.816956160244514703e-03 5.942411924119240894e+02 5.076711734415928845e+01
1.430457268966005335e+00 1.925855730949348329e-03 5.956066838046272096e+02 5.029778750125721132e+01
1.436865665354877475e+00 1.843763745384080412e-03 5.966586021505376038e+02 5.122075092646683458e+01
1.443084111958556903e+00 1.831535442318516687e-03 5.943360215053763795e+02 5.466853524212729099e+01
1.449466238371406979e+00 1.910439897345804971e-03 5.935012658227848306e+02 5.192873038672320263e+01
1.455780432464144347e+00 1.769262236301017126e-03 5.888648648648648987e+02 5.307272186064692221e+01
1.462109939136078340e+00 1.873282905934200038e-03 5.780852130325814642e+02 5.308977566939210391e+01
1.468414112563870999e+00 1.734923018383166060e-03 5.636053333333333057e+02 5.197263881868783386e+01
1.474680891373796765e+00 1.804015195942032307e-03 5.567944162436548368e+02 4.973710434432552319e+01
1.480924591063775386e+00 1.742163032935032654e-03 5.500208877284595701e+02 4.853573563783438516e+01
1.487138550370334267e+00 1.742602934721402272e-03 5.496195372750643173e+02 4.795491967958594159e+01
1.493462591150057195e+00 1.833511633313982111e-03 5.475470297029703488e+02 4.746780184027787897e+01
1.499809278721849770e+00 1.805357266360340307e-03 5.470503778337531458e+02 4.709677166550529392e+01
1.506175762378094918e+00 1.888906516140883814e-03 5.482836185819070351e+02 4.537292860320989263e+01
1.512543466733061504e+00 1.879653113941155348e-03 5.482181372549019898e+02 4.856852355384012299e+01
1.518927121842702510e+00 1.865813122140227640e-03 5.492034313725490620e+02 4.862993809361524455e+01
1.525176469146275027e+00 1.826629940430822378e-03 5.512406947890818856e+02 4.796728861859893556e+01
1.531416651941075235e+00 1.798854978931840659e-03 5.520792079207921006e+02 4.806461061375220822e+01
1.537728221615372926e+00 1.856986876758172280e-03 5.521016548463356912e+02 4.564154536288384634e+01
1.544096010846849332e+00 1.769518617434322075e-03 5.537201946472019927e+02 4.393150338018826773e+01
1.550405005344789089e+00 1.809055686031393537e-03 5.573900709219858527e+02 4.020409010774834258e+01
1.556696834359960313e+00 1.740139413919524446e-03 5.616383495145630604e+02 3.745264817614086184e+01
1.562969221032702194e+00 1.804120915253569534e-03 5.682358490566037972e+02 3.476147329745815284e+01
1.569251838380229191e+00 1.803338776033149233e-03 5.748591885441527438e+02 3.117743321755276398e+01
1.575556094315494926e+00 1.863019847936644557e-03 5.824032634032633950e+02 3.207667237588889719e+01
1.581892448177514066e+00 1.865480693804838323e-03 5.879976851851852189e+02 3.964936000167624286e+01
1.588269483401412163e+00 1.861295980786164313e-03 5.962834101382488825e+02 4.412138743747914305e+01
1.594574325321363339e+00 1.830133252637398044e-03 6.025671296296296759e+02 4.992644173372132599e+01
1.600916934751582588e+00 1.832077894544300927e-03 6.113644646924828976e+02 5.802436551506384177e+01
1.607201343968552854e+00 1.780442356845074459e-03 6.185625000000000000e+02 6.497401323477973278e+01
1.613445462524496721e+00 1.775524639999344866e-03 6.303394495412843526e+02 7.167539756975959619e+01
1.619730849749851931e+00 1.787630240083115185e-03 6.438374717832956549e+02 7.980648343232125796e+01
1.625979803600224649e+00 1.755895091839796123e-03 6.621724137931034875e+02 8.624288398270080336e+01
1.632226613292544926e+00 1.821174808670054370e-03 6.752348993288591146e+02 8.856013983695704894e+01
1.638606704061473573e+00 1.894452323361247963e-03 6.838134490238611534e+02 9.187808778661833742e+01
1.645050487946952522e+00 1.887301666918968484e-03 6.910630434782608518e+02 9.497720819025146000e+01
1.651415996904310735e+00 1.851783837096881687e-03 6.916951754385964932e+02 9.574814281284177753e+01
1.657788871265904573e+00 1.852242853945953917e-03 6.920172786177105309e+02 9.903931500103395535e+01
1.664006124760511351e+00 1.741113674427757210e-03 6.870249433106575907e+02 9.648119376119261403e+01
1.670281873961185770e+00 1.842366346193471905e-03 6.887272727272727479e+02 9.813037176909227810e+01
1.676541801276667298e+00 1.721555322686186195e-03 6.869573991031389824e+02 9.658750473901196187e+01
1.682793682471841024e+00 1.824670227224382997e-03 6.944050632911391858e+02 9.985052787809678421e+01
1.689107465299970467e+00 1.791603935857043455e-03 7.033947939262473028e+02 1.021138782265309572e+02
1.695415952935033443e+00 1.877357617877282179e-03 7.158830897703548999e+02 1.030984625359639750e+02
1.701806617780016628e+00 1.875253898477295287e-03 7.270542797494780416e+02 1.058747797320570925e+02
1.708145235544118012e+00 1.851238026496159058e-03 7.305578947368420586e+02 1.095818628460930313e+02
1.714469347376187613e+00 1.845626368464784459e-03 7.268074534161490874e+02 1.115858571726484598e+02
1.720739519194126599e+00 1.771881702320935673e-03 7.125512820512821008e+02 1.148385741846087598e+02
1.726990948287859817e+00 1.820993782645452704e-03 7.036204081632653242e+02 1.172956583249818152e+02
1.733361150263370787e+00 1.784216608021570085e-03 7.018140495867768323e+02 1.209059387705347035e+02
1.739571674833123582e+00 1.760427731239605715e-03 7.076771488469602218e+02 1.350937554561726017e+02
1.745887440247851030e+00 1.853392121839796862e-03 7.090280561122244762e+02 1.510942759703459899e+02
1.752250177420427102e+00 1.860925844240075020e-03 7.113097165991903239e+02 1.381427921332645496e+02
1.758607387389414800e+00 1.864192030273802104e-03 7.089900000000000091e+02 1.382533901211829459e+02
1.764972322429467777e+00 1.851098948525789619e-03 7.127279999999999518e+02 1.432625962071049344e+02
1.771273520234028620e+00 1.808016239517707931e-03 7.170806451612903629e+02 1.510387411237240940e+02
1.777586992161852564e+00 1.807004964737956481e-03 7.204653465346534631e+02 1.564304679554915083e+02
1.783840233931820451e+00 1.746107465683986813e-03 7.140590631364561887e+02 1.637424045360355365e+02
1.790071520275328565e+00 1.795583184790444783e-03 7.020078740157480297e+02 1.673329345261175263e+02
1.796393698957722052e+00 1.819993601147859141e-03 6.851798418972332456e+02 1.700690037485554456e+02
1.802712928873270393e+00 1.883216042231023422e-03 6.808237547892720158e+02 1.730900846734200229e+02
1.809114577024696358e+00 1.850157529878445435e-03 6.788391472868216852e+02 1.829850487833376746e+02
1.815345782948464493e+00 1.803540499391122600e-03 6.755632411067193743e+02 1.882118373808829688e+02
1.821700705453981772e+00 1.863872113208649628e-03 6.780690298507462330e+02 1.946001186653345201e+02
1.828034416566336029e+00 1.759461126105644731e-03 6.773110236220472871e+02 1.997888066493830195e+02
1.834289862490237510e+00 1.817049905439401892e-03 6.800131826741995837e+02 2.050826250324844295e+02
1.840620947190598100e+00 1.780340576699249600e-03 6.754519230769230944e+02 2.042037550038987206e+02
1.846876290479544158e+00 1.833628160635640113e-03 6.755122873345935659e+02 2.101558323716244558e+02
1.853225331533147280e+00 1.864396810776891523e-03 6.673370370370370210e+02 2.079793971112785584e+02
1.859586416204100923e+00 1.843230203276794224e-03 6.664915887850467016e+02 2.156323376808693979e+02
1.865884580336470755e+00 1.827085395033201023e-03 6.613780260707635534e+02 2.167823082256784915e+02
1.872200528994375501e+00 1.799198018262535481e-03 6.614129629629629790e+02 2.175590014575961675e+02
1.878453452628845000e+00 1.760356359008985331e-03 6.556384180790960272e+02 2.173684948450531635e+02
1.884712324747962020e+00 1.805687576808031941e-03 6.555000000000000000e+02 2.151779288365657408e+02
1.891113706724730337e+00 1.861939656346446982e-03 6.496438848920863620e+02 2.110454924410009880e+02
1.897400945427566432e+00 1.833350088909791505e-03 6.470625000000000000e+02 2.102184129307190119e+02
1.903772875545957088e+00 1.875180743362649160e-03 6.459436619718310340e+02 2.071857714949038041e+02
1.910018917854334752e+00 1.739883276586547947e-03 6.431928166351606251e+02 2.073806009703600353e+02
1.916236012056648175e+00 1.833205283437960029e-03 6.463245614035088238e+02 2.004670480018211549e+02
1.922638163561010805e+00 1.793373418488206777e-03 6.473374999999999773e+02 1.989373131254451437e+02
1.928888348891847349e+00 1.792288115248428593e-03 6.537500000000000000e+02 1.947196287305151259e+02
1.935240631371640818e+00 1.865766417879262265e-03 6.737941176470587834e+02 1.879905775730765640e+02
1.941608872090050619e+00 1.856644915843207438e-03 7.004516695957820502e+02 1.863923115385233871e+02
1.947917338414854704e+00 1.837601359788319485e-03 7.413975481611208806e+02 1.867470457973507223e+02
1.954236834815996637e+00 1.805754229573221887e-03 7.874545454545454959e+02 1.810355472218503223e+02
1.960488135501994522e+00 1.772905664188001006e-03 8.327274336283186358e+02 1.786511048400006416e+02
1.966755922696415082e+00 1.810201296061439468e-03 8.837211703958691942e+02 1.822638030196291936e+02
1.973091583736556354e+00 1.814240900008777741e-03 9.138999999999999773e+02 1.865313512522761528e+02
1.979420480567132490e+00 1.865397302840512408e-03 9.385229202037351115e+02 1.917776437021128686e+02
1.985762243830389018e+00 1.849873766110382307e-03 9.421220338983050624e+02 1.916727584491701748e+02
1.992143605840229093e+00 1.840662096304069391e-03 9.411641541038526384e+02 1.883705277915191516e+02
1.998372952698491245e+00 1.738412627792555948e-03 9.425869947275922414e+02 1.894889924545317399e+02
2.004614638405731508e+00 1.821010887715033720e-03 9.398327814569536258e+02 1.850186313497573565e+02
2.010981699228176822e+00 1.807963355431743604e-03 9.311077441077441108e+02 1.827843396881168303e+02
2.017216781415232862e+00 1.822968187424302972e-03 9.385042158516019981e+02 1.863442603862019666e+02
2.023555507756473748e+00 1.866836436713831520e-03 9.236796747967479178e+02 1.816232031647408576e+02
2.029945947492921121e+00 1.842053164818473936e-03 9.121825657894736423e+02 1.817647179561792825e+02
2.036236367431154548e+00 1.802040352124230577e-03 8.975074380165289085e+02 1.811859768895842819e+02
2.042538823796997693e+00 1.786279422623429517e-03 8.743546798029556157e+02 1.797108046468044336e+02
2.048720173306640469e+00 1.747373060808409071e-03 8.424525423728813394e+02 1.741432618088873028e+02
2.055017041239767028e+00 1.892889576395914968e-03 8.129843505477308554e+02 1.692731623337635369e+02
2.061465280497128294e+00 1.850343878148330047e-03 7.683493589743590064e+02 1.657801882489867751e+02
2.067778354784032935e+00 1.826644103880053095e-03 7.020950080515298168e+02 1.573481809988925306e+02
2.074107962816127415e+00 1.810449409964311413e-03 6.436174603174603135e+02 1.538076123851287491e+02
2.080392027050733006e+00 1.757304311173108879e-03 5.967801302931595728e+02 1.473829801237668846e+02
2.086560915145909245e+00 1.789004268885935290e-03 5.624667747163695140e+02 1.341201717833070575e+02
2.092907509218693285e+00 1.897916204239676529e-03 5.512911585365853853e+02 1.337754117635113857e+02
2.099341076602548206e+00 1.841856996552926774e-03 5.376531250000000455e+02 1.332354978440137643e+02
2.105598503643897335e+00 1.780460926307301031e-03 5.253226837060702792e+02 1.256758860703866389e+02
2.111872942412509335e+00 1.813036870717739954e-03 5.265339506172839492e+02 1.291726031314245802e+02
2.118179840511383194e+00 1.773074262998883873e-03 5.237889763779527357e+02 1.247196510465881687e+02
2.124489700938873238e+00 1.854176769044688739e-03 5.186773700305810735e+02 1.173034278840274993e+02
2.130866139955553962e+00 1.876679961187130126e-03 5.218593040847200655e+02 1.209036310867486321e+02
2.137196345481136905e+00 1.803165093871285981e-03 5.225572755417956614e+02 1.200002188986683365e+02
2.143477781291089013e+00 1.808033309626025679e-03 5.191862595419847821e+02 1.142326838070610933e+02
2.149749346762158453e+00 1.787076492040512573e-03 5.197066052227343107e+02 1.145997018156044049e+02
2.156014428448592479e+00 1.811767013668930289e-03 5.195372907153729329e+02 1.120265167136046358e+02
2.162388958755252943e+00 1.899773100682969557e-03 5.183489051094890101e+02 1.049186126048446113e+02
2.168776559916051561e+00 1.828625003914755194e-03 5.299474474474474164e+02 1.024785270711520013e+02
2.175079146577416189e+00 1.799027495536281414e-03 5.537164179104477171e+02 1.003047433873460506e+02
2.181358965593887422e+00 1.775037425494343461e-03 5.827168674698795030e+02 9.446330236606871722e+01
2.187625576602315824e+00 1.830837683859201127e-03 6.198446745562130218e+02 9.061960072063709504e+01
2.193923842198696850e+00 1.837507381709080519e-03 6.614831130690160990e+02 9.340799566842238733e+01
2.200310743338333541e+00 1.859271066102410235e-03 6.924017216642754420e+02 9.282307509810317470e+01
2.206637920896229677e+00 1.789161753318371274e-03 7.102740740740740648e+02 9.232415173258452512e+01
2.212855268310565560e+00 1.778695396750237757e-03 7.222871870397643761e+02 9.807486609934245791e+01
2.219155297956861617e+00 1.826812665150635666e-03 7.234446043165468154e+02 9.633802197217626428e+01
2.225534449623195243e+00 1.883537061579874895e-03 7.204245416078985045e+02 9.428377205064613520e+01
2.231816049321749151e+00 1.789850136339156059e-03 7.173759177679881986e+02 9.467907878885993966e+01
2.238124350048766420e+00 1.838516226422660244e-03 7.154413407821228930e+02 9.530423189362933556e+01
2.244461256680506001e+00 1.769483755913013904e-03 7.076903039073805530e+02 9.321032202597181993e+01
2.250672411056880762e+00 1.815340560525242463e-03 6.980789096126255799e+02 9.046976665412495322e+01
2.256976265699253581e+00 1.875232856265233962e-03 6.927790055248618728e+02 8.874947217872384897e+01
2.263404067221236105e+00 1.844596500685106652e-03 6.869986225895316920e+02 8.764310609393220375e+01
2.269740131332425914e+00 1.784620609829179342e-03 6.794865629420085043e+02 8.602239855771399846e+01
2.275928662030326066e+00 1.770462641505800294e-03 6.726695156695157038e+02 8.652448887701542901e+01
2.282234771450446509e+00 1.859120215862977580e-03 6.634674796747967775e+02 8.606806396968818262e+01
2.288651494096741512e+00 1.861574731480084791e-03 6.465725915875169676e+02 8.899306254837517827e+01
2.294929189507614264e+00 1.787386468760323059e-03 6.207556179775281180e+02 9.080029816953830846e+01
2.301123790424945526e+00 1.773889529887621910e-03 5.879930555555555429e+02 9.503745576184785193e+01
2.307427473574251042e+00 1.823767960867003161e-03 5.352476319350473659e+02 1.003653605083446649e+02
2.313824548022820782e+00 1.807223345639351721e-03 4.869970282317979127e+02 9.278021282394381331e+01
2.320154992066300714e+00 1.861695907969135875e-03 4.455103550295858099e+02 8.648513260976895367e+01
2.326479049872378635e+00 1.797363522119922990e-03 4.259183359013867403e+02 8.139843407308961787e+01
2.332811122143054305e+00 1.834923033436536115e-03 4.110623100303951105e+02 7.575130790848548656e+01
2.339146829363451641e+00 1.809933127175767861e-03 3.995934065934065984e+02 7.133518384927943146e+01
2.345346999874724947e+00 1.788822558822959720e-03 3.912781350482314906e+02 7.128408995238955015e+01
2.351591514044208964e+00 1.821961582186779451e-03 3.881968503937007995e+02 7.006191401998371759e+01
2.357940827546205931e+00 1.821480796874143165e-03 3.836487341772152035e+02 6.924328404715733143e+01
2.364269371024037891e+00 1.822839816105960298e-03 3.801217948717948616e+02 6.797066280549965711e+01
2.370575565839220911e+00 1.828742917233826173e-03 3.766398713826366702e+02 6.845908453759244594e+01
2.376891771469677561e+00 1.815523241845057745e-03 3.772411003236246074e+02 6.804993308923974382e+01
2.383240749019818416e+00 1.833462819707767054e-03 3.762443729903537246e+02 6.542277914944754968e+01
2.389601619010945921e+00 1.828185711102788165e-03 3.794267100977198766e+02 6.358197187616975299e+01
2.395961259100775731e+00 1.812604844355751544e-03 3.766947535771064963e+02 6.815389962494042209e+01
2.402160007896914973e+00 1.807533258736503850e-03 3.802402985074626827e+02 6.666307076141559662e+01
2.408453972146052724e+00 1.793232887210479852e-03 3.841871345029239819e+02 6.464706514640896273e+01
2.414771780432101167e+00 1.830638750947721858e-03 3.837173601147775912e+02 6.363105453208160611e+01
2.421058800843912895e+00 1.849123668637423033e-03 3.818599717114568648e+02 6.233659824811830674e+01
2.427397847212681370e+00 1.833909450969152099e-03 3.805180555555555770e+02 6.199765097849960682e+01
2.433701938443864954e+00 1.777285794113256248e-03 3.780154711673699239e+02 6.168830553505807046e+01
2.440001432560962691e+00 1.835928632076300280e-03 3.759658002735978357e+02 6.004499123470960598e+01
2.446276920633820851e+00 1.825543246774167941e-03 3.720770288858321919e+02 6.013782614952717154e+01
2.452612917458465880e+00 1.850886418197054181e-03 3.698063660477453709e+02 5.952260939277130802e+01
2.458937188373468086e+00 1.764090576915684772e-03 3.667520547945205749e+02 5.789810219962856763e+01
2.465235494564519847e+00 1.842465198645606636e-03 3.640726552179656323e+02 5.702076236174594470e+01
2.471581205305689810e+00 1.856761058240425245e-03 3.602657894736842081e+02 5.617438281482084506e+01
2.477865992864338285e+00 1.798850075022648308e-03 3.582969374167776095e+02 5.651921983046395326e+01
2.484122936716935737e+00 1.780971833254360159e-03 3.554280052840158532e+02 5.559153203210631489e+01
2.490467721662181333e+00 1.849468727863495983e-03 3.520970625798212268e+02 5.464580856525353880e+01
2.496849546734450254e+00 1.852734310658727887e-03 3.484584929757343730e+02 5.474213158076680941e+01
2.503105859710241798e+00 1.772860352036017325e-03 3.457203166226913140e+02 5.438721266655167597e+01
2.509322203788900918e+00 1.804578376445024500e-03 3.423346153846154039e+02 5.390078730218021974e+01
2.515643032193938478e+00 1.830400595634155535e-03 3.369962216624684856e+02 5.167175006002121762e+01
2.522012436559997628e+00 1.844427975373299751e-03 3.285955334987593233e+02 5.384407618546005381e+01
2.528376527697731913e+00 1.805263014170996501e-03 3.194585427135678515e+02 5.178952245625131212e+01
2.534662305746367750e+00 1.817191430107880853e-03 3.115843828715365476e+02 4.944985031457733271e+01
2.540923642722284104e+00 1.847774197163838152e-03 3.058712871287128792e+02 4.788283045013606909e+01
2.547222087144660030e+00 1.810867478977307979e-03 3.015952970297029765e+02 4.634510902433399337e+01
2.553540685742163419e+00 1.807658101810726481e-03 3.000685434516523742e+02 4.619269720997714757e+01
2.559925401613222018e+00 1.856915584780679824e-03 2.979257485029939971e+02 4.464563496182507407e+01
2.566280305514876403e+00 1.838802799104265022e-03 2.948377723970944544e+02 4.504306654921387576e+01
2.572544852388987113e+00 1.785952156998167010e-03 2.936159509202453819e+02 4.510321371963655679e+01
2.578799894204640619e+00 1.806472379669163885e-03 2.932744860943167851e+02 4.460412957363234909e+01
2.585123793491197919e+00 1.855120447360665906e-03 2.920611045828437113e+02 4.392953019985123575e+01
2.591472256141813091e+00 1.805120360344933915e-03 2.899165673420739040e+02 4.452271154147184262e+01
2.597744265483155957e+00 1.788819714346394623e-03 2.893621103117505982e+02 4.448452435880879108e+01
2.604038454996993934e+00 1.850630787333012181e-03 2.882808857808857965e+02 4.330893504570651231e+01
2.610374414453144443e+00 1.837105816396599096e-03 2.876775320139697101e+02 4.481439350077946671e+01
2.616634120485421100e+00 1.761050173804210722e-03 2.873102625298329258e+02 4.361497085386234573e+01
2.622940397920966227e+00 1.848634675493098997e-03 2.876666666666666856e+02 4.399067798654152028e+01
2.629323187355575353e+00 1.839581463337864892e-03 2.883036529680365447e+02 4.511385307956223301e+01
2.635681273538560632e+00 1.815290224604702678e-03 2.880641466208476800e+02 4.654973656988904196e+01
2.641934789831782204e+00 1.778405014700361417e-03 2.903204225352112644e+02 4.862020876947033088e+01
2.648176773767660031e+00 1.853093332118325998e-03 2.951307779030439633e+02 5.348071711563990505e+01
2.654514065851063087e+00 1.823524830511773481e-03 2.944610169491525653e+02 5.412246383564158947e+01
2.660817448321032508e+00 1.798052776896779401e-03 2.956939704209328852e+02 5.513258785395449735e+01
2.667123571907564994e+00 1.844852426740933296e-03 3.012066666666666492e+02 5.934861944164856595e+01
2.673472329675100401e+00 1.839448802019330543e-03 3.009280177187154095e+02 5.847710410499630029e+01
2.679761377760365715e+00 1.786299887381436651e-03 3.046538461538461320e+02 5.820356237221113105e+01
2.686129035698236578e+00 1.877272974428747035e-03 3.104687168610816457e+02 7.209366547893814925e+01
2.692300573720700196e+00 1.798376592015874225e-03 3.225140291806958430e+02 7.424168897822447377e+01
2.698561328278970439e+00 1.798779619418457414e-03 3.233751425313569143e+02 7.547218863913667519e+01
2.704947056964875252e+00 1.860594623228957294e-03 3.244786516853932312e+02 7.273690138872690625e+01
2.711339925705444909e+00 1.826229981736538378e-03 3.215717592592592382e+02 6.720421409403387258e+01
2.717643416720191052e+00 1.774618570520191145e-03 3.177673031026253057e+02 6.239252708496321986e+01
2.723934694222051256e+00 1.823763048442502126e-03 3.146859504132231677e+02 5.647930264987529370e+01
2.730274673678132036e+00 1.841398355898408350e-03 3.111428571428571672e+02 5.389165370455464910e+01
2.736591263199737778e+00 1.788312012670147501e-03 3.079219512195122093e+02 5.097224169057628274e+01
2.742885231028380222e+00 1.844652457607765493e-03 3.054988009592325966e+02 4.772902627503490436e+01
2.749161241756704843e+00 1.804773587711254630e-03 3.056081081081081265e+02 4.675062698596225630e+01
2.755398232824302962e+00 1.776157869081165970e-03 3.086468401486988569e+02 4.514949690729750387e+01
2.761751565609168679e+00 1.857903093933079139e-03 3.180943847072879294e+02 4.519187340369683170e+01
2.768124311574730267e+00 1.813883183384283311e-03 3.307754601226993714e+02 4.803046942776028772e+01
2.774423663616722546e+00 1.776295681999270643e-03 3.442347066167291132e+02 5.247571354149200573e+01
2.780754869867226198e+00 1.842436817654598789e-03 3.526370280146163054e+02 5.816573480749593017e+01
2.787077464795406190e+00 1.805278297034774168e-03 3.609700000000000273e+02 6.277442004909326556e+01
2.793346642012575654e+00 1.793644434711254678e-03 3.648751576292559662e+02 6.724862600510851962e+01
2.799634253246212179e+00 1.838111547031318375e-03 3.611451612903225623e+02 7.117830650371902834e+01
2.805924842988945844e+00 1.808245895551135627e-03 3.634330808080808310e+02 7.231788242990808158e+01
2.812167973206011862e+00 1.789098639402584082e-03 3.632902813299232889e+02 7.488164913044744253e+01
2.818496662748549042e+00 1.874446068014908040e-03 3.585684596577017373e+02 7.701421799573697058e+01
2.824858807967614460e+00 1.791571154666717633e-03 3.610700636942675033e+02 7.754592817492222423e+01
2.831150482550185643e+00 1.815112775054883139e-03 3.584746835443037867e+02 7.791164639183681118e+01
2.837475400148095517e+00 1.850316795954077458e-03 3.554146948941469759e+02 7.867198103118596464e+01
2.843805018276897911e+00 1.786824753329564535e-03 3.552644415917843617e+02 7.823653931538878226e+01
2.850131561922547352e+00 1.845583173970813699e-03 3.508014981273408353e+02 7.740231844718360321e+01
2.856484494638581229e+00 1.841115527677602507e-03 3.503623910336239078e+02 7.826159080938268175e+01
2.862782859862781137e+00 1.780809355167121575e-03 3.502193877551020478e+02 7.920000583557072105e+01
2.869068523143336158e+00 1.847699945098150954e-03 3.440736196319018632e+02 8.056629062963031629e+01
2.875378514069953706e+00 1.802909528894259443e-03 3.436816479400749245e+02 8.131589041999927758e+01
2.881671995666307051e+00 1.819305449905813353e-03 3.406596273291925741e+02 8.326890807987288667e+01
2.887980092673573917e+00 1.848812746508326317e-03 3.366409313725490051e+02 8.789196823752493515e+01
2.894292086458025270e+00 1.795011172749967111e-03 3.350087939698492505e+02 9.192706544239011635e+01
2.900588101801901963e+00 1.834444505730529681e-03 3.189147095179233702e+02 9.802930888932141329e+01
2.906894294921833044e+00 1.834235081131648307e-03 3.055997521685254128e+02 9.748047381575450743e+01
2.913143215321425394e+00 1.775388414920497622e-03 2.917836107554417140e+02 9.507041809473297178e+01
2.919469846096636179e+00 1.902110692867622259e-03 2.750851318944843911e+02 9.324531247350849128e+01
2.925831071463227850e+00 1.799019204260941503e-03 2.722284263959390955e+02 8.804709393760114722e+01
2.932125236913744715e+00 1.849572311535908030e-03 2.705995055624227348e+02 8.593118843725800104e+01
2.938426190430696305e+00 1.829943172517629413e-03 2.784307116104868669e+02 8.308236993349001409e+01
2.944698497868602605e+00 1.792371922793937686e-03 2.898248730964467086e+02 8.088444832859920552e+01
2.951032364443879619e+00 1.872648010744969562e-03 2.941601941747572937e+02 8.044787414572790851e+01
2.957349976869245278e+00 1.772646084934545842e-03 3.037519181585677757e+02 7.798292835705672132e+01
2.963641534615172990e+00 1.843499637433317897e-03 3.036962962962962820e+02 7.708838109746903910e+01
2.969974563050315375e+00 1.835483252247156055e-03 3.066298136645962700e+02 7.650351605028875213e+01
2.976261971728969780e+00 1.784595762971840369e-03 3.070994897959183731e+02 7.476892412222501605e+01
2.982555079221103078e+00 1.856376802478345786e-03 3.013990208078335513e+02 7.510483345054822735e+01
2.988860230475899549e+00 1.767956570045068222e-03 3.026734955185659146e+02 7.352533524566129586e+01
2.995178874680174186e+00 1.856934622757372335e-03 2.964180929095354600e+02 7.336097766795604969e+01
3.001496400543723020e+00 1.797819739674591305e-03 2.959759188846641109e+02 7.200232814129277870e+01
3.007822553902104179e+00 1.849516356328991537e-03 2.925136138613861476e+02 7.175096476963220482e+01
3.014155913686516808e+00 1.844070628166239031e-03 2.890074534161490760e+02 7.072468678025458644e+01
3.020427983220980828e+00 1.780401570183770890e-03 2.876000000000000227e+02 7.075308093318953695e+01
3.026726854870708916e+00 1.864734463497724846e-03 3.124303178484107661e+02 4.816199423797178270e+02
3.033042693621903041e+00 1.790509691971886499e-03 4.957653061224489761e+02 2.735606015803638911e+03
3.039417687211595442e+00 1.892848977299335135e-03 5.323659420289855007e+02 3.604179981794202376e+03
3.045771113053035606e+00 1.809002971513908259e-03 3.282078580481622225e+02 1.099735461979853881e+03
3.052089874155329063e+00 1.844438578281415919e-03 2.519119106699751853e+02 9.489897107778946861e+01
3.058386304167925118e+00 1.824217551217444024e-03 2.383020050125313389e+02 7.981689979087641973e+01
3.064635661305841197e+00 1.781811879387494579e-03 2.313269230769230660e+02 8.023271410234606549e+01
3.070942258104439215e+00 1.879278577764203085e-03 2.203321212121212227e+02 8.176134769473590325e+01
3.077306102136554866e+00 1.789896323379901438e-03 2.118564167725540131e+02 7.652326577731115265e+01
3.083610248093582751e+00 1.842323938384468965e-03 1.977662976629766263e+02 7.047344167393684700e+01
3.089899276602742884e+00 1.781295098450355954e-03 1.888331210191082903e+02 6.160314711927783549e+01
3.096219282790054539e+00 1.849962857272845727e-03 1.767953431372548891e+02 5.542210592848188355e+01
3.102516781183005889e+00 1.793151767743564459e-03 1.726704689480354773e+02 5.052947780497935781e+01
3.108846425703184035e+00 1.844538984569745127e-03 1.674206642066420727e+02 4.759874249614886565e+01
3.115155056293756886e+00 1.812510444856532069e-03 1.651154328732747842e+02 4.470354735710937177e+01
3.121484332076036150e+00 1.832521331068808152e-03 1.619119106699751853e+02 4.229687494055872321e+01
3.127777573742708483e+00 1.818133687887086257e-03 1.594700748129675674e+02 4.090865153499773754e+01
3.134074710556275623e+00 1.800750836428910992e-03 1.584905422446406078e+02 3.973459665087423787e+01
3.140350968701055567e+00 1.840082388152106639e-03 1.549618226600985338e+02 3.891991237423501104e+01
3.146669598331559570e+00 1.795769837056059460e-03 1.537474747474747403e+02 3.740971019938977804e+01
3.152959210157879166e+00 1.842768641532451131e-03 1.499987730061349680e+02 3.773984237527291441e+01
3.159264892205651432e+00 1.791857333635609589e-03 1.491721518987341710e+02 3.715591098167377027e+01
3.165581888857809112e+00 1.858342078644047027e-03 1.438422330097087354e+02 3.708971890172621499e+01
3.171905560319084216e+00 1.782720971754531017e-03 1.434816223067173553e+02 3.650366693641220195e+01
3.178180461481988406e+00 1.828434529921516482e-03 1.391044226044226093e+02 3.639395467290815844e+01
3.184506679420991304e+00 1.810619157308176325e-03 1.387347447073474598e+02 3.609975171565547214e+01
3.190846230582273346e+00 1.831490456789015321e-03 1.340378973105134435e+02 3.634065030240674332e+01
3.197132365687451294e+00 1.780884113596707067e-03 1.331632911392404992e+02 3.661716237881047675e+01
3.203454230992797136e+00 1.862619862555806765e-03 1.280277442702050621e+02 3.685793136483160737e+01
3.209790152929830498e+00 1.796864404628749357e-03 1.276503144654088118e+02 3.693268460483970728e+01
3.216105270782768422e+00 1.849581865447865814e-03 1.239805825242718385e+02 3.718423153871669484e+01
3.222383723154825574e+00 1.773184836801974633e-03 1.245203045685279193e+02 3.782009234607075143e+01
3.228652903688512765e+00 1.829814433570467642e-03 1.209098660170523800e+02 3.772982743318576837e+01
3.234977992221026444e+00 1.801123950508762587e-03 1.213631840796019929e+02 3.760880258174779556e+01
3.241301441286830176e+00 1.830570155328411054e-03 1.186537059538274548e+02 3.728936729970279629e+01
3.247581817024004280e+00 1.774748969754167847e-03 1.184753476611883656e+02 3.715661568668910064e+01
3.253885986942128827e+00 1.868811343678552150e-03 1.161389221556886184e+02 3.742006288783412060e+01
3.260235987169183947e+00 1.804603356501592029e-03 1.155550000000000068e+02 3.765211041561946104e+01
3.266546856392692710e+00 1.857627301288636550e-03 1.123365384615384670e+02 3.641025759172421061e+01
3.272886904023045052e+00 1.792569475559808913e-03 1.116800000000000068e+02 3.573436301377150670e+01
3.279153478698136670e+00 1.837211362056317054e-03 1.089478787878787927e+02 3.481033818342540798e+01
3.285516195699416553e+00 1.819318898053023329e-03 1.079975429975429932e+02 3.449263697786417282e+01
3.291677990232397821e+00 1.824817096246810931e-03 1.085190039318479620e+02 3.578922924306244369e+01
3.298068987764390059e+00 1.863784166448585874e-03 1.076835616438356169e+02 3.578282258561583973e+01
3.304430978840338096e+00 1.814787339162488022e-03 1.065392441860465169e+02 3.605001934592834800e+01
3.310737564052387061e+00 1.817945227602999880e-03 1.052767857142857082e+02 3.589003946089013652e+01
3.317033906120231190e+00 1.800198345421728579e-03 1.034144838212634880e+02 3.600498421103427660e+01
3.323313479518194669e+00 1.810036704891648416e-03 1.022053291536050210e+02 3.644543968724914862e+01
3.329645772824664451e+00 1.853775369266378323e-03 1.025288611544461759e+02 3.768984694945052638e+01
3.335990548707715053e+00 1.826590486813650920e-03 1.003483146067415674e+02 3.814645605061391365e+01
3.342268739174953929e+00 1.807641793864574143e-03 9.933442088091354094e+01 3.833534052305289919e+01
3.348554594221377023e+00 1.807536448754866812e-03 9.783388157894736992e+01 3.851960488370135494e+01
3.354810866618635590e+00 1.798386852034845364e-03 9.630150753768843686e+01 3.869963426241668003e+01
3.361143554435736203e+00 1.860575678898459748e-03 9.750491803278688963e+01 3.990574941451818347e+01
3.367505271257411170e+00 1.829077091643749146e-03 9.566385135135135442e+01 3.997215606633785967e+01
3.373804785089639324e+00 1.803149868685275390e-03 9.433448873483536090e+01 3.919278171973154912e+01
3.380079784639911100e+00 1.805631642174917659e-03 9.175219683655535619e+01 3.782690694721092939e+01
3.386416571036835244e+00 1.843579116849991192e-03 9.191901408450704025e+01 3.857191458140627560e+01
3.392732849186819166e+00 1.821713749179523084e-03 9.275862068965517437e+01 3.898661074022496820e+01
3.399077842768783331e+00 1.840157085703132342e-03 9.283876811594203105e+01 3.820552470507266207e+01
3.405368445234043140e+00 1.771416845865005909e-03 9.511068702290076260e+01 3.811009290190440879e+01
3.411642977450664915e+00 1.840004348347408980e-03 9.779511278195488444e+01 3.840549533845070584e+01
3.417946432239648225e+00 1.816648589106147462e-03 1.000776699029126178e+02 3.807598358504370140e+01
3.424268333461439884e+00 1.838339958730071926e-03 9.945067698259187239e+01 3.640821221526639562e+01
3.430601598134079389e+00 1.799761940178920376e-03 9.873547094188376150e+01 3.587078283775428389e+01
3.436922606236269218e+00 1.844213366763177700e-03 9.978199999999999648e+01 3.723286236646330138e+01
3.443269856433799347e+00 1.834668830692703879e-03 9.860736196319018632e+01 3.636553855499008137e+01
3.449516618902171317e+00 1.769622948488585408e-03 9.661324786324786373e+01 3.535345372673450015e+01
3.455771942280530862e+00 1.817195070858158281e-03 9.425369978858350350e+01 3.425633410743554919e+01
3.462154010515302804e+00 1.866018191136946868e-03 9.649156118143460503e+01 3.678070942883528005e+01
3.468478914699885340e+00 1.799468636805881495e-03 9.288026607538802182e+01 3.375674079466099187e+01
3.474737530089159865e+00 1.798535080277152308e-03 9.129372197309416492e+01 3.225785322200080429e+01
3.481027808853469629e+00 1.828779808500339806e-03 9.204751131221719618e+01 3.427655854299673877e+01
3.487370903609774420e+00 1.855504762412056021e-03 8.680769230769230660e+01 3.249864116680613790e+01
3.493710577164840458e+00 1.791815171782784382e-03 8.301182033096927171e+01 3.136967685221627278e+01
3.499981309375833849e+00 1.817721919481020843e-03 8.199522673031026443e+01 3.248366527928443759e+01
3.506294281862427642e+00 1.840208171226962808e-03 8.072661870503597470e+01 3.246992931490330392e+01
3.512643170548069183e+00 1.819719049123772565e-03 7.689680589680590117e+01 2.857493973689155808e+01
3.518887929185086527e+00 1.780316295825717758e-03 7.566153846153845564e+01 2.714505123786128848e+01
3.525201780775713889e+00 1.871585280235478531e-03 7.617369727047146455e+01 2.823923035843169060e+01
3.531587235286628879e+00 1.812415240060859375e-03 7.331510416666667140e+01 2.290299900190476023e+01
3.537791204901774123e+00 1.765649031450039182e-03 7.294277929155313700e+01 2.074647411982089906e+01
3.544104483213670331e+00 1.881636984785636617e-03 7.301302083333332860e+01 1.910319753426074740e+01
3.550526160049383151e+00 1.823753900979235669e-03 7.296721311475410232e+01 1.506820321096076221e+01
3.556826252644191833e+00 1.805941154371571225e-03 7.268450704225351444e+01 1.097466343232840913e+01
3.563110991539715666e+00 1.831382697511484874e-03 7.272159090909090651e+01 8.624330919370970960e+00
3.569418747584309326e+00 1.819035597463529485e-03 7.254651162790698038e+01 6.407164033053744490e+00
3.575721219182565580e+00 1.815191134896390569e-03 7.207715133531156937e+01 5.918354294626803735e+00
3.582041784633743120e+00 1.836067019019354488e-03 7.201801801801801162e+01 5.666907761143025191e+00
3.588351193306853926e+00 1.816205673054769026e-03 7.137461300309597334e+01 5.579997014887758233e+00
3.594644124218077774e+00 1.816162507538995278e-03 7.050473186119873503e+01 5.933317049642246488e+00
3.600965899690116157e+00 1.832434222657099978e-03 6.991054313099041906e+01 6.524812741562469043e+00
3.607301933810233674e+00 1.823864462282996299e-03 6.948852459016393368e+01 7.493756605850207642e+00
3.613589615564896995e+00 1.801875725405921403e-03 6.780677966101694665e+01 8.821351835435363498e+00
3.619872304563952703e+00 1.819848024125704684e-03 6.612714776632302005e+01 9.420388556277574210e+00
3.626184481674183946e+00 1.827760715362539709e-03 6.483859649122807411e+01 9.642634501167966832e+00
3.632455309189269510e+00 1.797655079431180383e-03 6.265693430656934027e+01 1.022348961934246958e+01
3.638754857574894697e+00 1.841922947680418475e-03 6.127372262773722866e+01 1.057675189981183372e+01
3.645110863435991444e+00 1.833895812584415653e-03 5.931203007518796966e+01 1.108178983362667402e+01
3.651399341121458253e+00 1.797724079201825547e-03 5.827843137254902217e+01 1.003279129613734000e+01
3.657684783062496781e+00 1.823089633617003442e-03 5.701984126984127244e+01 8.617976927855522717e+00
3.663989311092172851e+00 1.817352227903809700e-03 5.563114754098360493e+01 7.825042404491372672e+00
3.670338462676961733e+00 1.852037082036360515e-03 5.427272727272727337e+01 6.033060681534489156e+00
3.676667454351053799e+00 1.802731285318214709e-03 5.441484716157205526e+01 4.851508731619387227e+00
3.682957402673964431e+00 1.831301914300888494e-03 5.528318584070796504e+01 5.127213224694682658e+00
3.689264510226057059e+00 1.810576500315507495e-03 5.626728110599078292e+01 4.793796383325626742e+00
3.695607159299667099e+00 1.851070780809128090e-03 5.630232558139535115e+01 3.915176887382180393e+00
3.701906411334345837e+00 1.786914693256676148e-03 5.734328358208955478e+01 3.822333373737778039e+00
3.708163258087520564e+00 1.825159420261267002e-03 5.800502512562814417e+01 3.407794789395801605e+00
3.714507337749332283e+00 1.833043865117713490e-03 5.840414507772020869e+01 3.401371887972233221e+00
3.720870273368275249e+00 1.842023606415223082e-03 5.875935828877005207e+01 3.618823693778034922e+00
3.727157013165883104e+00 1.785929560704693081e-03 5.815428571428571303e+01 3.940260014211223627e+00
3.733414267292576749e+00 1.823616893326991065e-03 5.761046511627907307e+01 3.829590745566548105e+00
3.739747614563589284e+00 1.832601406324968355e-03 5.796987951807228967e+01 3.660946020595423178e+00
3.746091684029914770e+00 1.828992002129592063e-03 5.775471698113207708e+01 4.035369317651678500e+00
3.752406222021260618e+00 1.812401454337024109e-03 5.847682119205298079e+01 4.581958353521510929e+00
3.758712131096641595e+00 1.823143945980814458e-03 5.888965517241379644e+01 4.615658609507896415e+00
3.765000355804634324e+00 1.809969724265664184e-03 5.856934306569343107e+01 4.409810383679979573e+00
3.771324791207556704e+00 1.846593531196991230e-03 5.878947368421052744e+01 4.363979987309736686e+00
3.777640884128447674e+00 1.800430178895984180e-03 6.021138211382113781e+01 4.957309989761504276e+00
3.783890033752419058e+00 1.812352582976840126e-03 6.334188034188034067e+01 5.606518387827548189e+00
3.790205950757557840e+00 1.839564216382759279e-03 6.795535714285713880e+01 5.510324840419008829e+00
3.796547481197723339e+00 1.823144808823023381e-03 7.303846153846153300e+01 5.435712230758845465e+00
3.802839460639445335e+00 1.822115437231795494e-03 8.008247422680412342e+01 4.694175685365429729e+00
3.809162628389719529e+00 1.835235423465040759e-03 8.787912087912087600e+01 4.812471721680243064e+00
3.815477698903783743e+00 1.813833779597889004e-03 9.133734939759035854e+01 5.309563508782610519e+00
3.821777178949230969e+00 1.830898415393102585e-03 9.572727272727273373e+01 5.404423392721207087e+00
3.828076951026545771e+00 1.795694771849016581e-03 9.833333333333332860e+01 4.350023599247440309e+00
3.834316772867639944e+00 1.791896653628349866e-03 1.000645161290322562e+02 4.468178620792245148e+00
3.840583618544390898e+00 1.820001018717854217e-03 1.021785714285714306e+02 5.578006647832656206e+00
3.846911872181034475e+00 1.824281646184678762e-03 1.021632653061224545e+02 5.643954943587680795e+00
3.853313008086272973e+00 1.880829953221405115e-03 1.009069767441860535e+02 5.279479545616194258e+00
3.859656947796285653e+00 1.787945514535103963e-03 9.944117647058823195e+01 6.347355932641570497e+00
3.865825284683709118e+00 1.773175751446867720e-03 9.477777777777777146e+01 6.829794325964685164e+00
3.872064552013789740e+00 1.858490478498285668e-03 9.038095238095237960e+01 6.344601504741511633e+00
3.878243048288448236e+00 1.738115315901965106e-03 8.276923076923077360e+01 4.377186689371320938e+00
3.884441558101385361e+00 1.990091083924331716e-03 8.200000000000000000e+01 3.854496446637725615e+00
