# q qerr I(q) I(q)err
6.111313073595031620e-02 3.154100855865873791e-03 3.085000000000000000e+02 9.573734397095130078e+01
6.800242608866982619e-02 2.110752812487300123e-03 4.838333333333333144e+02 6.091615366861057623e+01
7.478812129850326285e-02 1.894856213165734514e-03 5.906666666666666288e+02 1.291152227304771998e+02
8.081736842982174818e-02 1.577734731020807597e-03 6.513333333333333712e+02 1.353773874656954490e+02
8.706192866790804508e-02 2.018057842609979804e-03 7.084615384615384528e+02 1.320447745471478243e+02
9.311361532868518698e-02 1.734318039620741251e-03 7.054166666666666288e+02 1.233600196353925753e+02
9.924832822165428892e-02 1.939409616079583844e-03 6.853125000000000000e+02 1.641220487168010038e+02
1.056867454532435108e-01 2.068262530006435406e-03 6.456250000000000000e+02 2.009171937639982275e+02
1.120935416356093062e-01 1.699923986068800717e-03 5.978846153846153584e+02 1.925199828251141696e+02
1.177168722532570266e-01 1.903764278506084144e-03 6.079375000000000000e+02 1.985393390253553889e+02
1.242406998858587575e-01 2.007415885574503726e-03 6.096071428571428896e+02 1.672015769869972530e+02
1.307844605212421796e-01 1.948859987027574741e-03 6.197500000000000000e+02 1.439046062997488491e+02
1.372938405551752672e-01 1.976444694498947011e-03 6.115483870967741495e+02 1.396861950606812854e+02
1.433626874055373979e-01 1.479129257371093872e-03 5.916399999999999864e+02 1.279155033606169098e+02
1.497414395840910573e-01 2.132896554945924294e-03 6.092972972972972912e+02 1.214728339140436901e+02
1.562016171858009728e-01 1.470810848565314282e-03 5.954074074074073906e+02 1.161748245064668339e+02
1.620883487451751925e-01 1.817360580555445800e-03 5.989393939393939945e+02 1.114565845876047092e+02
1.684939590642719198e-01 1.975568076388520972e-03 5.895135135135135442e+02 1.111729547070272019e+02
1.749358117034872373e-01 1.810730169671130639e-03 5.936857142857143117e+02 1.033566956254516072e+02
1.813634234827302405e-01 1.982290824745188643e-03 5.940000000000000000e+02 1.051352207119304865e+02
1.877608813777307539e-01 1.710969833005861022e-03 5.941351351351351013e+02 1.106382539117191612e+02
1.936838392192468117e-01 1.708352888559126238e-03 5.956842105263158373e+02 1.072763149825379116e+02
1.998200724089964908e-01 1.901042836663710675e-03 6.003488372093023600e+02 1.056131726587556443e+02
2.064988844748374130e-01 2.083185659227047067e-03 5.913125000000000000e+02 1.281761178515717177e+02
2.131062600015138364e-01 1.923054290541973939e-03 6.107659574468085566e+02 1.116256272994083503e+02
2.193208008558340527e-01 1.649587748772136844e-03 6.118837209302325846e+02 1.161951348224565947e+02
2.255197753110727010e-01 1.943898002345461392e-03 6.186470588235293917e+02 1.112439726604870884e+02
2.319084130262620835e-01 1.853433278599466881e-03 6.226399999999999864e+02 1.124375524457909847e+02
2.380456302514551703e-01 1.717913041466973250e-03 6.256041666666666288e+02 1.128104128000208846e+02
2.441826744061198484e-01 1.910984005326162374e-03 6.290545454545454049e+02 1.067147336601900065e+02
2.508567628905887248e-01 1.865639566994751813e-03 5.885322580645160997e+02 1.445741225083641268e+02
2.571616352083493928e-01 2.042758540577210586e-03 5.731341463414634063e+02 1.479612943181419666e+02
2.636090936505812721e-01 1.759536909171210452e-03 5.810259740259740511e+02 1.315915055693172917e+02
2.696276322290375727e-01 1.767913466712890637e-03 5.880000000000000000e+02 1.237185313524210812e+02
2.756934411426098519e-01 1.847457432374286813e-03 5.985833333333333712e+02 1.157802207797580962e+02
2.820483295007140123e-01 1.942127748479487680e-03 6.022471910112359410e+02 1.144685231739562852e+02
2.885873542857223528e-01 1.999902870285049771e-03 6.104736842105263577e+02 1.111030890609796131e+02
2.950059364807982032e-01 1.753155416080761590e-03 6.118372093023256184e+02 1.100204821385299709e+02
3.012776628394395750e-01 1.916275679195857595e-03 6.180736842105262667e+02 1.085690931059080668e+02
3.076468654533095481e-01 1.858480647863890167e-03 6.196774193548386620e+02 1.065753305191629181e+02
3.139397285054469910e-01 1.849733180513128640e-03 6.255744680851063322e+02 1.044118559946612805e+02
3.202097007249891103e-01 1.889977811219999311e-03 6.286428571428571104e+02 1.046600494339739384e+02
3.264390569218261762e-01 1.757358001834326191e-03 6.345161290322580498e+02 1.020014622462911120e+02
3.326951465344144543e-01 1.930481388006281569e-03 6.464326923076922640e+02 9.747149294983546497e+01
3.390239669727912464e-01 1.785238221274862988e-03 6.458163265306122867e+02 9.799794407485694592e+01
3.452290355408559885e-01 1.822729964848564038e-03 6.543725490196078454e+02 9.592021887527742763e+01
3.515217579766085620e-01 1.894166946962649433e-03 6.609047619047619264e+02 9.297085833134066490e+01
3.581115149106128270e-01 1.984833837990382030e-03 6.691946902654867699e+02 9.148591029893619009e+01
3.646365217867122976e-01 1.807385512883236643e-03 6.771682242990654004e+02 9.052454307503094810e+01
3.707522342694583029e-01 1.646676631311451595e-03 6.803099999999999454e+02 9.050136463059547509e+01
3.768404479121448269e-01 1.835047814059704218e-03 6.917027027027027088e+02 8.629046338442114461e+01
3.831651369708888866e-01 1.834489868729198949e-03 6.905765765765765991e+02 8.286098614007187280e+01
3.894643253735652899e-01 1.853753096359237081e-03 6.895840707964601961e+02 7.900761895590628114e+01
3.958807651630259494e-01 1.912159574900255954e-03 6.876833333333332803e+02 7.722616406805836675e+01
4.022473572087105209e-01 1.746533598099251966e-03 6.886216216216216708e+02 7.364442999736778006e+01
4.083991683103055381e-01 1.862831917861469243e-03 6.941008403361344108e+02 6.930864417672580657e+01
4.147868792651558945e-01 1.850918924272050396e-03 6.962396694214876334e+02 6.678968404386506563e+01
4.211381020132339281e-01 1.813003092898375071e-03 7.046363636363636260e+02 6.456252247852761172e+01
4.273404438934948479e-01 1.765577699919095717e-03 7.080084033613445627e+02 6.154120024610418227e+01
4.337195733954657406e-01 1.911235613422362228e-03 7.140769230769230944e+02 5.741772091050125226e+01
4.400834723796714920e-01 1.795304431444431784e-03 7.162741935483870748e+02 5.679838079905429993e+01
4.463380503116383125e-01 1.781136916513354146e-03 7.152063492063491594e+02 5.712836015402183421e+01
4.525475293404462862e-01 1.782735370135076804e-03 7.135748031496062822e+02 5.700453181136825265e+01
4.588781844142776345e-01 1.863542184770878652e-03 7.082985074626865298e+02 5.632384759166863120e+01
4.652813857520213814e-01 1.809454061223974295e-03 7.039398496240601162e+02 5.318597380299676303e+01
4.715886271752884884e-01 1.786725641485754782e-03 6.950298507462686075e+02 5.142280915944754582e+01
4.778700308571910971e-01 1.749120838384908864e-03 6.913984962406015029e+02 4.884140963058828788e+01
4.841075358786299798e-01 1.812598873705853009e-03 6.875072463768116222e+02 4.784516088686352475e+01
4.904685449060671165e-01 1.813034819841214708e-03 6.798071428571428214e+02 4.769393492438456406e+01
4.967988078032400945e-01 1.775169993053363985e-03 6.790354609929078151e+02 4.529257592288936252e+01
5.030461340587593089e-01 1.710738770771227935e-03 6.753043478260869961e+02 4.293140144455685459e+01
5.093789740337634209e-01 1.844995629980458740e-03 6.767583892617449237e+02 4.062630982113002887e+01
5.157895609665918979e-01 1.772173611217854692e-03 6.743013698630137469e+02 3.880819016579431491e+01
5.220653538623039047e-01 1.710912446064493482e-03 6.738531468531468818e+02 3.847801744877971686e+01
5.282420832211931483e-01 1.776221308977217429e-03 6.736418918918918735e+02 3.719939535273663012e+01
5.345849814872509764e-01 1.797460663252185451e-03 6.730000000000000000e+02 3.711902973437010900e+01
5.409400198384390901e-01 1.769240412124692928e-03 6.742418300653595225e+02 3.719128210779003041e+01
5.471612929737256215e-01 1.671871176479489780e-03 6.758716216216216708e+02 3.761580608981689977e+01
5.535187503546902255e-01 1.843477994232445120e-03 6.802037037037036953e+02 3.738756655095029657e+01
5.599303633336802921e-01 1.774845713676194252e-03 6.839490445859872807e+02 4.025567502828186406e+01
5.661980099607780703e-01 1.715649351238413218e-03 6.937402597402597166e+02 3.393934148330605183e+01
5.724333289920446877e-01 1.764199560704661452e-03 7.028812500000000227e+02 3.421326725482382614e+01
5.786575496797814466e-01 1.687338640378493104e-03 7.138441558441558072e+02 3.544486333712809767e+01
5.849918082512260975e-01 1.882166412490617838e-03 7.275639534883721353e+02 3.644730669740717843e+01
5.913559560974818163e-01 1.673563701773732749e-03 7.391783439490445744e+02 3.829987150644289073e+01
5.976003341774964728e-01 1.789272139650604403e-03 7.535325443786982760e+02 3.843272794404120418e+01
6.039710484280985670e-01 1.760471037718898532e-03 7.659464285714285552e+02 3.834387517720973904e+01
6.103455122609070527e-01 1.778153705054047679e-03 7.749590643274854074e+02 4.004833866604276693e+01
6.165941547084902163e-01 1.709282904712068618e-03 7.768922155688622979e+02 4.341892796883549011e+01
6.227886440901039267e-01 1.708031916550016484e-03 7.729047619047619264e+02 4.443275958925523383e+01
6.292222757675741684e-01 1.895555695838723603e-03 7.611443850267379503e+02 4.163003890197845891e+01
6.355837393651907474e-01 1.609918394456906487e-03 7.419636363636363967e+02 3.864851288483642122e+01
6.417201133152361514e-01 1.735489606861494215e-03 7.250224719101123583e+02 3.459565249885800142e+01
6.480234646877054416e-01 1.746502386866512820e-03 7.050393258426965986e+02 3.163057154766995183e+01
6.543745591304535036e-01 1.808595843625667669e-03 6.875163043478261216e+02 2.856509227522066752e+01
6.607410482875138991e-01 1.776914150084337417e-03 6.717608695652173765e+02 2.478595753498895959e+01
6.669765730033264672e-01 1.670208017253243388e-03 6.592500000000000000e+02 2.288412634636427612e+01
6.731673103258457580e-01 1.796482171393593615e-03 6.509148936170212210e+02 2.201275660034926318e+01
6.795850853652600776e-01 1.822834825668488831e-03 6.416596858638743015e+02 2.137382791459206999e+01
6.858902177354958551e-01 1.747430487391250960e-03 6.342634408602150415e+02 2.158608109366566197e+01
6.921278880332987216e-01 1.765781770802452586e-03 6.274391534391534151e+02 2.097138254406390345e+01
6.985070946107704293e-01 1.847715388967816497e-03 6.245909090909091219e+02 1.954875471316853108e+01
7.048037128132643714e-01 1.757666077632949074e-03 6.202962962962963047e+02 1.854747999878449249e+01
7.109847861020758275e-01 1.767854622430342420e-03 6.179531250000000000e+02 1.850767454131078082e+01
7.172345948602801835e-01 1.822657136245004524e-03 6.151565656565657036e+02 1.778651501319642136e+01
7.236608500653414211e-01 1.906739358311473767e-03 6.122780487804877794e+02 1.698714424502917453e+01
7.299519259881649402e-01 1.814756391122580772e-03 6.093010204081632537e+02 1.723199160797080864e+01
7.362298620906445601e-01 1.872001608046580190e-03 6.060833333333333712e+02 1.742570597589003967e+01
7.427109241448597299e-01 1.961252361706546793e-03 6.024579439252336215e+02 1.751602463103460039e+01
7.489749171607754663e-01 1.795506848231544564e-03 5.985076923076923094e+02 1.817793056877799884e+01
7.553119902396251417e-01 1.968290517240121971e-03 5.960456621004566387e+02 1.757847233650778307e+01
7.617428847945948434e-01 1.878647625832918257e-03 5.914927536231883778e+02 2.627311330108559773e+01
7.679897535333021219e-01 1.889655825210407886e-03 5.915550239234449919e+02 1.226173341961106544e+01
7.742716946001383382e-01 1.890740870187222538e-03 5.880187793427229508e+02 1.896549172437365627e+01
7.806130493972306406e-01 1.874127862848933099e-03 5.863349056603773306e+02 1.663503302078795087e+01
7.869955317179381238e-01 1.962138593108325030e-03 5.837187500000000000e+02 1.636375022507284172e+01
7.933337815560531636e-01 1.823456314192357453e-03 5.820190476190475692e+02 1.612509768994297232e+01
7.995722808394026826e-01 1.873920736445982161e-03 5.794027149321267416e+02 1.571991288215369131e+01
8.059029702364099990e-01 1.855844282913126459e-03 5.767579908675799061e+02 1.637557646611213613e+01
8.122482529694946551e-01 1.899897789708842157e-03 5.749867841409691209e+02 1.681775167870881660e+01
8.185971333973350861e-01 1.831057107996742058e-03 5.740313901345291470e+02 1.826447600325589349e+01
8.248840800988579414e-01 1.805078930334647752e-03 5.737040358744394553e+02 1.849495997321178464e+01
8.311527541867054225e-01 1.843524136775542745e-03 5.718602620087335708e+02 1.788968972496189025e+01
8.375116084758876811e-01 1.829773299230467044e-03 5.707043478260869733e+02 1.825907755182277370e+01
8.438261475186588090e-01 1.817550564165925373e-03 5.696637931034482563e+02 1.931069022936166135e+01
8.500843452560248314e-01 1.755513946144033992e-03 5.681592920353982663e+02 2.144641653533073011e+01
8.563647400134730692e-01 1.844487251387733453e-03 5.677053941908714023e+02 2.294407673421736504e+01
8.626696591174244366e-01 1.710203360544058351e-03 5.690043859649123306e+02 2.679650409249212117e+01
8.689830853488446083e-01 1.844123492424595270e-03 5.720121951219512084e+02 3.168794592763673634e+01
8.753179752476163422e-01 1.741457950302257533e-03 5.806510638297872902e+02 4.317840468399423770e+01
8.815756228481118617e-01 1.752464905610253906e-03 6.044190871369294200e+02 6.912647292065032900e+01
8.877944678552249780e-01 1.716242394594354789e-03 6.589198312236286483e+02 1.274415957343206287e+02
8.941407927930166144e-01 1.839522330085644050e-03 7.343438735177865055e+02 2.023877957513270758e+02
9.005003621585947471e-01 1.752218829319661820e-03 8.210448979591836860e+02 2.884803926490333765e+02
9.067627482844141662e-01 1.720498064613873055e-03 8.954877049180328186e+02 3.667622429193443736e+02
9.130278025298368405e-01 1.789374596252915357e-03 9.274603174603174693e+02 4.173269438099227386e+02
9.193563827426239898e-01 1.786117629316656989e-03 9.706230158730159019e+02 4.780259581910374891e+02
9.256709965929463824e-01 1.773964252230773864e-03 9.784352941176470040e+02 5.184444270997352078e+02
9.319487846442510159e-01 1.740175819907428248e-03 9.779519999999999982e+02 5.442790584837892993e+02
9.382375230166524194e-01 1.835219923763222079e-03 9.372251908396946192e+02 5.193887075571682317e+02
9.445114335627492475e-01 1.754301698834087597e-03 8.654426877470356203e+02 4.491964536799643497e+02
9.507739483173833772e-01 1.796477233495237351e-03 7.655747126436781400e+02 3.332110314013796142e+02
9.571000001339345920e-01 1.844157663989784944e-03 6.782490566037736244e+02 2.128937533874563712e+02
9.634651872700409347e-01 1.860525514413665987e-03 6.198308270676691336e+02 1.202315313071839284e+02
9.697902983397413967e-01 1.869026222830578836e-03 6.123646616541353751e+02 6.609727373949696982e+01
9.761731987705594138e-01 1.898719003246270758e-03 6.764464944649446352e+02 1.086693997988185032e+02
9.824546988499620603e-01 1.850375251942234242e-03 9.094301886792452478e+02 3.049992291278797438e+02
9.887603507672997338e-01 1.885371791598095068e-03 1.438007352941176578e+03 5.562816018539554079e+02
9.951547945742836854e-01 1.923480157877882840e-03 2.267622775800711679e+03 6.537751080812553255e+02
1.001497999719481502e+00 1.820392376112148691e-03 3.265146616541353524e+03 6.969491584260073296e+02
1.007730073445106012e+00 1.872875193246743668e-03 3.938118705035971288e+03 7.902491575069393548e+02
1.014110590476311025e+00 1.881534321868284657e-03 4.214450354609929491e+03 8.261134507617585996e+02
1.020442888611849064e+00 1.823625195420996601e-03 4.236279569892472864e+03 8.924506521765316620e+02
1.026691701700078063e+00 1.782759485576686145e-03 4.142619565217391028e+03 9.260315315199856059e+02
1.033057845114525142e+00 1.884320384582664851e-03 3.843071428571428442e+03 8.984148144450780364e+02
1.039437792018165441e+00 1.793463056649077922e-03 3.430328621908127388e+03 8.996203690241766253e+02
1.045681248368910410e+00 1.745618337461533540e-03 2.895042553191489333e+03 8.388987261929827355e+02
1.051944871571292683e+00 1.801987856022948175e-03 2.298265517241379257e+03 7.530150770590454385e+02
1.058324809813473877e+00 1.829265674919061668e-03 1.651838383838383834e+03 5.702123240935567310e+02
1.064596602572098316e+00 1.714864743882408334e-03 1.092091549295774712e+03 3.424688929600883398e+02
1.070868750588993112e+00 1.792957436204007347e-03 7.282558922558922632e+02 1.583054287806228615e+02
1.077195490251847465e+00 1.798916779777443367e-03 5.621304347826087451e+02 5.824363669660709064e+01
1.083505800573759448e+00 1.740543057611223946e-03 5.087918088737201288e+02 2.573354486988818124e+01
1.089676915900379850e+00 1.748165881083384946e-03 4.906088435374149412e+02 1.950114472920644815e+01
1.096052400832523421e+00 1.863573573199493825e-03 4.821597444089456985e+02 1.799131602060373680e+01
1.102364289960501065e+00 1.744372504095847640e-03 4.760983050847457889e+02 1.685493917024426480e+01
1.108625070827478076e+00 1.829094711995288541e-03 4.702508143322475576e+02 1.708437941233805901e+01
1.114924075445366869e+00 1.842999932655674591e-03 4.538831168831168839e+02 4.270822464529335605e+01
1.121282665432693726e+00 1.762017027877181303e-03 4.611488549618320576e+02 2.932239481744224108e+01
1.127553932619258736e+00 1.851826979229859085e-03 4.603643122676579651e+02 2.623376904539787446e+01
1.133905639228342421e+00 1.803927404845938115e-03 4.579137254901961001e+02 2.570069165821963608e+01
1.140144523104706709e+00 1.820967272376473748e-03 4.552007874015748143e+02 2.732985738788641683e+01
1.146455214771981312e+00 1.831860927088285957e-03 4.535577689243027635e+02 2.443296953864149756e+01
1.152869066430118439e+00 1.902391342003174283e-03 4.527915057915058128e+02 2.424325984573863479e+01
1.159252377890596986e+00 1.791659613503928782e-03 4.506016597510373458e+02 2.487732232290859358e+01
1.165575291556828930e+00 1.872439892399787795e-03 4.523984063745019739e+02 2.244307165284729777e+01
1.171828433925186763e+00 1.747387590499659572e-03 4.499826839826839660e+02 2.455772538890117929e+01
1.178029580193284076e+00 1.845903894892485285e-03 4.502427983539094498e+02 2.412458385282337403e+01
1.184400904434957269e+00 1.829516060217846983e-03 4.488828451882845343e+02 2.402157350732078811e+01
1.190737654720273042e+00 1.816225366119703435e-03 4.492658227848101546e+02 2.423596370387301846e+01
1.196977477342464180e+00 1.780548390738201196e-03 4.477205240174672554e+02 2.182981356063981693e+01
1.203312963818603976e+00 1.874247930763579166e-03 4.461942148760330724e+02 2.290332414031763264e+01
1.209645773529357093e+00 1.750259837788138012e-03 4.426769911504424613e+02 2.279342566924781721e+01
1.215952225700388523e+00 1.837678281197498587e-03 4.410466101694915437e+02 2.098844858833926352e+01
1.222254898926581568e+00 1.775628514659025698e-03 4.180823970037453137e+02 5.382758818369868692e+01
1.228537298751265050e+00 1.780223345631782141e-03 4.252318840579710013e+02 3.616139302219437468e+01
1.234759587745337228e+00 1.795376270296014523e-03 4.230071684587813365e+02 3.354614821895510346e+01
1.241110555825225781e+00 1.895169703334604900e-03 4.208993288590604038e+02 3.241808878572108910e+01
1.247523323486311897e+00 1.874537877840588536e-03 4.172702702702702595e+02 3.053872423443809225e+01
1.253854431820907944e+00 1.857283623330970761e-03 4.164026845637583847e+02 3.064595841057009196e+01
1.260138295168494293e+00 1.856490137450314505e-03 4.126279069767442138e+02 3.145122012688337421e+01
1.266501421045549414e+00 1.881588491645209797e-03 4.118199356913183351e+02 3.127277235015030499e+01
1.272807251993681055e+00 1.824447191781883651e-03 4.081016393442623098e+02 3.086522531644619249e+01
1.279100636071537789e+00 1.831925956271344968e-03 4.064044585987261371e+02 3.025812720305372849e+01
1.285385940199903265e+00 1.796864974607813087e-03 4.040993589743589496e+02 3.102635455579169843e+01
1.291734086560349049e+00 1.833790085687247952e-03 4.028282208588956905e+02 3.062033530714440488e+01
1.297999116585571544e+00 1.712347548001254965e-03 3.990841423948219813e+02 3.045070803031260454e+01
1.304332283077917598e+00 1.862331657852500611e-03 3.987581120943953010e+02 3.083120490001215686e+01
1.310629912671008812e+00 1.689758514739712848e-03 3.959583333333333144e+02 3.070853555581746974e+01
1.316859893871710430e+00 1.807323329610554348e-03 3.954298507462686416e+02 3.011329509242112579e+01
1.323169508333509325e+00 1.772103529485381237e-03 3.937477203647416673e+02 2.987531376191321542e+01
1.329416719622044551e+00 1.761213072716576004e-03 3.916042296072507725e+02 3.187867665227295078e+01
1.335676763851219473e+00 1.808340606324402439e-03 3.894404761904762040e+02 3.095677910602212535e+01
1.342102166253144047e+00 1.916040745002256648e-03 3.888253521126760575e+02 3.193073477154858963e+01
1.348432554966731090e+00 1.804515701739407276e-03 3.868912386706948610e+02 3.114419130523130619e+01
1.354697325729501189e+00 1.895450207138361931e-03 3.862634560906515730e+02 3.290852469010864212e+01
1.361035554581970564e+00 1.836151892644552735e-03 3.846337209302325846e+02 3.216935936345416991e+01
1.367445372286436589e+00 1.911657172750392099e-03 3.845397260273972506e+02 3.084682500473848421e+01
1.373833054624600258e+00 1.794265400870382644e-03 3.818753623188405868e+02 3.118023881540344533e+01
1.380048052911932777e+00 1.791287036868802413e-03 3.829686609686609700e+02 3.228874465110446579e+01
1.386332670155489666e+00 1.806335848089170130e-03 3.854747191011235827e+02 3.277494963490037350e+01
1.392624520144640332e+00 1.796075039907524609e-03 4.015500000000000114e+02 3.771437428591092811e+01
1.398923000198597277e+00 1.771229759338340285e-03 4.383623595505617914e+02 4.588739937374082700e+01
1.405184482923453881e+00 1.808998902686751115e-03 4.990135869565217490e+02 4.771848908066743178e+01
1.411475199677901360e+00 1.734371386327675756e-03 5.605168539325842403e+02 3.856081639488812840e+01
1.417706081410672780e+00 1.817237095201347432e-03 6.035322580645160997e+02 3.255872053216527462e+01
1.424046144262549829e+00 1.816956160244514703e-03 6.221517615176152276e+02 3.590780324176258631e+01
1.430457268966005335e+00 1.925855730949348329e-03 6.300488431876606228e+02 4.053948916875118869e+01
1.436865665354877475e+00 1.843763745384080412e-03 6.311102150537634543e+02 4.320747618620320196e+01
1.443084111958556903e+00 1.831535442318516687e-03 6.283279569892473546e+02 4.857419547046519170e+01
1.449466238371406979e+00 1.910439897345804971e-03 6.211265822784810098e+02 4.488705368508250615e+01
1.455780432464144347e+00 1.769262236301017126e-03 6.079135135135135215e+02 4.394994529855298282e+01
1.462109939136078340e+00 1.873282905934200038e-03 5.852681704260651259e+02 4.055762860340730214e+01
1.468414112563870999e+00 1.734923018383166060e-03 5.595573333333333039e+02 3.811022871152106717e+01
1.474680891373796765e+00 1.804015195942032307e-03 5.318350253807107038e+02 3.355970933345530227e+01
1.480924591063775386e+00 1.742163032935032654e-03 4.982193211488250881e+02 3.067371436357337444e+01
1.487138550370334267e+00 1.742602934721402272e-03 4.651465295629819821e+02 2.776090509665125694e+01
1.493462591150057195e+00 1.833511633313982111e-03 4.288193069306930738e+02 2.645108640607342565e+01
1.499809278721849770e+00 1.805357266360340307e-03 3.975390428211587164e+02 2.837035490576077734e+01
1.506175762378094918e+00 1.888906516140883814e-03 3.766723716381417830e+02 3.292188168706324802e+01
1.512543466733061504e+00 1.879653113941155348e-03 3.674068627450980671e+02 3.649193664785988034e+01
1.518927121842702510e+00 1.865813122140227640e-03 3.643455882352941444e+02 3.650686940619299747e+01
1.525176469146275027e+00 1.826629940430822378e-03 3.636104218362282836e+02 3.595059494705830616e+01
1.531416651941075235e+00 1.798854978931840659e-03 3.628267326732673155e+02 3.695463830330669452e+01
1.537728221615372926e+00 1.856986876758172280e-03 3.623617021276595551e+02 3.775020615153879078e+01
1.544096010846849332e+00 1.769518617434322075e-03 3.614963503649635186e+02 3.812338276657376923e+01
1.550405005344789089e+00 1.809055686031393537e-03 3.610283687943262407e+02 3.810321579918669954e+01
1.556696834359960313e+00 1.740139413919524446e-03 3.606529126213592349e+02 3.835317544281399904e+01
1.562969221032702194e+00 1.804120915253569534e-03 3.613844339622641542e+02 3.912388770189696174e+01
1.569251838380229191e+00 1.803338776033149233e-03 3.603031026252983224e+02 3.885358382824982471e+01
1.575556094315494926e+00 1.863019847936644557e-03 3.595687645687645499e+02 3.941864213552223362e+01
1.581892448177514066e+00 1.865480693804838323e-03 3.608379629629629903e+02 3.966752728321674937e+01
1.588269483401412163e+00 1.861295980786164313e-03 3.649516129032257936e+02 3.974129865879145740e+01
1.594574325321363339e+00 1.830133252637398044e-03 3.696921296296296191e+02 4.087627405904225242e+01
1.600916934751582588e+00 1.832077894544300927e-03 3.784874715261959182e+02 4.459864469183271751e+01
1.607201343968552854e+00 1.780442356845074459e-03 3.914745370370370097e+02 4.740812739072778470e+01
1.613445462524496721e+00 1.775524639999344866e-03 4.048830275229357767e+02 4.812440676224833425e+01
1.619730849749851931e+00 1.787630240083115185e-03 4.140428893905191785e+02 4.852488198375317552e+01
1.625979803600224649e+00 1.755895091839796123e-03 4.211195402298850468e+02 4.889206746293957195e+01
1.632226613292544926e+00 1.821174808670054370e-03 4.305167785234899611e+02 4.926593454256771309e+01
1.638606704061473573e+00 1.894452323361247963e-03 4.523145336225596793e+02 5.067538876391444091e+01
1.645050487946952522e+00 1.887301666918968484e-03 5.062717391304348098e+02 4.958903508595567899e+01
1.651415996904310735e+00 1.851783837096881687e-03 5.807083333333333712e+02 4.084531465825870100e+01
1.657788871265904573e+00 1.852242853945953917e-03 6.434686825053995562e+02 3.962460905446089043e+01
1.664006124760511351e+00 1.741113674427757210e-03 6.743015873015873467e+02 4.589525663484912599e+01
1.670281873961185770e+00 1.842366346193471905e-03 6.847145877378435443e+02 5.110568546196920892e+01
1.676541801276667298e+00 1.721555322686186195e-03 6.857533632286995271e+02 5.199932354075323104e+01
1.682793682471841024e+00 1.824670227224382997e-03 6.838839662447256842e+02 5.355604545194551491e+01
1.689107465299970467e+00 1.791603935857043455e-03 6.793210412147504940e+02 5.612176502600699735e+01
1.695415952935033443e+00 1.877357617877282179e-03 6.749832985386220798e+02 5.632275113839146030e+01
1.701806617780016628e+00 1.875253898477295287e-03 6.650605427974948043e+02 5.661491915182044465e+01
1.708145235544118012e+00 1.851238026496159058e-03 6.688547368421052397e+02 4.779208988897303811e+01
1.714469347376187613e+00 1.845626368464784459e-03 7.035590062111800762e+02 4.374305333384115357e+01
1.720739519194126599e+00 1.771881702320935673e-03 7.572542735042735558e+02 4.776782335561814108e+01
1.726990948287859817e+00 1.820993782645452704e-03 7.917102040816326962e+02 5.142159792371203508e+01
1.733361150263370787e+00 1.784216608021570085e-03 7.923264462809917177e+02 5.365224626042246570e+01
1.739571674833123582e+00 1.760427731239605715e-03 7.696289308176100121e+02 5.441133324890643763e+01
1.745888420135642827e+00 1.855122891619970195e-03 7.388614457831325808e+02 5.529098456626419278e+01
1.752250177420427102e+00 1.860925844240075020e-03 7.032732793522267229e+02 5.318958873055429848e+01
1.758607387389414800e+00 1.864192030273802104e-03 6.711559999999999491e+02 5.673163117697217217e+01
1.764972322429467777e+00 1.851098948525789619e-03 6.503279999999999745e+02 5.739405084152886616e+01
1.771273520234028620e+00 1.808016239517707931e-03 6.356189516129031745e+02 5.661554344603985101e+01
1.777586992161852564e+00 1.807004964737956481e-03 6.244990099009901314e+02 5.283958065870532295e+01
1.783840233931820451e+00 1.746107465683986813e-03 6.091038696537677879e+02 5.196291185829463188e+01
1.790071520275328565e+00 1.795583184790444783e-03 5.920925196850394059e+02 4.891968236835401740e+01
1.796393698957722052e+00 1.819993601147859141e-03 5.677312252964427444e+02 4.701242746022365537e+01
1.802712928873270393e+00 1.883216042231023422e-03 5.417931034482758150e+02 4.399232448456538691e+01
1.809114577024696358e+00 1.850157529878445435e-03 5.114186046511628092e+02 4.478438871826003975e+01
1.815345782948464493e+00 1.803540499391122600e-03 4.807292490118576893e+02 4.196970101263755737e+01
1.821700705453981772e+00 1.863872113208649628e-03 4.484347014925373287e+02 4.136852373569056596e+01
1.828034416566336029e+00 1.759461126105644731e-03 4.160590551181102228e+02 4.014732434876954414e+01
1.834289862490237510e+00 1.817049905439401892e-03 3.951468926553672532e+02 4.144357653824791754e+01
1.840620947190598100e+00 1.780340576699249600e-03 3.860615384615384755e+02 4.248556524795062472e+01
1.846876290479544158e+00 1.833628160635640113e-03 3.833345935727788287e+02 4.355191829317606533e+01
1.853225331533147280e+00 1.864396810776891523e-03 3.837574074074074133e+02 4.349391140398969924e+01
1.859586416204100923e+00 1.843230203276794224e-03 3.848355140186915833e+02 4.444974818316786980e+01
1.865884580336470755e+00 1.827085395033201023e-03 3.844357541899441344e+02 4.319744779329294460e+01
1.872200528994375501e+00 1.799198018262535481e-03 3.844203703703703923e+02 4.420302478958534209e+01
1.878453452628845000e+00 1.760356359008985331e-03 3.832015065913370790e+02 4.471543505764198301e+01
1.884712324747962020e+00 1.805687576808031941e-03 3.821788321167883282e+02 4.579473906937219141e+01
1.891113706724730337e+00 1.861939656346446982e-03 3.797967625899280506e+02 4.544982669148942733e+01
1.897400945427566432e+00 1.833350088909791505e-03 3.784393382352941444e+02 4.487725165373484515e+01
1.903772875545957088e+00 1.875180743362649160e-03 3.773556338028168966e+02 4.510717904522925892e+01
1.910018917854334752e+00 1.739883276586547947e-03 3.756086956521739353e+02 4.429936842555357401e+01
1.916236012056648175e+00 1.833205283437960029e-03 3.756105263157894569e+02 4.393550191720275677e+01
1.922638163561010805e+00 1.793373418488206777e-03 3.747178571428571558e+02 4.331706483439691624e+01
1.928888348891847349e+00 1.792288115248428593e-03 3.740539568345323573e+02 4.331485936511604962e+01
1.935240631371640818e+00 1.865766417879262265e-03 3.738460207612456543e+02 4.196313965539173552e+01
1.941608872090050619e+00 1.856644915843207438e-03 3.752688927943760859e+02 4.242817000956710416e+01
1.947917338414854704e+00 1.837601359788319485e-03 3.820490367775831828e+02 4.390705587008361732e+01
1.954236834815996637e+00 1.805754229573221887e-03 3.975839160839161082e+02 5.467680879022307749e+01
1.960488135501994522e+00 1.772905664188001006e-03 4.436831858407079494e+02 1.015018372339178541e+02
1.966755922696415082e+00 1.810201296061439468e-03 5.321084337349398083e+02 1.901483082607834376e+02
1.973091583736556354e+00 1.814240900008777741e-03 6.586931034482759060e+02 2.907944174436797198e+02
1.979420480567132490e+00 1.865397302840512408e-03 8.005449915110356187e+02 3.387275214544724236e+02
1.985762243830389018e+00 1.849873766110382307e-03 1.012164406779661022e+03 3.164723010262714524e+02
1.992143605840229093e+00 1.840662096304069391e-03 1.286631490787269740e+03 2.499789859156908562e+02
1.998372952698491245e+00 1.738412627792555948e-03 1.522782073813708166e+03 1.962638452202658641e+02
2.004614638405731508e+00 1.821010887715033720e-03 1.653687086092715163e+03 1.949572441934538176e+02
2.010981699228176822e+00 1.807963355431743604e-03 1.700816498316498382e+03 2.071556524324283828e+02
2.017216781415232862e+00 1.822968187424302972e-03 1.732097807757166947e+03 2.220138413295864552e+02
2.023555507756473748e+00 1.866836436713831520e-03 1.715889430894309044e+03 2.252234603829734567e+02
2.029945947492921121e+00 1.842053164818473936e-03 1.722106907894736878e+03 2.314748556805401449e+02
2.036236367431154548e+00 1.802040352124230577e-03 1.715575206611570138e+03 2.463092774760085604e+02
2.042538823796997693e+00 1.786279422623429517e-03 1.681694581280788270e+03 2.405152135696527864e+02
2.048720173306640469e+00 1.747373060808409071e-03 1.634986440677966129e+03 2.444793252427063237e+02
2.055017041239767028e+00 1.892889576395914968e-03 1.562837245696400714e+03 2.389922959935842641e+02
2.061465280497128294e+00 1.850343878148330047e-03 1.457189102564102541e+03 2.223855614483663601e+02
2.067778354784032935e+00 1.826644103880053095e-03 1.361818035426731058e+03 2.148886925148800344e+02
2.074107962816127415e+00 1.810449409964311413e-03 1.263150793650793730e+03 2.140888772026695790e+02
2.080392027050733006e+00 1.757304311173108879e-03 1.155586319218240988e+03 2.236506062293958905e+02
2.086560915145909245e+00 1.789004268885935290e-03 1.025474878444084197e+03 2.241198645184978488e+02
2.092907509218693285e+00 1.897916204239676529e-03 8.952637195121951663e+02 2.090076533209090144e+02
2.099341076602548206e+00 1.841856996552926774e-03 7.544359375000000227e+02 1.798464962187155720e+02
2.105598503643897335e+00 1.780460926307301031e-03 6.303402555910543015e+02 1.415874449871130025e+02
2.111872942412509335e+00 1.813036870717739954e-03 5.033024691358024825e+02 9.411129163794933561e+01
2.118179840511383194e+00 1.773074262998883873e-03 4.012645669291338777e+02 4.730152595835271967e+01
2.124489700938873238e+00 1.854176769044688739e-03 3.430917431192660274e+02 2.083925617909149608e+01
2.130866139955553962e+00 1.876679961187130126e-03 3.188199697428138961e+02 2.077297486335143617e+01
2.137196345481136905e+00 1.803165093871285981e-03 3.115185758513931660e+02 2.184694846831345316e+01
2.143477781291089013e+00 1.808033309626025679e-03 3.103068702290076430e+02 2.445714825349498511e+01
2.149749346762158453e+00 1.787076492040512573e-03 3.153410138248847829e+02 2.816016392850614736e+01
2.156014428448592479e+00 1.811767013668930289e-03 3.270593607305935961e+02 3.372820327308886590e+01
2.162388958755252943e+00 1.899773100682969557e-03 3.426000000000000227e+02 3.817453196191078035e+01
2.168776559916051561e+00 1.828625003914755194e-03 3.571231231231231504e+02 3.870220149993386372e+01
2.175079146577416189e+00 1.799027495536281414e-03 3.659611940298507307e+02 3.833736636830860789e+01
2.181358965593887422e+00 1.775037425494343461e-03 3.708524096385542066e+02 3.771066107436979564e+01
2.187625576602315824e+00 1.830837683859201127e-03 3.762677514792899274e+02 4.038169961513865758e+01
2.193923842198696850e+00 1.837507381709080519e-03 3.917063142437591523e+02 5.416268214188828267e+01
2.200310743338333541e+00 1.859271066102410235e-03 4.336384505021520681e+02 8.956877825040260177e+01
2.206637920896229677e+00 1.789161753318371274e-03 5.078474074074073883e+02 1.413875112635109872e+02
2.212855268310565560e+00 1.778695396750237757e-03 6.183770250368188499e+02 1.852245139219095904e+02
2.219155297956861617e+00 1.826812665150635666e-03 7.753553956834532528e+02 1.954051558293519975e+02
2.225534449623195243e+00 1.883537061579874895e-03 9.736953455571226641e+02 1.515820188825150581e+02
2.231816049321749151e+00 1.789850136339156059e-03 1.156120411160058666e+03 9.087153675336308822e+01
2.238124350048766420e+00 1.838516226422660244e-03 1.263353351955307289e+03 9.367706440575800286e+01
2.244461256680506001e+00 1.769483755913013904e-03 1.301257597684515304e+03 1.173033064726689361e+02
2.250672411056880762e+00 1.815340560525242463e-03 1.311658536585365937e+03 1.229139998087563015e+02
2.256976265699253581e+00 1.875232856265233962e-03 1.311680939226519286e+03 1.277278539145181782e+02
2.263404067221236105e+00 1.844596500685106652e-03 1.310632231404958702e+03 1.359958446031865549e+02
2.269740131332425914e+00 1.784620609829179342e-03 1.298983026874115922e+03 1.381207104813050535e+02
2.275928662030326066e+00 1.770462641505800294e-03 1.274851851851851961e+03 1.447732554890806398e+02
2.282234771450446509e+00 1.859120215862977580e-03 1.245695121951219562e+03 1.555814781333513963e+02
2.288651494096741512e+00 1.861574731480084791e-03 1.213187245590230759e+03 1.654780146553194982e+02
2.294929189507614264e+00 1.787386468760323059e-03 1.174308988764044898e+03 1.675798750162992121e+02
2.301123790424945526e+00 1.773889529887621910e-03 1.115858333333333348e+03 1.620527495067120753e+02
2.307427473574251042e+00 1.823767960867003161e-03 1.033782138024357209e+03 1.548854205964599089e+02
2.313824548022820782e+00 1.807223345639351721e-03 9.645765230312035783e+02 1.575165968546678528e+02
2.320154992066300714e+00 1.861695907969135875e-03 8.836420118343195327e+02 1.481554886924471646e+02
2.326479049872378635e+00 1.797363522119922990e-03 7.942203389830508513e+02 1.396970732810969764e+02
2.332811122143054305e+00 1.834923033436536115e-03 6.996337386018236657e+02 1.337498479659485042e+02
2.339146829363451641e+00 1.809933127175767861e-03 6.042213500784929465e+02 1.240553505559216347e+02
2.345346999874724947e+00 1.788822558822959720e-03 5.110337620578778228e+02 1.117342774337024025e+02
2.351591514044208964e+00 1.821961582186779451e-03 4.236944881889763792e+02 9.050323372825212687e+01
2.357940827546205931e+00 1.821480796874143165e-03 3.408607594936709120e+02 6.140559038886156173e+01
2.364269371024037891e+00 1.822839816105960298e-03 2.812916666666666856e+02 3.123597655434222986e+01
2.370575565839220911e+00 1.828742917233826173e-03 2.503745980707395518e+02 1.778425968886561037e+01
2.376891771469677561e+00 1.815523241845057745e-03 2.389320388349514701e+02 1.651419305571414142e+01
2.383240749019818416e+00 1.833462819707767054e-03 2.347700964630224973e+02 1.771482266200887778e+01
2.389601619010945921e+00 1.828185711102788165e-03 2.322736156351791408e+02 1.817676086344452102e+01
2.395961259100775731e+00 1.812604844355751544e-03 2.274483306836247891e+02 2.381930584226740777e+01
2.402160007896914973e+00 1.807533258736503850e-03 2.275313432835820890e+02 2.266394246948644664e+01
2.408453972146052724e+00 1.793232887210479852e-03 2.309254385964912331e+02 2.223630805499627172e+01
2.414771780432101167e+00 1.830638750947721858e-03 2.372022955523672749e+02 2.626440108139756191e+01
2.421058800843912895e+00 1.849123668637423033e-03 2.504115983026874233e+02 3.302315069162002459e+01
2.427397847212681370e+00 1.833909450969152099e-03 2.717250000000000227e+02 3.874233391911229063e+01
2.433701938443864954e+00 1.777285794113256248e-03 2.971420534458509337e+02 3.816228200000415427e+01
2.440001432560962691e+00 1.835928632076300280e-03 3.211176470588235361e+02 3.068825198426137035e+01
2.446276920633820851e+00 1.825543246774167941e-03 3.376148555708390404e+02 2.487680165422973033e+01
2.452612917458465880e+00 1.850886418197054181e-03 3.466021220159151426e+02 2.130189835772760532e+01
2.458937188373468086e+00 1.764090576915684772e-03 3.490958904109589298e+02 2.130799526969186175e+01
2.465235494564519847e+00 1.842465198645606636e-03 3.491704095112285131e+02 2.121364518070364724e+01
2.471581205305689810e+00 1.856761058240425245e-03 3.486934210526316065e+02 2.124903281162140090e+01
2.477865992864338285e+00 1.798850075022648308e-03 3.465312916111851109e+02 2.162836901209843887e+01
2.484122936716935737e+00 1.780971833254360159e-03 3.443500660501981656e+02 2.001718490768530501e+01
2.490467721662181333e+00 1.849468727863495983e-03 3.424699872286079199e+02 2.060240642019302371e+01
2.496849546734450254e+00 1.852734310658727887e-03 3.382937420178799357e+02 2.201220876490972955e+01
2.503105859710241798e+00 1.772860352036017325e-03 3.334076517150396057e+02 2.048998865112366374e+01
2.509322203788900918e+00 1.804578376445024500e-03 3.271987179487179560e+02 2.028582293369692735e+01
2.515643032193938478e+00 1.830400595634155535e-03 3.191435768261964654e+02 1.965991638115879425e+01
2.522012436559997628e+00 1.844427975373299751e-03 3.087990074441687511e+02 2.050849361699832585e+01
2.528376527697731913e+00 1.805263014170996501e-03 2.986268844221105496e+02 1.862769361176269811e+01
2.534662305746367750e+00 1.817191430107880853e-03 2.876788413098236674e+02 1.706428737144797481e+01
2.540923642722284104e+00 1.847774197163838152e-03 2.751782178217821979e+02 1.661427257011321146e+01
2.547222087144660030e+00 1.810867478977307979e-03 2.624987623762376074e+02 1.636989273103778331e+01
2.553540685742163419e+00 1.807658101810726481e-03 2.494051407588739266e+02 1.570319505138992078e+01
2.559925401613222018e+00 1.856915584780679824e-03 2.358263473053892199e+02 1.476107710342972545e+01
2.566280305514876403e+00 1.838802799104265022e-03 2.212481840193704556e+02 1.555694726818677154e+01
2.572544852388987113e+00 1.785952156998167010e-03 2.079730061349693244e+02 1.525301455233915959e+01
2.578799894204640619e+00 1.806472379669163885e-03 1.974776299879081023e+02 1.565899511187938309e+01
2.585123793491197919e+00 1.855120447360665906e-03 1.928554641598119872e+02 1.624236519753590358e+01
2.591472256141813091e+00 1.805120360344933915e-03 1.934374255065554280e+02 1.615065773427888374e+01
2.597744265483155957e+00 1.788819714346394623e-03 1.954748201438848980e+02 1.524057463351270236e+01
2.604038454996993934e+00 1.850630787333012181e-03 1.967785547785547919e+02 1.464357835035270128e+01
2.610374414453144443e+00 1.837105816396599096e-03 1.973108265424912702e+02 1.454619393589272391e+01
2.616634120485421100e+00 1.761050173804210722e-03 1.974152744630071652e+02 1.389935266436780381e+01
2.622940397920966227e+00 1.848634675493098997e-03 1.979078498293515338e+02 1.398827087436525574e+01
2.629323187355575353e+00 1.839581463337864892e-03 1.982876712328767042e+02 1.398538843348044658e+01
2.635681273538560632e+00 1.815290224604702678e-03 1.981924398625429546e+02 1.371982213887212154e+01
2.641934789831782204e+00 1.778405014700361417e-03 1.976244131455399042e+02 1.344138014706396689e+01
2.648176773767660031e+00 1.853093332118325998e-03 1.972423900789177083e+02 1.325060371827111183e+01
2.654514065851063087e+00 1.823524830511773481e-03 1.970757062146892622e+02 1.309888524992753389e+01
2.660817448321032508e+00 1.798052776896779401e-03 1.965176336746302752e+02 1.333594944379175651e+01
2.667123571907564994e+00 1.844852426740933296e-03 1.965877777777777737e+02 1.382817788805536452e+01
2.673472329675100401e+00 1.839448802019330543e-03 1.979734219269103050e+02 1.416128171571568295e+01
2.679761377760365715e+00 1.786299887381436651e-03 1.994558823529411882e+02 1.448718950780221704e+01
2.686129035698236578e+00 1.877272974428747035e-03 1.971654294803817606e+02 2.777716507698820436e+01
2.692300573720700196e+00 1.798376592015874225e-03 2.001705948372614898e+02 1.705165586252087095e+01
2.698561328278970439e+00 1.798779619418457414e-03 1.991128848346636175e+02 1.429845329309845070e+01
2.704947056964875252e+00 1.860594623228957294e-03 1.972191011235954932e+02 1.374934091911817546e+01
2.711339925705444909e+00 1.826229981736538378e-03 1.956076388888888857e+02 1.423917706370863634e+01
2.717643416720191052e+00 1.774618570520191145e-03 1.944701670644391527e+02 1.442573047350196980e+01
2.723934694222051256e+00 1.823763048442502126e-03 1.953907910271546768e+02 1.597027340954828212e+01
2.730274673678132036e+00 1.841398355898408350e-03 1.994604486422668117e+02 1.886232620949082417e+01
2.736591263199737778e+00 1.788312012670147501e-03 2.077853658536585328e+02 2.194883211949727553e+01
2.742885231028380222e+00 1.844652457607765493e-03 2.177685851318944970e+02 2.175027510274454201e+01
2.749161241756704843e+00 1.804773587711254630e-03 2.276375921375921507e+02 2.065403944858949004e+01
2.755398232824302962e+00 1.776157869081165970e-03 2.333296158612143643e+02 1.925713475326869784e+01
2.761751565609168679e+00 1.857903093933079139e-03 2.369139784946236489e+02 1.901268897895306864e+01
2.768124311574730267e+00 1.813883183384283311e-03 2.378723926380368141e+02 1.790399075460822687e+01
2.774423663616722546e+00 1.776295681999270643e-03 2.389238451935081287e+02 1.744881147027900781e+01
2.780754869867226198e+00 1.842436817654598789e-03 2.408842874543239816e+02 1.737411277961976097e+01
2.787077464795406190e+00 1.805278297034774168e-03 2.492587499999999920e+02 2.317295561371056678e+01
2.793346642012575654e+00 1.793644434711254678e-03 2.743631778058007740e+02 4.310844075731315428e+01
2.799634253246212179e+00 1.838111547031318375e-03 3.195000000000000000e+02 7.603402170460064724e+01
2.805924842988945844e+00 1.808245895551135627e-03 3.878750000000000000e+02 1.018510034017308783e+02
2.812167973206011862e+00 1.789098639402584082e-03 4.569462915601022814e+02 1.067974436850850282e+02
2.818496662748549042e+00 1.874446068014908040e-03 5.195684596577017373e+02 9.440546321578185029e+01
2.824858807967614460e+00 1.791571154666717633e-03 5.761312101910828005e+02 7.506633683319567751e+01
2.831150482550185643e+00 1.815112775054883139e-03 6.086696202531645667e+02 6.509305355331004250e+01
2.837475400148095517e+00 1.850316795954077458e-03 6.287409713574097623e+02 6.284356492569454389e+01
2.843805018276897911e+00 1.786824753329564535e-03 6.332336328626444129e+02 6.752123911039898019e+01
2.850131561922547352e+00 1.845583173970813699e-03 6.356454431960049760e+02 6.712292328705839850e+01
2.856484494638581229e+00 1.841115527677602507e-03 6.385616438356164508e+02 6.679800091968857600e+01
2.862782859862781137e+00 1.780809355167121575e-03 6.379094387755102389e+02 6.733835974655853818e+01
2.869068523143336158e+00 1.847699945098150954e-03 6.323398773006134661e+02 6.544842200842334989e+01
2.875378514069953706e+00 1.802909528894259443e-03 6.293046192259674854e+02 6.201116424722238918e+01
2.881671995666307051e+00 1.819305449905813353e-03 6.239440993788820151e+02 6.295912534386010151e+01
2.887980092673573917e+00 1.848812746508326317e-03 6.122463235294117112e+02 6.324035746942326597e+01
2.894292086458025270e+00 1.795011172749967111e-03 5.923643216080401999e+02 6.224504491848016130e+01
2.900588101801901963e+00 1.834444505730529681e-03 5.583634116192830561e+02 7.566386469617367538e+01
2.906894294921833044e+00 1.834235081131648307e-03 5.199417596034696771e+02 9.893462352944605698e+01
2.913143215321425394e+00 1.775388414920497622e-03 4.797631241997439133e+02 1.210860845570990989e+02
2.919469846096636179e+00 1.902110692867622259e-03 4.277613908872901902e+02 1.380939418815519275e+02
2.925831071463227850e+00 1.799019204260941503e-03 3.986307106598984547e+02 1.353820508965843317e+02
2.932125236913744715e+00 1.849572311535908030e-03 3.640865265760197644e+02 1.304454194413661412e+02
2.938426190430696305e+00 1.829943172517629413e-03 3.450162297128589444e+02 1.196056974102323807e+02
2.944698497868602605e+00 1.792371922793937686e-03 3.354327411167512878e+02 1.042482082282832181e+02
2.951032364443879619e+00 1.872648010744969562e-03 3.235351941747572937e+02 8.424147932023761598e+01
2.957349976869245278e+00 1.772646084934545842e-03 3.229271099744245248e+02 6.103202140936085840e+01
2.963641534615172990e+00 1.843499637433317897e-03 3.218111111111111313e+02 4.507149205909951206e+01
2.969974563050315375e+00 1.835483252247156055e-03 3.377875776397515324e+02 4.370795887207245300e+01
2.976261971728969780e+00 1.784595762971840369e-03 3.748137755102040956e+02 5.347853404232699148e+01
2.982555079221103078e+00 1.856376802478345786e-03 4.220110159118727324e+02 5.931108899430164172e+01
2.988860230475899549e+00 1.767956570045068222e-03 4.744865556978232917e+02 5.171045651432606149e+01
2.995178874680174186e+00 1.856934622757372335e-03 5.090024449877750499e+02 4.289144478950110795e+01
3.001496400543723020e+00 1.797819739674591305e-03 5.319429657794677269e+02 3.695279035970948200e+01
3.007822553902104179e+00 1.849516356328991537e-03 5.397784653465346310e+02 3.863748634669522630e+01
3.014155913686516808e+00 1.844070628166239031e-03 5.345751552795030648e+02 4.337115964005133861e+01
3.020427983220980828e+00 1.780401570183770890e-03 5.246705128205128403e+02 4.697035333805962409e+01
3.026726854870708916e+00 1.864734463497724846e-03 5.089975550122249501e+02 5.649479055830019547e+01
3.033042693621903041e+00 1.790509691971886499e-03 4.981224489795918089e+02 6.378825750156044450e+01
3.039421166988304002e+00 1.891344364520593712e-03 4.783772672309552831e+02 7.843393595517827066e+01
3.045771113053035606e+00 1.809002971513908259e-03 4.622192648922687113e+02 9.074146959763389475e+01
3.052089874155329063e+00 1.844438578281415919e-03 4.337406947890818856e+02 1.114761685795369175e+02
3.058386304167925118e+00 1.824217551217444024e-03 4.013220551378445862e+02 1.318145083208428332e+02
3.064635661305841197e+00 1.781811879387494579e-03 3.692923076923077019e+02 1.440984734796715543e+02
3.070942258104439215e+00 1.879278577764203085e-03 3.293684848484848544e+02 1.522796205911444360e+02
3.077306102136554866e+00 1.789896323379901438e-03 3.064320203303685162e+02 1.490681156615044358e+02
3.083610248093582751e+00 1.842323938384468965e-03 2.776715867158671358e+02 1.448741872009854887e+02
3.089899276602742884e+00 1.781295098450355954e-03 2.597668789808917040e+02 1.349506826914739293e+02
3.096219282790054539e+00 1.849962857272845727e-03 2.322781862745098067e+02 1.233154637122454744e+02
3.102516781183005889e+00 1.793151767743564459e-03 2.182091254752851626e+02 1.109479873538647468e+02
3.108846425703184035e+00 1.844538984569745127e-03 1.973530135301353141e+02 9.643312143848433493e+01
3.115155056293756886e+00 1.812510444856532069e-03 1.828218318695106746e+02 8.355010008694604551e+01
3.121484332076036150e+00 1.832521331068808152e-03 1.687679900744416841e+02 7.149643297540056608e+01
3.127777573742708483e+00 1.818133687887086257e-03 1.567319201995012463e+02 5.913929723340235967e+01
3.134074710556275623e+00 1.800750836428910992e-03 1.469722572509457734e+02 4.658486082846041398e+01
3.140350968701055567e+00 1.840082388152106639e-03 1.366342364532019644e+02 3.497516716620885546e+01
3.146669598331559570e+00 1.795769837056059460e-03 1.330782828282828234e+02 2.702389105610934550e+01
3.152959210157879166e+00 1.842768641532451131e-03 1.325484662576687072e+02 2.306699722106058914e+01
3.159264892205651432e+00 1.791857333635609589e-03 1.366088607594936661e+02 1.952767419037330399e+01
3.165581888857809112e+00 1.858342078644047027e-03 1.386456310679611761e+02 1.714137283018879643e+01
3.171905560319084216e+00 1.782720971754531017e-03 1.407389100126742676e+02 1.567141021300131598e+01
3.178180461481988406e+00 1.828434529921516482e-03 1.400184275184275293e+02 1.470022906834601351e+01
3.184506679420991304e+00 1.810619157308176325e-03 1.401444582814445710e+02 1.503227690880712153e+01
3.190846230582273346e+00 1.831490456789015321e-03 1.381552567237163771e+02 1.619167877887447560e+01
3.197132365687451294e+00 1.780884113596707067e-03 1.370177215189873436e+02 1.725368313716780122e+01
3.203454230992797136e+00 1.862619862555806765e-03 1.322955367913148450e+02 2.076471934287392074e+01
3.209790152929830498e+00 1.796864404628749357e-03 1.290528301886792519e+02 2.372544301996094873e+01
3.216105270782768422e+00 1.849581865447865814e-03 1.232500000000000000e+02 2.670014522159699766e+01
3.222383723154825574e+00 1.773184836801974633e-03 1.214619289340101460e+02 2.773852073808643581e+01
3.228652903688512765e+00 1.829814433570467642e-03 1.157892813641900176e+02 2.920156201412870445e+01
3.234977992221026444e+00 1.801123950508762587e-03 1.142935323383084523e+02 2.942337675010686127e+01
3.241301441286830176e+00 1.830570155328411054e-03 1.098529769137302594e+02 2.938116421574389037e+01
3.247581817024004280e+00 1.774748969754167847e-03 1.097509481668773645e+02 2.901470240102034026e+01
3.253885986942128827e+00 1.868811343678552150e-03 1.087089820359281447e+02 2.938285360152383419e+01
3.260235987169183947e+00 1.804603356501592029e-03 1.127399999999999949e+02 2.893429323484506099e+01
3.266546856392692710e+00 1.857627301288636550e-03 1.164435096153846132e+02 2.814026911291079358e+01
3.272886904023045052e+00 1.792569475559808913e-03 1.232112500000000068e+02 2.613188928301971359e+01
3.279153478698136670e+00 1.837211362056317054e-03 1.260581818181818221e+02 2.421928271226094154e+01
3.285516195699416553e+00 1.819318898053023329e-03 1.286474201474201493e+02 2.248058012605548228e+01
3.291677990232397821e+00 1.824817096246810931e-03 1.295085190039318377e+02 2.269110492361764386e+01
3.298068987764390059e+00 1.863784166448585874e-03 1.291671232876712452e+02 2.288735901873167222e+01
3.304430978840338096e+00 1.814787339162488022e-03 1.268037790697674438e+02 2.496786638214370413e+01
3.310737564052387061e+00 1.817945227602999880e-03 1.242187500000000000e+02 2.649626721520006001e+01
3.317033906120231190e+00 1.800198345421728579e-03 1.208027734976887473e+02 2.908951059714674869e+01
3.323313479518194669e+00 1.810036704891648416e-03 1.187413793103448256e+02 3.069669268752289426e+01
3.329645772824664451e+00 1.853775369266378323e-03 1.170639625585023396e+02 3.162098676841880263e+01
3.335990548707715053e+00 1.826590486813650920e-03 1.135216693418940679e+02 3.210843833656322488e+01
3.342268739174953929e+00 1.807641793864574143e-03 1.120081566068515428e+02 3.268623307423656144e+01
3.348554594221377023e+00 1.807536448754866812e-03 1.092730263157894797e+02 3.266561926556907025e+01
3.354810866618635590e+00 1.798386852034845364e-03 1.067001675041876041e+02 3.205298247191118577e+01
3.361143554435736203e+00 1.860575678898459748e-03 1.061918032786885249e+02 3.181026617509841969e+01
3.367505271257411170e+00 1.829077091643749146e-03 1.038209459459459509e+02 3.121056542176557613e+01
3.373804785089639324e+00 1.803149868685275390e-03 1.021143847487001750e+02 3.020744467880574646e+01
3.380079784639911100e+00 1.805631642174917659e-03 1.009437609841827737e+02 2.872856866415683186e+01
3.386416571036835244e+00 1.843579116849991192e-03 1.011426056338028161e+02 2.757833246847456365e+01
3.392732849186819166e+00 1.821713749179523084e-03 1.004029038112522727e+02 2.561260175946152629e+01
3.399077842768783331e+00 1.840157085703132342e-03 9.899637681159420310e+01 2.313480458545759433e+01
3.405368445234043140e+00 1.771416845865005909e-03 9.809732824427480580e+01 2.177733140987366411e+01
3.411642977450664915e+00 1.840004348347408980e-03 9.711090225563910394e+01 2.073333952355956455e+01
3.417946432239648225e+00 1.816648589106147462e-03 9.567378640776699683e+01 1.945185093161700607e+01
3.424268333461439884e+00 1.838339958730071926e-03 9.475241779497098094e+01 1.909890079044831879e+01
3.430601598134079389e+00 1.799761940178920376e-03 9.661122244488977628e+01 2.045892254682686939e+01
3.436922606236269218e+00 1.844213366763177700e-03 1.043439999999999941e+02 2.305294670969418291e+01
3.443269856433799347e+00 1.834668830692703879e-03 1.178670756646216802e+02 2.546099414577796338e+01
3.449516618902171317e+00 1.769622948488585408e-03 1.346538461538461604e+02 2.580782764558754394e+01
3.455771942280530862e+00 1.817195070858158281e-03 1.493594080338266394e+02 2.407169787462436972e+01
3.462154010515302804e+00 1.866018191136946868e-03 1.609156118143459935e+02 2.370963325399180377e+01
3.468478914699885340e+00 1.799468636805881495e-03 1.617849223946784889e+02 2.352721320954246664e+01
3.474737530089159865e+00 1.798535080277152308e-03 1.596345291479820503e+02 2.461137687543383024e+01
3.481027808853469629e+00 1.828779808500339806e-03 1.583484162895927625e+02 2.599576594082165215e+01
3.487370903609774420e+00 1.855504762412056021e-03 1.536018099547511326e+02 3.142676325654272063e+01
3.493710577164840458e+00 1.791815171782784382e-03 1.458605200945626450e+02 3.684446355391894201e+01
3.499981309375833849e+00 1.817721919481020843e-03 1.382028639618138470e+02 4.086212802811639477e+01
3.506294281862427642e+00 1.840208171226962808e-03 1.295131894484412385e+02 4.422933721115258976e+01
3.512643170548069183e+00 1.819719049123772565e-03 1.205626535626535656e+02 4.414340921774611814e+01
3.518887929185086527e+00 1.780316295825717758e-03 1.143820512820512789e+02 4.469969472764045548e+01
3.525201780775713889e+00 1.871585280235478531e-03 1.096079404466501188e+02 4.653624384705003081e+01
3.531587235286628879e+00 1.812415240060859375e-03 1.017708333333333286e+02 4.367188276436026939e+01
3.537791204901774123e+00 1.765649031450039182e-03 9.562670299727520273e+01 3.902020314456495953e+01
3.544104483213670331e+00 1.881636984785636617e-03 8.963020833333332860e+01 3.524043604711495448e+01
3.550526160049383151e+00 1.823753900979235669e-03 8.321857923497267961e+01 2.442327857139695979e+01
3.556826252644191833e+00 1.805941154371571225e-03 8.067887323943662636e+01 1.775530632229956041e+01
3.563110991539715666e+00 1.831382697511484874e-03 8.226420454545454675e+01 1.489229258232048991e+01
3.569418747584309326e+00 1.819035597463529485e-03 8.566860465116279499e+01 1.259035824513905766e+01
3.575721219182565580e+00 1.815191134896390569e-03 9.098516320474777785e+01 1.203702386632765808e+01
3.582041784633743120e+00 1.836067019019354488e-03 9.766666666666667140e+01 1.173937020511801776e+01
3.588351193306853926e+00 1.816205673054769026e-03 1.038916408668730611e+02 1.211874926763433002e+01
3.594644124218077774e+00 1.816162507538995278e-03 1.117034700315457343e+02 1.219269958604630233e+01
3.600965899690116157e+00 1.832434222657099978e-03 1.177699680511182123e+02 1.200787915819179474e+01
3.607301933810233674e+00 1.823864462282996299e-03 1.217016393442622899e+02 1.260569098900969820e+01
3.613589615564896995e+00 1.801875725405921403e-03 1.229627118644067849e+02 1.357534561689731234e+01
3.619872304563952703e+00 1.819848024125704684e-03 1.212164948453608275e+02 1.552833319073337748e+01
3.626184481674183946e+00 1.827760715362539709e-03 1.164807017543859615e+02 1.790948240080025755e+01
3.632455309189269510e+00 1.797655079431180383e-03 1.098211678832116718e+02 2.085455877923334356e+01
3.638754857574894697e+00 1.841922947680418475e-03 1.027956204379562024e+02 2.238346547966665057e+01
3.645110863435991444e+00 1.833895812584415653e-03 9.405639097744361266e+01 2.280088793666675073e+01
3.651399341121458253e+00 1.797724079201825547e-03 8.567058823529411882e+01 2.143059934381896525e+01
3.657684783062496781e+00 1.823089633617003442e-03 7.782936507936507553e+01 1.904854825775820260e+01
3.663989311092172851e+00 1.817352227903809700e-03 7.087295081967212695e+01 1.580645417385318474e+01
3.670338462676961733e+00 1.852037082036360515e-03 6.558677685950412695e+01 1.159621348551732822e+01
3.676667454351053799e+00 1.802731285318214709e-03 6.175982532751091725e+01 8.995765675032334485e+00
3.682957402673964431e+00 1.831301914300888494e-03 5.951327433628318886e+01 7.918269859776519759e+00
3.689264510226057059e+00 1.810576500315507495e-03 5.840552995391705338e+01 6.345185370952338921e+00
3.695607159299667099e+00 1.851070780809128090e-03 5.696279069767442138e+01 6.340957713695892117e+00
3.701906411334345837e+00 1.786914693256676148e-03 5.759701492537313783e+01 6.354359659790521420e+00
3.708163258087520564e+00 1.825159420261267002e-03 5.916582914572864382e+01 5.641150612939954456e+00
3.714507337749332283e+00 1.833043865117713490e-03 6.139896373056994605e+01 5.627319904552198437e+00
3.720870273368275249e+00 1.842023606415223082e-03 6.566310160427806863e+01 4.932397808636348024e+00
3.727157013165883104e+00 1.785929560704693081e-03 7.014857142857142946e+01 5.051893966925794288e+00
3.733414267292576749e+00 1.823616893326991065e-03 7.489534883720929770e+01 6.029487438157663526e+00
3.739747614563589284e+00 1.832601406324968355e-03 7.969277108433735179e+01 5.841802049286284770e+00
3.746091684029914770e+00 1.828992002129592063e-03 8.047169811320755173e+01 6.461348234224492337e+00
3.752406222021260618e+00 1.812401454337024109e-03 7.858278145695364003e+01 6.669738923395613917e+00
3.758712131096641595e+00 1.823143945980814458e-03 7.648275862068965125e+01 7.683699564740219756e+00
3.765000355804634324e+00 1.809969724265664184e-03 7.164963503649634902e+01 9.392042025417794093e+00
3.771324791207556704e+00 1.846593531196991230e-03 6.581954887218044803e+01 1.037763961232717769e+01
3.777640884128447674e+00 1.800430178895984180e-03 5.960162601626016254e+01 9.601440144693830447e+00
3.783890033752419058e+00 1.812352582976840126e-03 5.329059829059828957e+01 7.092436236173732311e+00
3.790205950757557840e+00 1.839564216382759279e-03 4.971428571428571530e+01 4.702365883037940897e+00
3.796547481197723339e+00 1.823144808823023381e-03 4.787500000000000000e+01 3.720072890104749952e+00
3.802839460639445335e+00 1.822115437231795494e-03 4.760824742268041376e+01 3.064128421652177359e+00
3.809162628389719529e+00 1.835235423465040759e-03 4.792307692307691980e+01 3.312289164568976485e+00
3.815477698903783743e+00 1.813833779597889004e-03 5.034939759036144835e+01 3.213707215335921408e+00
3.821777178949230969e+00 1.830898415393102585e-03 5.437662337662337819e+01 2.736132794335985885e+00
3.828076951026545771e+00 1.795694771849016581e-03 5.791304347826086740e+01 2.759414200456074440e+00
3.834316772867639944e+00 1.791896653628349866e-03 6.201612903225806406e+01 2.599627764917322725e+00
3.840583618544390898e+00 1.820001018717854217e-03 6.467857142857143060e+01 3.078998147423400944e+00
3.846911872181034475e+00 1.824281646184678762e-03 6.506122448979591866e+01 4.927800252338470521e+00
3.853313008086272973e+00 1.880829953221405115e-03 6.423255813953488769e+01 4.125662671913802981e+00
3.859656947796285653e+00 1.787945514535103963e-03 6.097058823529411598e+01 3.661971409237944286e+00
3.865825284683709118e+00 1.773175751446867720e-03 5.625925925925925952e+01 3.903675591999419492e+00
3.872064552013789740e+00 1.858490478498285668e-03 5.333333333333333570e+01 4.231401884099630806e+00
3.878243048288448236e+00 1.738115315901965106e-03 4.923076923076923350e+01 3.252673001825534982e+00
3.884441558101385361e+00 1.990091083924331716e-03 4.785714285714285410e+01 3.267027607436935099e+00
