# q qerr I(q) I(q)err
6.111313073595031620e-02 3.154100855865873791e-03 2.005000000000000000e+02 7.050558126698850003e+01
6.800242608866982619e-02 2.110752812487300123e-03 2.960000000000000000e+02 5.773791359814335067e+01
7.478812129850326285e-02 1.894856213165734514e-03 2.915555555555555429e+02 9.433968045653946888e+01
8.081736842982174818e-02 1.577734731020807597e-03 2.982222222222222285e+02 9.817092677670682122e+01
8.706192866790804508e-02 2.018057842609979804e-03 3.083846153846153584e+02 8.637995740575540538e+01
9.311361532868518698e-02 1.734318039620741251e-03 3.010833333333333144e+02 8.779616544397974565e+01
9.924832822165428892e-02 1.939409616079583844e-03 2.895625000000000000e+02 8.770244437870589138e+01
1.056867454532435108e-01 2.068262530006435406e-03 2.818333333333333144e+02 7.728711801530128866e+01
1.120935416356093062e-01 1.699923986068800717e-03 2.456153846153846132e+02 1.041315309579426724e+02
1.177168722532570266e-01 1.903764278506084144e-03 2.607187500000000000e+02 1.035837806288947860e+02
1.242406998858587575e-01 2.007415885574503726e-03 2.891785714285714448e+02 4.297810311005797956e+01
1.307844605212421796e-01 1.948859987027574741e-03 2.911428571428571672e+02 3.984369972986024067e+01
1.372938405551752672e-01 1.976444694498947011e-03 2.819354838709677438e+02 4.071767724680044154e+01
1.433626874055373979e-01 1.479129257371093872e-03 2.753600000000000136e+02 4.327360396361735440e+01
1.497414395840910573e-01 2.132896554945924294e-03 2.820810810810810949e+02 3.346512417663767280e+01
1.562016171858009728e-01 1.470810848565314282e-03 2.780740740740740762e+02 3.691427803956676712e+01
1.620883487451751925e-01 1.817360580555445800e-03 2.792727272727272521e+02 3.485025028466196773e+01
1.684939590642719198e-01 1.975568076388520972e-03 2.744864864864865126e+02 3.472351400892241458e+01
1.749358117034872373e-01 1.810730169671130639e-03 2.747714285714285438e+02 3.476736682462978933e+01
1.813634234827302405e-01 1.982290824745188643e-03 2.725121951219512084e+02 3.204446457185092356e+01
1.877608813777307539e-01 1.710969833005861022e-03 2.667297297297297405e+02 3.286007477538621657e+01
1.936838392192468117e-01 1.708352888559126238e-03 2.651842105263157805e+02 3.204802922623041184e+01
1.998200724089964908e-01 1.901042836663710675e-03 2.656976744186046631e+02 3.068624699212778495e+01
2.064988844748374130e-01 2.083185659227047067e-03 2.610416666666666856e+02 3.715759184802541171e+01
2.131062600015138364e-01 1.923054290541973939e-03 2.660000000000000000e+02 3.044213205830562785e+01
2.193208008558340527e-01 1.649587748772136844e-03 2.632790697674418539e+02 2.938514504974197195e+01
2.255197753110727010e-01 1.943898002345461392e-03 2.657058823529411598e+02 2.575841538393072128e+01
2.319084130262620835e-01 1.853433278599466881e-03 2.668199999999999932e+02 2.430728285925845711e+01
2.380456302514551703e-01 1.717913041466973250e-03 2.684166666666666856e+02 2.433879076928661078e+01
2.441826744061198484e-01 1.910984005326162374e-03 2.689818181818181984e+02 2.248472759911961916e+01
2.508567628905887248e-01 1.865639566994751813e-03 2.594516129032257936e+02 3.096845597295085639e+01
2.571616352083493928e-01 2.042758540577210586e-03 2.614390243902439011e+02 2.853060704524209612e+01
2.636090936505812721e-01 1.759536909171210452e-03 2.700000000000000000e+02 2.395667084388141532e+01
2.696276322290375727e-01 1.767913466712890637e-03 2.738750000000000000e+02 2.086702692047911256e+01
2.756934411426098519e-01 1.847457432374286813e-03 2.766785714285714448e+02 1.801619641692811058e+01
2.820483295007140123e-01 1.942127748479487680e-03 2.759101123595505669e+02 1.743597952937312101e+01
2.885873542857223528e-01 1.999902870285049771e-03 2.759684210526315837e+02 1.745637379725767602e+01
2.950059364807982032e-01 1.753155416080761590e-03 2.753139534883720785e+02 1.774359930755979420e+01
3.012776628394395750e-01 1.916275679195857595e-03 2.764105263157894683e+02 1.703538113827558931e+01
3.076468654533095481e-01 1.858480647863890167e-03 2.768709677419354875e+02 1.727367397790953873e+01
3.139397285054469910e-01 1.849733180513128640e-03 2.771489361702127781e+02 1.702721970713901811e+01
3.202097007249891103e-01 1.889977811219999311e-03 2.760000000000000000e+02 1.702219439557709535e+01
3.264390569218261762e-01 1.757358001834326191e-03 2.743440860215054045e+02 1.731160755887220759e+01
3.326951465344144543e-01 1.930481388006281569e-03 2.749423076923076792e+02 1.672647491307572309e+01
3.390239669727912464e-01 1.785238221274862988e-03 2.759591836734693970e+02 1.720933417772120677e+01
3.452290355408559885e-01 1.822729964848564038e-03 2.763823529411764639e+02 1.907068137534561103e+01
3.515217579766085620e-01 1.894166946962649433e-03 2.785238095238095184e+02 1.490947742232445705e+01
3.581115149106128270e-01 1.984833837990382030e-03 2.789646017699114964e+02 1.602730607124364681e+01
3.646365217867122976e-01 1.807385512883236643e-03 2.799813084112149681e+02 1.705624119749806766e+01
3.707522342694583029e-01 1.646676631311451595e-03 2.806800000000000068e+02 1.759046332533626256e+01
3.768404479121448269e-01 1.835047814059704218e-03 2.821621621621621898e+02 1.716040992686501454e+01
3.831651369708888866e-01 1.834489868729198949e-03 2.838108108108108354e+02 1.808210449708728973e+01
3.894643253735652899e-01 1.853753096359237081e-03 2.859292035398229928e+02 1.799148344045392278e+01
3.958807651630259494e-01 1.912159574900255954e-03 2.885166666666666515e+02 1.818160318686018329e+01
4.022473572087105209e-01 1.746533598099251966e-03 2.918198198198198270e+02 1.886849135230100316e+01
4.083991683103055381e-01 1.862831917861469243e-03 2.966890756302520913e+02 1.891382155989572311e+01
4.147868792651558945e-01 1.850918924272050396e-03 3.030330578512396755e+02 1.967859533269971450e+01
4.211381020132339281e-01 1.813003092898375071e-03 3.089421487603305536e+02 2.005107882138787900e+01
4.273404438934948479e-01 1.765577699919095717e-03 3.162521008403361407e+02 2.137042035575732513e+01
4.337195733954657406e-01 1.911235613422362228e-03 3.232615384615384642e+02 2.194019304851070018e+01
4.400834723796714920e-01 1.795304431444431784e-03 3.272419354838709751e+02 2.164336743203623215e+01
4.463380503116383125e-01 1.781136916513354146e-03 3.274365079365079509e+02 2.147062012017051558e+01
4.525475293404462862e-01 1.782735370135076804e-03 3.240866141732283268e+02 2.105637985842450988e+01
4.588781844142776345e-01 1.863542184770878652e-03 3.207835820895522261e+02 1.987451444308532444e+01
4.652813857520213814e-01 1.809454061223974295e-03 3.195939849624060116e+02 1.866315359343438374e+01
4.715886271752884884e-01 1.786725641485754782e-03 3.224850746268656962e+02 1.863153225604550656e+01
4.778700308571910971e-01 1.749120838384908864e-03 3.275037593984962427e+02 1.888165595032146982e+01
4.841075358786299798e-01 1.812598873705853009e-03 3.289347826086956275e+02 2.074925314285160738e+01
4.904685449060671165e-01 1.813034819841214708e-03 3.230285714285714107e+02 2.417981954997571137e+01
4.967988078032400945e-01 1.775169993053363985e-03 3.116950354609929263e+02 2.425771523978493249e+01
5.030461340587593089e-01 1.710738770771227935e-03 3.025434782608695627e+02 2.260575510420139977e+01
5.093789740337634209e-01 1.844995629980458740e-03 2.999597315436241729e+02 2.044204742251120877e+01
5.157895609665918979e-01 1.772173611217854692e-03 3.048356164383561691e+02 2.069823803151629704e+01
5.220653538623039047e-01 1.710912446064493482e-03 3.141468531468531751e+02 2.096284807844298115e+01
5.282420832211931483e-01 1.776221308977217429e-03 3.235135135135134874e+02 2.208467832685331089e+01
5.345849814872509764e-01 1.797460663252185451e-03 3.270657894736842195e+02 2.527407761536470332e+01
5.409400198384390901e-01 1.769240412124692928e-03 3.222287581699346219e+02 2.722998422085696291e+01
5.471612929737256215e-01 1.671871176479489780e-03 3.149054054054054177e+02 2.698768251081596503e+01
5.535187503546902255e-01 1.843477994232445120e-03 3.117901234567901270e+02 2.334426388435482380e+01
5.599303633336802921e-01 1.774845713676194252e-03 3.138853503184713531e+02 2.301367935163101208e+01
5.661980099607780703e-01 1.715649351238413218e-03 3.221688311688311614e+02 1.921508120174035383e+01
5.724333289920446877e-01 1.764199560704661452e-03 3.320937500000000000e+02 1.956075271749530842e+01
5.786575496797814466e-01 1.687338640378493104e-03 3.432857142857142776e+02 1.888150236939363680e+01
5.849918082512260975e-01 1.882166412490617838e-03 3.574127906976744384e+02 1.795393081452657924e+01
5.913559560974818163e-01 1.673563701773732749e-03 3.725859872611464993e+02 1.787512864133224610e+01
5.976003341774964728e-01 1.789272139650604403e-03 3.889053254437869782e+02 1.756027498614471938e+01
6.039710484280985670e-01 1.760471037718898532e-03 4.034107142857142776e+02 1.761426495576732165e+01
6.103455122609070527e-01 1.778153705054047679e-03 4.134736842105263008e+02 1.794893752465814529e+01
6.165941547084902163e-01 1.709282904712068618e-03 4.176107784431137588e+02 1.828341602819759615e+01
6.227886440901039267e-01 1.708031916550016484e-03 4.162500000000000000e+02 1.834941124006824609e+01
6.292222757675741684e-01 1.895555695838723603e-03 4.078877005347593467e+02 1.740958759333100403e+01
6.355837393651907474e-01 1.609918394456906487e-03 3.936606060606060851e+02 1.780954026688803893e+01
6.417201133152361514e-01 1.735489606861494215e-03 3.803876404494382086e+02 1.772648631657371965e+01
6.480234646877054416e-01 1.746502386866512820e-03 3.680561797752808957e+02 1.748345837507371314e+01
6.543745591304535036e-01 1.808595843625667669e-03 3.619619565217391255e+02 1.719686138770390826e+01
6.607410482875138991e-01 1.776914150084337417e-03 3.613967391304348098e+02 1.892166844815762161e+01
6.669765730033264672e-01 1.670208017253243388e-03 3.653125000000000000e+02 2.225793078780112921e+01
6.731673103258457580e-01 1.796482171393593615e-03 3.671382978723404449e+02 2.544639155888393844e+01
6.795850853652600776e-01 1.822834825668488831e-03 3.605392670157067982e+02 3.147258382779994434e+01
6.858902177354958551e-01 1.747430487391250960e-03 3.440053763440860166e+02 3.541573370055160552e+01
6.921278880332987216e-01 1.765781770802452586e-03 3.239576719576719483e+02 3.493937448124739120e+01
6.985070946107704293e-01 1.847715388967816497e-03 3.086919191919191690e+02 2.941508056415024441e+01
7.048037128132643714e-01 1.757666077632949074e-03 3.003544973544973686e+02 2.693570663504333140e+01
7.109847861020758275e-01 1.767854622430342420e-03 2.964843750000000000e+02 2.585722391607098558e+01
7.172345948602801835e-01 1.822657136245004524e-03 2.939242424242424363e+02 2.534786145212054009e+01
7.236608500653414211e-01 1.906739358311473767e-03 2.932292682926829457e+02 2.516186173833730777e+01
7.299519259881649402e-01 1.814756391122580772e-03 2.928673469387754835e+02 2.504540961315157688e+01
7.362298620906445601e-01 1.872001608046580190e-03 2.929019607843137010e+02 2.593552915276030291e+01
7.427109241448597299e-01 1.961252361706546793e-03 2.924205607476635578e+02 2.610157818244501016e+01
7.489749171607754663e-01 1.795506848231544564e-03 2.914666666666666401e+02 2.758836618428044574e+01
7.553119902396251417e-01 1.968290517240121971e-03 2.916803652968036431e+02 2.774289212816566774e+01
7.617428847945948434e-01 1.878647625832918257e-03 2.902753623188405641e+02 3.101250953070396577e+01
7.679897535333021219e-01 1.889655825210407886e-03 2.914880382775119756e+02 2.706502078187466509e+01
7.742716946001383382e-01 1.890740870187222538e-03 2.917605633802816669e+02 2.848989189793021026e+01
7.806130493972306406e-01 1.874127862848933099e-03 2.922122641509433834e+02 2.778367074867103881e+01
7.869955317179381238e-01 1.962138593108325030e-03 2.916071428571428328e+02 2.826050971654219524e+01
7.933337815560531636e-01 1.823456314192357453e-03 2.920952380952380736e+02 2.997571957722342262e+01
7.995722808394026826e-01 1.873920736445982161e-03 2.934162895927601653e+02 3.001305278990287917e+01
8.059029702364099990e-01 1.855844282913126459e-03 2.942557077625570514e+02 3.131778027038630441e+01
8.122482529694946551e-01 1.899897789708842157e-03 2.952775330396475510e+02 3.084341531849212714e+01
8.185971333973350861e-01 1.831057107996742058e-03 2.961704035874439569e+02 3.204562995799542335e+01
8.248840800988579414e-01 1.805078930334647752e-03 2.976233183856502365e+02 3.205712264675589296e+01
8.311527541867054225e-01 1.843524136775542745e-03 2.992532751091703176e+02 3.268257840995787689e+01
8.375116084758876811e-01 1.829773299230467044e-03 3.013608695652173992e+02 3.265114743943206577e+01
8.438261475186588090e-01 1.817550564165925373e-03 3.036465517241379075e+02 3.229088318766209653e+01
8.500843452560248314e-01 1.755513946144033992e-03 3.062654867256637203e+02 3.440970846507224223e+01
8.563647400134730692e-01 1.844487251387733453e-03 3.090456431535269530e+02 3.439021521848493279e+01
8.626696591174244366e-01 1.710203360544058351e-03 3.108026315789473415e+02 3.666149810377771701e+01
8.689830853488446083e-01 1.844123492424595270e-03 3.117682926829268126e+02 3.772857497732391607e+01
8.753179752476163422e-01 1.741457950302257533e-03 3.115787234042552996e+02 3.896822886689984955e+01
8.815756228481118617e-01 1.752464905610253906e-03 3.109709543568464483e+02 3.962761137826901603e+01
8.877944678552249780e-01 1.716242394594354789e-03 3.113080168776371579e+02 4.166015929529970663e+01
8.941407927930166144e-01 1.839522330085644050e-03 3.120830039525691859e+02 4.222391562930827291e+01
9.005003621585947471e-01 1.752218829319661820e-03 3.134326530612244710e+02 4.336788859205558566e+01
9.067627482844141662e-01 1.720498064613873055e-03 3.148319672131147513e+02 4.516658340688874063e+01
9.130278025298368405e-01 1.789374596252915357e-03 3.165317460317460245e+02 4.539016386078200327e+01
9.193563827426239898e-01 1.786117629316656989e-03 3.186309523809524080e+02 4.659685720394625008e+01
9.256709965929463824e-01 1.773964252230773864e-03 3.200549019607843206e+02 4.566516183041595411e+01
9.319487846442510159e-01 1.740175819907428248e-03 3.211440000000000055e+02 4.605613791884854180e+01
9.382375230166524194e-01 1.835219923763222079e-03 3.221755725190839712e+02 4.579485034037236346e+01
9.445114335627492475e-01 1.754301698834087597e-03 3.229090909090909349e+02 4.623927364909746984e+01
9.507739483173833772e-01 1.796477233495237351e-03 3.245019157088122483e+02 4.601264822604095173e+01
9.571000001339345920e-01 1.844157663989784944e-03 3.273849056603773420e+02 4.661865059314423831e+01
9.634651872700409347e-01 1.860525514413665987e-03 3.316578947368420813e+02 4.633433283951998760e+01
9.697902983397413967e-01 1.869026222830578836e-03 3.401691729323308095e+02 4.469375982039746020e+01
9.761731987705594138e-01 1.898719003246270758e-03 3.546273062730627430e+02 4.345732033756757318e+01
9.824546988499620603e-01 1.850375251942234242e-03 3.815773584905660414e+02 4.312772787147908815e+01
9.887603507672997338e-01 1.885371791598095068e-03 4.247132352941176237e+02 4.541841204729559678e+01
9.951547945742836854e-01 1.923480157877882840e-03 4.840782918149466241e+02 5.247790098766115108e+01
1.001497743307979915e+00 1.816985016266823736e-03 5.606591760299625093e+02 6.660826967234929441e+01
1.007730073445106012e+00 1.872875193246743668e-03 6.439208633093525123e+02 8.626540483545460347e+01
1.014110590476311025e+00 1.881534321868284657e-03 7.317872340425532229e+02 1.062859621455617543e+02
1.020442888611849064e+00 1.823625195420996601e-03 8.199569892473118671e+02 1.313088706115892421e+02
1.026691701700078063e+00 1.782759485576686145e-03 8.918297101449275033e+02 1.601588073531357281e+02
1.033057845114525142e+00 1.884320384582664851e-03 9.091700680272108457e+02 1.836197700539038919e+02
1.039437792018165441e+00 1.793463056649077922e-03 8.611413427561836897e+02 2.153302623051989713e+02
1.045681248368910410e+00 1.745618337461533540e-03 7.265815602836879634e+02 2.078781285565570158e+02
1.051944871571292683e+00 1.801987856022948175e-03 5.667620689655171873e+02 1.699515077372486758e+02
1.058324809813473877e+00 1.829265674919061668e-03 4.441649831649831413e+02 1.158327059180461731e+02
1.064596602572098316e+00 1.714864743882408334e-03 3.811971830985915517e+02 7.723478369965386037e+01
1.070868750588993112e+00 1.792957436204007347e-03 3.562626262626262701e+02 6.056539937906279647e+01
1.077195490251847465e+00 1.798916779777443367e-03 3.469464882943144062e+02 5.633132071338636138e+01
1.083505800573759448e+00 1.740543057611223946e-03 3.452218430034129710e+02 5.576681711329829483e+01
1.089676915900379850e+00 1.748165881083384946e-03 3.459489795918367463e+02 5.557443325435190218e+01
1.096052400832523421e+00 1.863573573199493825e-03 3.474345047923322909e+02 5.523063296235013553e+01
1.102364289960501065e+00 1.744372504095847640e-03 3.480745762711864586e+02 5.583287513121622681e+01
1.108625070827478076e+00 1.829094711995288541e-03 3.474006514657980347e+02 5.655838183190498114e+01
1.114924075445366869e+00 1.842999932655674591e-03 3.377857142857142776e+02 5.818838759438930452e+01
1.121282665432693726e+00 1.762017027877181303e-03 3.418854961832061008e+02 6.058690214378397343e+01
1.127553932619258736e+00 1.851826979229859085e-03 3.440371747211896150e+02 6.032278926686809939e+01
1.133905639228342421e+00 1.803927404845938115e-03 3.435176470588235134e+02 6.131401618973331580e+01
1.140144523104706709e+00 1.820967272376473748e-03 3.443503937007873787e+02 6.313758770898650852e+01
1.146455214771981312e+00 1.831860927088285957e-03 3.462151394422310773e+02 6.395325102893182390e+01
1.152869066430118439e+00 1.902391342003174283e-03 3.512625482625482505e+02 6.284212643052795499e+01
1.159252377890596986e+00 1.791659613503928782e-03 3.494688796680497944e+02 6.521078130056881150e+01
1.165575291556828930e+00 1.872439892399787795e-03 3.559800796812749013e+02 6.418775002210897185e+01
1.171828433925186763e+00 1.747387590499659572e-03 3.530086580086580170e+02 6.773691759896878750e+01
1.178029580193284076e+00 1.845903894892485285e-03 3.591440329218107195e+02 6.675386590061737024e+01
1.184400904434957269e+00 1.829516060217846983e-03 3.605983263598326403e+02 6.839089095114673000e+01
1.190737654720273042e+00 1.816225366119703435e-03 3.638059071729957736e+02 6.951838167617229658e+01
1.196977477342464180e+00 1.780548390738201196e-03 3.622794759825327446e+02 7.077550439164151896e+01
1.203312963818603976e+00 1.874247930763579166e-03 3.677685950413223281e+02 7.068305494145567991e+01
1.209645773529357093e+00 1.750259837788138012e-03 3.648274336283186017e+02 7.313701220739388020e+01
1.215952225700388523e+00 1.837678281197498587e-03 3.707711864406779796e+02 7.394559427101945914e+01
1.222254898926581568e+00 1.775628514659025698e-03 3.628014981273408353e+02 7.258442794013424759e+01
1.228537298751265050e+00 1.780223345631782141e-03 3.763079710144927503e+02 7.320012103109259272e+01
1.234759587745337228e+00 1.795376270296014523e-03 3.785340501792114765e+02 7.349683533950872061e+01
1.241110555825225781e+00 1.895169703334604900e-03 3.861275167785234999e+02 7.331295612991857524e+01
1.247523323486311897e+00 1.874537877840588536e-03 3.862668918918918735e+02 7.470672801642687944e+01
1.253854431820907944e+00 1.857283623330970761e-03 3.914026845637583847e+02 7.646425406327277585e+01
1.260138295168494293e+00 1.856490137450314505e-03 3.916179401993355214e+02 8.069310799535840317e+01
1.266501421045549414e+00 1.881588491645209797e-03 3.975176848874597795e+02 8.045384070172897850e+01
1.272807251993681055e+00 1.824447191781883651e-03 3.994295081967213150e+02 8.158628468661464694e+01
1.279100636071537789e+00 1.831925956271344968e-03 4.039012738853502924e+02 8.285060303230351053e+01
1.285385940199903265e+00 1.796864974607813087e-03 4.056730769230769056e+02 8.287131526640698098e+01
1.291734086560349049e+00 1.833790085687247952e-03 4.100153374233128716e+02 8.537127393355304150e+01
1.297999116585571544e+00 1.712347548001254965e-03 4.133462783171520982e+02 8.777415293776968497e+01
1.304332283077917598e+00 1.862331657852500611e-03 4.182743362831858462e+02 8.815265254446522647e+01
1.310629912671008812e+00 1.689758514739712848e-03 4.200544871794871824e+02 8.960050452376856356e+01
1.316859893871710430e+00 1.807323329610554348e-03 4.249611940298507307e+02 9.111461466265242848e+01
1.323169508333509325e+00 1.772103529485381237e-03 4.277264437689969441e+02 9.210178567854276821e+01
1.329416719622044551e+00 1.761213072716576004e-03 4.352628398791540576e+02 9.354707679209221283e+01
1.335676763851219473e+00 1.808340606324402439e-03 4.356458333333333144e+02 9.531833413057832161e+01
1.342102166253144047e+00 1.916040745002256648e-03 4.444281690140845171e+02 9.579654712350314583e+01
1.348432554966731090e+00 1.804515701739407276e-03 4.452719033232628476e+02 1.004540868595208138e+02
1.354697325729501189e+00 1.895450207138361931e-03 4.500651558073654428e+02 1.017195996803376801e+02
1.361035554581970564e+00 1.836151892644552735e-03 4.517819767441860677e+02 1.040381251428253080e+02
1.367445372286436589e+00 1.911657172750392099e-03 4.591041095890411157e+02 1.028665999809009861e+02
1.373833054624600258e+00 1.794265400870382644e-03 4.603623188405796895e+02 1.048198741038232527e+02
1.380048052911932777e+00 1.791287036868802413e-03 4.685042735042734989e+02 1.064032571297303775e+02
1.386332670155489666e+00 1.806335848089170130e-03 4.720955056179775511e+02 1.074211344927765452e+02
1.392624520144640332e+00 1.796075039907524609e-03 4.798388888888889028e+02 1.104542954051891712e+02
1.398923000198597277e+00 1.771229759338340285e-03 4.881207865168539115e+02 1.104559997679473042e+02
1.405184482923453881e+00 1.808998902686751115e-03 4.943206521739130608e+02 1.134541959350112563e+02
1.411475199677901360e+00 1.734371386327675756e-03 5.022443820224718820e+02 1.137196926305349223e+02
1.417706081410672780e+00 1.817237095201347432e-03 5.117983870967742064e+02 1.138790350183856077e+02
1.424046144262549829e+00 1.816956160244514703e-03 5.194390243902439579e+02 1.165280979302604294e+02
1.430457268966005335e+00 1.925855730949348329e-03 5.310848329048843652e+02 1.168875856300145983e+02
1.436865665354877475e+00 1.843763745384080412e-03 5.398198924731183297e+02 1.203076114724002537e+02
1.443084111958556903e+00 1.831535442318516687e-03 5.454193548387096371e+02 1.257049156017838953e+02
1.449466238371406979e+00 1.910439897345804971e-03 5.537746835443037980e+02 1.250993197476065006e+02
1.455780432464144347e+00 1.769262236301017126e-03 5.608972972972973139e+02 1.281218908083615418e+02
1.462109939136078340e+00 1.873282905934200038e-03 5.665438596491228509e+02 1.306825107362123788e+02
1.468414112563870999e+00 1.734923018383166060e-03 5.638880000000000337e+02 1.365623196834812347e+02
1.474680891373796765e+00 1.804015195942032307e-03 5.628248730964467086e+02 1.352765708168693095e+02
1.480924591063775386e+00 1.742163032935032654e-03 5.543368146214098715e+02 1.371566340561386994e+02
1.487138550370334267e+00 1.742602934721402272e-03 5.547969151670951078e+02 1.357762766798080918e+02
1.493462591150057195e+00 1.833511633313982111e-03 5.551485148514851744e+02 1.365900333913166378e+02
1.499809278721849770e+00 1.805357266360340307e-03 5.589571788413097693e+02 1.378268839800685441e+02
1.506175762378094918e+00 1.888906516140883814e-03 5.682249388753056110e+02 1.364813458917959679e+02
1.512543466733061504e+00 1.879653113941155348e-03 5.699362745098038658e+02 1.409452010692120041e+02
1.518927121842702510e+00 1.865813122140227640e-03 5.735710784313725981e+02 1.424007352044725678e+02
1.525176469146275027e+00 1.826629940430822378e-03 5.777841191066997908e+02 1.446455923998316564e+02
1.531416651941075235e+00 1.798854978931840659e-03 5.822970297029703488e+02 1.447942091508741953e+02
1.537728221615372926e+00 1.856986876758172280e-03 5.844609929078013693e+02 1.476283235313943294e+02
1.544096010846849332e+00 1.769518617434322075e-03 5.888783454987834602e+02 1.494366940774232262e+02
1.550405005344789089e+00 1.809055686031393537e-03 5.928747044917257654e+02 1.506938031330454919e+02
1.556696834359960313e+00 1.740139413919524446e-03 5.978058252427184698e+02 1.518522873211711328e+02
1.562969221032702194e+00 1.804120915253569534e-03 6.030589622641509777e+02 1.526460063882672671e+02
1.569251838380229191e+00 1.803338776033149233e-03 6.074630071599045777e+02 1.532992116893557011e+02
1.575556094315494926e+00 1.863019847936644557e-03 6.154871794871794464e+02 1.522021771181435099e+02
1.581892448177514066e+00 1.865480693804838323e-03 6.148472222222221717e+02 1.565479512083137195e+02
1.588269483401412163e+00 1.861295980786164313e-03 6.166451612903225623e+02 1.593495708004439848e+02
1.594574325321363339e+00 1.830133252637398044e-03 6.205787037037036953e+02 1.581647779917222465e+02
1.600916934751582588e+00 1.832077894544300927e-03 6.210592255125284282e+02 1.615807133397308917e+02
1.607201343968552854e+00 1.780442356845074459e-03 6.254004629629629335e+02 1.605045655313670636e+02
1.613445462524496721e+00 1.775524639999344866e-03 6.276399082568807444e+02 1.649498262991247941e+02
1.619730849749851931e+00 1.787630240083115185e-03 6.309029345372460966e+02 1.632876792831831096e+02
1.625979803600224649e+00 1.755895091839796123e-03 6.337218390804597448e+02 1.665838304331038557e+02
1.632226613292544926e+00 1.821174808670054370e-03 6.396487695749440263e+02 1.659968430846741967e+02
1.638606704061473573e+00 1.894452323361247963e-03 6.475184381778741454e+02 1.670183502180946675e+02
1.645050487946952522e+00 1.887301666918968484e-03 6.490521739130434753e+02 1.688526744004189482e+02
1.651415996904310735e+00 1.851783837096881687e-03 6.512346491228070136e+02 1.721525303327970278e+02
1.657788871265904573e+00 1.852242853945953917e-03 6.565615550755939012e+02 1.713937187270379070e+02
1.664006124760511351e+00 1.741113674427757210e-03 6.629002267573696372e+02 1.737005170909142180e+02
1.670281873961185770e+00 1.842366346193471905e-03 6.667124735729387339e+02 1.724182657659103199e+02
1.676541801276667298e+00 1.721555322686186195e-03 6.719192825112107812e+02 1.753824585202889921e+02
1.682793682471841024e+00 1.824670227224382997e-03 6.780316455696203093e+02 1.738594936662780412e+02
1.689107465299970467e+00 1.791603935857043455e-03 6.840477223427332092e+02 1.768657284368893841e+02
1.695415952935033443e+00 1.877357617877282179e-03 6.953966597077244387e+02 1.755240886662554374e+02
1.701806617780016628e+00 1.875253898477295287e-03 6.996680584551148741e+02 1.774224279279343364e+02
1.708145235544118012e+00 1.851238026496159058e-03 7.031578947368420813e+02 1.817612796227048477e+02
1.714469347376187613e+00 1.845626368464784459e-03 7.113747412008281117e+02 1.789045024794513381e+02
1.720739519194126599e+00 1.771881702320935673e-03 7.094209401709401845e+02 1.853708197177603267e+02
1.726990948287859817e+00 1.820993782645452704e-03 7.039489795918367463e+02 1.840051556147128338e+02
1.733361150263370787e+00 1.784216608021570085e-03 6.963078512396693895e+02 1.824813895074319419e+02
1.739571674833123582e+00 1.760427731239605715e-03 6.932557651991613739e+02 1.794384324866674945e+02
1.745887440247851030e+00 1.853392121839796862e-03 6.948256513026052517e+02 1.790420884974712692e+02
1.752250177420427102e+00 1.860925844240075020e-03 6.980465587044534459e+02 1.761844932431028781e+02
1.758607387389414800e+00 1.864192030273802104e-03 6.984519999999999982e+02 1.769118328433686429e+02
1.764972322429467777e+00 1.851098948525789619e-03 7.020019999999999527e+02 1.772497729194596445e+02
1.771273520234028620e+00 1.808016239517707931e-03 7.074334677419354875e+02 1.790368228811758513e+02
1.777586992161852564e+00 1.807004964737956481e-03 7.136811881188118605e+02 1.771656234254076594e+02
1.783840233931820451e+00 1.746107465683986813e-03 7.153828920570264245e+02 1.804457899039592803e+02
1.790071520275328565e+00 1.795583184790444783e-03 7.179173228346456881e+02 1.806096872913197160e+02
1.796393698957722052e+00 1.819993601147859141e-03 7.067667984189723711e+02 1.871212076220134577e+02
1.802712928873270393e+00 1.883216042231023422e-03 6.978486590038314716e+02 1.838388375324646802e+02
1.809114577024696358e+00 1.850157529878445435e-03 6.839457364341085395e+02 1.813309879277714742e+02
1.815345782948464493e+00 1.803540499391122600e-03 6.759525691699604977e+02 1.825363617153556106e+02
1.821700705453981772e+00 1.863872113208649628e-03 6.761492537313432649e+02 1.767479876437367068e+02
1.828034416566336029e+00 1.759461126105644731e-03 6.743858267716535693e+02 1.794060891123532144e+02
1.834289862490237510e+00 1.817049905439401892e-03 6.746139359698681801e+02 1.766361260821425674e+02
1.840620947190598100e+00 1.780340576699249600e-03 6.729846153846153811e+02 1.767718698336843204e+02
1.846876290479544158e+00 1.833628160635640113e-03 6.718998109640831444e+02 1.776361246969164824e+02
1.853225331533147280e+00 1.864396810776891523e-03 6.661666666666666288e+02 1.777927172542282790e+02
1.859586416204100923e+00 1.843230203276794224e-03 6.593271028037382848e+02 1.779669143046693591e+02
1.865884580336470755e+00 1.827085395033201023e-03 6.550223463687150343e+02 1.783067511168211752e+02
1.872200528994375501e+00 1.799198018262535481e-03 6.523944444444443889e+02 1.741743452734653488e+02
1.878453452628845000e+00 1.760356359008985331e-03 6.473691148775894817e+02 1.753117804984653958e+02
1.884712324747962020e+00 1.805687576808031941e-03 6.470218978102190022e+02 1.707996690064362610e+02
1.891113706724730337e+00 1.861939656346446982e-03 6.476726618705035889e+02 1.702961454440400928e+02
1.897400945427566432e+00 1.833350088909791505e-03 6.439558823529412166e+02 1.709462790629728204e+02
1.903772875545957088e+00 1.875180743362649160e-03 6.393767605633802305e+02 1.716418989095249970e+02
1.910018917854334752e+00 1.739883276586547947e-03 6.366597353497164704e+02 1.730087545021965525e+02
1.916236012056648175e+00 1.833205283437960029e-03 6.359824561403509051e+02 1.677738128940665092e+02
1.922638163561010805e+00 1.793373418488206777e-03 6.330857142857142890e+02 1.684302047661018946e+02
1.928888348891847349e+00 1.792288115248428593e-03 6.317661870503596901e+02 1.676229891563549756e+02
1.935240631371640818e+00 1.865766417879262265e-03 6.366868512110726215e+02 1.638072492012053090e+02
1.941608872090050619e+00 1.856644915843207438e-03 6.341142355008787490e+02 1.659346521010226638e+02
1.947917338414854704e+00 1.837601359788319485e-03 6.336847635726794579e+02 1.634365451087040242e+02
1.954236834815996637e+00 1.805754229573221887e-03 6.351660839160839487e+02 1.621208885267382698e+02
1.960488135501994522e+00 1.772905664188001006e-03 6.386513274336283530e+02 1.602036920394322124e+02
1.966755922696415082e+00 1.810201296061439468e-03 6.450843373493976287e+02 1.570758061164675041e+02
1.973091583736556354e+00 1.814240900008777741e-03 6.519379310344827445e+02 1.565493516074210163e+02
1.979420480567132490e+00 1.865397302840512408e-03 6.666587436332766856e+02 1.557023905013454907e+02
1.985762243830389018e+00 1.849873766110382307e-03 6.716610169491525539e+02 1.579634900125995500e+02
1.992143605840229093e+00 1.840662096304069391e-03 6.827688442211054962e+02 1.559783349929741121e+02
1.998372952698491245e+00 1.738412627792555948e-03 6.929261862917398958e+02 1.573858602569045217e+02
2.004614638405731508e+00 1.821010887715033720e-03 7.058294701986754944e+02 1.542278313032736605e+02
2.010981699228176822e+00 1.807963355431743604e-03 7.200538720538720554e+02 1.535737702617254570e+02
2.017216781415232862e+00 1.822968187424302972e-03 7.405885328836425288e+02 1.549464477502329203e+02
2.023555507756473748e+00 1.866836436713831520e-03 7.498634146341463520e+02 1.570826119467280364e+02
2.029945947492921121e+00 1.842053164818473936e-03 7.652434210526315610e+02 1.586217323556330143e+02
2.036236367431154548e+00 1.802040352124230577e-03 7.807933884297520990e+02 1.593437262205663387e+02
2.042538823796997693e+00 1.786279422623429517e-03 7.926929392446634211e+02 1.620562972208404915e+02
2.048720173306640469e+00 1.747373060808409071e-03 8.000152542372881044e+02 1.684164173222769989e+02
2.055017041239767028e+00 1.892889576395914968e-03 8.058388106416275605e+02 1.764757770922783777e+02
2.061465280497128294e+00 1.850343878148330047e-03 7.896987179487178992e+02 1.870594099447174870e+02
2.067778354784032935e+00 1.826644103880053095e-03 7.686811594202898732e+02 1.978370299510342818e+02
2.074107962816127415e+00 1.810449409964311413e-03 7.376603174603175148e+02 1.992793881784668599e+02
2.080392027050733006e+00 1.757304311173108879e-03 6.912736156351791124e+02 1.998095970956172778e+02
2.086560915145909245e+00 1.789004268885935290e-03 6.443047001620745959e+02 1.863069608592728628e+02
2.092907509218693285e+00 1.897916204239676529e-03 6.105899390243902189e+02 1.665733252604329095e+02
2.099341076602548206e+00 1.841856996552926774e-03 5.838578125000000227e+02 1.601888529924815714e+02
2.105598503643897335e+00 1.780460926307301031e-03 5.751325878594249161e+02 1.542489643908438381e+02
2.111872942412509335e+00 1.813036870717739954e-03 5.704212962962963047e+02 1.501352908778836763e+02
2.118179840511383194e+00 1.773074262998883873e-03 5.692000000000000455e+02 1.482781425532944581e+02
2.124489700938873238e+00 1.854176769044688739e-03 5.707339449541284466e+02 1.464061442806616924e+02
2.130866139955553962e+00 1.876679961187130126e-03 5.661195158850226790e+02 1.474988329283348207e+02
2.137196345481136905e+00 1.803165093871285981e-03 5.630773993808049909e+02 1.469713815965750996e+02
2.143477781291089013e+00 1.808033309626025679e-03 5.607755725190839939e+02 1.449921755442608458e+02
2.149749346762158453e+00 1.787076492040512573e-03 5.594116743471581685e+02 1.452127687474327900e+02
2.156014428448592479e+00 1.811767013668930289e-03 5.611963470319634553e+02 1.445178983168229649e+02
2.162388958755252943e+00 1.899773100682969557e-03 5.606452554744525969e+02 1.433189360624296853e+02
2.168776559916051561e+00 1.828625003914755194e-03 5.573978978978979058e+02 1.447604573854852106e+02
2.175079146577416189e+00 1.799027495536281414e-03 5.571029850746268721e+02 1.424484143183535139e+02
2.181358965593887422e+00 1.775037425494343461e-03 5.572966867469879162e+02 1.405211033833734007e+02
2.187625576602315824e+00 1.830837683859201127e-03 5.600251479289941017e+02 1.383982045196042066e+02
2.193923842198696850e+00 1.837507381709080519e-03 5.653538913362701805e+02 1.352337676144539671e+02
2.200310743338333541e+00 1.859271066102410235e-03 5.638220946915351988e+02 1.378726553699501096e+02
2.206637920896229677e+00 1.789161753318371274e-03 5.681940740740740239e+02 1.358262712294799428e+02
2.212855268310565560e+00 1.778695396750237757e-03 5.742974963181148951e+02 1.338732073471754518e+02
2.219155297956861617e+00 1.826812665150635666e-03 5.829769784172661957e+02 1.324355502742767783e+02
2.225534449623195243e+00 1.883537061579874895e-03 5.906868829337093985e+02 1.324708296117195232e+02
2.231816049321749151e+00 1.789850136339156059e-03 5.959985315712187912e+02 1.342250230913791711e+02
2.238124350048766420e+00 1.838516226422660244e-03 6.051117318435753987e+02 1.317183923328443313e+02
2.244461256680506001e+00 1.769483755913013904e-03 6.128248914616498269e+02 1.315276524262547468e+02
2.250672411056880762e+00 1.815340560525242463e-03 6.203500717360115004e+02 1.342262107655664920e+02
2.256976265699253581e+00 1.875232856265233962e-03 6.256270718232044601e+02 1.336956888050654584e+02
2.263404067221236105e+00 1.844596500685106652e-03 6.283319559228650633e+02 1.345475293174309854e+02
2.269740131332425914e+00 1.784620609829179342e-03 6.350268741159829915e+02 1.333488873803647721e+02
2.275928662030326066e+00 1.770462641505800294e-03 6.442393162393162811e+02 1.314678149719056535e+02
2.282234771450446509e+00 1.859120215862977580e-03 6.557289972899728809e+02 1.295082607595089144e+02
2.288651494096741512e+00 1.861574731480084791e-03 6.591709633649932130e+02 1.334945693282495824e+02
2.294929189507614264e+00 1.787386468760323059e-03 6.625308988764045353e+02 1.377413706341066870e+02
2.301123790424945526e+00 1.773889529887621910e-03 6.593416666666666970e+02 1.410718064382790544e+02
2.307427473574251042e+00 1.823767960867003161e-03 6.338497970230040437e+02 1.431440136002529755e+02
2.313824548022820782e+00 1.807223345639351721e-03 6.036255572065379056e+02 1.537004732005409551e+02
2.320154992066300714e+00 1.861695907969135875e-03 5.590251479289941017e+02 1.576850260871970875e+02
2.326479049872378635e+00 1.797363522119922990e-03 5.167026194144838200e+02 1.474671325223706617e+02
2.332811122143054305e+00 1.834923033436536115e-03 4.835942249240121669e+02 1.346633326089962281e+02
2.339146829363451641e+00 1.809933127175767861e-03 4.639293563579277588e+02 1.247645805109232953e+02
2.345346999874724947e+00 1.788822558822959720e-03 4.508810289389067520e+02 1.229848896501824385e+02
2.351591514044208964e+00 1.821961582186779451e-03 4.469590551181102569e+02 1.186934906207136038e+02
2.357940827546205931e+00 1.821480796874143165e-03 4.409287974683544462e+02 1.172450690218668257e+02
2.364269371024037891e+00 1.822839816105960298e-03 4.377035256410256352e+02 1.151789706573272838e+02
2.370575565839220911e+00 1.828742917233826173e-03 4.309823151125402205e+02 1.158921065742096062e+02
2.376891771469677561e+00 1.815523241845057745e-03 4.266229773462783328e+02 1.140520361615145646e+02
2.383240749019818416e+00 1.833462819707767054e-03 4.222186495176848666e+02 1.130249274095794050e+02
2.389601619010945921e+00 1.828185711102788165e-03 4.206530944625407074e+02 1.108247711745329980e+02
2.395961259100775731e+00 1.812604844355751544e-03 4.134976152623211192e+02 1.090843720658256331e+02
2.402160007896914973e+00 1.807533258736503850e-03 4.168029850746268608e+02 1.088898991862807861e+02
2.408453972146052724e+00 1.793232887210479852e-03 4.192909356725145926e+02 1.101918475530704882e+02
2.414771780432101167e+00 1.830638750947721858e-03 4.195494978479196675e+02 1.090313032842908427e+02
2.421058800843912895e+00 1.849123668637423033e-03 4.190268741159830483e+02 1.096776523937545562e+02
2.427397847212681370e+00 1.833909450969152099e-03 4.147513888888888687e+02 1.078445850003090669e+02
2.433701938443864954e+00 1.777285794113256248e-03 4.121040787623065853e+02 1.064324194913225767e+02
2.440001432560962691e+00 1.835928632076300280e-03 4.149165526675786850e+02 1.045433875085941509e+02
2.446276920633820851e+00 1.825543246774167941e-03 4.136093535075653449e+02 1.045747704821234834e+02
2.452612917458465880e+00 1.850886418197054181e-03 4.107798408488063728e+02 1.047731934238956342e+02
2.458937188373468086e+00 1.764090576915684772e-03 4.092602739726027608e+02 1.019786292964215164e+02
2.465235494564519847e+00 1.842465198645606636e-03 4.097767503302509908e+02 1.005739082821919084e+02
2.471581205305689810e+00 1.856761058240425245e-03 4.074473684210526585e+02 1.019450790099700441e+02
2.477865992864338285e+00 1.798850075022648308e-03 4.039227696404793733e+02 1.013168123392900952e+02
2.484122936716935737e+00 1.780971833254360159e-03 4.029801849405548069e+02 9.906489928704168335e+01
2.490467721662181333e+00 1.849468727863495983e-03 4.042656449553001039e+02 9.723967448061574714e+01
2.496849546734450254e+00 1.852734310658727887e-03 4.000651340996168415e+02 9.838042085330461362e+01
2.503105859710241798e+00 1.772860352036017325e-03 3.967110817941952519e+02 9.698694549422155831e+01
2.509322203788900918e+00 1.804578376445024500e-03 3.956858974358974592e+02 9.599955749610376188e+01
2.515643032193938478e+00 1.830400595634155535e-03 3.979647355163727980e+02 9.426055171028825441e+01
2.522012436559997628e+00 1.844427975373299751e-03 3.911191066997518533e+02 9.615154037097671846e+01
2.528376527697731913e+00 1.805263014170996501e-03 3.841231155778894504e+02 9.649496861013814453e+01
2.534662305746367750e+00 1.817191430107880853e-03 3.777732997481108441e+02 9.679211778110941111e+01
2.540923642722284104e+00 1.847774197163838152e-03 3.715705445544554664e+02 9.540371195261644743e+01
2.547222087144660030e+00 1.810867478977307979e-03 3.606113861386138524e+02 9.398455862898556745e+01
2.553540685742163419e+00 1.807658101810726481e-03 3.551676866585067387e+02 8.906113859095235341e+01
2.559925401613222018e+00 1.856915584780679824e-03 3.534922155688622638e+02 8.739621521023650530e+01
2.566280305514876403e+00 1.838802799104265022e-03 3.473099273607747932e+02 8.879219127072713036e+01
2.572544852388987113e+00 1.785952156998167010e-03 3.438588957055214905e+02 8.810008691946323722e+01
2.578799894204640619e+00 1.806472379669163885e-03 3.434981862152358190e+02 8.607402571402447222e+01
2.585123793491197919e+00 1.855120447360665906e-03 3.432643948296122289e+02 8.625038548293879614e+01
2.591472256141813091e+00 1.805120360344933915e-03 3.376507747318236170e+02 8.625417941038121228e+01
2.597744265483155957e+00 1.788819714346394623e-03 3.356079136690647715e+02 8.437951263842228400e+01
2.604038454996993934e+00 1.850630787333012181e-03 3.364825174825174940e+02 8.385954180001679958e+01
2.610374414453144443e+00 1.837105816396599096e-03 3.316635622817229319e+02 8.491345613427749583e+01
2.616634120485421100e+00 1.761050173804210722e-03 3.288603818615752061e+02 8.306623521771903995e+01
2.622940397920966227e+00 1.848634675493098997e-03 3.283970420932878369e+02 8.169900102399057573e+01
2.629323187355575353e+00 1.839581463337864892e-03 3.262522831050228547e+02 8.189834924628128476e+01
2.635681273538560632e+00 1.815290224604702678e-03 3.225097365406643917e+02 8.107915240154792968e+01
2.641934789831782204e+00 1.778405014700361417e-03 3.210035211267605746e+02 7.920286540553985333e+01
2.648176773767660031e+00 1.853093332118325998e-03 3.195456595264938073e+02 7.747827601444099344e+01
2.654514065851063087e+00 1.823524830511773481e-03 3.118734463276836095e+02 7.519386394183275968e+01
2.660817448321032508e+00 1.798052776896779401e-03 3.064323094425483305e+02 7.281983435942045446e+01
2.667123571907564994e+00 1.844852426740933296e-03 2.982644444444444503e+02 7.201283316701771753e+01
2.673472329675100401e+00 1.839448802019330543e-03 2.910974529346622148e+02 7.584166727910965733e+01
2.679761377760365715e+00 1.786299887381436651e-03 2.853065610859728736e+02 7.728061364221416341e+01
2.686129035698236578e+00 1.877272974428747035e-03 2.676977730646871692e+02 9.069228597290393168e+01
2.692300573720700196e+00 1.798376592015874225e-03 2.688462401795734991e+02 8.472838216483442864e+01
2.698561328278970439e+00 1.798779619418457414e-03 2.702554161915621194e+02 8.191700504262296079e+01
2.704947056964875252e+00 1.860594623228957294e-03 2.616044943820224944e+02 8.793135976313689639e+01
2.711339925705444909e+00 1.826229981736538378e-03 2.601655092592592382e+02 8.883338217690170779e+01
2.717643416720191052e+00 1.774618570520191145e-03 2.580871121718377026e+02 8.953497421957942493e+01
2.723934694222051256e+00 1.823763048442502126e-03 2.498358913813459310e+02 9.632608938197297732e+01
2.730274673678132036e+00 1.841398355898408350e-03 2.483955135773317693e+02 9.654297755563149508e+01
2.736591263199737778e+00 1.788312012670147501e-03 2.468109756097560989e+02 9.615900521097745468e+01
2.742885231028380222e+00 1.844652457607765493e-03 2.375575539568345391e+02 1.019592438380827275e+02
2.749161241756704843e+00 1.804773587711254630e-03 2.372739557739557767e+02 1.010891254283808536e+02
2.755398232824302962e+00 1.776157869081165970e-03 2.364163568773234090e+02 1.008849106904186641e+02
2.761751565609168679e+00 1.857903093933079139e-03 2.279295101553166205e+02 1.051223260284929069e+02
2.768124311574730267e+00 1.813883183384283311e-03 2.281214723926380259e+02 1.046789019338096125e+02
2.774423663616722546e+00 1.776295681999270643e-03 2.292833957553058610e+02 1.042878109191876632e+02
2.780754869867226198e+00 1.842436817654598789e-03 2.230694275274055940e+02 1.089827848604077190e+02
2.787077464795406190e+00 1.805278297034774168e-03 2.257725000000000080e+02 1.075485376905469650e+02
2.793346642012575654e+00 1.793644434711254678e-03 2.265636822194199169e+02 1.078268169035128636e+02
2.799634253246212179e+00 1.838111547031318375e-03 2.190074441687344802e+02 1.118037926152342720e+02
2.805924842988945844e+00 1.808245895551135627e-03 2.248446969696969688e+02 1.104403990643149882e+02
2.812167973206011862e+00 1.789098639402584082e-03 2.249232736572890019e+02 1.110272328963499433e+02
2.818496662748549042e+00 1.874446068014908040e-03 2.200941320293398462e+02 1.141415382989003575e+02
2.824858807967614460e+00 1.791571154666717633e-03 2.286216560509554085e+02 1.123612874688613772e+02
2.831150482550185643e+00 1.815112775054883139e-03 2.279443037974683648e+02 1.140697182643135079e+02
2.837475400148095517e+00 1.850316795954077458e-03 2.294333748443337413e+02 1.141957126851856685e+02
2.843805018276897911e+00 1.786824753329564535e-03 2.354569961489088712e+02 1.135001810541109535e+02
2.850131561922547352e+00 1.845583173970813699e-03 2.326254681647940004e+02 1.156604779071479498e+02
2.856484494638581229e+00 1.841115527677602507e-03 2.365603985056039846e+02 1.149463374773886670e+02
2.862782859862781137e+00 1.780809355167121575e-03 2.410420918367346985e+02 1.146120377636363230e+02
2.869068523143336158e+00 1.847699945098150954e-03 2.367263803680981482e+02 1.171773900865165814e+02
2.875378514069953706e+00 1.802909528894259443e-03 2.431123595505617914e+02 1.180554737460244183e+02
2.881671995666307051e+00 1.819305449905813353e-03 2.424385093167701939e+02 1.215909477094005382e+02
2.887980092673573917e+00 1.848812746508326317e-03 2.378235294117646959e+02 1.282645684677629561e+02
2.894292086458025270e+00 1.795011172749967111e-03 2.396683417085427266e+02 1.337699222496761138e+02
2.900588101801901963e+00 1.834444505730529681e-03 2.312187886279357372e+02 1.420697329309876977e+02
2.906894294921833044e+00 1.834235081131648307e-03 2.264931846344485677e+02 1.453873014304359685e+02
2.913143215321425394e+00 1.775388414920497622e-03 2.204238156209987096e+02 1.447961927685344392e+02
2.919469846096636179e+00 1.902110692867622259e-03 2.009124700239808021e+02 1.417892579584229793e+02
2.925831071463227850e+00 1.799019204260941503e-03 1.941154822335025472e+02 1.341753938052377180e+02
2.932125236913744715e+00 1.849572311535908030e-03 1.790271940667490753e+02 1.280148053711787384e+02
2.938426190430696305e+00 1.829943172517629413e-03 1.724806491885143487e+02 1.228845790312393262e+02
2.944698497868602605e+00 1.792371922793937686e-03 1.713172588832487406e+02 1.193655393441352999e+02
2.951032364443879619e+00 1.872648010744969562e-03 1.644186893203883528e+02 1.181224628374660597e+02
2.957349976869245278e+00 1.772646084934545842e-03 1.686138107416879848e+02 1.172939123439916926e+02
2.963641534615172990e+00 1.843499637433317897e-03 1.647407407407407334e+02 1.173373962695983437e+02
2.969974563050315375e+00 1.835483252247156055e-03 1.657552795031055837e+02 1.171188521210974756e+02
2.976261971728969780e+00 1.784595762971840369e-03 1.696836734693877418e+02 1.177331557490061584e+02
2.982555079221103078e+00 1.856376802478345786e-03 1.661126070991432186e+02 1.179887540683524776e+02
2.988860230475899549e+00 1.767956570045068222e-03 1.721613316261203579e+02 1.180141153124998539e+02
2.995178874680174186e+00 1.856934622757372335e-03 1.690904645476772714e+02 1.184676324838049482e+02
3.001496400543723020e+00 1.797819739674591305e-03 1.747186311787072270e+02 1.188062201238540894e+02
3.007822553902104179e+00 1.849516356328991537e-03 1.730804455445544647e+02 1.192664193165474131e+02
3.014155913686516808e+00 1.844070628166239031e-03 1.742335403726708023e+02 1.205142105378165240e+02
3.020427983220980828e+00 1.780401570183770890e-03 1.780705128205128176e+02 1.222178235790281349e+02
3.026726854870708916e+00 1.864734463497724846e-03 2.078471882640586728e+02 5.227519779933797963e+02
3.033042693621903041e+00 1.790509691971886499e-03 4.070727040816326507e+02 2.890659047163761898e+03
3.039417687211595442e+00 1.892848977299335135e-03 4.496340579710144993e+02 3.804881827272591636e+03
3.045771113053035606e+00 1.809002971513908259e-03 2.405665399239543660e+02 1.169526927814679084e+03
3.052089874155329063e+00 1.844438578281415919e-03 1.682816377171215834e+02 1.469761267133795570e+02
3.058386304167925118e+00 1.824217551217444024e-03 1.601691729323308380e+02 1.349133497597340181e+02
3.064635661305841197e+00 1.781811879387494579e-03 1.583653846153846132e+02 1.369159166955249418e+02
3.070942258104439215e+00 1.879278577764203085e-03 1.518727272727272748e+02 1.372167915737981616e+02
3.077306102136554866e+00 1.789896323379901438e-03 1.499135959339263025e+02 1.376776894524305987e+02
3.083610248093582751e+00 1.842323938384468965e-03 1.432693726937269503e+02 1.366460006429050225e+02
3.089899276602742884e+00 1.781295098450355954e-03 1.406624203821656067e+02 1.334989787590493791e+02
3.096219282790054539e+00 1.849962857272845727e-03 1.269252450980392126e+02 1.259936164212962524e+02
3.102516781183005889e+00 1.793151767743564459e-03 1.245183776932826305e+02 1.206440232970085873e+02
3.108846425703184035e+00 1.844538984569745127e-03 1.164674046740467475e+02 1.145515501009888766e+02
3.115155056293756886e+00 1.812510444856532069e-03 1.133638644918444101e+02 1.115093203995171365e+02
3.121484332076036150e+00 1.832521331068808152e-03 1.094627791563275423e+02 1.089757061172997652e+02
3.127777573742708483e+00 1.818133687887086257e-03 1.067705735660847921e+02 1.073758086555164795e+02
3.134074710556275623e+00 1.800750836428910992e-03 1.070239596469104697e+02 1.071718844805398305e+02
3.140350968701055567e+00 1.840082388152106639e-03 1.022019704433497509e+02 1.054858048420476138e+02
3.146669598331559570e+00 1.795769837056059460e-03 1.021123737373737441e+02 1.054430354558818834e+02
3.152959210157879166e+00 1.842768641532451131e-03 9.926257668711656379e+01 1.038889867103942066e+02
3.159264892205651432e+00 1.791857333635609589e-03 1.004784810126582215e+02 1.040928845964891565e+02
3.165581888857809112e+00 1.858342078644047027e-03 9.424635922330097060e+01 1.016174605834702476e+02
3.171905560319084216e+00 1.782720971754531017e-03 9.756907477820026031e+01 1.030253211551024322e+02
3.178180461481988406e+00 1.828434529921516482e-03 9.173710073710073232e+01 1.001888356897999870e+02
3.184506679420991304e+00 1.810619157308176325e-03 9.329514321295143020e+01 1.006536566054458461e+02
3.190846230582273346e+00 1.831490456789015321e-03 8.828728606356968100e+01 9.874554104668651178e+01
3.197132365687451294e+00 1.780884113596707067e-03 8.945822784810125938e+01 9.895464745449852728e+01
3.203454230992797136e+00 1.862619862555806765e-03 8.450180940892641956e+01 9.685973934647427086e+01
3.209790152929830498e+00 1.796864404628749357e-03 8.643647798742138377e+01 9.759265862311309547e+01
3.216105270782768422e+00 1.849581865447865814e-03 8.147330097087377965e+01 9.543397863985319418e+01
3.222383723154825574e+00 1.773184836801974633e-03 8.252538071065990266e+01 9.568031199658888397e+01
3.228652903688512765e+00 1.829814433570467642e-03 7.729841656516443038e+01 9.264057814517343559e+01
3.234977992221026444e+00 1.801123950508762587e-03 7.779726368159204242e+01 9.256948278638071770e+01
3.241301441286830176e+00 1.830570155328411054e-03 7.456622114216281716e+01 9.081257792865068268e+01
3.247581817024004280e+00 1.774748969754167847e-03 7.420101137800253355e+01 9.032301382846587501e+01
3.253885986942128827e+00 1.868811343678552150e-03 7.349820359281437732e+01 9.012719053461866281e+01
3.260235987169183947e+00 1.804603356501592029e-03 7.320749999999999602e+01 8.956976863387004073e+01
3.266546856392692710e+00 1.857627301288636550e-03 6.853004807692308020e+01 8.610958315491468795e+01
3.272886904023045052e+00 1.792569475559808913e-03 6.914374999999999716e+01 8.597499354826962303e+01
3.279153478698136670e+00 1.837211362056317054e-03 6.535393939393939888e+01 8.272857410897806574e+01
3.285516195699416553e+00 1.819318898053023329e-03 6.430343980343980093e+01 8.146184613477610981e+01
3.291677990232397821e+00 1.824817096246810931e-03 6.846920052424638925e+01 8.424527704472143341e+01
3.298068987764390059e+00 1.863784166448585874e-03 6.862191780821918030e+01 8.427426093703461163e+01
3.304430978840338096e+00 1.814787339162488022e-03 6.768895348837209269e+01 8.374805729263628962e+01
3.310737564052387061e+00 1.817945227602999880e-03 6.678571428571429180e+01 8.344671389799692918e+01
3.317033906120231190e+00 1.800198345421728579e-03 6.523266563944530105e+01 8.201286212171918066e+01
3.323313479518194669e+00 1.810036704891648416e-03 6.481347962382444905e+01 8.157631595825526460e+01
3.329645772824664451e+00 1.853775369266378323e-03 6.914664586583462835e+01 8.454714976531809612e+01
3.335990548707715053e+00 1.826590486813650920e-03 6.722311396468700195e+01 8.328397349555591234e+01
3.342268739174953929e+00 1.807641793864574143e-03 6.697879282218596586e+01 8.310179397379549471e+01
3.348554594221377023e+00 1.807536448754866812e-03 6.636842105263157521e+01 8.275582188640372294e+01
3.354810866618635590e+00 1.798386852034845364e-03 6.519262981574539140e+01 8.196798451895006110e+01
3.361143554435736203e+00 1.860575678898459748e-03 6.985901639344263003e+01 8.533048322792889451e+01
3.367505271257411170e+00 1.829077091643749146e-03 6.630743243243243512e+01 8.353117190777767576e+01
3.373804785089639324e+00 1.803149868685275390e-03 6.534488734835355217e+01 8.327773698373262334e+01
3.380079784639911100e+00 1.805631642174917659e-03 6.224077328646748697e+01 8.105736057073578138e+01
3.386416571036835244e+00 1.843579116849991192e-03 6.331338028169014365e+01 8.123662979580844024e+01
3.392732849186819166e+00 1.821713749179523084e-03 6.170235934664246713e+01 7.931671551367305995e+01
3.399077842768783331e+00 1.840157085703132342e-03 5.673731884057971087e+01 7.554372532368455495e+01
3.405368445234043140e+00 1.771416845865005909e-03 5.547900763358778420e+01 7.412191123659488312e+01
3.411642977450664915e+00 1.840004348347408980e-03 5.623308270676691478e+01 7.469581586387334937e+01
3.417946432239648225e+00 1.816648589106147462e-03 5.475533980582524407e+01 7.261027673601215326e+01
3.424268333461439884e+00 1.838339958730071926e-03 5.121276595744680549e+01 6.861069228455033908e+01
3.430601598134079389e+00 1.799761940178920376e-03 4.905210420841683572e+01 6.617144940396897823e+01
3.436922606236269218e+00 1.844213366763177700e-03 5.246600000000000108e+01 6.952718731546673325e+01
3.443269856433799347e+00 1.834668830692703879e-03 5.007770961145194377e+01 6.615479036185368500e+01
3.449516618902171317e+00 1.769622948488585408e-03 4.538675213675213627e+01 6.009686597868665103e+01
3.455771942280530862e+00 1.817195070858158281e-03 4.295137420718815946e+01 5.658559780944592177e+01
3.462154010515302804e+00 1.866018191136946868e-03 4.944936708860759467e+01 6.360483777637928426e+01
3.468478914699885340e+00 1.799468636805881495e-03 4.189578713968958112e+01 5.341453994113882686e+01
3.474737530089159865e+00 1.798535080277152308e-03 3.963901345291479572e+01 5.008567816604714551e+01
3.481027808853469629e+00 1.828779808500339806e-03 4.316515837104072517e+01 5.448516981581420282e+01
3.487370903609774420e+00 1.855504762412056021e-03 3.669683257918551789e+01 4.368335447186326093e+01
3.493710577164840458e+00 1.791815171782784382e-03 3.414420803782505942e+01 3.990130695518912063e+01
3.499981309375833849e+00 1.817721919481020843e-03 3.400715990453460336e+01 3.971187956659408513e+01
3.506294281862427642e+00 1.840208171226962808e-03 2.994964028776978537e+01 2.972221077168838477e+01
3.512643170548069183e+00 1.819719049123772565e-03 2.644226044226044081e+01 2.137203133289945001e+01
3.518887929185086527e+00 1.780316295825717758e-03 2.486153846153846203e+01 1.631338797487924808e+01
3.525201780775713889e+00 1.871585280235478531e-03 2.395533498759305147e+01 1.350095588608913211e+01
3.531587235286628879e+00 1.812415240060859375e-03 2.153906250000000000e+01 8.615779057231030436e+00
3.537791204901774123e+00 1.765649031450039182e-03 2.066757493188010741e+01 6.874133428986737293e+00
3.544104483213670331e+00 1.881636984785636617e-03 2.003125000000000000e+01 6.054796706004394125e+00
3.550526160049383151e+00 1.823753900979235669e-03 1.906284153005464432e+01 3.751363135249687897e+00
3.556826252644191833e+00 1.805941154371571225e-03 1.871830985915492818e+01 2.518969885463550273e+00
3.563110991539715666e+00 1.831382697511484874e-03 1.848579545454545325e+01 1.874177677803044118e+00
3.569418747584309326e+00 1.819035597463529485e-03 1.880523255813953654e+01 1.554023111559202475e+00
3.575721219182565580e+00 1.815191134896390569e-03 1.902967359050445140e+01 1.592576377557596512e+00
3.582041784633743120e+00 1.836067019019354488e-03 1.906906906906906940e+01 1.519127772977662438e+00
3.588351193306853926e+00 1.816205673054769026e-03 1.945201238390092868e+01 1.384856403386694579e+00
3.594644124218077774e+00 1.816162507538995278e-03 1.982334384858044274e+01 1.391649951645560934e+00
3.600965899690116157e+00 1.832434222657099978e-03 1.980511182108626045e+01 1.430963987181834485e+00
3.607301933810233674e+00 1.823864462282996299e-03 1.994098360655737778e+01 1.618417247994228481e+00
3.613589615564896995e+00 1.801875725405921403e-03 2.004406779661016813e+01 1.498554316260160002e+00
3.619872304563952703e+00 1.819848024125704684e-03 1.995876288659793829e+01 1.760060836895447345e+00
3.626184481674183946e+00 1.827760715362539709e-03 1.966666666666666785e+01 1.874107974945516952e+00
3.632455309189269510e+00 1.797655079431180383e-03 1.921532846715328446e+01 2.234035781252500907e+00
3.638754857574894697e+00 1.841922947680418475e-03 1.873357664233576614e+01 2.206728820196605323e+00
3.645110863435991444e+00 1.833895812584415653e-03 1.813533834586466043e+01 2.175792274588882691e+00
3.651399341121458253e+00 1.797724079201825547e-03 1.727450980392156765e+01 2.127374174090190362e+00
3.657684783062496781e+00 1.823089633617003442e-03 1.683730158730158877e+01 1.874184125844133408e+00
3.663989311092172851e+00 1.817352227903809700e-03 1.662295081967213051e+01 1.504003436500787050e+00
3.670338462676961733e+00 1.852037082036360515e-03 1.612396694214876192e+01 1.342879844039526649e+00
3.676667454351053799e+00 1.802731285318214709e-03 1.562008733624454138e+01 1.192347663298158000e+00
3.682957402673964431e+00 1.831301914300888494e-03 1.545575221238938113e+01 1.419699074334054956e+00
3.689264510226057059e+00 1.810576500315507495e-03 1.569124423963133630e+01 1.410958768540179209e+00
3.695607159299667099e+00 1.851070780809128090e-03 1.568372093023255864e+01 1.315695490651673127e+00
3.701906411334345837e+00 1.786914693256676148e-03 1.590049751243781095e+01 1.171618024285992155e+00
3.708163258087520564e+00 1.825159420261267002e-03 1.616080402010050321e+01 1.233972779679263221e+00
3.714507337749332283e+00 1.833043865117713490e-03 1.635751295336787692e+01 1.490364769431848257e+00
3.720870273368275249e+00 1.842023606415223082e-03 1.631550802139037515e+01 1.276485262109042340e+00
3.727157013165883104e+00 1.785929560704693081e-03 1.617142857142857082e+01 1.271733510783206400e+00
3.733414267292576749e+00 1.823616893326991065e-03 1.602325581395348664e+01 1.298322335541496564e+00
3.739747614563589284e+00 1.832601406324968355e-03 1.625903614457831381e+01 1.418722660535289393e+00
3.746091684029914770e+00 1.828992002129592063e-03 1.618238993710691886e+01 1.243582473970294755e+00
3.752406222021260618e+00 1.812401454337024109e-03 1.613245033112582760e+01 1.350701176035777440e+00
3.758712131096641595e+00 1.823143945980814458e-03 1.605517241379310178e+01 1.155537770323614710e+00
3.765000355804634324e+00 1.809969724265664184e-03 1.616058394160583944e+01 1.069237183667090418e+00
3.771324791207556704e+00 1.846593531196991230e-03 1.587218045112781972e+01 1.299795380427128721e+00
3.777640884128447674e+00 1.800430178895984180e-03 1.516260162601625971e+01 1.255590973174061764e+00
3.783890033752419058e+00 1.812352582976840126e-03 1.483760683760683818e+01 1.186649872944178119e+00
3.790205950757557840e+00 1.839564216382759279e-03 1.483928571428571352e+01 1.302286548767988661e+00
3.796547481197723339e+00 1.823144808823023381e-03 1.470192307692307665e+01 1.170394158054071765e+00
3.802839460639445335e+00 1.822115437231795494e-03 1.476288659793814517e+01 1.132050772742622335e+00
3.809162628389719529e+00 1.835235423465040759e-03 1.516483516483516425e+01 1.428486895216606767e+00
3.815477698903783743e+00 1.813833779597889004e-03 1.514457831325301207e+01 1.437072151328211866e+00
3.821777178949230969e+00 1.830898415393102585e-03 1.461038961038961048e+01 1.167315033998284290e+00
3.828076951026545771e+00 1.795694771849016581e-03 1.447826086956521685e+01 1.047396026965487170e+00
3.834316772867639944e+00 1.791896653628349866e-03 1.495161290322580605e+01 1.740441414221446825e+00
3.840583618544390898e+00 1.820001018717854217e-03 1.482142857142857117e+01 1.541310401931435203e+00
3.846911872181034475e+00 1.824281646184678762e-03 1.416326530612244916e+01 1.621646573495422849e+00
3.853313008086272973e+00 1.880829953221405115e-03 1.437209302325581461e+01 1.223971848087513248e+00
3.859656947796285653e+00 1.787945514535103963e-03 1.397058823529411775e+01 1.423966874930612470e+00
3.865825284683709118e+00 1.773175751446867720e-03 1.444444444444444464e+01 1.622881651867158936e+00
3.872064552013789740e+00 1.858490478498285668e-03 1.471428571428571352e+01 1.889822365046136099e+00
3.878243048288448236e+00 1.738115315901965106e-03 1.315384615384615330e+01 1.437041668636108049e+00
3.884441558101385361e+00 1.990091083924331716e-03 1.557142857142857117e+01 2.759029702261137640e+00
