# q qerr I(q) I(q)err
6.111313073595031620e-02 3.154100855865873791e-03 3.105000000000000000e+02 9.419032647804559133e+01
6.800242608866982619e-02 2.110752812487300123e-03 4.400000000000000000e+02 5.097711905028241830e+01
7.478812129850326285e-02 1.894856213165734514e-03 5.358888888888889142e+02 9.773477589759482953e+01
8.081736842982174818e-02 1.577734731020807597e-03 6.008888888888889142e+02 1.090737659556737071e+02
8.706192866790804508e-02 2.018057842609979804e-03 6.617692307692307168e+02 1.210931227555810636e+02
9.311361532868518698e-02 1.734318039620741251e-03 6.621666666666666288e+02 1.182102058951670074e+02
9.924832822165428892e-02 1.939409616079583844e-03 6.430625000000000000e+02 1.545000000000000000e+02
1.056867454532435108e-01 2.068262530006435406e-03 6.136250000000000000e+02 1.916134618183179725e+02
1.120935416356093062e-01 1.699923986068800717e-03 5.626538461538461888e+02 1.822148497770967879e+02
1.177168722532570266e-01 1.903764278506084144e-03 5.738750000000000000e+02 1.916330620450187325e+02
1.242406998858587575e-01 2.007415885574503726e-03 5.830357142857143344e+02 1.583170417683633389e+02
1.307844605212421796e-01 1.948859987027574741e-03 5.967500000000000000e+02 1.377850292510557324e+02
1.372938405551752672e-01 1.976444694498947011e-03 5.907419354838709751e+02 1.337832475914238728e+02
1.433626874055373979e-01 1.479129257371093872e-03 5.696399999999999864e+02 1.230738640004448570e+02
1.497414395840910573e-01 2.132896554945924294e-03 5.827567567567567721e+02 1.155173518693500654e+02
1.562016171858009728e-01 1.470810848565314282e-03 5.688518518518518476e+02 1.078171049542386299e+02
1.620883487451751925e-01 1.817360580555445800e-03 5.722727272727272521e+02 1.048804251577348197e+02
1.684939590642719198e-01 1.975568076388520972e-03 5.656756756756756204e+02 1.046587483958122817e+02
1.749358117034872373e-01 1.810730169671130639e-03 5.703428571428571558e+02 9.831904750373050206e+01
1.813634234827302405e-01 1.982290824745188643e-03 5.755121951219512084e+02 9.864097947429267776e+01
1.877608813777307539e-01 1.710969833005861022e-03 5.752162162162162531e+02 1.042833311142457688e+02
1.936838392192468117e-01 1.708352888559126238e-03 5.747631578947368780e+02 1.019429189584140403e+02
1.998200724089964908e-01 1.901042836663710675e-03 5.776046511627906739e+02 1.004876347502320755e+02
2.064988844748374130e-01 2.083185659227047067e-03 5.707916666666666288e+02 1.211024625001949033e+02
2.131062600015138364e-01 1.923054290541973939e-03 5.864255319148936678e+02 1.027713755674915745e+02
2.193208008558340527e-01 1.649587748772136844e-03 5.886046511627906739e+02 1.064113217137107057e+02
2.255197753110727010e-01 1.943898002345461392e-03 5.961176470588235361e+02 1.009108917501860390e+02
2.319084130262620835e-01 1.853433278599466881e-03 5.986000000000000227e+02 1.003313111645611855e+02
2.380456302514551703e-01 1.717913041466973250e-03 5.999166666666666288e+02 1.001542126894542832e+02
2.441826744061198484e-01 1.910984005326162374e-03 6.041636363636363285e+02 9.745093785724280622e+01
2.508567628905887248e-01 1.865639566994751813e-03 5.644516129032258505e+02 1.370649602555836566e+02
2.571616352083493928e-01 2.042758540577210586e-03 5.510243902439024168e+02 1.389287839852892716e+02
2.636090936505812721e-01 1.759536909171210452e-03 5.598701298701298583e+02 1.218633773773958637e+02
2.696276322290375727e-01 1.767913466712890637e-03 5.671375000000000455e+02 1.141719440690224872e+02
2.756934411426098519e-01 1.847457432374286813e-03 5.774642857142856656e+02 1.063732398513018182e+02
2.820483295007140123e-01 1.942127748479487680e-03 5.806853932584269842e+02 1.046700474634723435e+02
2.885873542857223528e-01 1.999902870285049771e-03 5.864947368421052261e+02 1.032445355814235057e+02
2.950059364807982032e-01 1.753155416080761590e-03 5.873837209302325846e+02 1.021070870220034266e+02
3.012776628394395750e-01 1.916275679195857595e-03 5.943473684210525789e+02 1.002915688438636153e+02
3.076468654533095481e-01 1.858480647863890167e-03 5.996021505376344294e+02 9.997762554640462440e+01
3.139397285054469910e-01 1.849733180513128640e-03 6.066914893617021107e+02 9.804757554918369067e+01
3.202097007249891103e-01 1.889977811219999311e-03 6.081122448979591582e+02 9.569018233559059183e+01
3.264390569218261762e-01 1.757358001834326191e-03 6.117526881720430083e+02 9.310273343619783759e+01
3.326951465344144543e-01 1.930481388006281569e-03 6.219230769230769056e+02 9.023693745721209325e+01
3.390239669727912464e-01 1.785238221274862988e-03 6.206224489795918089e+02 9.025200846095883378e+01
3.452290355408559885e-01 1.822729964848564038e-03 6.278235294117647527e+02 8.874775043041404388e+01
3.515217579766085620e-01 1.894166946962649433e-03 6.326285714285713766e+02 8.594522856404053357e+01
3.581115149106128270e-01 1.984833837990382030e-03 6.418318584070796078e+02 8.334285924618070851e+01
3.646365217867122976e-01 1.807385512883236643e-03 6.513177570093457689e+02 8.291874831788402389e+01
3.707522342694583029e-01 1.646676631311451595e-03 6.559900000000000091e+02 8.286633695295091684e+01
3.768404479121448269e-01 1.835047814059704218e-03 6.660360360360360801e+02 7.943278034678530730e+01
3.831651369708888866e-01 1.834489868729198949e-03 6.635135135135135442e+02 7.658012604386389910e+01
3.894643253735652899e-01 1.853753096359237081e-03 6.631415929203540145e+02 7.294481342939681667e+01
3.958807651630259494e-01 1.912159574900255954e-03 6.602333333333333485e+02 6.977784390478113608e+01
4.022473572087105209e-01 1.746533598099251966e-03 6.598558558558559071e+02 6.668505711768368371e+01
4.083991683103055381e-01 1.862831917861469243e-03 6.641260504201680988e+02 6.366583158740073856e+01
4.147868792651558945e-01 1.850918924272050396e-03 6.672148760330578625e+02 6.053723859756046721e+01
4.211381020132339281e-01 1.813003092898375071e-03 6.764214876033057635e+02 5.697787925266142395e+01
4.273404438934948479e-01 1.765577699919095717e-03 6.814369747899160075e+02 5.461605593070749620e+01
4.337195733954657406e-01 1.911235613422362228e-03 6.872307692307692832e+02 5.218858611526143676e+01
4.400834723796714920e-01 1.795304431444431784e-03 6.891774193548386620e+02 5.292731429361465700e+01
4.463380503116383125e-01 1.781136916513354146e-03 6.897857142857143344e+02 5.337476069609192564e+01
4.525475293404462862e-01 1.782735370135076804e-03 6.877637795275591088e+02 5.222533529783502360e+01
4.588781844142776345e-01 1.863542184770878652e-03 6.795223880597014841e+02 5.059253051055852524e+01
4.652813857520213814e-01 1.809454061223974295e-03 6.738270676691729477e+02 4.847236633304860476e+01
4.715886271752884884e-01 1.786725641485754782e-03 6.660522388059702052e+02 4.785602525791605899e+01
4.778700308571910971e-01 1.749120838384908864e-03 6.624661654135338722e+02 4.534608470218626763e+01
4.841075358786299798e-01 1.812598873705853009e-03 6.584347826086956275e+02 4.388013546691524880e+01
4.904685449060671165e-01 1.813034819841214708e-03 6.529357142857143117e+02 4.372980000140940149e+01
4.967988078032400945e-01 1.775169993053363985e-03 6.520496453900709639e+02 4.178318761012416616e+01
5.030461340587593089e-01 1.710738770771227935e-03 6.493333333333333712e+02 4.061359092860347175e+01
5.093789740337634209e-01 1.844995629980458740e-03 6.502348993288591146e+02 3.891437972197983441e+01
5.157895609665918979e-01 1.772173611217854692e-03 6.482054794520547603e+02 3.748351611187027288e+01
5.220653538623039047e-01 1.710912446064493482e-03 6.465944055944055435e+02 3.695102314414434375e+01
5.282420832211931483e-01 1.776221308977217429e-03 6.452635135135135442e+02 3.585066497239271399e+01
5.345849814872509764e-01 1.797460663252185451e-03 6.440592105263158373e+02 3.467390630421314057e+01
5.409400198384390901e-01 1.769240412124692928e-03 6.470196078431372371e+02 3.340247346955617758e+01
5.471612929737256215e-01 1.671871176479489780e-03 6.480337837837837469e+02 3.230229521433349049e+01
5.535187503546902255e-01 1.843477994232445120e-03 6.521481481481481524e+02 3.190036500745088333e+01
5.599303633336802921e-01 1.774845713676194252e-03 6.565796178343948668e+02 3.491069903301728061e+01
5.661980099607780703e-01 1.715649351238413218e-03 6.647727272727272521e+02 2.860476508549269425e+01
5.724333289920446877e-01 1.764199560704661452e-03 6.740187499999999545e+02 3.148580657415337569e+01
5.786575496797814466e-01 1.687338640378493104e-03 6.847142857142856656e+02 3.445287981640699826e+01
5.849918082512260975e-01 1.882166412490617838e-03 6.999593023255813478e+02 3.474581072444367891e+01
5.913559560974818163e-01 1.673563701773732749e-03 7.118025477707005848e+02 3.550246080361895196e+01
5.976003341774964728e-01 1.789272139650604403e-03 7.263431952662722324e+02 3.551751279588778942e+01
6.039710484280985670e-01 1.760471037718898532e-03 7.401845238095238528e+02 3.694022393757003186e+01
6.103455122609070527e-01 1.778153705054047679e-03 7.488830409356725113e+02 3.929038272424730849e+01
6.165941547084902163e-01 1.709282904712068618e-03 7.503173652694611064e+02 4.081009745060739391e+01
6.227886440901039267e-01 1.708031916550016484e-03 7.472500000000000000e+02 3.977082787672391362e+01
6.292222757675741684e-01 1.895555695838723603e-03 7.358716577540106982e+02 3.668137059731539296e+01
6.355837393651907474e-01 1.609918394456906487e-03 7.166848484848484304e+02 3.514836924271745033e+01
6.417201133152361514e-01 1.735489606861494215e-03 6.989887640449437640e+02 3.190742986034589279e+01
6.480234646877054416e-01 1.746502386866512820e-03 6.781910112359551022e+02 2.932036304222998169e+01
6.543745591304535036e-01 1.808595843625667669e-03 6.624510869565217490e+02 2.738652585130429884e+01
6.607410482875138991e-01 1.776914150084337417e-03 6.467663043478261216e+02 2.520262639342681510e+01
6.669765730033264672e-01 1.670208017253243388e-03 6.345284090909091219e+02 2.374131256945709367e+01
6.731673103258457580e-01 1.796482171393593615e-03 6.260585106382978893e+02 2.208764154473268349e+01
6.795850853652600776e-01 1.822834825668488831e-03 6.165916230366492528e+02 2.082949205744537124e+01
6.858902177354958551e-01 1.747430487391250960e-03 6.100591397849461828e+02 2.006125144872526533e+01
6.921278880332987216e-01 1.765781770802452586e-03 6.041481481481481524e+02 1.967487049768127605e+01
6.985070946107704293e-01 1.847715388967816497e-03 5.997929292929293297e+02 1.927424395277349234e+01
7.048037128132643714e-01 1.757666077632949074e-03 5.959312169312169090e+02 1.869159857633424338e+01
7.109847861020758275e-01 1.767854622430342420e-03 5.937083333333333712e+02 1.781317615675730082e+01
7.172345948602801835e-01 1.822657136245004524e-03 5.911868686868687064e+02 1.712480520087876101e+01
7.236608500653414211e-01 1.906739358311473767e-03 5.883073170731706796e+02 1.704798769921260515e+01
7.299519259881649402e-01 1.814756391122580772e-03 5.856224489795918089e+02 1.709363225415096110e+01
7.362298620906445601e-01 1.872001608046580190e-03 5.833774509803921546e+02 1.663143045701483302e+01
7.427109241448597299e-01 1.961252361706546793e-03 5.803130841121495678e+02 1.656230610164732298e+01
7.489749171607754663e-01 1.795506848231544564e-03 5.768615384615384301e+02 1.788167993555287438e+01
7.553119902396251417e-01 1.968290517240121971e-03 5.747077625570776718e+02 1.698643086806826119e+01
7.617428847945948434e-01 1.878647625832918257e-03 5.701545893719807054e+02 2.437045091745612879e+01
7.679897535333021219e-01 1.889655825210407886e-03 5.696698564593301626e+02 1.093825426974671089e+01
7.742716946001383382e-01 1.890740870187222538e-03 5.659530516431924525e+02 1.826480794423498466e+01
7.806130493972306406e-01 1.874127862848933099e-03 5.649103773584905639e+02 1.686100328646763913e+01
7.869955317179381238e-01 1.962138593108325030e-03 5.618526785714285552e+02 1.765543105830587933e+01
7.933337815560531636e-01 1.823456314192357453e-03 5.588809523809524080e+02 1.766687844822362408e+01
7.995722808394026826e-01 1.873920736445982161e-03 5.572398190045248612e+02 1.694194631232238990e+01
8.059029702364099990e-01 1.855844282913126459e-03 5.563789954337900099e+02 1.716212278043503048e+01
8.122482529694946551e-01 1.899897789708842157e-03 5.558061674008810087e+02 1.706650344367955796e+01
8.185971333973350861e-01 1.831057107996742058e-03 5.542466367713004729e+02 1.777004099643616186e+01
8.248840800988579414e-01 1.805078930334647752e-03 5.530717488789238132e+02 1.799401043431914715e+01
8.311527541867054225e-01 1.843524136775542745e-03 5.518864628820961116e+02 1.785567252934432858e+01
8.375116084758876811e-01 1.829773299230467044e-03 5.508913043478261216e+02 1.836622300441805677e+01
8.438261475186588090e-01 1.817550564165925373e-03 5.493103448275861638e+02 1.928092740799174720e+01
8.500843452560248314e-01 1.755513946144033992e-03 5.490707964601770072e+02 2.147852787150412368e+01
8.563647400134730692e-01 1.844487251387733453e-03 5.497344398340248972e+02 2.206109383883815767e+01
8.626696591174244366e-01 1.710203360544058351e-03 5.511096491228070136e+02 2.515873888329061714e+01
8.689830853488446083e-01 1.844123492424595270e-03 5.555081300813008056e+02 3.047449899345530966e+01
8.753179752476163422e-01 1.741457950302257533e-03 5.666297872340425101e+02 4.369864992688359706e+01
8.815756228481118617e-01 1.752464905610253906e-03 5.948921161825726358e+02 7.375118220128302937e+01
8.877944678552249780e-01 1.716242394594354789e-03 6.582953586497890228e+02 1.391521587766694950e+02
8.941407927930166144e-01 1.839522330085644050e-03 7.424743083003952506e+02 2.216847417673564848e+02
9.005003621585947471e-01 1.752218829319661820e-03 8.352163265306122639e+02 3.135453406070799929e+02
9.067627482844141662e-01 1.720498064613873055e-03 9.113934426229508290e+02 3.916809069650269635e+02
9.130278025298368405e-01 1.789374596252915357e-03 9.416150793650793958e+02 4.357234054109643466e+02
9.193563827426239898e-01 1.786117629316656989e-03 9.743730158730159019e+02 4.815081190266541853e+02
9.256709965929463824e-01 1.773964252230773864e-03 9.574039215686274247e+02 4.936210215754353499e+02
9.319487846442510159e-01 1.740175819907428248e-03 9.199400000000000546e+02 4.766329406996542843e+02
9.382375230166524194e-01 1.835219923763222079e-03 8.462404580152672224e+02 4.100566619364753933e+02
9.445114335627492475e-01 1.754301698834087597e-03 7.617786561264822467e+02 3.196765125273626609e+02
9.507739483173833772e-01 1.796477233495237351e-03 6.746130268199233342e+02 2.160155603939688831e+02
9.571000001339345920e-01 1.844157663989784944e-03 6.116226415094339472e+02 1.291416932337975823e+02
9.634651872700409347e-01 1.860525514413665987e-03 5.792142857142856656e+02 7.285746719668337334e+01
9.697902983397413967e-01 1.869026222830578836e-03 5.900939849624060116e+02 4.739780238080355446e+01
9.761731987705594138e-01 1.898719003246270758e-03 6.786494464944649962e+02 1.261399730174940430e+02
9.824546988499620603e-01 1.850375251942234242e-03 9.626037735849056389e+02 3.499212741649291729e+02
9.887603507672997338e-01 1.885371791598095068e-03 1.600275735294117567e+03 6.182423514535696540e+02
9.951547945742836854e-01 1.923480157877882840e-03 2.593053380782918339e+03 7.267339144376297781e+02
1.001497999719481502e+00 1.820392376112148691e-03 3.750312030075187977e+03 8.200593033147878259e+02
1.007730073445106012e+00 1.872875193246743668e-03 4.472133093525179902e+03 9.583663974856463028e+02
1.014110590476311025e+00 1.881534321868284657e-03 4.716141843971630806e+03 9.880515722680142972e+02
1.020442888611849064e+00 1.823625195420996601e-03 4.644003584229390981e+03 1.042659758866647735e+03
1.026691701700078063e+00 1.782759485576686145e-03 4.384148550724637971e+03 1.054887106841796140e+03
1.033057845114525142e+00 1.884320384582664851e-03 3.865289115646258324e+03 9.802560329753879387e+02
1.039437792018165441e+00 1.793463056649077922e-03 3.221954063604240218e+03 9.041108127243725221e+02
1.045681248368910410e+00 1.745618337461533540e-03 2.496546099290780148e+03 7.459123416612593473e+02
1.051944871571292683e+00 1.801987856022948175e-03 1.813744827586206839e+03 5.760659949683356444e+02
1.058324809813473877e+00 1.829265674919061668e-03 1.224279461279461202e+03 3.708099338170763417e+02
1.064596602572098316e+00 1.714864743882408334e-03 8.164929577464788508e+02 1.914363745190299255e+02
1.070868750588993112e+00 1.792957436204007347e-03 5.970808080808080831e+02 8.065688106215040420e+01
1.077195490251847465e+00 1.798916779777443367e-03 5.111872909698996637e+02 3.199585565746020421e+01
1.083505800573759448e+00 1.740543057611223946e-03 4.844812286689419807e+02 2.015957059668748386e+01
1.089676915900379850e+00 1.748165881083384946e-03 4.736564625850340349e+02 1.851933712538100707e+01
1.096052400832523421e+00 1.863573573199493825e-03 4.664057507987220674e+02 1.783075164291492243e+01
1.102364289960501065e+00 1.744372504095847640e-03 4.620033898305084676e+02 1.721656671614655920e+01
1.108625070827478076e+00 1.829094711995288541e-03 4.568957654723126893e+02 1.735897671264216768e+01
1.114924075445366869e+00 1.842999932655674591e-03 4.418311688311688386e+02 4.172408799856334838e+01
1.121282665432693726e+00 1.762017027877181303e-03 4.492404580152671656e+02 2.893709231180692854e+01
1.127553932619258736e+00 1.851826979229859085e-03 4.489033457249070693e+02 2.606928075366255015e+01
1.133905639228342421e+00 1.803927404845938115e-03 4.466196078431372598e+02 2.583801133370933556e+01
1.140144523104706709e+00 1.820967272376473748e-03 4.449133858267716732e+02 2.702718140940837799e+01
1.146455214771981312e+00 1.831860927088285957e-03 4.447848605577689227e+02 2.422316294028060923e+01
1.152869066430118439e+00 1.902391342003174283e-03 4.445405405405405190e+02 2.338801997268519628e+01
1.159252377890596986e+00 1.791659613503928782e-03 4.425643153526971219e+02 2.503042276938305477e+01
1.165575291556828930e+00 1.872439892399787795e-03 4.426812749003984209e+02 2.396404870938021858e+01
1.171828433925186763e+00 1.747387590499659572e-03 4.407705627705627762e+02 2.539264051182577120e+01
1.178029580193284076e+00 1.845903894892485285e-03 4.408765432098765586e+02 2.365415882656168733e+01
1.184400904434957269e+00 1.829516060217846983e-03 4.394853556485355739e+02 2.264822714670576431e+01
1.190737654720273042e+00 1.816225366119703435e-03 4.387004219409282655e+02 2.341772836127167068e+01
1.196977477342464180e+00 1.780548390738201196e-03 4.378908296943231448e+02 2.202838200712337979e+01
1.203312963818603976e+00 1.874247930763579166e-03 4.374214876033057635e+02 2.392467775304507782e+01
1.209645773529357093e+00 1.750259837788138012e-03 4.352964601769911610e+02 2.427683567864191971e+01
1.215952225700388523e+00 1.837678281197498587e-03 4.342796610169491487e+02 2.184535614013649862e+01
1.222254898926581568e+00 1.775628514659025698e-03 4.108352059925093727e+02 5.404595021916416187e+01
1.228537298751265050e+00 1.780223345631782141e-03 4.173949275362318758e+02 3.592531241107931095e+01
1.234759587745337228e+00 1.795376270296014523e-03 4.155197132616487465e+02 3.409144151474277606e+01
1.241110555825225781e+00 1.895169703334604900e-03 4.140503355704698265e+02 3.299838796662676543e+01
1.247523323486311897e+00 1.874537877840588536e-03 4.107128378378378102e+02 3.087459946419558321e+01
1.253854431820907944e+00 1.857283623330970761e-03 4.094899328859060574e+02 3.142370966802745258e+01
1.260138295168494293e+00 1.856490137450314505e-03 4.046777408637873918e+02 3.168262561923189224e+01
1.266501421045549414e+00 1.881588491645209797e-03 4.036752411575562860e+02 3.147202476421036010e+01
1.272807251993681055e+00 1.824447191781883651e-03 4.008098360655737906e+02 3.111342445637973242e+01
1.279100636071537789e+00 1.831925956271344968e-03 4.003089171974522174e+02 2.987006596246570922e+01
1.285385940199903265e+00 1.796864974607813087e-03 3.980705128205128176e+02 3.143004642133602289e+01
1.291734086560349049e+00 1.833790085687247952e-03 3.969601226993864884e+02 3.040420144309003803e+01
1.297999116585571544e+00 1.712347548001254965e-03 3.937411003236246074e+02 3.095121064737060834e+01
1.304332283077917598e+00 1.862331657852500611e-03 3.929557522123893705e+02 3.072051633677768123e+01
1.310629912671008812e+00 1.689758514739712848e-03 3.899807692307692264e+02 3.097144390840057682e+01
1.316859893871710430e+00 1.807323329610554348e-03 3.895492537313432990e+02 3.108373316325870306e+01
1.323169508333509325e+00 1.772103529485381237e-03 3.879878419452887783e+02 2.996877499667946765e+01
1.329416719622044551e+00 1.761213072716576004e-03 3.870151057401812409e+02 3.156482513864683881e+01
1.335676763851219473e+00 1.808340606324402439e-03 3.849761904761904816e+02 3.047260604851108923e+01
1.342102166253144047e+00 1.916040745002256648e-03 3.841943661971831148e+02 3.100712244841890453e+01
1.348432554966731090e+00 1.804515701739407276e-03 3.821389728096676777e+02 3.074255964432843058e+01
1.354697325729501189e+00 1.895450207138361931e-03 3.819943342776203963e+02 3.235610914301780383e+01
1.361035554581970564e+00 1.836151892644552735e-03 3.800988372093023031e+02 3.094071311113969713e+01
1.367445372286436589e+00 1.911657172750392099e-03 3.807150684931506817e+02 3.083349371660633409e+01
1.373833054624600258e+00 1.794265400870382644e-03 3.790202898550724626e+02 3.092767993664235604e+01
1.380048052911932777e+00 1.791287036868802413e-03 3.812934472934472865e+02 3.160196126013975615e+01
1.386332670155489666e+00 1.806335848089170130e-03 3.844859550561797619e+02 3.263939061115019769e+01
1.392624520144640332e+00 1.796075039907524609e-03 4.034444444444444571e+02 3.946342657495718953e+01
1.398923000198597277e+00 1.771229759338340285e-03 4.480814606741573130e+02 4.891395561243070489e+01
1.405184482923453881e+00 1.808998902686751115e-03 5.210271739130434980e+02 4.798682890610802332e+01
1.411475199677901360e+00 1.734371386327675756e-03 5.929129213483146259e+02 3.793612363007392219e+01
1.417706081410672780e+00 1.817237095201347432e-03 6.388145161290323131e+02 3.886138227861851391e+01
1.424046144262549829e+00 1.816956160244514703e-03 6.572493224932248950e+02 4.522423240799024313e+01
1.430457268966005335e+00 1.925855730949348329e-03 6.643084832904884252e+02 4.980283208330445177e+01
1.436865665354877475e+00 1.843763745384080412e-03 6.620833333333333712e+02 5.218341566980586066e+01
1.443084111958556903e+00 1.831535442318516687e-03 6.527553763440860166e+02 5.832596331223472674e+01
1.449466238371406979e+00 1.910439897345804971e-03 6.389594936708861042e+02 5.306772151521314385e+01
1.455780432464144347e+00 1.769262236301017126e-03 6.159243243243242887e+02 5.149599316360934864e+01
1.462109939136078340e+00 1.873282905934200038e-03 5.811052631578946830e+02 4.648697999223342947e+01
1.468414112563870999e+00 1.734923018383166060e-03 5.412079999999999700e+02 4.051439197783096091e+01
1.474680891373796765e+00 1.804015195942032307e-03 5.013680203045685175e+02 3.357569692576942089e+01
1.480924591063775386e+00 1.742163032935032654e-03 4.631331592689294894e+02 3.004536787333020342e+01
1.487138550370334267e+00 1.742602934721402272e-03 4.314138817480719581e+02 2.734506619189928500e+01
1.493462591150057195e+00 1.833511633313982111e-03 4.028589108910891241e+02 2.865835875989929349e+01
1.499809278721849770e+00 1.805357266360340307e-03 3.827254408060453557e+02 3.153247090911076356e+01
1.506175762378094918e+00 1.888906516140883814e-03 3.705158924205379094e+02 3.527311056704568415e+01
1.512543466733061504e+00 1.879653113941155348e-03 3.660294117647058556e+02 3.767363970476417734e+01
1.518927121842702510e+00 1.865813122140227640e-03 3.641078431372549176e+02 3.719409091354491892e+01
1.525176469146275027e+00 1.826629940430822378e-03 3.641861042183622885e+02 3.657478922249013920e+01
1.531416651941075235e+00 1.798854978931840659e-03 3.638935643564356610e+02 3.756506951415337880e+01
1.537728221615372926e+00 1.856986876758172280e-03 3.629881796690307283e+02 3.823480798376773748e+01
1.544096010846849332e+00 1.769518617434322075e-03 3.624525547445255711e+02 3.844901440784855851e+01
1.550405005344789089e+00 1.809055686031393537e-03 3.621465721040189010e+02 3.859742697427699198e+01
1.556696834359960313e+00 1.740139413919524446e-03 3.615388349514562947e+02 3.920972726658180108e+01
1.562969221032702194e+00 1.804120915253569534e-03 3.620613207547169736e+02 3.931748095844600499e+01
1.569251838380229191e+00 1.803338776033149233e-03 3.619498806682577765e+02 3.844184453685162595e+01
1.575556094315494926e+00 1.863019847936644557e-03 3.627529137529137415e+02 3.850240091116899066e+01
1.581892448177514066e+00 1.865480693804838323e-03 3.637083333333333144e+02 3.920627306941871382e+01
1.588269483401412163e+00 1.861295980786164313e-03 3.671451612903225623e+02 3.997986244250546406e+01
1.594574325321363339e+00 1.830133252637398044e-03 3.731527777777777715e+02 4.160787712115106274e+01
1.600916934751582588e+00 1.832077894544300927e-03 3.853576309794988788e+02 4.550476731807815156e+01
1.607201343968552854e+00 1.780442356845074459e-03 4.011712962962963047e+02 4.819449636653552460e+01
1.613445462524496721e+00 1.775524639999344866e-03 4.159472477064219902e+02 4.873641269002158083e+01
1.619730849749851931e+00 1.787630240083115185e-03 4.257155756207674813e+02 4.971058174100337368e+01
1.625979803600224649e+00 1.755895091839796123e-03 4.337195402298850695e+02 4.967215514181781089e+01
1.632226613292544926e+00 1.821174808670054370e-03 4.460223713646532246e+02 5.009190208721618376e+01
1.638606704061473573e+00 1.894452323361247963e-03 4.740151843817787380e+02 4.965841910111445401e+01
1.645050487946952522e+00 1.887301666918968484e-03 5.391978260869565247e+02 4.766395492658846678e+01
1.651415996904310735e+00 1.851783837096881687e-03 6.251688596491228509e+02 4.213057102176379232e+01
1.657788871265904573e+00 1.852242853945953917e-03 6.912526997840172953e+02 4.855703348333854308e+01
1.664006124760511351e+00 1.741113674427757210e-03 7.186984126984126533e+02 5.872182756377650037e+01
1.670281873961185770e+00 1.842366346193471905e-03 7.239767441860465169e+02 6.395566515611221803e+01
1.676541801276667298e+00 1.721555322686186195e-03 7.215134529147982221e+02 6.715087311045532203e+01
1.682793682471841024e+00 1.824670227224382997e-03 7.172257383966244788e+02 6.958008577878466383e+01
1.689107465299970467e+00 1.791603935857043455e-03 7.106030368763557590e+02 7.184752713710039984e+01
1.695415952935033443e+00 1.877357617877282179e-03 7.008016701461377806e+02 7.147878731615382719e+01
1.701806617780016628e+00 1.875253898477295287e-03 6.841440501043841778e+02 6.738359954519984285e+01
1.708145235544118012e+00 1.851238026496159058e-03 6.844084210526315246e+02 5.527559992270010980e+01
1.714469347376187613e+00 1.845626368464784459e-03 7.222008281573498607e+02 4.857692711380225603e+01
1.720739519194126599e+00 1.771881702320935673e-03 7.780235042735042725e+02 5.210436529108975634e+01
1.726990948287859817e+00 1.820993782645452704e-03 8.074918367346938339e+02 5.681186206949578832e+01
1.733361150263370787e+00 1.784216608021570085e-03 8.016487603305785115e+02 5.918380701197620652e+01
1.739571674833123582e+00 1.760427731239605715e-03 7.775408805031446491e+02 6.063687141908057754e+01
1.745888420135642827e+00 1.855122891619970195e-03 7.480080321285140599e+02 5.990048601393859684e+01
1.752250177420427102e+00 1.860925844240075020e-03 7.198218623481781151e+02 5.795153890829868715e+01
1.758607387389414800e+00 1.864192030273802104e-03 6.999139999999999873e+02 6.143971380141675098e+01
1.764972322429467777e+00 1.851098948525789619e-03 6.846259999999999764e+02 6.109182740760010688e+01
1.771273520234028620e+00 1.808016239517707931e-03 6.621512096774193878e+02 5.913308204469456086e+01
1.777586992161852564e+00 1.807004964737956481e-03 6.399564356435643049e+02 5.339416288080732187e+01
1.783840233931820451e+00 1.746107465683986813e-03 6.122057026476578585e+02 5.089409213781148367e+01
1.790071520275328565e+00 1.795583184790444783e-03 5.835767716535433465e+02 4.717198351661774325e+01
1.796393698957722052e+00 1.819993601147859141e-03 5.455079051383398792e+02 4.485823026710715311e+01
1.802712928873270393e+00 1.883216042231023422e-03 5.088888888888889142e+02 4.254063742198804476e+01
1.809114577024696358e+00 1.850157529878445435e-03 4.745193798449612359e+02 4.279528802897959139e+01
1.815345782948464493e+00 1.803540499391122600e-03 4.455316205533596872e+02 4.064639587238241347e+01
1.821700705453981772e+00 1.863872113208649628e-03 4.215447761194029681e+02 4.049494325694180219e+01
1.828034416566336029e+00 1.759461126105644731e-03 4.020531496062992005e+02 3.976895918163094024e+01
1.834289862490237510e+00 1.817049905439401892e-03 3.915630885122410518e+02 4.078477337688264726e+01
1.840620947190598100e+00 1.780340576699249600e-03 3.879692307692307622e+02 4.125901945502988610e+01
1.846876290479544158e+00 1.833628160635640113e-03 3.867315689981096511e+02 4.194984435187974015e+01
1.853225331533147280e+00 1.864396810776891523e-03 3.875296296296296532e+02 4.119353723932994171e+01
1.859586416204100923e+00 1.843230203276794224e-03 3.877738317757009554e+02 4.247689657857529255e+01
1.865884580336470755e+00 1.827085395033201023e-03 3.871769087523277335e+02 4.196796176674862977e+01
1.872200528994375501e+00 1.799198018262535481e-03 3.863185185185185446e+02 4.341128743245483435e+01
1.878453452628845000e+00 1.760356359008985331e-03 3.846798493408662694e+02 4.397397480279930448e+01
1.884712324747962020e+00 1.805687576808031941e-03 3.829616788321167746e+02 4.451525525715931053e+01
1.891113706724730337e+00 1.861939656346446982e-03 3.802500000000000000e+02 4.419667660607053250e+01
1.897400945427566432e+00 1.833350088909791505e-03 3.787518382352941444e+02 4.439768993228733507e+01
1.903772875545957088e+00 1.875180743362649160e-03 3.778274647887324136e+02 4.481941305948380005e+01
1.910018917854334752e+00 1.739883276586547947e-03 3.771304347826086882e+02 4.328184176890871981e+01
1.916236012056648175e+00 1.833205283437960029e-03 3.771456140350877035e+02 4.242777267452615320e+01
1.922638163561010805e+00 1.793373418488206777e-03 3.758285714285714221e+02 4.119585995644489884e+01
1.928888348891847349e+00 1.792288115248428593e-03 3.754748201438848696e+02 4.143822051257131278e+01
1.935240631371640818e+00 1.865766417879262265e-03 3.764100346020761094e+02 4.023435309859996067e+01
1.941608872090050619e+00 1.856644915843207438e-03 3.791142355008787490e+02 4.084327904019964706e+01
1.947917338414854704e+00 1.837601359788319485e-03 3.874851138353765236e+02 4.293472642357598090e+01
1.954236834815996637e+00 1.805754229573221887e-03 4.072902097902098149e+02 5.779399022923109897e+01
1.960488135501994522e+00 1.772905664188001006e-03 4.634159292035398039e+02 1.145575302590603428e+02
1.966755922696415082e+00 1.810201296061439468e-03 5.671325301204818743e+02 2.161114884381633487e+02
1.973091583736556354e+00 1.814240900008777741e-03 7.105741379310344428e+02 3.242325750674036158e+02
1.979420480567132490e+00 1.865397302840512408e-03 8.803684210526315610e+02 3.737032801992354507e+02
1.985762243830389018e+00 1.849873766110382307e-03 1.139671186440677957e+03 3.394499685591981120e+02
1.992143605840229093e+00 1.840662096304069391e-03 1.457984924623115603e+03 2.571120399505138039e+02
1.998372952698491245e+00 1.738412627792555948e-03 1.719506151142355066e+03 2.120352116802915816e+02
2.004614638405731508e+00 1.821010887715033720e-03 1.854187086092715163e+03 2.302871373734644465e+02
2.010981699228176822e+00 1.807963355431743604e-03 1.892609427609427712e+03 2.524357570593815012e+02
2.017216781415232862e+00 1.822968187424302972e-03 1.906109612141652633e+03 2.551736107905430515e+02
2.023555507756473748e+00 1.866836436713831520e-03 1.885013008130081289e+03 2.521796975411382391e+02
2.029945947492921121e+00 1.842053164818473936e-03 1.885050986842105203e+03 2.624407591999859619e+02
2.036236367431154548e+00 1.802040352124230577e-03 1.857499173553718947e+03 2.747204221177040608e+02
2.042538823796997693e+00 1.786279422623429517e-03 1.809151067323481129e+03 2.806863779732809121e+02
2.048720173306640469e+00 1.747373060808409071e-03 1.736528813559322089e+03 2.849909529904623469e+02
2.055017041239767028e+00 1.892889576395914968e-03 1.618392801251956143e+03 2.955257875030914647e+02
2.061465280497128294e+00 1.850343878148330047e-03 1.456823717948718013e+03 2.780641108303599367e+02
2.067778354784032935e+00 1.826644103880053095e-03 1.307940418679549111e+03 2.564030603666699903e+02
2.074107962816127415e+00 1.810449409964311413e-03 1.154606349206349250e+03 2.267110075010620847e+02
2.080392027050733006e+00 1.757304311173108879e-03 1.000894136807817631e+03 2.048114530283369845e+02
2.086560915145909245e+00 1.789004268885935290e-03 8.583387358184764935e+02 1.845054036927234336e+02
2.092907509218693285e+00 1.897916204239676529e-03 7.305655487804878021e+02 1.576076855393929748e+02
2.099341076602548206e+00 1.841856996552926774e-03 6.006859375000000227e+02 1.178378955346005341e+02
2.105598503643897335e+00 1.780460926307301031e-03 5.016996805111821232e+02 8.036505407402194123e+01
2.111872942412509335e+00 1.813036870717739954e-03 4.167685185185185333e+02 4.670861286625140707e+01
2.118179840511383194e+00 1.773074262998883873e-03 3.583070866141732154e+02 2.328520280352608651e+01
2.124489700938873238e+00 1.854176769044688739e-03 3.277446483180428345e+02 1.961806962565509593e+01
2.130866139955553962e+00 1.876679961187130126e-03 3.155658093797276820e+02 2.209907388826859176e+01
2.137196345481136905e+00 1.803165093871285981e-03 3.118173374613003261e+02 2.254140542310423712e+01
2.143477781291089013e+00 1.808033309626025679e-03 3.118000000000000114e+02 2.503318713258994777e+01
2.149749346762158453e+00 1.787076492040512573e-03 3.189692780337941826e+02 2.937783825785389169e+01
2.156014428448592479e+00 1.811767013668930289e-03 3.344733637747336275e+02 3.583473517975391331e+01
2.162388958755252943e+00 1.899773100682969557e-03 3.536335766423357541e+02 4.069879858543269791e+01
2.168776559916051561e+00 1.828625003914755194e-03 3.694549549549549283e+02 4.143641975711334169e+01
2.175079146577416189e+00 1.799027495536281414e-03 3.795417910447761187e+02 4.142293458837896480e+01
2.181358965593887422e+00 1.775037425494343461e-03 3.852786144578313383e+02 4.119423457546788114e+01
2.187625576602315824e+00 1.830837683859201127e-03 3.918683431952662772e+02 4.399073918961892105e+01
2.193923842198696850e+00 1.837507381709080519e-03 4.108046989720998567e+02 6.002904130333700294e+01
2.200310743338333541e+00 1.859271066102410235e-03 4.612152080344332603e+02 1.018688281809204597e+02
2.206637920896229677e+00 1.789161753318371274e-03 5.492162962962962638e+02 1.596099580901403385e+02
2.212855268310565560e+00 1.778695396750237757e-03 6.813078055964654141e+02 2.038463352367392929e+02
2.219155297956861617e+00 1.826812665150635666e-03 8.693352517985611030e+02 2.082391341930511430e+02
2.225534449623195243e+00 1.883537061579874895e-03 1.097868829337094439e+03 1.530504616857630253e+02
2.231816049321749151e+00 1.789850136339156059e-03 1.296431718061674019e+03 9.730550091833995907e+01
2.238124350048766420e+00 1.838516226422660244e-03 1.402629888268156492e+03 1.143613401970921473e+02
2.244461256680506001e+00 1.769483755913013904e-03 1.437141823444283546e+03 1.395620255031990382e+02
2.250672411056880762e+00 1.815340560525242463e-03 1.445774748923959805e+03 1.484791161560315231e+02
2.256976265699253581e+00 1.875232856265233962e-03 1.441593922651933781e+03 1.541050540685747592e+02
2.263404067221236105e+00 1.844596500685106652e-03 1.435511019283746464e+03 1.668768079745024977e+02
2.269740131332425914e+00 1.784620609829179342e-03 1.415260254596888217e+03 1.724744507795976460e+02
2.275928662030326066e+00 1.770462641505800294e-03 1.383841880341880369e+03 1.872197213454857092e+02
2.282234771450446509e+00 1.859120215862977580e-03 1.342220867208672189e+03 2.038242282350142318e+02
2.288651494096741512e+00 1.861574731480084791e-03 1.278567164179104566e+03 2.056919272065898383e+02
2.294929189507614264e+00 1.787386468760323059e-03 1.207478932584269614e+03 1.998866503337106337e+02
2.301123790424945526e+00 1.773889529887621910e-03 1.117518055555555520e+03 1.935002055817646180e+02
2.307427473574251042e+00 1.823767960867003161e-03 1.001476319350473659e+03 1.784708381507770412e+02
2.313824548022820782e+00 1.807223345639351721e-03 8.952332838038632872e+02 1.743741328256636791e+02
2.320154992066300714e+00 1.861695907969135875e-03 7.820399408284023366e+02 1.569420989674578379e+02
2.326479049872378635e+00 1.797363522119922990e-03 6.716040061633282221e+02 1.326724527276620051e+02
2.332811122143054305e+00 1.834923033436536115e-03 5.724589665653495558e+02 1.118153591671990057e+02
2.339146829363451641e+00 1.809933127175767861e-03 4.836405023547880546e+02 9.150783236366035567e+01
2.345346999874724947e+00 1.788822558822959720e-03 4.057926045016077410e+02 7.144919313958531859e+01
2.351591514044208964e+00 1.821961582186779451e-03 3.423118110236220559e+02 4.969910364102963740e+01
2.357940827546205931e+00 1.821480796874143165e-03 2.918069620253164658e+02 3.019242759476378168e+01
2.364269371024037891e+00 1.822839816105960298e-03 2.594951923076923208e+02 1.789156623268020496e+01
2.370575565839220911e+00 1.828742917233826173e-03 2.437652733118971184e+02 1.771430540664662701e+01
2.376891771469677561e+00 1.815523241845057745e-03 2.378948220064724808e+02 1.800045209124938594e+01
2.383240749019818416e+00 1.833462819707767054e-03 2.354726688102893775e+02 1.814529196901533226e+01
2.389601619010945921e+00 1.828185711102788165e-03 2.334853420195439639e+02 1.824707613096708414e+01
2.395961259100775731e+00 1.812604844355751544e-03 2.290127186009538889e+02 2.407853178903831193e+01
2.402160007896914973e+00 1.807533258736503850e-03 2.286582089552238699e+02 2.305565583020245413e+01
2.408453972146052724e+00 1.793232887210479852e-03 2.323567251461988405e+02 2.321987817328660597e+01
2.414771780432101167e+00 1.830638750947721858e-03 2.407934002869440349e+02 2.813665777629061182e+01
2.421058800843912895e+00 1.849123668637423033e-03 2.578571428571428328e+02 3.564897281096984472e+01
2.427397847212681370e+00 1.833909450969152099e-03 2.841888888888888687e+02 4.063363583425817893e+01
2.433701938443864954e+00 1.777285794113256248e-03 3.146990154711673426e+02 3.934813939178521736e+01
2.440001432560962691e+00 1.835928632076300280e-03 3.414445964432284768e+02 3.101422714772996869e+01
2.446276920633820851e+00 1.825543246774167941e-03 3.583122420907840251e+02 2.529230581709323644e+01
2.452612917458465880e+00 1.850886418197054181e-03 3.664681697612732023e+02 2.238718265600322965e+01
2.458937188373468086e+00 1.764090576915684772e-03 3.684452054794520564e+02 2.172526946802811665e+01
2.465235494564519847e+00 1.842465198645606636e-03 3.691532364597093760e+02 2.234168958553725304e+01
2.471581205305689810e+00 1.856761058240425245e-03 3.688065789473683935e+02 2.273906254386844950e+01
2.477865992864338285e+00 1.798850075022648308e-03 3.663435419440745591e+02 2.232377980467183320e+01
2.484122936716935737e+00 1.780971833254360159e-03 3.638784676354028988e+02 2.155343265087463678e+01
2.490467721662181333e+00 1.849468727863495983e-03 3.612171136653895474e+02 2.199100907045523812e+01
2.496849546734450254e+00 1.852734310658727887e-03 3.550114942528735469e+02 2.432648064023420531e+01
2.503105859710241798e+00 1.772860352036017325e-03 3.469063324538258826e+02 2.312633811108735671e+01
2.509322203788900918e+00 1.804578376445024500e-03 3.363884615384615131e+02 2.254834363737068159e+01
2.515643032193938478e+00 1.830400595634155535e-03 3.239345088161209105e+02 2.142870931909304133e+01
2.522012436559997628e+00 1.844427975373299751e-03 3.088027295285359628e+02 2.151790865671007325e+01
2.528376527697731913e+00 1.805263014170996501e-03 2.936922110552764025e+02 1.966322243382063562e+01
2.534662305746367750e+00 1.817191430107880853e-03 2.782418136020150996e+02 1.839969792224160017e+01
2.540923642722284104e+00 1.847774197163838152e-03 2.621188118811880940e+02 1.712615945598980005e+01
2.547222087144660030e+00 1.810867478977307979e-03 2.471200495049504866e+02 1.522644566481522332e+01
2.553540685742163419e+00 1.807658101810726481e-03 2.334026927784577765e+02 1.408498061878023222e+01
2.559925401613222018e+00 1.856915584780679824e-03 2.209341317365269504e+02 1.323804675505102502e+01
2.566280305514876403e+00 1.838802799104265022e-03 2.097723970944309997e+02 1.409896631498732233e+01
2.572544852388987113e+00 1.785952156998167010e-03 2.015815950920245427e+02 1.392856030072334406e+01
2.578799894204640619e+00 1.806472379669163885e-03 1.969830713422007307e+02 1.484399919347153585e+01
2.585123793491197919e+00 1.855120447360665906e-03 1.969377203290246712e+02 1.501674102604173378e+01
2.591472256141813091e+00 1.805120360344933915e-03 1.999678188319427932e+02 1.464388960942687845e+01
2.597744265483155957e+00 1.788819714346394623e-03 2.024772182254196764e+02 1.410471902444013281e+01
2.604038454996993934e+00 1.850630787333012181e-03 2.042948717948717956e+02 1.377739662277576294e+01
2.610374414453144443e+00 1.837105816396599096e-03 2.043352735739231605e+02 1.405435053280834445e+01
2.616634120485421100e+00 1.761050173804210722e-03 2.045727923627684959e+02 1.427080537280029837e+01
2.622940397920966227e+00 1.848634675493098997e-03 2.051956769055745156e+02 1.474915547799805182e+01
2.629323187355575353e+00 1.839581463337864892e-03 2.053595890410958873e+02 1.520067774568593322e+01
2.635681273538560632e+00 1.815290224604702678e-03 2.054914089347078914e+02 1.486108554786211400e+01
2.641934789831782204e+00 1.778405014700361417e-03 2.060316901408450576e+02 1.477428676322141854e+01
2.648176773767660031e+00 1.853093332118325998e-03 2.062209695603156661e+02 1.540073172597030293e+01
2.654514065851063087e+00 1.823524830511773481e-03 2.053005649717514132e+02 1.532832208515699790e+01
2.660817448321032508e+00 1.798052776896779401e-03 2.050056882821388058e+02 1.515839679698735054e+01
2.667123571907564994e+00 1.844852426740933296e-03 2.052966666666666526e+02 1.578561534599940508e+01
2.673472329675100401e+00 1.839448802019330543e-03 2.059213732004429573e+02 1.665270751651516790e+01
2.679761377760365715e+00 1.786299887381436651e-03 2.065599547511312153e+02 1.725528256556103557e+01
2.686129035698236578e+00 1.877272974428747035e-03 2.040106044538706271e+02 3.132432039667903467e+01
2.692300573720700196e+00 1.798376592015874225e-03 2.069674523007856237e+02 2.036515761929215529e+01
2.698561328278970439e+00 1.798779619418457414e-03 2.063226909920182379e+02 1.800943630586526822e+01
2.704947056964875252e+00 1.860594623228957294e-03 2.052561797752809127e+02 1.729170896964854620e+01
2.711339925705444909e+00 1.826229981736538378e-03 2.031736111111111143e+02 1.686181350167677451e+01
2.717643416720191052e+00 1.774618570520191145e-03 2.021622911694510663e+02 1.693093124452493470e+01
2.723934694222051256e+00 1.823763048442502126e-03 2.045832349468713005e+02 1.751330966866069616e+01
2.730274673678132036e+00 1.841398355898408350e-03 2.106363636363636260e+02 1.954483950598727304e+01
2.736591263199737778e+00 1.788312012670147501e-03 2.220987804878048735e+02 2.179586830283117038e+01
2.742885231028380222e+00 1.844652457607765493e-03 2.347362110311750598e+02 2.237104539863270602e+01
2.749161241756704843e+00 1.804773587711254630e-03 2.450049140049140135e+02 2.240955025379530952e+01
2.755398232824302962e+00 1.776157869081165970e-03 2.504436183395291096e+02 2.194726213128227954e+01
2.761751565609168679e+00 1.857903093933079139e-03 2.536212664277180409e+02 2.155714150183194278e+01
2.768124311574730267e+00 1.813883183384283311e-03 2.552907975460122714e+02 2.016658755756009214e+01
2.774423663616722546e+00 1.776295681999270643e-03 2.560436953807740110e+02 1.902391931395151303e+01
2.780754869867226198e+00 1.842436817654598789e-03 2.585408038976857483e+02 1.784158275947983086e+01
2.787077464795406190e+00 1.805278297034774168e-03 2.690937500000000000e+02 2.317587815218659486e+01
2.793346642012575654e+00 1.793644434711254678e-03 3.005712484237074591e+02 4.587400909949593597e+01
2.799634253246212179e+00 1.838111547031318375e-03 3.560446650124069379e+02 8.157890148287158638e+01
2.805924842988945844e+00 1.808245895551135627e-03 4.366654040404040416e+02 1.084366931022565268e+02
2.812167973206011862e+00 1.789098639402584082e-03 5.156227621483376424e+02 1.114210771889165841e+02
2.818496662748549042e+00 1.874446068014908040e-03 5.872029339853301053e+02 9.510650005097824078e+01
2.824858807967614460e+00 1.791571154666717633e-03 6.507605095541400715e+02 7.800146770059390633e+01
2.831150482550185643e+00 1.815112775054883139e-03 6.841240506329113487e+02 6.812022104560462310e+01
2.837475400148095517e+00 1.850316795954077458e-03 6.973760896637609221e+02 6.443154821006717725e+01
2.843805018276897911e+00 1.786824753329564535e-03 6.998189987163029855e+02 6.607459993936595311e+01
2.850131561922547352e+00 1.845583173970813699e-03 7.025817727840200178e+02 6.448981062908750062e+01
2.856484494638581229e+00 1.841115527677602507e-03 7.073499377334993596e+02 6.695862198273219690e+01
2.862782859862781137e+00 1.780809355167121575e-03 7.096045918367346985e+02 6.803263986361831428e+01
2.869068523143336158e+00 1.847699945098150954e-03 7.059337423312883857e+02 6.788886945669550244e+01
2.875378514069953706e+00 1.802909528894259443e-03 6.979263420724095113e+02 7.265220435168491520e+01
2.881671995666307051e+00 1.819305449905813353e-03 6.851751552795030875e+02 7.384070043897105506e+01
2.887980092673573917e+00 1.848812746508326317e-03 6.676911764705882888e+02 7.503775085574622494e+01
2.894292086458025270e+00 1.795011172749967111e-03 6.402160804020101068e+02 7.394243525521339677e+01
2.900588101801901963e+00 1.834444505730529681e-03 5.933127317676143093e+02 8.132458118589522655e+01
2.906894294921833044e+00 1.834235081131648307e-03 5.398946716232961762e+02 9.265915971054717204e+01
2.913143215321425394e+00 1.775388414920497622e-03 4.854942381562099740e+02 1.086562948952850292e+02
2.919469846096636179e+00 1.902110692867622259e-03 4.258980815347721887e+02 1.217412745607218341e+02
2.925831071463227850e+00 1.799019204260941503e-03 3.897296954314720665e+02 1.120708801436415740e+02
2.932125236913744715e+00 1.849572311535908030e-03 3.541866501854140665e+02 1.016461603143007579e+02
2.938426190430696305e+00 1.829943172517629413e-03 3.353196004993757811e+02 8.717880589394680158e+01
2.944698497868602605e+00 1.792371922793937686e-03 3.286890862944162564e+02 6.996430847903651795e+01
2.951032364443879619e+00 1.872648010744969562e-03 3.263968446601941764e+02 5.257165277537814063e+01
2.957349976869245278e+00 1.772646084934545842e-03 3.335255754475703043e+02 3.650853023796197050e+01
2.963641534615172990e+00 1.843499637433317897e-03 3.429197530864197461e+02 2.905530494269876485e+01
2.969974563050315375e+00 1.835483252247156055e-03 3.692807453416149315e+02 3.557139321529575682e+01
2.976261971728969780e+00 1.784595762971840369e-03 4.180790816326530717e+02 4.913936833572643792e+01
2.982555079221103078e+00 1.856376802478345786e-03 4.749363525091799261e+02 5.680053384128373750e+01
2.988860230475899549e+00 1.767956570045068222e-03 5.352279129321383380e+02 4.761465923319980931e+01
2.995178874680174186e+00 1.856934622757372335e-03 5.732530562347187697e+02 4.012056814506976110e+01
3.001496400543723020e+00 1.797819739674591305e-03 5.947604562737642482e+02 3.771651456713015449e+01
3.007822553902104179e+00 1.849516356328991537e-03 6.000210396039603893e+02 4.043177641126122523e+01
3.014155913686516808e+00 1.844070628166239031e-03 5.957701863354037641e+02 4.568972123907988703e+01
3.020427983220980828e+00 1.780401570183770890e-03 5.860769230769230944e+02 5.031617293060595841e+01
3.026726854870708916e+00 1.864734463497724846e-03 5.653655256723716320e+02 6.113081761505907963e+01
3.033042693621903041e+00 1.790509691971886499e-03 5.532857142857143344e+02 6.681778532591495434e+01
3.039421166988304002e+00 1.891344364520593712e-03 5.324740024183796550e+02 8.052892459581927653e+01
3.045771113053035606e+00 1.809002971513908259e-03 5.119531051964511903e+02 9.363360095001283412e+01
3.052089874155329063e+00 1.844438578281415919e-03 4.767084367245657290e+02 1.142061563260187427e+02
3.058386304167925118e+00 1.824217551217444024e-03 4.352042606516290562e+02 1.345140092478396525e+02
3.064635661305841197e+00 1.781811879387494579e-03 3.967564102564102768e+02 1.466105536934718145e+02
3.070942258104439215e+00 1.879278577764203085e-03 3.485600000000000023e+02 1.526941718242411810e+02
3.077306102136554866e+00 1.789896323379901438e-03 3.157090216010165022e+02 1.424034396087818379e+02
3.083610248093582751e+00 1.842323938384468965e-03 2.814329643296433119e+02 1.337855907493512007e+02
3.089899276602742884e+00 1.781295098450355954e-03 2.602649681528662313e+02 1.204157826145119827e+02
3.096219282790054539e+00 1.849962857272845727e-03 2.301789215686274588e+02 1.048268299853156691e+02
3.102516781183005889e+00 1.793151767743564459e-03 2.139632446134347390e+02 8.904473959393430960e+01
3.108846425703184035e+00 1.844538984569745127e-03 1.938819188191882006e+02 7.364652910929891050e+01
3.115155056293756886e+00 1.812510444856532069e-03 1.795984943538268510e+02 6.044086377120831344e+01
3.121484332076036150e+00 1.832521331068808152e-03 1.669094292803970347e+02 4.954521830892305445e+01
3.127777573742708483e+00 1.818133687887086257e-03 1.572281795511221958e+02 4.007484380987848027e+01
3.134074710556275623e+00 1.800750836428910992e-03 1.505901639344262435e+02 3.227088985773582408e+01
3.140350968701055567e+00 1.840082388152106639e-03 1.442327586206896513e+02 2.635269593380241915e+01
3.146669598331559570e+00 1.795769837056059460e-03 1.434204545454545325e+02 2.209387710244209657e+01
3.152959210157879166e+00 1.842768641532451131e-03 1.449901840490797440e+02 2.005143422058338132e+01
3.159264892205651432e+00 1.791857333635609589e-03 1.508113924050632875e+02 1.769515806120668699e+01
3.165581888857809112e+00 1.858342078644047027e-03 1.533143203883495005e+02 1.637533462712289278e+01
3.171905560319084216e+00 1.782720971754531017e-03 1.557275031685678073e+02 1.528288972122720679e+01
3.178180461481988406e+00 1.828434529921516482e-03 1.552260442260442233e+02 1.507294441865798973e+01
3.184506679420991304e+00 1.810619157308176325e-03 1.548094645080946350e+02 1.518481649454183469e+01
3.190846230582273346e+00 1.831490456789015321e-03 1.525476772616136998e+02 1.648557153338844117e+01
3.197132365687451294e+00 1.780884113596707067e-03 1.514962025316455652e+02 1.785769999542892350e+01
3.203454230992797136e+00 1.862619862555806765e-03 1.459505428226779316e+02 2.169046759657256018e+01
3.209790152929830498e+00 1.796864404628749357e-03 1.422616352201257826e+02 2.507382411972113090e+01
3.216105270782768422e+00 1.849581865447865814e-03 1.360000000000000000e+02 2.879425677632556813e+01
3.222383723154825574e+00 1.773184836801974633e-03 1.333959390862944190e+02 2.977474364400464779e+01
3.228652903688512765e+00 1.829814433570467642e-03 1.272667478684531090e+02 3.134325013179410746e+01
3.234977992221026444e+00 1.801123950508762587e-03 1.257835820895522403e+02 3.123056862273868006e+01
3.241301441286830176e+00 1.830570155328411054e-03 1.208639125151883320e+02 3.157343312598641916e+01
3.247581817024004280e+00 1.774748969754167847e-03 1.209987357774968331e+02 3.103128386557401797e+01
3.253885986942128827e+00 1.868811343678552150e-03 1.200922155688622723e+02 3.145649960192183769e+01
3.260235987169183947e+00 1.804603356501592029e-03 1.254037500000000023e+02 3.084274615894311822e+01
3.266546856392692710e+00 1.857627301288636550e-03 1.303281250000000000e+02 2.933316886517849298e+01
3.272886904023045052e+00 1.792569475559808913e-03 1.376624999999999943e+02 2.677873544204427958e+01
3.279153478698136670e+00 1.837211362056317054e-03 1.401915151515151479e+02 2.493278071307565469e+01
3.285516195699416553e+00 1.819318898053023329e-03 1.421928746928746818e+02 2.334046984561669191e+01
3.291677990232397821e+00 1.824817096246810931e-03 1.427955439056356397e+02 2.324215507366156075e+01
3.298068987764390059e+00 1.863784166448585874e-03 1.428547945205479550e+02 2.394421207305821042e+01
3.304430978840338096e+00 1.814787339162488022e-03 1.409462209302325562e+02 2.659772340087622666e+01
3.310737564052387061e+00 1.817945227602999880e-03 1.387247023809523796e+02 2.885299343436136255e+01
3.317033906120231190e+00 1.800198345421728579e-03 1.347041602465331209e+02 3.167836976279430061e+01
3.323313479518194669e+00 1.810036704891648416e-03 1.315909090909090935e+02 3.370454836104890006e+01
3.329645772824664451e+00 1.853775369266378323e-03 1.298829953198128067e+02 3.553408215734447140e+01
3.335990548707715053e+00 1.826590486813650920e-03 1.259887640449438209e+02 3.616084342615796032e+01
3.342268739174953929e+00 1.807641793864574143e-03 1.237618270799347471e+02 3.590705303582255681e+01
3.348554594221377023e+00 1.807536448754866812e-03 1.210082236842105203e+02 3.568424130447166220e+01
3.354810866618635590e+00 1.798386852034845364e-03 1.182445561139028456e+02 3.466316837530681028e+01
3.361143554435736203e+00 1.860575678898459748e-03 1.168918032786885277e+02 3.389370440162946352e+01
3.367505271257411170e+00 1.829077091643749146e-03 1.140540540540540491e+02 3.311497998182233005e+01
3.373804785089639324e+00 1.803149868685275390e-03 1.123899480069324142e+02 3.168146409966205468e+01
3.380079784639911100e+00 1.805631642174917659e-03 1.112934973637961349e+02 2.966423940011547344e+01
3.386416571036835244e+00 1.843579116849991192e-03 1.115088028169014081e+02 2.802348941754207345e+01
3.392732849186819166e+00 1.821713749179523084e-03 1.106969147005444682e+02 2.628349843117644014e+01
3.399077842768783331e+00 1.840157085703132342e-03 1.095199275362318900e+02 2.382785867716270545e+01
3.405368445234043140e+00 1.771416845865005909e-03 1.090267175572519136e+02 2.233919008146256502e+01
3.411642977450664915e+00 1.840004348347408980e-03 1.088665413533834538e+02 2.185643480622592350e+01
3.417946432239648225e+00 1.816648589106147462e-03 1.078834951456310733e+02 2.176310644962336127e+01
3.424268333461439884e+00 1.838339958730071926e-03 1.072978723404255277e+02 2.176822811762315979e+01
3.430601598134079389e+00 1.799761940178920376e-03 1.098937875751502986e+02 2.314471613193325794e+01
3.436922606236269218e+00 1.844213366763177700e-03 1.198799999999999955e+02 2.701949962527064031e+01
3.443269856433799347e+00 1.834668830692703879e-03 1.365787321063394586e+02 2.945100251559954074e+01
3.449516618902171317e+00 1.769622948488585408e-03 1.559465811965812065e+02 2.875194572052558328e+01
3.455771942280530862e+00 1.817195070858158281e-03 1.709408033826638587e+02 2.571593410737795438e+01
3.462154010515302804e+00 1.866018191136946868e-03 1.813586497890295277e+02 2.351857099881440050e+01
3.468478914699885340e+00 1.799468636805881495e-03 1.837716186252771706e+02 2.478874146925932109e+01
3.474737530089159865e+00 1.798535080277152308e-03 1.829125560538116702e+02 2.817643412507738532e+01
3.481027808853469629e+00 1.828779808500339806e-03 1.809864253393665194e+02 3.173265389907097145e+01
3.487370903609774420e+00 1.855504762412056021e-03 1.742918552036199173e+02 3.558476091464994795e+01
3.493710577164840458e+00 1.791815171782784382e-03 1.660141843971631204e+02 4.204174243020153767e+01
3.499981309375833849e+00 1.817721919481020843e-03 1.584033412887828263e+02 4.710464759418669445e+01
3.506294281862427642e+00 1.840208171226962808e-03 1.475731414868105560e+02 5.173395306819963224e+01
3.512643170548069183e+00 1.819719049123772565e-03 1.376142506142506079e+02 5.356316282470974244e+01
3.518887929185086527e+00 1.780316295825717758e-03 1.303230769230769113e+02 5.317907857815977479e+01
3.525201780775713889e+00 1.871585280235478531e-03 1.237543424317617848e+02 5.324475146825336935e+01
3.531587235286628879e+00 1.812415240060859375e-03 1.140052083333333286e+02 4.845847650071106472e+01
3.537791204901774123e+00 1.765649031450039182e-03 1.065940054495912790e+02 4.137971639170417859e+01
3.544104483213670331e+00 1.881636984785636617e-03 9.960156250000000000e+01 3.617238964266720558e+01
3.550526160049383151e+00 1.823753900979235669e-03 9.280874316939890889e+01 2.628944711120115940e+01
3.556826252644191833e+00 1.805941154371571225e-03 9.119436619718310055e+01 1.985573199948743195e+01
3.563110991539715666e+00 1.831382697511484874e-03 9.353125000000000000e+01 1.665553309475426147e+01
3.569418747584309326e+00 1.819035597463529485e-03 9.804069767441860961e+01 1.567970386101984737e+01
3.575721219182565580e+00 1.815191134896390569e-03 1.050000000000000000e+02 1.609034212788170848e+01
3.582041784633743120e+00 1.836067019019354488e-03 1.126426426426426417e+02 1.575079168772610316e+01
3.588351193306853926e+00 1.816205673054769026e-03 1.198142414860681129e+02 1.549959239758183571e+01
3.594644124218077774e+00 1.816162507538995278e-03 1.277917981072555165e+02 1.484303259562062927e+01
3.600965899690116157e+00 1.832434222657099978e-03 1.356869009584664525e+02 1.408338962190758181e+01
3.607301933810233674e+00 1.823864462282996299e-03 1.394098360655737565e+02 1.469126877176237222e+01
3.613589615564896995e+00 1.801875725405921403e-03 1.391355932203389898e+02 1.722136157380176869e+01
3.619872304563952703e+00 1.819848024125704684e-03 1.369037800687285085e+02 2.031370887997702468e+01
3.626184481674183946e+00 1.827760715362539709e-03 1.333649122807017591e+02 2.246192990061087968e+01
3.632455309189269510e+00 1.797655079431180383e-03 1.261788321167883282e+02 2.555432284901149842e+01
3.638754857574894697e+00 1.841922947680418475e-03 1.170291970802919650e+02 2.733682815904615993e+01
3.645110863435991444e+00 1.833895812584415653e-03 1.067857142857142918e+02 2.767192134519175539e+01
3.651399341121458253e+00 1.797724079201825547e-03 9.758431372549019045e+01 2.664431820156014652e+01
3.657684783062496781e+00 1.823089633617003442e-03 8.770238095238094900e+01 2.251916123719772145e+01
3.663989311092172851e+00 1.817352227903809700e-03 7.965573770491803884e+01 1.879426334965596013e+01
3.670338462676961733e+00 1.852037082036360515e-03 7.292975206611569661e+01 1.398829728371111258e+01
3.676667454351053799e+00 1.802731285318214709e-03 6.876855895196506196e+01 1.039556131837257169e+01
3.682957402673964431e+00 1.831301914300888494e-03 6.636283185840707688e+01 8.791742560737755952e+00
3.689264510226057059e+00 1.810576500315507495e-03 6.509216589861750890e+01 8.080028530293164479e+00
3.695607159299667099e+00 1.851070780809128090e-03 6.361860465116279073e+01 7.442287778429459877e+00
3.701906411334345837e+00 1.786914693256676148e-03 6.410945273631840280e+01 7.006642723261217398e+00
3.708163258087520564e+00 1.825159420261267002e-03 6.582914572864321201e+01 6.716072412187138241e+00
3.714507337749332283e+00 1.833043865117713490e-03 6.881347150259067291e+01 7.180175083233365285e+00
3.720870273368275249e+00 1.842023606415223082e-03 7.448663101604277870e+01 6.923262811723472687e+00
3.727157013165883104e+00 1.785929560704693081e-03 8.105142857142857338e+01 7.130453230006219556e+00
3.733414267292576749e+00 1.823616893326991065e-03 8.627325581395348308e+01 6.783371525949244862e+00
3.739747614563589284e+00 1.832601406324968355e-03 8.959638554216867590e+01 6.035813905282504166e+00
3.746091684029914770e+00 1.828992002129592063e-03 9.022641509433962881e+01 6.491443556301033979e+00
3.752406222021260618e+00 1.812401454337024109e-03 8.899337748344370880e+01 7.946004350126613325e+00
3.758712131096641595e+00 1.823143945980814458e-03 8.585517241379309894e+01 8.928765521926369075e+00
3.765000355804634324e+00 1.809969724265664184e-03 8.047445255474453063e+01 1.075630354535550381e+01
3.771324791207556704e+00 1.846593531196991230e-03 7.440601503759398838e+01 1.128592216526222813e+01
3.777640884128447674e+00 1.800430178895984180e-03 6.678861788617885509e+01 1.100084722639997814e+01
3.783890033752419058e+00 1.812352582976840126e-03 5.972649572649572747e+01 8.990486120060168673e+00
3.790205950757557840e+00 1.839564216382759279e-03 5.493750000000000000e+01 5.856543958928092763e+00
3.796547481197723339e+00 1.823144808823023381e-03 5.306730769230769340e+01 3.884877180820413667e+00
3.802839460639445335e+00 1.822115437231795494e-03 5.360824742268041376e+01 4.090120923633391747e+00
3.809162628389719529e+00 1.835235423465040759e-03 5.469230769230769340e+01 3.207266685863820133e+00
3.815477698903783743e+00 1.813833779597889004e-03 5.753012048192771033e+01 3.874856887022400720e+00
3.821777178949230969e+00 1.830898415393102585e-03 6.090909090909090651e+01 4.098261790666942517e+00
3.828076951026545771e+00 1.795694771849016581e-03 6.494202898550724967e+01 2.955491437414589750e+00
3.834316772867639944e+00 1.791896653628349866e-03 6.790322580645161565e+01 2.680041467677383160e+00
3.840583618544390898e+00 1.820001018717854217e-03 7.033928571428570820e+01 2.735000839458141542e+00
3.846911872181034475e+00 1.824281646184678762e-03 7.238775510204081343e+01 3.307444935797411389e+00
3.853313008086272973e+00 1.880829953221405115e-03 7.158139534883720501e+01 3.935664335126730862e+00
3.859656947796285653e+00 1.787945514535103963e-03 6.797058823529411598e+01 5.648896759728939898e+00
3.865825284683709118e+00 1.773175751446867720e-03 6.329629629629629761e+01 5.357327712533435538e+00
3.872064552013789740e+00 1.858490478498285668e-03 5.823809523809524080e+01 3.266333455170002953e+00
3.878243048288448236e+00 1.738115315901965106e-03 5.646153846153845990e+01 3.324643505380662667e+00
3.884441558101385361e+00 1.990091083924331716e-03 5.585714285714285410e+01 3.087168969282044095e+00
