# q qerr I(q) I(q)err
6.111313073595031620e-02 3.154100855865873791e-03 6.332500000000000000e+02 2.221013160228494314e+02
6.800242608866982619e-02 2.110752812487300123e-03 9.598333333333333712e+02 1.941960635829447028e+02
7.478812129850326285e-02 1.894856213165734514e-03 9.358888888888889142e+02 2.464793833564038437e+02
8.081736842982174818e-02 1.577734731020807597e-03 9.605555555555555429e+02 2.146456453935643083e+02
8.706192866790804508e-02 2.018057842609979804e-03 9.474615384615384528e+02 1.754985628491874081e+02
9.311361532868518698e-02 1.734318039620741251e-03 9.397500000000000000e+02 1.633294217218686128e+02
9.924832822165428892e-02 1.939409616079583844e-03 8.993125000000000000e+02 2.213589773987041269e+02
1.056867454532435108e-01 2.068262530006435406e-03 8.269583333333333712e+02 2.409349771088549232e+02
1.120935416356093062e-01 1.699923986068800717e-03 7.721923076923077360e+02 2.424501717854960816e+02
1.177168722532570266e-01 1.903764278506084144e-03 7.764375000000000000e+02 2.533003597818704122e+02
1.242406998858587575e-01 2.007415885574503726e-03 7.606785714285714448e+02 2.200463251319631865e+02
1.307844605212421796e-01 1.948859987027574741e-03 7.638928571428571104e+02 1.845123468021828330e+02
1.372938405551752672e-01 1.976444694498947011e-03 7.519354838709676869e+02 1.818150253249796435e+02
1.433626874055373979e-01 1.479129257371093872e-03 7.239600000000000364e+02 1.645209919736688278e+02
1.497414395840910573e-01 2.132896554945924294e-03 7.367567567567567721e+02 1.601029708831473499e+02
1.562016171858009728e-01 1.470810848565314282e-03 7.266296296296296759e+02 1.504315921712671695e+02
1.620883487451751925e-01 1.817360580555445800e-03 7.356969696969697452e+02 1.504507033596524650e+02
1.684939590642719198e-01 1.975568076388520972e-03 7.264324324324323925e+02 1.518307658095393435e+02
1.749358117034872373e-01 1.810730169671130639e-03 7.274571428571429124e+02 1.403363452421302497e+02
1.813634234827302405e-01 1.982290824745188643e-03 7.324146341463414274e+02 1.374840448262872030e+02
1.877608813777307539e-01 1.710969833005861022e-03 7.378648648648648987e+02 1.478827319551496089e+02
1.936838392192468117e-01 1.708352888559126238e-03 7.402894736842105203e+02 1.488941787119080686e+02
1.998200724089964908e-01 1.901042836663710675e-03 7.443023255813953938e+02 1.469867397984659760e+02
2.064988844748374130e-01 2.083185659227047067e-03 7.360000000000000000e+02 1.744514020197793229e+02
2.131062600015138364e-01 1.923054290541973939e-03 7.543404255319148888e+02 1.510600059450112553e+02
2.193208008558340527e-01 1.649587748772136844e-03 7.571395348837208985e+02 1.557893854286062094e+02
2.255197753110727010e-01 1.943898002345461392e-03 7.668627450980392268e+02 1.476909134672803532e+02
2.319084130262620835e-01 1.853433278599466881e-03 7.724800000000000182e+02 1.463306502411575991e+02
2.380456302514551703e-01 1.717913041466973250e-03 7.807500000000000000e+02 1.470517022172813881e+02
2.441826744061198484e-01 1.910984005326162374e-03 7.895090909090909008e+02 1.420898086387910837e+02
2.508567628905887248e-01 1.865639566994751813e-03 7.937741935483870748e+02 1.411989338408543517e+02
2.571616352083493928e-01 2.042758540577210586e-03 7.912317073170731874e+02 1.981909595680170071e+02
2.636090936505812721e-01 1.759536909171210452e-03 8.140000000000000000e+02 2.002884932278450094e+02
2.696276322290375727e-01 1.767913466712890637e-03 8.158875000000000455e+02 1.877891062801567728e+02
2.756934411426098519e-01 1.847457432374286813e-03 8.193571428571428896e+02 1.667292017034816638e+02
2.820483295007140123e-01 1.942127748479487680e-03 8.144157303370786849e+02 1.593560790472137967e+02
2.885873542857223528e-01 1.999902870285049771e-03 8.248736842105263349e+02 1.447332703865517658e+02
2.950059364807982032e-01 1.753155416080761590e-03 8.269302325581395507e+02 1.423549654269911571e+02
3.012776628394395750e-01 1.916275679195857595e-03 8.297052631578947057e+02 1.350019669498648796e+02
3.076468654533095481e-01 1.858480647863890167e-03 8.313655913978494709e+02 1.309515602588803631e+02
3.139397285054469910e-01 1.849733180513128640e-03 8.365957446808511122e+02 1.243871458965213037e+02
3.202097007249891103e-01 1.889977811219999311e-03 8.368877551020408418e+02 1.253925531208921456e+02
3.264390569218261762e-01 1.757358001834326191e-03 8.444946236559139834e+02 1.206474354336868373e+02
3.326951465344144543e-01 1.930481388006281569e-03 8.522500000000000000e+02 1.139983868812995951e+02
3.390239669727912464e-01 1.785238221274862988e-03 8.522244897959183163e+02 1.142616620098264377e+02
3.452290355408559885e-01 1.822729964848564038e-03 8.605490196078430927e+02 1.098920952000932658e+02
3.515217579766085620e-01 1.894166946962649433e-03 8.669333333333332803e+02 1.077454436852001436e+02
3.581115149106128270e-01 1.984833837990382030e-03 8.777964601769911042e+02 1.051799181278570927e+02
3.646365217867122976e-01 1.807385512883236643e-03 8.868878504672896952e+02 1.037112968934811903e+02
3.707522342694583029e-01 1.646676631311451595e-03 8.894099999999999682e+02 1.027152179572238566e+02
3.768404479121448269e-01 1.835047814059704218e-03 8.984054054054054177e+02 9.764253439963263759e+01
3.831651369708888866e-01 1.834489868729198949e-03 8.960450450450450717e+02 9.441774244529914029e+01
3.894643253735652899e-01 1.853753096359237081e-03 8.979911504424778741e+02 8.931623158139642271e+01
3.958807651630259494e-01 1.912159574900255954e-03 8.940416666666666288e+02 8.725168734439721163e+01
4.022473572087105209e-01 1.746533598099251966e-03 8.958378378378378102e+02 8.320012338212650604e+01
4.083991683103055381e-01 1.862831917861469243e-03 8.977310924369747909e+02 8.001854438692227234e+01
4.147868792651558945e-01 1.850918924272050396e-03 8.993388429752066031e+02 7.905665121604761225e+01
4.211381020132339281e-01 1.813003092898375071e-03 9.042561983471074427e+02 7.721855395427949986e+01
4.273404438934948479e-01 1.765577699919095717e-03 9.065462184873949809e+02 7.550702800039317708e+01
4.337195733954657406e-01 1.911235613422362228e-03 9.115307692307692378e+02 7.138217336671820590e+01
4.400834723796714920e-01 1.795304431444431784e-03 9.133548387096774377e+02 6.884904841188181024e+01
4.463380503116383125e-01 1.781136916513354146e-03 9.129841269841269877e+02 6.631735583965269143e+01
4.525475293404462862e-01 1.782735370135076804e-03 9.138976377952756138e+02 6.376479707408071107e+01
4.588781844142776345e-01 1.863542184770878652e-03 9.075970149253731734e+02 6.308451070746854583e+01
4.652813857520213814e-01 1.809454061223974295e-03 9.029924812030075145e+02 6.017418231901827141e+01
4.715886271752884884e-01 1.786725641485754782e-03 8.941492537313432649e+02 5.981134296774531123e+01
4.778700308571910971e-01 1.749120838384908864e-03 8.897218045112781510e+02 5.694664621884814437e+01
4.841075358786299798e-01 1.812598873705853009e-03 8.841594202898551202e+02 5.506535327858183138e+01
4.904685449060671165e-01 1.813034819841214708e-03 8.776285714285713766e+02 5.503118040099202091e+01
4.967988078032400945e-01 1.775169993053363985e-03 8.767943262411347405e+02 5.017966513257399441e+01
5.030461340587593089e-01 1.710738770771227935e-03 8.726159420289855007e+02 4.880449469007306362e+01
5.093789740337634209e-01 1.844995629980458740e-03 8.705973154362416153e+02 4.659870351637246699e+01
5.157895609665918979e-01 1.772173611217854692e-03 8.691232876712329016e+02 4.634688328023477766e+01
5.220653538623039047e-01 1.710912446064493482e-03 8.685664335664336022e+02 4.461268323803331270e+01
5.282420832211931483e-01 1.776221308977217429e-03 8.695067567567567721e+02 4.239808926087321339e+01
5.345849814872509764e-01 1.797460663252185451e-03 8.684013157894736423e+02 4.108054676747475753e+01
5.409400198384390901e-01 1.769240412124692928e-03 8.688039215686274019e+02 4.008674593671766928e+01
5.471612929737256215e-01 1.671871176479489780e-03 8.684932432432432279e+02 3.947334770402360959e+01
5.535187503546902255e-01 1.843477994232445120e-03 8.727839506172839492e+02 3.885206369324020415e+01
5.599303633336802921e-01 1.774845713676194252e-03 8.773375796178344217e+02 4.359983388765416379e+01
5.661980099607780703e-01 1.715649351238413218e-03 8.867987012987013031e+02 3.356671573843151180e+01
5.724333289920446877e-01 1.764199560704661452e-03 8.931937500000000227e+02 3.480357268837497031e+01
5.786575496797814466e-01 1.687338640378493104e-03 9.028961038961039094e+02 3.660594247463194506e+01
5.849918082512260975e-01 1.882166412490617838e-03 9.159127906976743816e+02 3.758259157951115270e+01
5.913559560974818163e-01 1.673563701773732749e-03 9.294203821656051332e+02 3.906027313422133318e+01
5.976003341774964728e-01 1.789272139650604403e-03 9.431479289940828039e+02 3.875888519657542730e+01
6.039710484280985670e-01 1.760471037718898532e-03 9.537797619047619264e+02 3.856292252623201477e+01
6.103455122609070527e-01 1.778153705054047679e-03 9.620000000000000000e+02 3.830777179786053921e+01
6.165941547084902163e-01 1.709282904712068618e-03 9.618502994011976170e+02 3.875372168988357657e+01
6.227886440901039267e-01 1.708031916550016484e-03 9.566607142857143344e+02 3.895650210327474383e+01
6.292222757675741684e-01 1.895555695838723603e-03 9.436684491978609231e+02 3.760042611968869153e+01
6.355837393651907474e-01 1.609918394456906487e-03 9.276242424242424249e+02 3.746354407936101438e+01
6.417201133152361514e-01 1.735489606861494215e-03 9.091011235955056691e+02 3.492715379852182878e+01
6.480234646877054416e-01 1.746502386866512820e-03 8.858426966292134921e+02 3.368437758473580601e+01
6.543745591304535036e-01 1.808595843625667669e-03 8.665923913043478706e+02 3.202555210628953120e+01
6.607410482875138991e-01 1.776914150084337417e-03 8.498206521739130039e+02 3.028172987113941517e+01
6.669765730033264672e-01 1.670208017253243388e-03 8.370738636363636260e+02 3.098011767433594699e+01
6.731673103258457580e-01 1.796482171393593615e-03 8.278031914893616658e+02 3.149852422046147993e+01
6.795850853652600776e-01 1.822834825668488831e-03 8.172722513089005361e+02 3.221062190121557478e+01
6.858902177354958551e-01 1.747430487391250960e-03 8.114247311827956537e+02 3.238286342979247934e+01
6.921278880332987216e-01 1.765781770802452586e-03 8.043544973544973118e+02 3.311672503606451556e+01
6.985070946107704293e-01 1.847715388967816497e-03 7.987474747474747119e+02 3.312145702128355396e+01
7.048037128132643714e-01 1.757666077632949074e-03 7.956666666666666288e+02 3.404476252493457622e+01
7.109847861020758275e-01 1.767854622430342420e-03 7.934687500000000000e+02 3.406009404729259415e+01
7.172345948602801835e-01 1.822657136245004524e-03 7.897676767676767895e+02 3.404861948640063218e+01
7.236608500653414211e-01 1.906739358311473767e-03 7.854829268292683082e+02 3.579131064806107076e+01
7.299519259881649402e-01 1.814756391122580772e-03 7.825663265306122867e+02 3.912425940367279509e+01
7.362298620906445601e-01 1.872001608046580190e-03 7.805833333333333712e+02 4.253373324847336079e+01
7.427109241448597299e-01 1.961252361706546793e-03 7.767897196261682211e+02 4.212666298349836325e+01
7.489749171607754663e-01 1.795506848231544564e-03 7.737538461538460979e+02 4.378232511083040635e+01
7.553119902396251417e-01 1.968290517240121971e-03 7.722191780821917746e+02 4.490638149269823032e+01
7.617428847945948434e-01 1.878647625832918257e-03 7.692463768115942457e+02 5.555967680575982115e+01
7.679897535333021219e-01 1.889655825210407886e-03 7.678851674641148293e+02 4.855781978360288065e+01
7.742716946001383382e-01 1.890740870187222538e-03 7.649859154929577016e+02 5.751039684171804822e+01
7.806130493972306406e-01 1.874127862848933099e-03 7.638254716981132333e+02 5.734504831004799286e+01
7.869955317179381238e-01 1.962138593108325030e-03 7.605133928571428896e+02 6.021614613557493811e+01
7.933337815560531636e-01 1.823456314192357453e-03 7.584238095238094957e+02 6.442277417342053525e+01
7.995722808394026826e-01 1.873920736445982161e-03 7.562036199095022084e+02 6.821001773283040848e+01
8.059029702364099990e-01 1.855844282913126459e-03 7.598310502283104597e+02 7.602200414181571375e+01
8.122482529694946551e-01 1.899897789708842157e-03 7.585066079295154395e+02 7.954809718139570407e+01
8.185971333973350861e-01 1.831057107996742058e-03 7.638116591928251182e+02 9.155316280927969785e+01
8.248840800988579414e-01 1.805078930334647752e-03 7.651434977578475127e+02 1.004511025229168411e+02
8.311527541867054225e-01 1.843524136775542745e-03 7.674890829694322747e+02 1.115941005740333480e+02
8.375116084758876811e-01 1.829773299230467044e-03 7.728565217391304714e+02 1.297017166883664174e+02
8.438261475186588090e-01 1.817550564165925373e-03 7.766681034482758150e+02 1.477476604644251665e+02
8.500843452560248314e-01 1.755513946144033992e-03 7.936460176991150774e+02 1.793535013317884079e+02
8.563647400134730692e-01 1.844487251387733453e-03 8.026763485477177937e+02 2.105029487136907562e+02
8.626696591174244366e-01 1.710203360544058351e-03 8.355614035087719458e+02 2.761203470596222473e+02
8.689830853488446083e-01 1.844123492424595270e-03 8.824593495934959719e+02 3.838522939206598039e+02
8.753179752476163422e-01 1.741457950302257533e-03 9.900638297872339990e+02 6.105201134797537179e+02
8.815756228481118617e-01 1.752464905610253906e-03 1.190705394190871402e+03 1.030438485379384929e+03
8.877944678552249780e-01 1.716242394594354789e-03 1.576907172995780684e+03 1.761762606154119339e+03
8.941407927930166144e-01 1.839522330085644050e-03 1.912490118577075009e+03 2.555459300405566410e+03
9.005003621585947471e-01 1.752218829319661820e-03 2.351889795918367327e+03 3.416806296083561392e+03
9.067627482844141662e-01 1.720498064613873055e-03 2.752299180327868726e+03 4.086290952915761864e+03
9.130278025298368405e-01 1.789374596252915357e-03 2.774773809523809632e+03 4.316100073534632429e+03
9.193563827426239898e-01 1.786117629316656989e-03 2.889535714285714221e+03 4.432460118180764766e+03
9.256709965929463824e-01 1.773964252230773864e-03 2.760376470588235406e+03 4.295000998532285848e+03
9.319487846442510159e-01 1.740175819907428248e-03 2.672456000000000131e+03 4.093090125795913536e+03
9.382375230166524194e-01 1.835219923763222079e-03 2.439240458015266995e+03 3.651803543274231743e+03
9.445114335627492475e-01 1.754301698834087597e-03 2.163007905138339993e+03 3.096724484607177146e+03
9.507739483173833772e-01 1.796477233495237351e-03 1.785973180076628296e+03 2.364386230762666855e+03
9.571000001339345920e-01 1.844157663989784944e-03 1.441766037735849068e+03 1.642599519698770337e+03
9.634651872700409347e-01 1.860525514413665987e-03 1.146883458646616646e+03 1.038192030766421112e+03
9.697902983397413967e-01 1.869026222830578836e-03 9.965037593984961859e+02 6.330365090612951917e+02
9.761731987705594138e-01 1.898719003246270758e-03 9.049372693726937769e+02 3.560236987367165966e+02
9.824546988499620603e-01 1.850375251942234242e-03 9.820226415094339245e+02 2.973572014146944298e+02
9.887603507672997338e-01 1.885371791598095068e-03 1.185323529411764639e+03 3.573166686081476655e+02
9.951547945742836854e-01 1.923480157877882840e-03 1.446462633451957345e+03 4.486823822520356657e+02
1.001497999719481502e+00 1.820392376112148691e-03 1.718763157894736878e+03 5.346660008726171327e+02
1.007730073445106012e+00 1.872875193246743668e-03 1.873205035971222969e+03 5.617787991099742158e+02
1.014110590476311025e+00 1.881534321868284657e-03 1.919407801418439703e+03 5.330168304351055895e+02
1.020442888611849064e+00 1.823625195420996601e-03 1.921888888888888914e+03 5.024669230521043914e+02
1.026691701700078063e+00 1.782759485576686145e-03 1.896608695652173992e+03 4.456115092794043449e+02
1.033057845114525142e+00 1.884320384582664851e-03 1.830238095238095184e+03 3.881546678339983600e+02
1.039437792018165441e+00 1.793463056649077922e-03 1.776321554770318016e+03 3.755784328510684418e+02
1.045681248368910410e+00 1.745618337461533540e-03 1.641617021276595779e+03 3.585159830819892477e+02
1.051944871571292683e+00 1.801987856022948175e-03 1.447403448275862047e+03 3.491295046748165305e+02
1.058324809813473877e+00 1.829265674919061668e-03 1.178602693602693535e+03 3.044898350768274327e+02
1.064596602572098316e+00 1.714864743882408334e-03 9.250070422535211492e+02 2.178554485296995153e+02
1.070868750588993112e+00 1.792957436204007347e-03 7.482491582491581994e+02 1.274526096841978955e+02
1.077195490251847465e+00 1.798916779777443367e-03 6.560969899665551566e+02 6.738439336498483101e+01
1.083505800573759448e+00 1.740543057611223946e-03 6.202013651877133498e+02 4.114509914537791246e+01
1.089676915900379850e+00 1.748165881083384946e-03 6.057823129251701175e+02 3.234843519647165522e+01
1.096052400832523421e+00 1.863573573199493825e-03 5.983578274760383238e+02 2.857389283799886925e+01
1.102364289960501065e+00 1.744372504095847640e-03 5.935525423728813621e+02 2.775476676943511478e+01
1.108625070827478076e+00 1.829094711995288541e-03 5.868762214983713648e+02 2.682614873870752348e+01
1.114924075445366869e+00 1.842999932655674591e-03 5.665779220779220395e+02 4.978570009942900043e+01
1.121282665432693726e+00 1.762017027877181303e-03 5.753587786259541872e+02 3.780633825388439107e+01
1.127553932619258736e+00 1.851826979229859085e-03 5.749925650557620429e+02 3.395081603801978787e+01
1.133905639228342421e+00 1.803927404845938115e-03 5.724078431372548721e+02 3.336876502129679523e+01
1.140144523104706709e+00 1.820967272376473748e-03 5.701574803149605941e+02 3.669655620456059353e+01
1.146455214771981312e+00 1.831860927088285957e-03 5.686932270916335028e+02 3.426019909289858134e+01
1.152869066430118439e+00 1.902391342003174283e-03 5.681003861003861175e+02 3.338829068714981929e+01
1.159252377890596986e+00 1.791659613503928782e-03 5.642365145228216079e+02 3.503843504261229214e+01
1.165575291556828930e+00 1.872439892399787795e-03 5.651235059760956574e+02 3.383403922739797309e+01
1.171828433925186763e+00 1.747387590499659572e-03 5.604025974025973937e+02 3.505888435850511087e+01
1.178029580193284076e+00 1.845903894892485285e-03 5.614238683127572358e+02 3.200236394509756366e+01
1.184400904434957269e+00 1.829516060217846983e-03 5.601046025104602677e+02 3.171779917782982139e+01
1.190737654720273042e+00 1.816225366119703435e-03 5.602742616033755212e+02 3.221836408336666580e+01
1.196977477342464180e+00 1.780548390738201196e-03 5.572096069868995301e+02 3.222459044167502640e+01
1.203312963818603976e+00 1.874247930763579166e-03 5.564132231404959157e+02 3.340108691438587130e+01
1.209645773529357093e+00 1.750259837788138012e-03 5.537433628318584624e+02 3.367313327351799757e+01
1.215952225700388523e+00 1.837678281197498587e-03 5.533728813559322361e+02 3.140269874792110372e+01
1.222254898926581568e+00 1.775628514659025698e-03 5.277715355805243007e+02 6.137149221708141056e+01
1.228537298751265050e+00 1.780223345631782141e-03 5.383224637681159948e+02 4.203253670654410712e+01
1.234759587745337228e+00 1.795376270296014523e-03 5.361541218637993325e+02 3.909122346850032415e+01
1.241110555825225781e+00 1.895169703334604900e-03 5.363322147651006162e+02 3.763790940892658199e+01
1.247523323486311897e+00 1.874537877840588536e-03 5.321722972972972912e+02 3.560312320869189051e+01
1.253854431820907944e+00 1.857283623330970761e-03 5.303456375838926533e+02 3.600669889977703519e+01
1.260138295168494293e+00 1.856490137450314505e-03 5.247441860465115724e+02 3.621851578158181439e+01
1.266501421045549414e+00 1.881588491645209797e-03 5.250385852090032586e+02 3.453860208467720128e+01
1.272807251993681055e+00 1.824447191781883651e-03 5.231213114754098115e+02 3.465140844897915429e+01
1.279100636071537789e+00 1.831925956271344968e-03 5.226369426751592755e+02 3.399762301580771151e+01
1.285385940199903265e+00 1.796864974607813087e-03 5.189967948717949184e+02 3.418764179128444169e+01
1.291734086560349049e+00 1.833790085687247952e-03 5.183926380368097853e+02 3.425563116886142723e+01
1.297999116585571544e+00 1.712347548001254965e-03 5.162362459546925493e+02 3.468554954474431895e+01
1.304332283077917598e+00 1.862331657852500611e-03 5.163775811209440008e+02 3.439035190889761395e+01
1.310629912671008812e+00 1.689758514739712848e-03 5.132083333333333712e+02 3.483048080578839745e+01
1.316859893871710430e+00 1.807323329610554348e-03 5.125791044776119634e+02 3.507119551332394991e+01
1.323169508333509325e+00 1.772103529485381237e-03 5.106990881458966669e+02 3.364177046175162644e+01
1.329416719622044551e+00 1.761213072716576004e-03 5.104441087613292893e+02 3.564554268567151496e+01
1.335676763851219473e+00 1.808340606324402439e-03 5.077708333333333144e+02 3.348787649319990578e+01
1.342102166253144047e+00 1.916040745002256648e-03 5.075718309859154829e+02 3.477827110771633556e+01
1.348432554966731090e+00 1.804515701739407276e-03 5.048851963746223532e+02 3.431595344151217120e+01
1.354697325729501189e+00 1.895450207138361931e-03 5.054645892351275052e+02 3.656819745389982756e+01
1.361035554581970564e+00 1.836151892644552735e-03 5.037674418604651123e+02 3.427187651326375573e+01
1.367445372286436589e+00 1.911657172750392099e-03 5.048438356164383549e+02 3.310261929237267253e+01
1.373833054624600258e+00 1.794265400870382644e-03 5.030695652173913004e+02 3.245783887365001874e+01
1.380048052911932777e+00 1.791287036868802413e-03 5.052393162393162243e+02 3.376249950038074132e+01
1.386332670155489666e+00 1.806335848089170130e-03 5.064101123595505669e+02 3.204607522586258028e+01
1.392624520144640332e+00 1.796075039907524609e-03 5.152555555555555884e+02 3.341264499675254740e+01
1.398923000198597277e+00 1.771229759338340285e-03 5.297668539325842403e+02 3.437023371370429459e+01
1.405184482923453881e+00 1.808998902686751115e-03 5.481956521739130039e+02 3.543963440377127938e+01
1.411475199677901360e+00 1.734371386327675756e-03 5.628876404494382086e+02 3.591846232954824814e+01
1.417706081410672780e+00 1.817237095201347432e-03 5.727580645161290249e+02 3.577374329491615157e+01
1.424046144262549829e+00 1.816956160244514703e-03 5.776043360433604903e+02 3.742598250402061666e+01
1.430457268966005335e+00 1.925855730949348329e-03 5.807069408740360359e+02 3.685904848918801946e+01
1.436865665354877475e+00 1.843763745384080412e-03 5.821263440860215042e+02 3.769327213049221825e+01
1.443084111958556903e+00 1.831535442318516687e-03 5.796989247311828422e+02 4.181706121736096549e+01
1.449466238371406979e+00 1.910439897345804971e-03 5.786177215189873095e+02 3.940423075887214566e+01
1.455780432464144347e+00 1.769262236301017126e-03 5.773270270270270430e+02 3.919351700241076486e+01
1.462109939136078340e+00 1.873282905934200038e-03 5.750501253132831607e+02 3.942837316671909065e+01
1.468414112563870999e+00 1.734923018383166060e-03 5.708079999999999927e+02 3.933544572858768618e+01
1.474680891373796765e+00 1.804015195942032307e-03 5.684162436548223241e+02 3.821765585427230150e+01
1.480924591063775386e+00 1.742163032935032654e-03 5.573733681462141476e+02 3.841755547230957291e+01
1.487138550370334267e+00 1.742602934721402272e-03 5.426426735218509521e+02 3.785182768856995494e+01
1.493462591150057195e+00 1.833511633313982111e-03 5.227722772277227250e+02 3.617654119901740017e+01
1.499809278721849770e+00 1.805357266360340307e-03 5.066095717884131204e+02 3.470033983816458090e+01
1.506175762378094918e+00 1.888906516140883814e-03 4.970831295843520934e+02 3.307693693906223587e+01
1.512543466733061504e+00 1.879653113941155348e-03 4.919362745098039227e+02 3.542958631981948514e+01
1.518927121842702510e+00 1.865813122140227640e-03 4.902843137254902217e+02 3.535919687619240648e+01
1.525176469146275027e+00 1.826629940430822378e-03 4.893870967741935374e+02 3.397426408838600054e+01
1.531416651941075235e+00 1.798854978931840659e-03 4.885272277227722952e+02 3.510977226107687699e+01
1.537728221615372926e+00 1.856986876758172280e-03 4.876643026004728085e+02 3.464531514018609215e+01
1.544096010846849332e+00 1.769518617434322075e-03 4.872043795620438118e+02 3.477379234151879928e+01
1.550405005344789089e+00 1.809055686031393537e-03 4.876099290780142042e+02 3.407987586642305189e+01
1.556696834359960313e+00 1.740139413919524446e-03 4.872281553398058236e+02 3.521783051658144359e+01
1.562969221032702194e+00 1.804120915253569534e-03 4.877877358490566166e+02 3.456204033309481360e+01
1.569251838380229191e+00 1.803338776033149233e-03 4.881933174224343475e+02 3.151268012414518793e+01
1.575556094315494926e+00 1.863019847936644557e-03 4.905198135198135105e+02 2.878995556998449956e+01
1.581892448177514066e+00 1.865480693804838323e-03 4.928634259259259238e+02 3.018269239593263720e+01
1.588269483401412163e+00 1.861295980786164313e-03 4.977465437788018221e+02 3.099389959150230567e+01
1.594574325321363339e+00 1.830133252637398044e-03 5.026388888888889142e+02 3.524879514474754671e+01
1.600916934751582588e+00 1.832077894544300927e-03 5.077904328018223055e+02 4.193748765400980716e+01
1.607201343968552854e+00 1.780442356845074459e-03 5.117291666666666856e+02 4.833647120242092399e+01
1.613445462524496721e+00 1.775524639999344866e-03 5.175848623853211166e+02 5.511392381711397093e+01
1.619730849749851931e+00 1.787630240083115185e-03 5.218735891647855851e+02 6.265633800390491359e+01
1.625979803600224649e+00 1.755895091839796123e-03 5.277034482758621152e+02 6.882218381119716355e+01
1.632226613292544926e+00 1.821174808670054370e-03 5.344205816554809871e+02 7.198358238172467338e+01
1.638606704061473573e+00 1.894452323361247963e-03 5.486008676789588208e+02 7.665214494285018532e+01
1.645050487946952522e+00 1.887301666918968484e-03 5.692869565217391710e+02 7.777329664529790421e+01
1.651415996904310735e+00 1.851783837096881687e-03 5.881600877192981898e+02 7.555077695451110742e+01
1.657788871265904573e+00 1.852242853945953917e-03 6.028401727861770496e+02 7.480796167187688184e+01
1.664006124760511351e+00 1.741113674427757210e-03 6.101315192743763873e+02 7.136210404923716055e+01
1.670281873961185770e+00 1.842366346193471905e-03 6.164101479915433401e+02 7.389030841360724366e+01
1.676541801276667298e+00 1.721555322686186195e-03 6.167130044843049745e+02 7.281215430955450074e+01
1.682793682471841024e+00 1.824670227224382997e-03 6.164789029535864984e+02 7.640411060931886311e+01
1.689107465299970467e+00 1.791603935857043455e-03 6.137071583514099302e+02 7.569273962517701193e+01
1.695415952935033443e+00 1.877357617877282179e-03 6.131565762004175895e+02 7.609866704492901590e+01
1.701806617780016628e+00 1.875253898477295287e-03 6.174300626304801654e+02 7.918637455232187961e+01
1.708145235544118012e+00 1.851238026496159058e-03 6.285557894736841718e+02 8.051308919239119177e+01
1.714469347376187613e+00 1.845626368464784459e-03 6.468405797101448798e+02 8.181223218965372723e+01
1.720739519194126599e+00 1.771881702320935673e-03 6.617051282051281760e+02 8.354587015859402754e+01
1.726990948287859817e+00 1.820993782645452704e-03 6.678591836734693743e+02 8.502622816060146249e+01
1.733361150263370787e+00 1.784216608021570085e-03 6.675454545454545041e+02 8.792212869209356541e+01
1.739571674833123582e+00 1.760427731239605715e-03 6.628218029350105098e+02 9.143737675608592497e+01
1.745888420135642827e+00 1.855122891619970195e-03 6.458012048192771317e+02 9.219759120639159278e+01
1.752250177420427102e+00 1.860925844240075020e-03 6.269716599190282977e+02 9.633166996085414269e+01
1.758607387389414800e+00 1.864192030273802104e-03 6.092500000000000000e+02 1.008360748938592906e+02
1.764972322429467777e+00 1.851098948525789619e-03 6.058659999999999854e+02 1.060688633671540373e+02
1.771273520234028620e+00 1.808016239517707931e-03 6.048125000000000000e+02 1.107201898186041831e+02
1.777586992161852564e+00 1.807004964737956481e-03 6.084673267326733139e+02 1.138446238199615408e+02
1.783840233931820451e+00 1.746107465683986813e-03 6.106904276985743536e+02 1.178445214385082949e+02
1.790071520275328565e+00 1.795583184790444783e-03 6.148228346456693316e+02 1.217657237979266966e+02
1.796393698957722052e+00 1.819993601147859141e-03 6.148537549407114966e+02 1.246412879240927936e+02
1.802712928873270393e+00 1.883216042231023422e-03 6.136283524904214346e+02 1.283611966224377170e+02
1.809114577024696358e+00 1.850157529878445435e-03 6.086666666666666288e+02 1.377772000279625502e+02
1.815345782948464493e+00 1.803540499391122600e-03 5.957944664031620050e+02 1.432728154334862154e+02
1.821700705453981772e+00 1.863872113208649628e-03 5.787406716417910957e+02 1.498428635521838714e+02
1.828034416566336029e+00 1.759461126105644731e-03 5.597933070866141634e+02 1.545902323629467503e+02
1.834289862490237510e+00 1.817049905439401892e-03 5.520508474576271283e+02 1.622644935649074682e+02
1.840620947190598100e+00 1.780340576699249600e-03 5.463615384615384301e+02 1.641343047178349934e+02
1.846876290479544158e+00 1.833628160635640113e-03 5.482268431001890576e+02 1.727864652732061188e+02
1.853225331533147280e+00 1.864396810776891523e-03 5.420499999999999545e+02 1.710755610617500508e+02
1.859586416204100923e+00 1.843230203276794224e-03 5.454261682242990901e+02 1.806612167898441044e+02
1.865884580336470755e+00 1.827085395033201023e-03 5.423351955307263097e+02 1.815075089119838765e+02
1.872200528994375501e+00 1.799198018262535481e-03 5.439962962962963502e+02 1.861639161683261534e+02
1.878453452628845000e+00 1.760356359008985331e-03 5.397551789077213016e+02 1.866676550036230537e+02
1.884712324747962020e+00 1.805687576808031941e-03 5.375802919708029322e+02 1.861392866328459093e+02
1.891113706724730337e+00 1.861939656346446982e-03 5.324892086330935399e+02 1.846850002695646822e+02
1.897400945427566432e+00 1.833350088909791505e-03 5.283253676470587834e+02 1.869014649531768555e+02
1.903772875545957088e+00 1.875180743362649160e-03 5.242711267605633338e+02 1.861132403544175702e+02
1.910018917854334752e+00 1.739883276586547947e-03 5.202060491493383552e+02 1.861973501620176989e+02
1.916236012056648175e+00 1.833205283437960029e-03 5.184807017543860184e+02 1.785863826974196229e+02
1.922638163561010805e+00 1.793373418488206777e-03 5.163089285714286234e+02 1.781832416777625099e+02
1.928888348891847349e+00 1.792288115248428593e-03 5.162320143884892332e+02 1.782935967962900179e+02
1.935240631371640818e+00 1.865766417879262265e-03 5.130051903114186871e+02 1.705414235447511828e+02
1.941608872090050619e+00 1.856644915843207438e-03 5.101089630931458601e+02 1.690769282034225682e+02
1.947917338414854704e+00 1.837601359788319485e-03 5.178336252189142215e+02 1.680026218835783141e+02
1.954236834815996637e+00 1.805754229573221887e-03 5.289702797202796773e+02 1.626516154724427849e+02
1.960488135501994522e+00 1.772905664188001006e-03 5.540442477876106295e+02 1.689927994384402155e+02
1.966755922696415082e+00 1.810201296061439468e-03 5.858864027538726305e+02 1.765558055594250959e+02
1.973091583736556354e+00 1.814240900008777741e-03 6.245189655172413268e+02 1.817509251996790738e+02
1.979420480567132490e+00 1.865397302840512408e-03 6.733684210526315610e+02 1.790304790521182383e+02
1.985762243830389018e+00 1.849873766110382307e-03 7.417406779661016571e+02 1.676154146485582430e+02
1.992143605840229093e+00 1.840662096304069391e-03 8.027571189279732380e+02 1.588740667247514580e+02
1.998372952698491245e+00 1.738412627792555948e-03 8.426203866432337009e+02 1.499184231829725888e+02
2.004614638405731508e+00 1.821010887715033720e-03 8.637980132450330757e+02 1.434136860867953942e+02
2.010981699228176822e+00 1.807963355431743604e-03 8.760824915824915706e+02 1.437312133260617770e+02
2.017216781415232862e+00 1.822968187424302972e-03 8.830944350758853716e+02 1.459214705185573280e+02
2.023555507756473748e+00 1.866836436713831520e-03 8.823804878048780438e+02 1.446572587683603217e+02
2.029945947492921121e+00 1.842053164818473936e-03 8.751842105263158373e+02 1.467416306713654421e+02
2.036236367431154548e+00 1.802040352124230577e-03 8.636165289256198321e+02 1.450871533533025968e+02
2.042538823796997693e+00 1.786279422623429517e-03 8.590131362889983393e+02 1.420496970555482505e+02
2.048720173306640469e+00 1.747373060808409071e-03 8.520610169491525312e+02 1.404079761629694190e+02
2.055017041239767028e+00 1.892889576395914968e-03 8.408247261345852621e+02 1.330158026196967853e+02
2.061465280497128294e+00 1.850343878148330047e-03 8.284919871794871824e+02 1.335371866238583891e+02
2.067778354784032935e+00 1.826644103880053095e-03 8.125136876006441753e+02 1.398950126666076983e+02
2.074107962816127415e+00 1.810449409964311413e-03 8.004095238095237619e+02 1.467646142225920300e+02
2.080392027050733006e+00 1.757304311173108879e-03 7.735830618892508710e+02 1.530189618389059945e+02
2.086560915145909245e+00 1.789004268885935290e-03 7.329675850891410391e+02 1.522442075570124018e+02
2.092907509218693285e+00 1.897916204239676529e-03 7.040381097560975832e+02 1.613164784753617482e+02
2.099341076602548206e+00 1.841856996552926774e-03 6.554671875000000227e+02 1.635193450813093250e+02
2.105598503643897335e+00 1.780460926307301031e-03 5.812859424920127367e+02 1.462946777951146089e+02
2.111872942412509335e+00 1.813036870717739954e-03 5.119953703703703809e+02 1.285271082846518880e+02
2.118179840511383194e+00 1.773074262998883873e-03 4.618283464566929410e+02 1.160662593691773026e+02
2.124489700938873238e+00 1.854176769044688739e-03 4.346314984709480314e+02 1.098476344164769785e+02
2.130866139955553962e+00 1.876679961187130126e-03 4.277776096822995555e+02 1.123747518376765697e+02
2.137196345481136905e+00 1.803165093871285981e-03 4.228653250773994046e+02 1.098162844441238377e+02
2.143477781291089013e+00 1.808033309626025679e-03 4.188946564885496286e+02 1.054250620286603066e+02
2.149749346762158453e+00 1.787076492040512573e-03 4.216420890937019976e+02 1.068770145297361722e+02
2.156014428448592479e+00 1.811767013668930289e-03 4.233546423135464352e+02 1.065262469210266687e+02
2.162388958755252943e+00 1.899773100682969557e-03 4.204948905109488919e+02 1.016259904612837346e+02
2.168776559916051561e+00 1.828625003914755194e-03 4.218618618618618825e+02 1.019010232935764151e+02
2.175079146577416189e+00 1.799027495536281414e-03 4.239761194029850913e+02 1.024884820178014451e+02
2.181358965593887422e+00 1.775037425494343461e-03 4.212439759036144551e+02 9.714228261734281489e+01
2.187625576602315824e+00 1.830837683859201127e-03 4.238491124260355036e+02 9.321031809980105720e+01
2.193923842198696850e+00 1.837507381709080519e-03 4.382070484581497567e+02 9.581055412002829996e+01
2.200310743338333541e+00 1.859271066102410235e-03 4.591477761836441687e+02 9.479011721992488049e+01
2.206637920896229677e+00 1.789161753318371274e-03 4.920948148148148107e+02 9.613421194441052364e+01
2.212855268310565560e+00 1.778695396750237757e-03 5.431546391752577847e+02 1.047916645377470388e+02
2.219155297956861617e+00 1.826812665150635666e-03 5.916388489208633246e+02 1.004750299337315766e+02
2.225534449623195243e+00 1.883537061579874895e-03 6.374104372355429859e+02 9.002572092267276105e+01
2.231816049321749151e+00 1.789850136339156059e-03 6.713230543318649097e+02 8.106350958385571914e+01
2.238124350048766420e+00 1.838516226422660244e-03 6.932751396648044420e+02 8.146701420273433314e+01
2.244461256680506001e+00 1.769483755913013904e-03 6.991693198263386648e+02 8.100240620052697693e+01
2.250672411056880762e+00 1.815340560525242463e-03 6.958794835007173560e+02 8.078733579121961839e+01
2.256976265699253581e+00 1.875232856265233962e-03 6.965331491712706793e+02 8.095789385077191014e+01
2.263404067221236105e+00 1.844596500685106652e-03 6.926184573002755087e+02 7.908573590822356891e+01
2.269740131332425914e+00 1.784620609829179342e-03 6.879589816124469053e+02 7.566267140164148941e+01
2.275928662030326066e+00 1.770462641505800294e-03 6.803732193732193991e+02 7.258048474635940295e+01
2.282234771450446509e+00 1.859120215862977580e-03 6.728414634146341768e+02 7.358157625431115889e+01
2.288651494096741512e+00 1.861574731480084791e-03 6.604654002713704131e+02 7.498875386607622318e+01
2.294929189507614264e+00 1.787386468760323059e-03 6.503511235955056691e+02 7.641438414492523634e+01
2.301123790424945526e+00 1.773889529887621910e-03 6.456902777777777374e+02 7.681644447626634076e+01
2.307427473574251042e+00 1.823767960867003161e-03 6.258132611637347509e+02 8.204327419559201928e+01
2.313824548022820782e+00 1.807223345639351721e-03 6.196374442793462549e+02 7.975077425223696537e+01
2.320154992066300714e+00 1.861695907969135875e-03 6.043550295857987749e+02 8.226563580386699925e+01
2.326479049872378635e+00 1.797363522119922990e-03 5.879198767334360127e+02 9.042019486057216682e+01
2.332811122143054305e+00 1.834923033436536115e-03 5.539650455927052235e+02 9.592640733793413688e+01
2.339146829363451641e+00 1.809933127175767861e-03 5.129230769230769056e+02 1.010876498756019970e+02
2.345346999874724947e+00 1.788822558822959720e-03 4.609807073954983707e+02 1.012524839852192144e+02
2.351591514044208964e+00 1.821961582186779451e-03 4.062740157480315020e+02 8.430714931505424659e+01
2.357940827546205931e+00 1.821480796874143165e-03 3.587990506329114169e+02 6.714341205514257638e+01
2.364269371024037891e+00 1.822839816105960298e-03 3.306073717948717672e+02 5.625416527970676839e+01
2.370575565839220911e+00 1.828742917233826173e-03 3.177942122186495340e+02 5.377127117242739729e+01
2.376891771469677561e+00 1.815523241845057745e-03 3.138268608414239225e+02 5.351411967702765082e+01
2.383240749019818416e+00 1.833462819707767054e-03 3.092041800643086731e+02 5.171235482919476567e+01
2.389601619010945921e+00 1.828185711102788165e-03 3.080293159609120721e+02 5.105450720784219243e+01
2.395961259100775731e+00 1.812604844355751544e-03 3.015262321144674047e+02 5.524206513677665242e+01
2.402160007896914973e+00 1.807533258736503850e-03 3.005343283582089384e+02 5.348303182969063840e+01
2.408453972146052724e+00 1.793232887210479852e-03 3.016052631578947398e+02 4.970655154548094146e+01
2.414771780432101167e+00 1.830638750947721858e-03 3.025925394548062854e+02 4.800407792554212705e+01
2.421058800843912895e+00 1.849123668637423033e-03 3.061753889674681659e+02 4.766829676512450931e+01
2.427397847212681370e+00 1.833909450969152099e-03 3.127916666666666856e+02 4.826782258150100091e+01
2.433701938443864954e+00 1.777285794113256248e-03 3.173769338959212405e+02 4.932067859488736872e+01
2.440001432560962691e+00 1.835928632076300280e-03 3.201764705882353041e+02 4.849043246577401334e+01
2.446276920633820851e+00 1.825543246774167941e-03 3.200660247592847441e+02 4.871545115610584986e+01
2.452612917458465880e+00 1.850886418197054181e-03 3.208116710875331705e+02 4.779193506213621845e+01
2.458937188373468086e+00 1.764090576915684772e-03 3.188479452054794478e+02 4.673837075874822489e+01
2.465235494564519847e+00 1.842465198645606636e-03 3.175680317040951195e+02 4.661599096311098123e+01
2.471581205305689810e+00 1.856761058240425245e-03 3.141750000000000114e+02 4.521803756304149147e+01
2.477865992864338285e+00 1.798850075022648308e-03 3.126165113182423170e+02 4.556893158348587036e+01
2.484122936716935737e+00 1.780971833254360159e-03 3.113778071334214133e+02 4.496617435530715312e+01
2.490467721662181333e+00 1.849468727863495983e-03 3.085223499361430299e+02 4.404516840475682926e+01
2.496849546734450254e+00 1.852734310658727887e-03 3.054865900383141479e+02 4.399278786511351313e+01
2.503105859710241798e+00 1.772860352036017325e-03 3.031055408970976259e+02 4.331882572997773195e+01
2.509322203788900918e+00 1.804578376445024500e-03 3.012474358974358779e+02 4.271897573179820995e+01
2.515643032193938478e+00 1.830400595634155535e-03 2.989974811083123427e+02 4.109742973759957607e+01
2.522012436559997628e+00 1.844427975373299751e-03 2.965285359801488880e+02 4.192873802320917775e+01
2.528376527697731913e+00 1.805263014170996501e-03 2.935037688442210992e+02 4.071596202222002603e+01
2.534662305746367750e+00 1.817191430107880853e-03 2.899093198992443376e+02 4.058109678238459139e+01
2.540923642722284104e+00 1.847774197163838152e-03 2.863155940594059530e+02 4.066165085657879530e+01
2.547222087144660030e+00 1.810867478977307979e-03 2.815000000000000000e+02 3.996005895742882785e+01
2.553540685742163419e+00 1.807658101810726481e-03 2.761566707466340063e+02 4.103039597540615802e+01
2.559925401613222018e+00 1.856915584780679824e-03 2.661628742514969872e+02 4.230423050398374585e+01
2.566280305514876403e+00 1.838802799104265022e-03 2.543099273607748216e+02 4.365477833336636593e+01
2.572544852388987113e+00 1.785952156998167010e-03 2.450429447852760632e+02 4.321035066691108284e+01
2.578799894204640619e+00 1.806472379669163885e-03 2.375066505441354252e+02 4.278562489657321777e+01
2.585123793491197919e+00 1.855120447360665906e-03 2.316486486486486456e+02 4.399865923866042294e+01
2.591472256141813091e+00 1.805120360344933915e-03 2.314421930870083486e+02 4.425554770255013892e+01
2.597744265483155957e+00 1.788819714346394623e-03 2.309076738609112738e+02 4.543932627554552539e+01
2.604038454996993934e+00 1.850630787333012181e-03 2.256142191142191109e+02 4.642063333265249980e+01
2.610374414453144443e+00 1.837105816396599096e-03 2.238917345750872983e+02 4.632922152626142775e+01
2.616634120485421100e+00 1.761050173804210722e-03 2.219379474940334092e+02 4.566593847730870692e+01
2.622940397920966227e+00 1.848634675493098997e-03 2.191604095563139936e+02 4.645040344577693503e+01
2.629323187355575353e+00 1.839581463337864892e-03 2.171426940639269390e+02 4.642785813864932010e+01
2.635681273538560632e+00 1.815290224604702678e-03 2.164077892325315133e+02 4.614900954810244116e+01
2.641934789831782204e+00 1.778405014700361417e-03 2.144213615023474233e+02 4.566660865690808890e+01
2.648176773767660031e+00 1.853093332118325998e-03 2.118004509582863477e+02 4.664366927092991233e+01
2.654514065851063087e+00 1.823524830511773481e-03 2.132915254237288138e+02 4.458940207451570359e+01
2.660817448321032508e+00 1.798052776896779401e-03 2.131786120591581266e+02 4.360284791659529446e+01
2.667123571907564994e+00 1.844852426740933296e-03 2.123377777777777737e+02 4.163008598669066629e+01
2.673472329675100401e+00 1.839448802019330543e-03 2.137286821705426405e+02 3.885544462182409120e+01
2.679761377760365715e+00 1.786299887381436651e-03 2.155045248868778174e+02 3.732555937737699736e+01
2.686129035698236578e+00 1.877272974428747035e-03 2.127423117709437861e+02 4.208987913792687152e+01
2.692300573720700196e+00 1.798376592015874225e-03 2.175420875420875291e+02 3.637488301368043864e+01
2.698561328278970439e+00 1.798779619418457414e-03 2.189920182440136784e+02 3.564828724203602661e+01
2.704947056964875252e+00 1.860594623228957294e-03 2.184123595505618027e+02 3.558597875007171041e+01
2.711339925705444909e+00 1.826229981736538378e-03 2.182627314814814952e+02 3.662620277833487137e+01
2.717643416720191052e+00 1.774618570520191145e-03 2.192935560859188513e+02 3.918162041051866140e+01
2.723934694222051256e+00 1.823763048442502126e-03 2.210200708382526500e+02 4.385862872790342237e+01
2.730274673678132036e+00 1.841398355898408350e-03 2.225289256198347232e+02 4.916938857083412273e+01
2.736591263199737778e+00 1.788312012670147501e-03 2.198804878048780438e+02 4.538080297224490067e+01
2.742885231028380222e+00 1.844652457607765493e-03 2.181031175059952147e+02 4.299800947670973272e+01
2.749161241756704843e+00 1.804773587711254630e-03 2.162346437346437256e+02 4.240376324351193915e+01
2.755398232824302962e+00 1.776157869081165970e-03 2.141995043370507972e+02 4.175269551517884992e+01
2.761751565609168679e+00 1.857903093933079139e-03 2.125794504181600928e+02 4.154085012837155944e+01
2.768124311574730267e+00 1.813883183384283311e-03 2.110871165644171867e+02 4.183942283148476093e+01
2.774423663616722546e+00 1.776295681999270643e-03 2.106304619225967656e+02 4.299985842079603060e+01
2.780754869867226198e+00 1.842436817654598789e-03 2.115895249695493305e+02 4.394798524797839434e+01
2.787077464795406190e+00 1.805278297034774168e-03 2.184787499999999909e+02 4.841944492530867450e+01
2.793346642012575654e+00 1.793644434711254678e-03 2.312597730138713814e+02 5.497930077685531813e+01
2.799634253246212179e+00 1.838111547031318375e-03 2.443585607940446778e+02 6.186535582399828570e+01
2.805924842988945844e+00 1.808245895551135627e-03 2.659217171717171482e+02 6.693422698929009584e+01
2.812167973206011862e+00 1.789098639402584082e-03 2.837519181585677757e+02 6.862757291904043200e+01
2.818496662748549042e+00 1.874446068014908040e-03 2.954205378973105098e+02 6.699986092294092543e+01
2.824858807967614460e+00 1.791571154666717633e-03 3.099745222929936403e+02 6.332338863113794503e+01
2.831150482550185643e+00 1.815112775054883139e-03 3.168329113924050375e+02 5.911844768965450214e+01
2.837475400148095517e+00 1.850316795954077458e-03 3.196824408468244201e+02 5.472355187061577908e+01
2.843805018276897911e+00 1.786824753329564535e-03 3.227920410783055445e+02 5.465794090617018952e+01
2.850131561922547352e+00 1.845583173970813699e-03 3.222084893882646952e+02 5.858585674195776960e+01
2.856484494638581229e+00 1.841115527677602507e-03 3.235068493150685072e+02 5.847314440544590042e+01
2.862782859862781137e+00 1.780809355167121575e-03 3.221862244897959044e+02 5.730927772248291063e+01
2.869068523143336158e+00 1.847699945098150954e-03 3.185276073619631916e+02 5.750802191512995165e+01
2.875378514069953706e+00 1.802909528894259443e-03 3.225006242197253528e+02 5.493678980698878433e+01
2.881671995666307051e+00 1.819305449905813353e-03 3.208944099378882129e+02 5.439340158254560009e+01
2.887980092673573917e+00 1.848812746508326317e-03 3.165870098039215463e+02 5.612693956334348400e+01
2.894292086458025270e+00 1.795011172749967111e-03 3.104547738693467522e+02 6.012064740597880785e+01
2.900588101801901963e+00 1.834444505730529681e-03 2.980692212608158229e+02 6.726675300889196762e+01
2.906894294921833044e+00 1.834235081131648307e-03 2.888711276332094258e+02 7.559870467935540717e+01
2.913143215321425394e+00 1.775388414920497622e-03 2.800140845070422415e+02 8.494888769162736253e+01
2.919469846096636179e+00 1.902110692867622259e-03 2.650803357314148911e+02 9.423463431438881344e+01
2.925831071463227850e+00 1.799019204260941503e-03 2.615736040609136808e+02 9.563220248956807268e+01
2.932125236913744715e+00 1.849572311535908030e-03 2.512818294190358586e+02 9.688812648639847680e+01
2.938426190430696305e+00 1.829943172517629413e-03 2.463021223470661596e+02 9.248673818293241311e+01
2.944698497868602605e+00 1.792371922793937686e-03 2.426852791878172582e+02 8.583018467986599376e+01
2.951032364443879619e+00 1.872648010744969562e-03 2.318361650485436769e+02 7.868453295451496388e+01
2.957349976869245278e+00 1.772646084934545842e-03 2.295217391304347814e+02 6.637761705769649723e+01
2.963641534615172990e+00 1.843499637433317897e-03 2.275567901234567785e+02 5.760329899293690659e+01
2.969974563050315375e+00 1.835483252247156055e-03 2.354298136645962813e+02 5.319908365957329721e+01
2.976261971728969780e+00 1.784595762971840369e-03 2.478801020408163254e+02 5.157195549906259657e+01
2.982555079221103078e+00 1.856376802478345786e-03 2.564039167686658516e+02 5.236127105706345475e+01
2.988860230475899549e+00 1.767956570045068222e-03 2.684033290653009090e+02 5.001349823781562520e+01
2.995178874680174186e+00 1.856934622757372335e-03 2.724584352078239817e+02 4.876847083134469329e+01
3.001496400543723020e+00 1.797819739674591305e-03 2.772205323193916229e+02 4.646683879516284321e+01
3.007822553902104179e+00 1.849516356328991537e-03 2.762883663366336577e+02 4.528020706931425110e+01
3.014155913686516808e+00 1.844070628166239031e-03 2.725503105590062205e+02 4.600944762193601179e+01
3.020427983220980828e+00 1.780401570183770890e-03 2.703076923076923208e+02 4.750444596653842666e+01
3.026726854870708916e+00 1.864734463497724846e-03 2.635806845965770435e+02 5.137196865221760333e+01
3.033042693621903041e+00 1.790509691971886499e-03 2.609655612244898180e+02 5.087934702526358421e+01
3.039421166988304002e+00 1.891344364520593712e-03 2.525211608222491009e+02 5.441429257847168088e+01
3.045771113053035606e+00 1.809002971513908259e-03 2.473612167300380236e+02 5.750185332824809592e+01
3.052089874155329063e+00 1.844438578281415919e-03 2.368870967741935374e+02 6.355564191310347155e+01
3.058386304167925118e+00 1.824217551217444024e-03 2.257606516290726688e+02 6.891488925692483747e+01
3.064635661305841197e+00 1.781811879387494579e-03 2.178000000000000114e+02 7.283070112007047214e+01
3.070942258104439215e+00 1.879278577764203085e-03 2.056412121212121349e+02 7.687948412149941646e+01
3.077306102136554866e+00 1.789896323379901438e-03 1.990991105463786539e+02 7.577390102706118569e+01
3.083610248093582751e+00 1.842323938384468965e-03 1.892115621156211489e+02 7.619584417937062426e+01
3.089899276602742884e+00 1.781295098450355954e-03 1.842700636942675203e+02 7.215156567074272687e+01
3.096219282790054539e+00 1.849962857272845727e-03 1.723504901960784252e+02 6.727322208482482324e+01
3.102516781183005889e+00 1.793151767743564459e-03 1.680215462610899806e+02 6.228812660873363427e+01
3.108846425703184035e+00 1.844538984569745127e-03 1.589138991389913826e+02 5.844006282697890953e+01
3.115155056293756886e+00 1.812510444856532069e-03 1.534127979924717806e+02 5.385785234107990505e+01
3.121484332076036150e+00 1.832521331068808152e-03 1.466178660049627922e+02 4.900461973203458399e+01
3.127777573742708483e+00 1.818133687887086257e-03 1.388391521197007421e+02 4.162996190125210205e+01
3.134074710556275623e+00 1.800750836428910992e-03 1.320554854981084532e+02 3.360604818041897346e+01
3.140350968701055567e+00 1.840082388152106639e-03 1.253977832512315302e+02 2.799872256483219957e+01
3.146669598331559570e+00 1.795769837056059460e-03 1.238989898989898961e+02 2.477555354093772166e+01
3.152959210157879166e+00 1.842768641532451131e-03 1.216171779141104281e+02 2.320387572574566448e+01
3.159264892205651432e+00 1.791857333635609589e-03 1.219734177215189845e+02 2.121822763061629047e+01
3.165581888857809112e+00 1.858342078644047027e-03 1.194611650485436911e+02 2.035546426145260668e+01
3.171905560319084216e+00 1.782720971754531017e-03 1.187503168567807421e+02 1.971458457694131994e+01
3.178180461481988406e+00 1.828434529921516482e-03 1.157960687960687949e+02 2.001350721679330391e+01
3.184506679420991304e+00 1.810619157308176325e-03 1.149103362391033585e+02 1.918444440893510006e+01
3.190846230582273346e+00 1.831490456789015321e-03 1.117114914425427941e+02 1.941899428929522387e+01
3.197132365687451294e+00 1.780884113596707067e-03 1.108848101265822805e+02 1.916541592978291675e+01
3.203454230992797136e+00 1.862619862555806765e-03 1.072931242460796142e+02 1.971531597198200458e+01
3.209790152929830498e+00 1.796864404628749357e-03 1.056276729559748446e+02 2.034666288116812893e+01
3.216105270782768422e+00 1.849581865447865814e-03 1.013470873786407793e+02 2.093778579277742224e+01
3.222383723154825574e+00 1.773184836801974633e-03 9.976649746192893531e+01 2.082050440291855864e+01
3.228652903688512765e+00 1.829814433570467642e-03 9.646285018270401679e+01 2.080553717934869340e+01
3.234977992221026444e+00 1.801123950508762587e-03 9.552736318407960425e+01 2.020177832466792367e+01
3.241301441286830176e+00 1.830570155328411054e-03 9.293195625759416600e+01 2.049589122522514373e+01
3.247581817024004280e+00 1.774748969754167847e-03 9.248798988621997808e+01 1.994094073604451012e+01
3.253885986942128827e+00 1.868811343678552150e-03 9.219640718562874326e+01 1.996421905983683587e+01
3.260235987169183947e+00 1.804603356501592029e-03 9.290874999999999773e+01 1.943145798376950495e+01
3.266546856392692710e+00 1.857627301288636550e-03 9.265144230769230660e+01 1.925429427974402330e+01
3.272886904023045052e+00 1.792569475559808913e-03 9.337874999999999659e+01 1.910692340161021008e+01
3.279153478698136670e+00 1.837211362056317054e-03 9.214666666666666117e+01 1.828844311348430196e+01
3.285516195699416553e+00 1.819318898053023329e-03 9.166584766584766442e+01 1.777710673446665979e+01
3.291677990232397821e+00 1.824817096246810931e-03 9.195543905635648230e+01 1.833332127289310165e+01
3.298068987764390059e+00 1.863784166448585874e-03 9.135890410958904795e+01 1.806924754622741602e+01
3.304430978840338096e+00 1.814787339162488022e-03 8.924273255813953654e+01 1.773200473307247904e+01
3.310737564052387061e+00 1.817945227602999880e-03 8.775892857142856940e+01 1.737038330910611350e+01
3.317033906120231190e+00 1.800198345421728579e-03 8.571956856702620087e+01 1.694242407418886387e+01
3.323313479518194669e+00 1.810036704891648416e-03 8.452664576802507668e+01 1.753311124914180752e+01
3.329645772824664451e+00 1.853775369266378323e-03 8.458970358814352153e+01 1.887373604356675472e+01
3.335990548707715053e+00 1.826590486813650920e-03 8.200321027287318998e+01 1.816386959243516230e+01
3.342268739174953929e+00 1.807641793864574143e-03 8.060195758564437085e+01 1.864380113420058649e+01
3.348554594221377023e+00 1.807536448754866812e-03 7.937664473684210975e+01 1.923350818678310503e+01
3.354810866618635590e+00 1.798386852034845364e-03 7.809547738693467522e+01 1.949821334710436460e+01
3.361143554435736203e+00 1.860575678898459748e-03 7.787377049180328470e+01 2.024712706187244748e+01
3.367505271257411170e+00 1.829077091643749146e-03 7.611993243243243512e+01 1.933307821829761863e+01
3.373804785089639324e+00 1.803149868685275390e-03 7.504679376083188913e+01 1.953154952815867418e+01
3.380079784639911100e+00 1.805631642174917659e-03 7.371001757469244353e+01 1.934929429363018016e+01
3.386416571036835244e+00 1.843579116849991192e-03 7.274295774647887924e+01 1.876303372291392435e+01
3.392732849186819166e+00 1.821713749179523084e-03 7.154990925589837047e+01 1.844744963927755421e+01
3.399077842768783331e+00 1.840157085703132342e-03 6.943115942028985899e+01 1.683621093305232108e+01
3.405368445234043140e+00 1.771416845865005909e-03 6.818511450381679140e+01 1.634464388117264022e+01
3.411642977450664915e+00 1.840004348347408980e-03 6.723496240601504326e+01 1.565072631945295711e+01
3.417946432239648225e+00 1.816648589106147462e-03 6.642135922330096776e+01 1.453218633333374221e+01
3.424268333461439884e+00 1.838339958730071926e-03 6.656286266924564643e+01 1.304713741148886363e+01
3.430601598134079389e+00 1.799761940178920376e-03 6.892985971943888046e+01 1.216762310411557912e+01
3.436922606236269218e+00 1.844213366763177700e-03 7.273399999999999466e+01 1.103579231410232886e+01
3.443269856433799347e+00 1.834668830692703879e-03 7.702249488752556772e+01 1.120817834722667250e+01
3.449516618902171317e+00 1.769622948488585408e-03 7.956196581196580553e+01 9.148672893958540442e+00
3.455771942280530862e+00 1.817195070858158281e-03 8.115644820295983664e+01 7.214558232404869820e+00
3.462154010515302804e+00 1.866018191136946868e-03 8.284177215189873777e+01 6.893703891291733221e+00
3.468478914699885340e+00 1.799468636805881495e-03 8.385365853658537105e+01 6.701125947346296741e+00
3.474737530089159865e+00 1.798535080277152308e-03 8.390134529147981368e+01 7.085885759119519456e+00
3.481027808853469629e+00 1.828779808500339806e-03 8.407466063348415730e+01 8.203107630390197968e+00
3.487370903609774420e+00 1.855504762412056021e-03 8.228506787330316286e+01 8.824632139005666787e+00
3.493710577164840458e+00 1.791815171782784382e-03 7.928841607565011884e+01 1.069412485959646730e+01
3.499981309375833849e+00 1.817721919481020843e-03 7.671599045346061985e+01 1.255497874547465464e+01
3.506294281862427642e+00 1.840208171226962808e-03 7.409352517985611541e+01 1.463983642856275758e+01
3.512643170548069183e+00 1.819719049123772565e-03 7.138083538083537860e+01 1.500133911724034164e+01
3.518887929185086527e+00 1.780316295825717758e-03 6.852820512820512988e+01 1.389573979620703525e+01
3.525201780775713889e+00 1.871585280235478531e-03 6.653101736972705282e+01 1.400273752925730086e+01
3.531587235286628879e+00 1.812415240060859375e-03 6.367968750000000000e+01 1.335017958388107395e+01
3.537791204901774123e+00 1.765649031450039182e-03 6.220708446866485275e+01 1.227261507709967425e+01
3.544104483213670331e+00 1.881636984785636617e-03 6.116666666666666430e+01 1.163378924011147042e+01
3.550526160049383151e+00 1.823753900979235669e-03 5.917486338797814227e+01 8.370841860920515742e+00
3.556826252644191833e+00 1.805941154371571225e-03 5.829577464788732044e+01 6.329506007607326623e+00
3.563110991539715666e+00 1.831382697511484874e-03 5.884375000000000000e+01 5.291838162336754081e+00
3.569418747584309326e+00 1.819035597463529485e-03 5.979069767441860250e+01 4.204344697104579254e+00
3.575721219182565580e+00 1.815191134896390569e-03 6.137982195845697220e+01 3.620237631459746641e+00
3.582041784633743120e+00 1.836067019019354488e-03 6.383183183183183473e+01 4.000155557941584838e+00
3.588351193306853926e+00 1.816205673054769026e-03 6.592569659442725083e+01 3.692575772476710316e+00
3.594644124218077774e+00 1.816162507538995278e-03 6.740063091482649327e+01 3.215459749855319682e+00
3.600965899690116157e+00 1.832434222657099978e-03 6.839297124600639677e+01 3.452580415734833430e+00
3.607301933810233674e+00 1.823864462282996299e-03 6.853442622950819896e+01 4.141126381506066600e+00
3.613589615564896995e+00 1.801875725405921403e-03 6.788474576271185867e+01 4.450848748499173446e+00
3.619872304563952703e+00 1.819848024125704684e-03 6.691408934707904166e+01 4.543703896195548708e+00
3.626184481674183946e+00 1.827760715362539709e-03 6.518947368421052602e+01 4.910053379756596392e+00
3.632455309189269510e+00 1.797655079431180383e-03 6.297810218978101915e+01 5.786608853788737683e+00
3.638754857574894697e+00 1.841922947680418475e-03 6.098905109489051313e+01 6.764537253172641762e+00
3.645110863435991444e+00 1.833895812584415653e-03 5.849248120300752163e+01 7.025457854024927506e+00
3.651399341121458253e+00 1.797724079201825547e-03 5.600784313725490193e+01 6.987942600767308221e+00
3.657684783062496781e+00 1.823089633617003442e-03 5.317460317460317754e+01 6.645051883745294319e+00
3.663989311092172851e+00 1.817352227903809700e-03 5.124590163934426101e+01 6.531290323674623366e+00
3.670338462676961733e+00 1.852037082036360515e-03 4.881818181818182012e+01 4.993722580813306777e+00
3.676667454351053799e+00 1.802731285318214709e-03 4.833187772925764136e+01 4.021291136324446569e+00
3.682957402673964431e+00 1.831301914300888494e-03 4.787610619469026574e+01 4.284365009923491563e+00
3.689264510226057059e+00 1.810576500315507495e-03 4.671889400921659075e+01 3.570598981990404486e+00
3.695607159299667099e+00 1.851070780809128090e-03 4.656279069767441570e+01 2.951913148876048165e+00
3.701906411334345837e+00 1.786914693256676148e-03 4.740298507462686217e+01 2.950471076334729936e+00
3.708163258087520564e+00 1.825159420261267002e-03 4.839698492462311208e+01 2.410232766631411838e+00
3.714507337749332283e+00 1.833043865117713490e-03 4.963212435233160846e+01 2.569765370398803483e+00
3.720870273368275249e+00 1.842023606415223082e-03 5.059893048128342485e+01 2.959186472770608756e+00
3.727157013165883104e+00 1.785929560704693081e-03 5.263428571428571701e+01 2.782833675465733680e+00
3.733414267292576749e+00 1.823616893326991065e-03 5.367441860465116577e+01 2.794764478641493799e+00
3.739747614563589284e+00 1.832601406324968355e-03 5.365060240963855165e+01 2.810678370897420564e+00
3.746091684029914770e+00 1.828992002129592063e-03 5.361635220125786105e+01 3.062466877220942241e+00
3.752406222021260618e+00 1.812401454337024109e-03 5.311920529801324165e+01 2.948760554454773697e+00
3.758712131096641595e+00 1.823143945980814458e-03 5.167586206896551460e+01 2.771083915042863222e+00
3.765000355804634324e+00 1.809969724265664184e-03 5.078832116788321116e+01 3.177991877354183092e+00
3.771324791207556704e+00 1.846593531196991230e-03 4.940601503759398838e+01 4.016396098070748266e+00
3.777640884128447674e+00 1.800430178895984180e-03 4.730894308943089754e+01 4.971110937075108538e+00
3.783890033752419058e+00 1.812352582976840126e-03 4.541025641025640880e+01 3.836083683032778691e+00
3.790205950757557840e+00 1.839564216382759279e-03 4.462500000000000000e+01 2.733513895023347740e+00
3.796547481197723339e+00 1.823144808823023381e-03 4.393269230769230660e+01 2.675496967605950349e+00
3.802839460639445335e+00 1.822115437231795494e-03 4.486597938144329589e+01 2.739786490552970744e+00
3.809162628389719529e+00 1.835235423465040759e-03 4.623076923076923350e+01 3.060533271396577604e+00
3.815477698903783743e+00 1.813833779597889004e-03 4.850602409638554491e+01 3.541922784679082170e+00
3.821777178949230969e+00 1.830898415393102585e-03 5.281818181818182012e+01 3.925065517316904895e+00
3.828076951026545771e+00 1.795694771849016581e-03 5.875362318840579690e+01 3.843996292717345664e+00
3.834316772867639944e+00 1.791896653628349866e-03 6.670967741935483275e+01 3.770607615464951934e+00
3.840583618544390898e+00 1.820001018717854217e-03 7.439285714285713880e+01 5.567363443703466253e+00
3.846911872181034475e+00 1.824281646184678762e-03 8.059183673469387088e+01 5.915094098357170260e+00
3.853313008086272973e+00 1.880829953221405115e-03 8.558139534883720501e+01 5.656949855334169719e+00
3.859656947796285653e+00 1.787945514535103963e-03 8.647058823529411598e+01 5.107495001496468845e+00
3.865825284683709118e+00 1.773175751446867720e-03 8.662962962962963331e+01 5.259650481015034629e+00
3.872064552013789740e+00 1.858490478498285668e-03 8.219047619047618980e+01 6.060915267313265353e+00
3.878243048288448236e+00 1.738115315901965106e-03 7.092307692307691980e+01 4.672720784149982265e+00
3.884441558101385361e+00 1.990091083924331716e-03 6.157142857142856940e+01 4.460712855998855808e+00
