# q qerr I(q) I(q)err
6.111313073595031620e-02 3.154100855865873791e-03 3.610000000000000000e+02 9.951745821611362430e+01
6.800242608866982619e-02 2.110752812487300123e-03 6.521666666666666288e+02 1.430833090661986660e+02
7.478812129850326285e-02 1.894856213165734514e-03 7.754444444444444571e+02 2.319347769109685373e+02
8.081736842982174818e-02 1.577734731020807597e-03 8.286666666666666288e+02 2.286201766799798349e+02
8.706192866790804508e-02 2.018057842609979804e-03 8.935384615384615472e+02 2.094055265655923677e+02
9.311361532868518698e-02 1.734318039620741251e-03 8.743333333333333712e+02 1.918612780109628773e+02
9.924832822165428892e-02 1.939409616079583844e-03 8.382500000000000000e+02 2.263196370733215872e+02
1.056867454532435108e-01 2.068262530006435406e-03 7.889583333333333712e+02 2.594182527524058628e+02
1.120935416356093062e-01 1.699923986068800717e-03 7.148461538461538112e+02 2.381048759531452959e+02
1.177168722532570266e-01 1.903764278506084144e-03 7.315625000000000000e+02 2.495684674029854477e+02
1.242406998858587575e-01 2.007415885574503726e-03 7.377857142857143344e+02 2.095187086770875453e+02
1.307844605212421796e-01 1.948859987027574741e-03 7.526071428571428896e+02 1.818261812943384541e+02
1.372938405551752672e-01 1.976444694498947011e-03 7.412258064516129252e+02 1.773158877186727693e+02
1.433626874055373979e-01 1.479129257371093872e-03 7.057999999999999545e+02 1.638303756938865092e+02
1.497414395840910573e-01 2.132896554945924294e-03 7.234864864864864558e+02 1.485492665323191659e+02
1.562016171858009728e-01 1.470810848565314282e-03 7.026296296296296759e+02 1.415042108948006785e+02
1.620883487451751925e-01 1.817360580555445800e-03 7.066969696969697452e+02 1.353099322953706007e+02
1.684939590642719198e-01 1.975568076388520972e-03 6.957837837837837469e+02 1.320167939822536880e+02
1.749358117034872373e-01 1.810730169671130639e-03 6.970857142857142890e+02 1.225432668280797657e+02
1.813634234827302405e-01 1.982290824745188643e-03 6.960975609756097811e+02 1.219409800579345386e+02
1.877608813777307539e-01 1.710969833005861022e-03 6.935675675675676075e+02 1.238814438309432546e+02
1.936838392192468117e-01 1.708352888559126238e-03 6.923947368421053170e+02 1.200451092500133683e+02
1.998200724089964908e-01 1.901042836663710675e-03 6.999534883720930338e+02 1.180984867344040055e+02
2.064988844748374130e-01 2.083185659227047067e-03 6.900000000000000000e+02 1.434591986129389340e+02
2.131062600015138364e-01 1.923054290541973939e-03 7.050638297872339990e+02 1.222914092371191259e+02
2.193208008558340527e-01 1.649587748772136844e-03 7.023255813953488769e+02 1.245352072607787619e+02
2.255197753110727010e-01 1.943898002345461392e-03 7.078627450980392268e+02 1.147628331890773978e+02
2.319084130262620835e-01 1.853433278599466881e-03 7.108200000000000500e+02 1.110155124295699522e+02
2.380456302514551703e-01 1.717913041466973250e-03 7.162708333333333712e+02 1.087966135732174280e+02
2.441826744061198484e-01 1.910984005326162374e-03 7.228909090909090764e+02 1.028133557262988944e+02
2.508567628905887248e-01 1.865639566994751813e-03 7.310806451612903629e+02 1.082276332714431248e+02
2.571616352083493928e-01 2.042758540577210586e-03 7.383536585365853853e+02 1.652391872245988793e+02
2.636090936505812721e-01 1.759536909171210452e-03 7.637402597402597166e+02 1.740158428917659421e+02
2.696276322290375727e-01 1.767913466712890637e-03 7.646250000000000000e+02 1.621578465184463482e+02
2.756934411426098519e-01 1.847457432374286813e-03 7.646904761904761472e+02 1.416542841727344069e+02
2.820483295007140123e-01 1.942127748479487680e-03 7.582584269662921770e+02 1.327420119523370943e+02
2.885873542857223528e-01 1.999902870285049771e-03 7.644315789473683935e+02 1.206614985399937012e+02
2.950059364807982032e-01 1.753155416080761590e-03 7.643139534883721353e+02 1.177254806945349657e+02
3.012776628394395750e-01 1.916275679195857595e-03 7.631368421052632129e+02 1.092683012682537651e+02
3.076468654533095481e-01 1.858480647863890167e-03 7.634408602150538172e+02 1.054154283453842140e+02
3.139397285054469910e-01 1.849733180513128640e-03 7.664361702127660010e+02 9.983558575421986347e+01
3.202097007249891103e-01 1.889977811219999311e-03 7.649591836734693970e+02 1.011232222627407538e+02
3.264390569218261762e-01 1.757358001834326191e-03 7.689569892473118671e+02 9.688097036454958300e+01
3.326951465344144543e-01 1.930481388006281569e-03 7.723557692307692832e+02 8.971312143050612065e+01
3.390239669727912464e-01 1.785238221274862988e-03 7.732244897959183163e+02 8.888287900804078845e+01
3.452290355408559885e-01 1.822729964848564038e-03 7.799313725490195566e+02 8.557673147763944144e+01
3.515217579766085620e-01 1.894166946962649433e-03 7.868857142857142435e+02 8.067073076848311075e+01
3.581115149106128270e-01 1.984833837990382030e-03 7.952212389380531476e+02 7.832791804785999545e+01
3.646365217867122976e-01 1.807385512883236643e-03 8.018878504672896952e+02 7.819640633137106533e+01
3.707522342694583029e-01 1.646676631311451595e-03 8.065399999999999636e+02 7.833730784243225287e+01
3.768404479121448269e-01 1.835047814059704218e-03 8.131981981981981562e+02 7.466241368022534175e+01
3.831651369708888866e-01 1.834489868729198949e-03 8.122702702702703164e+02 7.411594047228673787e+01
3.894643253735652899e-01 1.853753096359237081e-03 8.116725663716814552e+02 7.085998643230843186e+01
3.958807651630259494e-01 1.912159574900255954e-03 8.063833333333333258e+02 6.968170192621110459e+01
4.022473572087105209e-01 1.746533598099251966e-03 8.072072072072072615e+02 6.784557461594633310e+01
4.083991683103055381e-01 1.862831917861469243e-03 8.105462184873949809e+02 6.633477876718073674e+01
4.147868792651558945e-01 1.850918924272050396e-03 8.159008264462810303e+02 6.507089018869169195e+01
4.211381020132339281e-01 1.813003092898375071e-03 8.234049586776859542e+02 6.184829226471612174e+01
4.273404438934948479e-01 1.765577699919095717e-03 8.291344537815126614e+02 5.909606075350676946e+01
4.337195733954657406e-01 1.911235613422362228e-03 8.353538461538461206e+02 5.655202349117796956e+01
4.400834723796714920e-01 1.795304431444431784e-03 8.377096774193548754e+02 5.628493596557895984e+01
4.463380503116383125e-01 1.781136916513354146e-03 8.366507936507936165e+02 5.562853596496533726e+01
4.525475293404462862e-01 1.782735370135076804e-03 8.348661417322834950e+02 5.306923056429653940e+01
4.588781844142776345e-01 1.863542184770878652e-03 8.247835820895522829e+02 5.240510310848642916e+01
4.652813857520213814e-01 1.809454061223974295e-03 8.164661654135338722e+02 4.834148298061635529e+01
4.715886271752884884e-01 1.786725641485754782e-03 8.050522388059702052e+02 4.623429031841513392e+01
4.778700308571910971e-01 1.749120838384908864e-03 7.974586466165413867e+02 4.411267879077172438e+01
4.841075358786299798e-01 1.812598873705853009e-03 7.890652173913043725e+02 4.322652485645498643e+01
4.904685449060671165e-01 1.813034819841214708e-03 7.828857142857142435e+02 4.450064663598057990e+01
4.967988078032400945e-01 1.775169993053363985e-03 7.834184397163120366e+02 4.083036438734313833e+01
5.030461340587593089e-01 1.710738770771227935e-03 7.807028985507246261e+02 4.008989190422255433e+01
5.093789740337634209e-01 1.844995629980458740e-03 7.777919463087248459e+02 3.831714550270803699e+01
5.157895609665918979e-01 1.772173611217854692e-03 7.763630136986300840e+02 3.763724868095064835e+01
5.220653538623039047e-01 1.710912446064493482e-03 7.740909090909091219e+02 3.677391796632186072e+01
5.282420832211931483e-01 1.776221308977217429e-03 7.729594594594594810e+02 3.592528999076249363e+01
5.345849814872509764e-01 1.797460663252185451e-03 7.733289473684210407e+02 3.586587602470335412e+01
5.409400198384390901e-01 1.769240412124692928e-03 7.745098039215686185e+02 3.577459801850856991e+01
5.471612929737256215e-01 1.671871176479489780e-03 7.754729729729730252e+02 3.678226335797695157e+01
5.535187503546902255e-01 1.843477994232445120e-03 7.792160493827160508e+02 3.653736919457143983e+01
5.599303633336802921e-01 1.774845713676194252e-03 7.836624203821655783e+02 4.118335347186737039e+01
5.661980099607780703e-01 1.715649351238413218e-03 7.938701298701298583e+02 3.160668110442530221e+01
5.724333289920446877e-01 1.764199560704661452e-03 8.024562499999999545e+02 3.253768488230224420e+01
5.786575496797814466e-01 1.687338640378493104e-03 8.121038961038960906e+02 3.351704756765157356e+01
5.849918082512260975e-01 1.882166412490617838e-03 8.240581395348837077e+02 3.277242501762671623e+01
5.913559560974818163e-01 1.673563701773732749e-03 8.377133757961782976e+02 3.418307914619162347e+01
5.976003341774964728e-01 1.789272139650604403e-03 8.525384615384615472e+02 3.348854246012773928e+01
6.039710484280985670e-01 1.760471037718898532e-03 8.653869047619048160e+02 3.495075090269352103e+01
6.103455122609070527e-01 1.778153705054047679e-03 8.740818713450291852e+02 3.496505654752226633e+01
6.165941547084902163e-01 1.709282904712068618e-03 8.747604790419161418e+02 3.530679733377660057e+01
6.227886440901039267e-01 1.708031916550016484e-03 8.703630952380951840e+02 3.426135667518858696e+01
6.292222757675741684e-01 1.895555695838723603e-03 8.564278074866309680e+02 3.322602896999990918e+01
6.355837393651907474e-01 1.609918394456906487e-03 8.397454545454545496e+02 3.534617158519473179e+01
6.417201133152361514e-01 1.735489606861494215e-03 8.211348314606741496e+02 3.533132891183728219e+01
6.480234646877054416e-01 1.746502386866512820e-03 8.009943820224718820e+02 3.607108998051313620e+01
6.543745591304535036e-01 1.808595843625667669e-03 7.824239130434782510e+02 3.704795355315015826e+01
6.607410482875138991e-01 1.776914150084337417e-03 7.666141304347826235e+02 3.966875189776775557e+01
6.669765730033264672e-01 1.670208017253243388e-03 7.531875000000000000e+02 4.220916531233041269e+01
6.731673103258457580e-01 1.796482171393593615e-03 7.424042553191488878e+02 4.165267231414946281e+01
6.795850853652600776e-01 1.822834825668488831e-03 7.336910994764398311e+02 4.285495236543739139e+01
6.858902177354958551e-01 1.747430487391250960e-03 7.278763440860215042e+02 4.488899284687504831e+01
6.921278880332987216e-01 1.765781770802452586e-03 7.248306878306877934e+02 4.677014676087652845e+01
6.985070946107704293e-01 1.847715388967816497e-03 7.199444444444444571e+02 4.888826331096542788e+01
7.048037128132643714e-01 1.757666077632949074e-03 7.190264550264549825e+02 5.266203989019287235e+01
7.109847861020758275e-01 1.767854622430342420e-03 7.170781250000000000e+02 5.410045181621637056e+01
7.172345948602801835e-01 1.822657136245004524e-03 7.144545454545454959e+02 5.480164164090440693e+01
7.236608500653414211e-01 1.906739358311473767e-03 7.109073170731707023e+02 5.731530874295124534e+01
7.299519259881649402e-01 1.814756391122580772e-03 7.096020408163265074e+02 6.293479623925039590e+01
7.362298620906445601e-01 1.872001608046580190e-03 7.087549019607843093e+02 6.873187818204434052e+01
7.427109241448597299e-01 1.961252361706546793e-03 7.028177570093457689e+02 6.947717672316794335e+01
7.489749171607754663e-01 1.795506848231544564e-03 7.025179487179486841e+02 7.368690539233202230e+01
7.553119902396251417e-01 1.968290517240121971e-03 7.006118721461186851e+02 7.630659800806367343e+01
7.617428847945948434e-01 1.878647625832918257e-03 6.997632850241545839e+02 8.517220873800435754e+01
7.679897535333021219e-01 1.889655825210407886e-03 6.999043062200956911e+02 8.402010440748171050e+01
7.742716946001383382e-01 1.890740870187222538e-03 7.014788732394366662e+02 9.505660862951447143e+01
7.806130493972306406e-01 1.874127862848933099e-03 7.025000000000000000e+02 1.001400787764743541e+02
7.869955317179381238e-01 1.962138593108325030e-03 7.003616071428571104e+02 1.080982950388493578e+02
7.933337815560531636e-01 1.823456314192357453e-03 7.037285714285713993e+02 1.162817034525343871e+02
7.995722808394026826e-01 1.873920736445982161e-03 7.031176470588235361e+02 1.241210921440775508e+02
8.059029702364099990e-01 1.855844282913126459e-03 7.142694063926940089e+02 1.395974541254494738e+02
8.122482529694946551e-01 1.899897789708842157e-03 7.125859030837004866e+02 1.477015335028309551e+02
8.185971333973350861e-01 1.831057107996742058e-03 7.245650224215246453e+02 1.694008086050409361e+02
8.248840800988579414e-01 1.805078930334647752e-03 7.303094170403587668e+02 1.875861770228564467e+02
8.311527541867054225e-01 1.843524136775542745e-03 7.407117903930130751e+02 2.129361559396608072e+02
8.375116084758876811e-01 1.829773299230467044e-03 7.593043478260869961e+02 2.491273988736791409e+02
8.438261475186588090e-01 1.817550564165925373e-03 7.733232758620689538e+02 2.867136778966849988e+02
8.500843452560248314e-01 1.755513946144033992e-03 8.139469026548672446e+02 3.568579903327260467e+02
8.563647400134730692e-01 1.844487251387733453e-03 8.404896265560165602e+02 4.344569592426973372e+02
8.626696591174244366e-01 1.710203360544058351e-03 9.250614035087719458e+02 5.880283894930583983e+02
8.689830853488446083e-01 1.844123492424595270e-03 1.037601626016260070e+03 8.239010284733313938e+02
8.753179752476163422e-01 1.741457950302257533e-03 1.244387234042553246e+03 1.235871277034841341e+03
8.815756228481118617e-01 1.752464905610253906e-03 1.540887966804979214e+03 1.828608893369220368e+03
8.877944678552249780e-01 1.716242394594354789e-03 2.018308016877637101e+03 2.678018190683552348e+03
8.941407927930166144e-01 1.839522330085644050e-03 2.324300395256917000e+03 3.427021367376045873e+03
9.005003621585947471e-01 1.752218829319661820e-03 2.742351020408163095e+03 4.212963594141819158e+03
9.067627482844141662e-01 1.720498064613873055e-03 3.112782786885245969e+03 4.779428584179547215e+03
9.130278025298368405e-01 1.789374596252915357e-03 3.043507936507936392e+03 4.853516153220433807e+03
9.193563827426239898e-01 1.786117629316656989e-03 3.074039682539682417e+03 4.788827230608188984e+03
9.256709965929463824e-01 1.773964252230773864e-03 2.799768627450980603e+03 4.392459142005401191e+03
9.319487846442510159e-01 1.740175819907428248e-03 2.559943999999999960e+03 3.899365954182810128e+03
9.382375230166524194e-01 1.835219923763222079e-03 2.196507633587786131e+03 3.205485380825879929e+03
9.445114335627492475e-01 1.754301698834087597e-03 1.849237154150197739e+03 2.515918467520183640e+03
9.507739483173833772e-01 1.796477233495237351e-03 1.494455938697318061e+03 1.828912483005992044e+03
9.571000001339345920e-01 1.844157663989784944e-03 1.231320754716981128e+03 1.274730238656663460e+03
9.634651872700409347e-01 1.860525514413665987e-03 1.043571428571428669e+03 8.772620528965120457e+02
9.697902983397413967e-01 1.869026222830578836e-03 1.008943609022556416e+03 6.662489123063652414e+02
9.761731987705594138e-01 1.898719003246270758e-03 1.061391143911439030e+03 5.636435237643649998e+02
9.824546988499620603e-01 1.850375251942234242e-03 1.369060377358490541e+03 7.012626619967124952e+02
9.887603507672997338e-01 1.885371791598095068e-03 1.912051470588235361e+03 1.008066340842708428e+03
9.951547945742836854e-01 1.923480157877882840e-03 2.526537366548042883e+03 1.393613264227698664e+03
1.001497743307979915e+00 1.816985016266823736e-03 3.085430711610486924e+03 1.776050469239030917e+03
1.007730073445106012e+00 1.872875193246743668e-03 3.334471223021582773e+03 1.936291238852848664e+03
1.014110590476311025e+00 1.881534321868284657e-03 3.350216312056737479e+03 1.908127582845517054e+03
1.020442888611849064e+00 1.823625195420996601e-03 3.370673835125448022e+03 1.883002622017897920e+03
1.026691701700078063e+00 1.782759485576686145e-03 3.267344202898550520e+03 1.776095950336147325e+03
1.033057845114525142e+00 1.884320384582664851e-03 2.985010204081632764e+03 1.557375299361023281e+03
1.039437792018165441e+00 1.793463056649077922e-03 2.720540636042402639e+03 1.418210878107362305e+03
1.045681248368910410e+00 1.745618337461533540e-03 2.277797872340425329e+03 1.157680686503330435e+03
1.051944871571292683e+00 1.801987856022948175e-03 1.779058620689655072e+03 8.820623972417278083e+02
1.058324809813473877e+00 1.829265674919061668e-03 1.267622895622895612e+03 5.807411883989702801e+02
1.064596602572098316e+00 1.714864743882408334e-03 8.914049295774648272e+02 3.360632791583911398e+02
1.070868750588993112e+00 1.792957436204007347e-03 6.854175084175084294e+02 1.777389760035486859e+02
1.077195490251847465e+00 1.798916779777443367e-03 5.948528428093645744e+02 9.940304057054949283e+01
1.083505800573759448e+00 1.740543057611223946e-03 5.599180887372014013e+02 6.820181736237296377e+01
1.089676915900379850e+00 1.748165881083384946e-03 5.408741496598639742e+02 5.301364275979835128e+01
1.096052400832523421e+00 1.863573573199493825e-03 5.281469648562300563e+02 4.512338025843351375e+01
1.102364289960501065e+00 1.744372504095847640e-03 5.194576271186440408e+02 4.111301818514264284e+01
1.108625070827478076e+00 1.829094711995288541e-03 5.098827361563517684e+02 3.578289863399506032e+01
1.114924075445366869e+00 1.842999932655674591e-03 4.876883116883116713e+02 4.126379211512219314e+01
1.121282665432693726e+00 1.762017027877181303e-03 4.886755725190839712e+02 3.801125281542121570e+01
1.127553932619258736e+00 1.851826979229859085e-03 4.855464684014870045e+02 3.663809825735939540e+01
1.133905639228342421e+00 1.803927404845938115e-03 4.789647058823529164e+02 3.628912477177245677e+01
1.140144523104706709e+00 1.820967272376473748e-03 4.732992125984251857e+02 3.948769164632928153e+01
1.146455214771981312e+00 1.831860927088285957e-03 4.695019920318725326e+02 3.787609548971330042e+01
1.152869066430118439e+00 1.902391342003174283e-03 4.682548262548262414e+02 3.732935103922122266e+01
1.159252377890596986e+00 1.791659613503928782e-03 4.625767634854771586e+02 3.689333096741721363e+01
1.165575291556828930e+00 1.872439892399787795e-03 4.622390438247011843e+02 3.597309178160890042e+01
1.171828433925186763e+00 1.747387590499659572e-03 4.556406926406926345e+02 3.896456477552904829e+01
1.178029580193284076e+00 1.845903894892485285e-03 4.540082304526749226e+02 3.645223447511262549e+01
1.184400904434957269e+00 1.829516060217846983e-03 4.492761506276150385e+02 3.692676514587938641e+01
1.190737654720273042e+00 1.816225366119703435e-03 4.475696202531645440e+02 3.804170878278529955e+01
1.196977477342464180e+00 1.780548390738201196e-03 4.433100436681222618e+02 3.748864730299024473e+01
1.203312963818603976e+00 1.874247930763579166e-03 4.410578512396694464e+02 3.701999950517502214e+01
1.209645773529357093e+00 1.750259837788138012e-03 4.350176991150442518e+02 3.818416868948860809e+01
1.215952225700388523e+00 1.837678281197498587e-03 4.334067796610169694e+02 3.626400114953867870e+01
1.222254898926581568e+00 1.775628514659025698e-03 4.155505617977528345e+02 4.727937598122740326e+01
1.228537298751265050e+00 1.780223345631782141e-03 4.250036231884058111e+02 3.829008272102070976e+01
1.234759587745337228e+00 1.795376270296014523e-03 4.233476702508960443e+02 3.735399887216395598e+01
1.241110555825225781e+00 1.895169703334604900e-03 4.229798657718120580e+02 3.618561669928247682e+01
1.247523323486311897e+00 1.874537877840588536e-03 4.186959459459459367e+02 3.489711379110882916e+01
1.253854431820907944e+00 1.857283623330970761e-03 4.172382550335570386e+02 3.480729896010545588e+01
1.260138295168494293e+00 1.856490137450314505e-03 4.137607973421926886e+02 3.679251956173877147e+01
1.266501421045549414e+00 1.881588491645209797e-03 4.122025723472668801e+02 3.529036379203049023e+01
1.272807251993681055e+00 1.824447191781883651e-03 4.084622950819672269e+02 3.446596223924598235e+01
1.279100636071537789e+00 1.831925956271344968e-03 4.064522292993630685e+02 3.407504997490575249e+01
1.285385940199903265e+00 1.796864974607813087e-03 4.024647435897435912e+02 3.365464101625419602e+01
1.291734086560349049e+00 1.833790085687247952e-03 4.001012269938650547e+02 3.362130134451611951e+01
1.297999116585571544e+00 1.712347548001254965e-03 3.968673139158576078e+02 3.282938276552366830e+01
1.304332283077917598e+00 1.862331657852500611e-03 3.955398230088495666e+02 3.154085014334839343e+01
1.310629912671008812e+00 1.689758514739712848e-03 3.929679487179487296e+02 3.202015828589104274e+01
1.316859893871710430e+00 1.807323329610554348e-03 3.918716417910447944e+02 3.196580973098647860e+01
1.323169508333509325e+00 1.772103529485381237e-03 3.893039513677811669e+02 3.269500342065381204e+01
1.329416719622044551e+00 1.761213072716576004e-03 3.877009063444108961e+02 3.290217536745402072e+01
1.335676763851219473e+00 1.808340606324402439e-03 3.843273809523809632e+02 3.195822773355266477e+01
1.342102166253144047e+00 1.916040745002256648e-03 3.838760563380281496e+02 3.148612135731163164e+01
1.348432554966731090e+00 1.804515701739407276e-03 3.820392749244712718e+02 3.115212303341688838e+01
1.354697325729501189e+00 1.895450207138361931e-03 3.801501416430594986e+02 3.292222755151039593e+01
1.361035554581970564e+00 1.836151892644552735e-03 3.773691860465116292e+02 3.266823552149112686e+01
1.367445372286436589e+00 1.911657172750392099e-03 3.776739726027397523e+02 3.162121174288822090e+01
1.373833054624600258e+00 1.794265400870382644e-03 3.759246376811594246e+02 3.139768131462047052e+01
1.380048052911932777e+00 1.791287036868802413e-03 3.795726495726495955e+02 3.129373156993489502e+01
1.386332670155489666e+00 1.806335848089170130e-03 3.872724719101123583e+02 2.855370667493402337e+01
1.392624520144640332e+00 1.796075039907524609e-03 4.095555555555555429e+02 2.840806049758708340e+01
1.398923000198597277e+00 1.771229759338340285e-03 4.421769662921348072e+02 3.146373104129594367e+01
1.405184482923453881e+00 1.808998902686751115e-03 4.751222826086956275e+02 3.930056351118627589e+01
1.411475199677901360e+00 1.734371386327675756e-03 4.962303370786517007e+02 4.760155739050738077e+01
1.417706081410672780e+00 1.817237095201347432e-03 5.060564516129032313e+02 5.151343574002070369e+01
1.424046144262549829e+00 1.816956160244514703e-03 5.095311653116531261e+02 5.383879940948048670e+01
1.430457268966005335e+00 1.925855730949348329e-03 5.096966580976863952e+02 5.124696748978205108e+01
1.436865665354877475e+00 1.843763745384080412e-03 5.107338709677419502e+02 5.249463329192513328e+01
1.443084111958556903e+00 1.831535442318516687e-03 5.060483870967742064e+02 5.217529328735892591e+01
1.449466238371406979e+00 1.910439897345804971e-03 5.019139240506328861e+02 5.185278546383903375e+01
1.455780432464144347e+00 1.769262236301017126e-03 4.937405405405405645e+02 5.036930726823876370e+01
1.462109939136078340e+00 1.873282905934200038e-03 4.847794486215539109e+02 4.976519732181814248e+01
1.468414112563870999e+00 1.734923018383166060e-03 4.702026666666666870e+02 4.796573221234788775e+01
1.474680891373796765e+00 1.804015195942032307e-03 4.552081218274111620e+02 4.911687455261385793e+01
1.480924591063775386e+00 1.742163032935032654e-03 4.284281984334203912e+02 4.776023132511058122e+01
1.487138550370334267e+00 1.742602934721402272e-03 4.033187660668380659e+02 4.689455961818484298e+01
1.493462591150057195e+00 1.833511633313982111e-03 3.763143564356435604e+02 4.070308424495924982e+01
1.499809278721849770e+00 1.805357266360340307e-03 3.610654911838790895e+02 3.648806308104826712e+01
1.506175762378094918e+00 1.888906516140883814e-03 3.533667481662591854e+02 3.242823012220597434e+01
1.512543466733061504e+00 1.879653113941155348e-03 3.490049019607843093e+02 3.281711783931531556e+01
1.518927121842702510e+00 1.865813122140227640e-03 3.469240196078431495e+02 3.171339052817866033e+01
1.525176469146275027e+00 1.826629940430822378e-03 3.456674937965260597e+02 3.094183736320044886e+01
1.531416651941075235e+00 1.798854978931840659e-03 3.447425742574257583e+02 3.111619752251187876e+01
1.537728221615372926e+00 1.856986876758172280e-03 3.434586288416075490e+02 3.092760113775555553e+01
1.544096010846849332e+00 1.769518617434322075e-03 3.436885644768856309e+02 3.134098724207375852e+01
1.550405005344789089e+00 1.809055686031393537e-03 3.433924349881796729e+02 3.028861360332795627e+01
1.556696834359960313e+00 1.740139413919524446e-03 3.430558252427184698e+02 2.931717958877418084e+01
1.562969221032702194e+00 1.804120915253569534e-03 3.441886792452830264e+02 2.777347274895319629e+01
1.569251838380229191e+00 1.803338776033149233e-03 3.468162291169451237e+02 2.377929876619044691e+01
1.575556094315494926e+00 1.863019847936644557e-03 3.505104895104894922e+02 1.908585151207712372e+01
1.581892448177514066e+00 1.865480693804838323e-03 3.538217592592592382e+02 1.757240953606795841e+01
1.588269483401412163e+00 1.861295980786164313e-03 3.593847926267280855e+02 1.555428463678503803e+01
1.594574325321363339e+00 1.830133252637398044e-03 3.655949074074073906e+02 2.132420072010123491e+01
1.600916934751582588e+00 1.832077894544300927e-03 3.730979498861048000e+02 3.162097160653342343e+01
1.607201343968552854e+00 1.780442356845074459e-03 3.786203703703703809e+02 4.101237282570028242e+01
1.613445462524496721e+00 1.775524639999344866e-03 3.866422018348623624e+02 4.930491223847990057e+01
1.619730849749851931e+00 1.787630240083115185e-03 3.928600451467268613e+02 5.637387654542673943e+01
1.625979803600224649e+00 1.755895091839796123e-03 4.044574712643678254e+02 6.560439466443209255e+01
1.632226613292544926e+00 1.821174808670054370e-03 4.210000000000000000e+02 7.303088433747802810e+01
1.638606704061473573e+00 1.894452323361247963e-03 4.522472885032537988e+02 8.073805501732603318e+01
1.645050487946952522e+00 1.887301666918968484e-03 4.915152173913043612e+02 8.262153641619815403e+01
1.651415996904310735e+00 1.851783837096881687e-03 5.225109649122806559e+02 7.987908153562140967e+01
1.657788871265904573e+00 1.852242853945953917e-03 5.404190064794815953e+02 8.151639424543000700e+01
1.664006124760511351e+00 1.741113674427757210e-03 5.457369614512471117e+02 8.001359329652530050e+01
1.670281873961185770e+00 1.842366346193471905e-03 5.505158562367864761e+02 8.251760843458920647e+01
1.676541801276667298e+00 1.721555322686186195e-03 5.485134529147982221e+02 7.952685099106318489e+01
1.682793682471841024e+00 1.824670227224382997e-03 5.501751054852320522e+02 8.160275603114202170e+01
1.689107465299970467e+00 1.791603935857043455e-03 5.493644251626898267e+02 7.973062213657915720e+01
1.695415952935033443e+00 1.877357617877282179e-03 5.524759916492693037e+02 7.832540055045738825e+01
1.701806617780016628e+00 1.875253898477295287e-03 5.660709812108559618e+02 8.081430113858458242e+01
1.708145235544118012e+00 1.851238026496159058e-03 5.942063157894737060e+02 8.311369495574524535e+01
1.714469347376187613e+00 1.845626368464784459e-03 6.311387163561076932e+02 8.475897925670597033e+01
1.720739519194126599e+00 1.771881702320935673e-03 6.526239316239316395e+02 8.720543134570864652e+01
1.726990948287859817e+00 1.820993782645452704e-03 6.578714285714286234e+02 8.782797159648049501e+01
1.733361150263370787e+00 1.784216608021570085e-03 6.526942148760330156e+02 9.655766741381955853e+01
1.739571674833123582e+00 1.760427731239605715e-03 6.478532494758909479e+02 1.856417029880052496e+02
1.745887440247851030e+00 1.853392121839796862e-03 6.280060120240481183e+02 2.725947353773781288e+02
1.752250177420427102e+00 1.860925844240075020e-03 6.014352226720648105e+02 1.808170439009479367e+02
1.758607387389414800e+00 1.864192030273802104e-03 5.800339999999999918e+02 1.080266120546229018e+02
1.764972322429467777e+00 1.851098948525789619e-03 5.790620000000000118e+02 1.086180844979324860e+02
1.771273520234028620e+00 1.808016239517707931e-03 5.798568548387096371e+02 1.141140902423159105e+02
1.777586992161852564e+00 1.807004964737956481e-03 5.793326732673267543e+02 1.182946434143299683e+02
1.783840233931820451e+00 1.746107465683986813e-03 5.758228105906313203e+02 1.253217074618955280e+02
1.790071520275328565e+00 1.795583184790444783e-03 5.738976377952756138e+02 1.309633639851443547e+02
1.796393698957722052e+00 1.819993601147859141e-03 5.660138339920948738e+02 1.375811863588664323e+02
1.802712928873270393e+00 1.883216042231023422e-03 5.565095785440613554e+02 1.433146269648709676e+02
1.809114577024696358e+00 1.850157529878445435e-03 5.369127906976743816e+02 1.528565344776076813e+02
1.815345782948464493e+00 1.803540499391122600e-03 5.086640316205533736e+02 1.571153471532340404e+02
1.821700705453981772e+00 1.863872113208649628e-03 4.832798507462686644e+02 1.632446960478623623e+02
1.828034416566336029e+00 1.759461126105644731e-03 4.654566929133858366e+02 1.684535117997581892e+02
1.834289862490237510e+00 1.817049905439401892e-03 4.616177024482109346e+02 1.766171288147643850e+02
1.840620947190598100e+00 1.780340576699249600e-03 4.578019230769230603e+02 1.774800443820266196e+02
1.846876290479544158e+00 1.833628160635640113e-03 4.612797731568998074e+02 1.856110629226957371e+02
1.853225331533147280e+00 1.864396810776891523e-03 4.542666666666666515e+02 1.848650251693494511e+02
1.859586416204100923e+00 1.843230203276794224e-03 4.567644859813084395e+02 1.944011321152741232e+02
1.865884580336470755e+00 1.827085395033201023e-03 4.537970204841712984e+02 1.964901742808682741e+02
1.872200528994375501e+00 1.799198018262535481e-03 4.551351851851852075e+02 2.009257476019006958e+02
1.878453452628845000e+00 1.760356359008985331e-03 4.505254237288135641e+02 2.035387724424726912e+02
1.884712324747962020e+00 1.805687576808031941e-03 4.502116788321167746e+02 2.040168952183903741e+02
1.891113706724730337e+00 1.861939656346446982e-03 4.456492805755395921e+02 2.023513321352086223e+02
1.897400945427566432e+00 1.833350088909791505e-03 4.422242647058823763e+02 2.039399911016330407e+02
1.903772875545957088e+00 1.875180743362649160e-03 4.397341549295774712e+02 2.015673994831946345e+02
1.910018917854334752e+00 1.739883276586547947e-03 4.371020793950850702e+02 2.021044648826562593e+02
1.916236012056648175e+00 1.833205283437960029e-03 4.389438596491228282e+02 1.958410165601501660e+02
1.922638163561010805e+00 1.793373418488206777e-03 4.385375000000000227e+02 1.963611912031353484e+02
1.928888348891847349e+00 1.792288115248428593e-03 4.395071942446043067e+02 1.963929243037482877e+02
1.935240631371640818e+00 1.865766417879262265e-03 4.400986159169549978e+02 1.884073729883778867e+02
1.941608872090050619e+00 1.856644915843207438e-03 4.412917398945518244e+02 1.860109265216524079e+02
1.947917338414854704e+00 1.837601359788319485e-03 4.586304728546409706e+02 1.849608642291697720e+02
1.954236834815996637e+00 1.805754229573221887e-03 4.948793706293706123e+02 1.779747642397536538e+02
1.960488135501994522e+00 1.772905664188001006e-03 5.566672566371681796e+02 1.775010213681416928e+02
1.966755922696415082e+00 1.810201296061439468e-03 6.470533562822719205e+02 1.817880231722284350e+02
1.973091583736556354e+00 1.814240900008777741e-03 7.496896551724138362e+02 1.865128350376169521e+02
1.979420480567132490e+00 1.865397302840512408e-03 8.792665534804754088e+02 1.928521800697415927e+02
1.985762243830389018e+00 1.849873766110382307e-03 1.013310169491525471e+03 1.997950625827923830e+02
1.992143605840229093e+00 1.840662096304069391e-03 1.101705192629815656e+03 2.053459548445359246e+02
1.998372952698491245e+00 1.738412627792555948e-03 1.147072056239015865e+03 2.136940108184289784e+02
2.004614638405731508e+00 1.821010887715033720e-03 1.166301324503311207e+03 2.182233934240888686e+02
2.010981699228176822e+00 1.807963355431743604e-03 1.174888888888888914e+03 2.198444413132980912e+02
2.017216781415232862e+00 1.822968187424302972e-03 1.197364249578414729e+03 2.300018428195866136e+02
2.023555507756473748e+00 1.866836436713831520e-03 1.182170731707317145e+03 2.183521629461361044e+02
2.029945947492921121e+00 1.842053164818473936e-03 1.173560855263157919e+03 2.144971602575893428e+02
2.036236367431154548e+00 1.802040352124230577e-03 1.160335537190082732e+03 2.079905084511421762e+02
2.042538823796997693e+00 1.786279422623429517e-03 1.147359605911329936e+03 2.068066515920402537e+02
2.048720173306640469e+00 1.747373060808409071e-03 1.126132203389830465e+03 2.039677351534437832e+02
2.055017041239767028e+00 1.892889576395914968e-03 1.102987480438184775e+03 2.089652833643047245e+02
2.061465280497128294e+00 1.850343878148330047e-03 1.050198717948718013e+03 1.988073798710037465e+02
2.067778354784032935e+00 1.826644103880053095e-03 9.809790660225443162e+02 1.915406967134208855e+02
2.074107962816127415e+00 1.810449409964311413e-03 9.166190476190475920e+02 1.915837385421104102e+02
2.080392027050733006e+00 1.757304311173108879e-03 8.370228013029316116e+02 1.918407944018036062e+02
2.086560915145909245e+00 1.789004268885935290e-03 7.439659643435981025e+02 1.832937800567183615e+02
2.092907509218693285e+00 1.897916204239676529e-03 6.596631097560975832e+02 1.802061582383385883e+02
2.099341076602548206e+00 1.841856996552926774e-03 5.541703125000000227e+02 1.704515263125139199e+02
2.105598503643897335e+00 1.780460926307301031e-03 4.575734824281150281e+02 1.519216456302641518e+02
2.111872942412509335e+00 1.813036870717739954e-03 4.021666666666666856e+02 1.456974825796285700e+02
2.118179840511383194e+00 1.773074262998883873e-03 3.702062992125984238e+02 1.386577965250028228e+02
2.124489700938873238e+00 1.854176769044688739e-03 3.522813455657492341e+02 1.318181406039996943e+02
2.130866139955553962e+00 1.876679961187130126e-03 3.499258698940998329e+02 1.340995255157986890e+02
2.137196345481136905e+00 1.803165093871285981e-03 3.479241486068111726e+02 1.318219152833221699e+02
2.143477781291089013e+00 1.808033309626025679e-03 3.475755725190839485e+02 1.271196201980117166e+02
2.149749346762158453e+00 1.787076492040512573e-03 3.562181259600614567e+02 1.295351682832916822e+02
2.156014428448592479e+00 1.811767013668930289e-03 3.646529680365296713e+02 1.298831551331308276e+02
2.162388958755252943e+00 1.899773100682969557e-03 3.641722627737226503e+02 1.243901904577880373e+02
2.168776559916051561e+00 1.828625003914755194e-03 3.675825825825825746e+02 1.264429006228848493e+02
2.175079146577416189e+00 1.799027495536281414e-03 3.727492537313432877e+02 1.274325963119596423e+02
2.181358965593887422e+00 1.775037425494343461e-03 3.761159638554216826e+02 1.203761185609491235e+02
2.187625576602315824e+00 1.830837683859201127e-03 3.923254437869822482e+02 1.122486457517090628e+02
2.193923842198696850e+00 1.837507381709080519e-03 4.338722466960352335e+02 1.125726768524614556e+02
2.200310743338333541e+00 1.859271066102410235e-03 4.984060258249641038e+02 1.087861188603415172e+02
2.206637920896229677e+00 1.789161753318371274e-03 5.868592592592592609e+02 1.048325401057352195e+02
2.212855268310565560e+00 1.778695396750237757e-03 6.967776141384389348e+02 1.109726856583296808e+02
2.219155297956861617e+00 1.826812665150635666e-03 7.948733812949640196e+02 1.135027380960588488e+02
2.225534449623195243e+00 1.883537061579874895e-03 8.641988716502115722e+02 1.216880051756267989e+02
2.231816049321749151e+00 1.789850136339156059e-03 9.038267254038179317e+02 1.302741680268960351e+02
2.238124350048766420e+00 1.838516226422660244e-03 9.248547486033519363e+02 1.381607018553232251e+02
2.244461256680506001e+00 1.769483755913013904e-03 9.317655571635310707e+02 1.412034167429415845e+02
2.250672411056880762e+00 1.815340560525242463e-03 9.284347202295551824e+02 1.420827537601080053e+02
2.256976265699253581e+00 1.875232856265233962e-03 9.276312154696132666e+02 1.429605486173543625e+02
2.263404067221236105e+00 1.844596500685106652e-03 9.196363636363636260e+02 1.427459051549899982e+02
2.269740131332425914e+00 1.784620609829179342e-03 9.055756718528996316e+02 1.400270345549840556e+02
2.275928662030326066e+00 1.770462641505800294e-03 8.917521367521367210e+02 1.407749341515480808e+02
2.282234771450446509e+00 1.859120215862977580e-03 8.773224932249322592e+02 1.395873058243394951e+02
2.288651494096741512e+00 1.861574731480084791e-03 8.520407055630936384e+02 1.415872458760348422e+02
2.294929189507614264e+00 1.787386468760323059e-03 8.238918539325842403e+02 1.404860871425617574e+02
2.301123790424945526e+00 1.773889529887621910e-03 7.975930555555555657e+02 1.379676459573711611e+02
2.307427473574251042e+00 1.823767960867003161e-03 7.561596752368064926e+02 1.415457069965169978e+02
2.313824548022820782e+00 1.807223345639351721e-03 7.224502228826152077e+02 1.405037796083576893e+02
2.320154992066300714e+00 1.861695907969135875e-03 6.687751479289941017e+02 1.419999614427875940e+02
2.326479049872378635e+00 1.797363522119922990e-03 6.097334360554699515e+02 1.433570145395019040e+02
2.332811122143054305e+00 1.834923033436536115e-03 5.353708206686929998e+02 1.408583051997105997e+02
2.339146829363451641e+00 1.809933127175767861e-03 4.524427001569858930e+02 1.339965884500694528e+02
2.345346999874724947e+00 1.788822558822959720e-03 3.723295819935691497e+02 1.218513653991433614e+02
2.351591514044208964e+00 1.821961582186779451e-03 3.134299212598425015e+02 1.035402699353975891e+02
2.357940827546205931e+00 1.821480796874143165e-03 2.750648734177215147e+02 9.012067687504678304e+01
2.364269371024037891e+00 1.822839816105960298e-03 2.572724358974359120e+02 8.362238611082274531e+01
2.370575565839220911e+00 1.828742917233826173e-03 2.487266881028938883e+02 8.263054821223596491e+01
2.376891771469677561e+00 1.815523241845057745e-03 2.465080906148867257e+02 8.229738252784551378e+01
2.383240749019818416e+00 1.833462819707767054e-03 2.415578778135048310e+02 8.059626041802822272e+01
2.389601619010945921e+00 1.828185711102788165e-03 2.406368078175895846e+02 7.966749553737268741e+01
2.395961259100775731e+00 1.812604844355751544e-03 2.361001589825119140e+02 7.949335585461687970e+01
2.402160007896914973e+00 1.807533258736503850e-03 2.378582089552238870e+02 7.592684409232647624e+01
2.408453972146052724e+00 1.793232887210479852e-03 2.443084795321637444e+02 7.256116817988127821e+01
2.414771780432101167e+00 1.830638750947721858e-03 2.543256814921090267e+02 7.048967277843937040e+01
2.421058800843912895e+00 1.849123668637423033e-03 2.673465346534653690e+02 7.024108258365698987e+01
2.427397847212681370e+00 1.833909450969152099e-03 2.837375000000000114e+02 7.301610481599246327e+01
2.433701938443864954e+00 1.777285794113256248e-03 2.933811533052039522e+02 7.540475954311308726e+01
2.440001432560962691e+00 1.835928632076300280e-03 2.990642954856361371e+02 7.521852380499827007e+01
2.446276920633820851e+00 1.825543246774167941e-03 2.994841815680880472e+02 7.565609452390587819e+01
2.452612917458465880e+00 1.850886418197054181e-03 3.013435013262599682e+02 7.666949442169129725e+01
2.458937188373468086e+00 1.764090576915684772e-03 3.007136986301370030e+02 7.599969247155091523e+01
2.465235494564519847e+00 1.842465198645606636e-03 3.004280052840158532e+02 7.520214725332151318e+01
2.471581205305689810e+00 1.856761058240425245e-03 2.971052631578947398e+02 7.310317766340622825e+01
2.477865992864338285e+00 1.798850075022648308e-03 2.960013315579227537e+02 7.346556391415661835e+01
2.484122936716935737e+00 1.780971833254360159e-03 2.950686922060766051e+02 7.293584427460565678e+01
2.490467721662181333e+00 1.849468727863495983e-03 2.931877394636015310e+02 7.171438837088666673e+01
2.496849546734450254e+00 1.852734310658727887e-03 2.899527458492975711e+02 7.154726045130726675e+01
2.503105859710241798e+00 1.772860352036017325e-03 2.865554089709762593e+02 7.194667594632737462e+01
2.509322203788900918e+00 1.804578376445024500e-03 2.829371794871794918e+02 7.141782851259415565e+01
2.515643032193938478e+00 1.830400595634155535e-03 2.785226700251889156e+02 6.893497661396371257e+01
2.522012436559997628e+00 1.844427975373299751e-03 2.735856079404466641e+02 6.994678213358882601e+01
2.528376527697731913e+00 1.805263014170996501e-03 2.675452261306532478e+02 6.902551160708542000e+01
2.534662305746367750e+00 1.817191430107880853e-03 2.606952141057934682e+02 6.873087494030673383e+01
2.540923642722284104e+00 1.847774197163838152e-03 2.530853960396039497e+02 6.830602543139433180e+01
2.547222087144660030e+00 1.810867478977307979e-03 2.427066831683168289e+02 6.849322607427652088e+01
2.553540685742163419e+00 1.807658101810726481e-03 2.326279069767441854e+02 6.844330902535435257e+01
2.559925401613222018e+00 1.856915584780679824e-03 2.199413173652694695e+02 6.495321269470197478e+01
2.566280305514876403e+00 1.838802799104265022e-03 2.073486682808716637e+02 6.247944874904653290e+01
2.572544852388987113e+00 1.785952156998167010e-03 2.006368098159509259e+02 6.019662192706382342e+01
2.578799894204640619e+00 1.806472379669163885e-03 1.981209189842805358e+02 5.823737055297478094e+01
2.585123793491197919e+00 1.855120447360665906e-03 1.968343125734430146e+02 5.735094584989091260e+01
2.591472256141813091e+00 1.805120360344933915e-03 1.957699642431466032e+02 5.883597098375208390e+01
2.597744265483155957e+00 1.788819714346394623e-03 1.959184652278177339e+02 5.875405362923115860e+01
2.604038454996993934e+00 1.850630787333012181e-03 1.947785547785547919e+02 5.747502451367006415e+01
2.610374414453144443e+00 1.837105816396599096e-03 1.933736903376018574e+02 5.924285979475666153e+01
2.616634120485421100e+00 1.761050173804210722e-03 1.927720763723150412e+02 5.871331423190867582e+01
2.622940397920966227e+00 1.848634675493098997e-03 1.920091012514220665e+02 5.836351830397348550e+01
2.629323187355575353e+00 1.839581463337864892e-03 1.917876712328767042e+02 5.842645822863284621e+01
2.635681273538560632e+00 1.815290224604702678e-03 1.909037800687285085e+02 5.883339730442325077e+01
2.641934789831782204e+00 1.778405014700361417e-03 1.900586854460093775e+02 5.763008478083659725e+01
2.648176773767660031e+00 1.853093332118325998e-03 1.906595264937993193e+02 5.728387977623624039e+01
2.654514065851063087e+00 1.823524830511773481e-03 1.907898305084745800e+02 5.765368749438894014e+01
2.660817448321032508e+00 1.798052776896779401e-03 1.919169510807736003e+02 5.858291338817673477e+01
2.667123571907564994e+00 1.844852426740933296e-03 1.957488888888888994e+02 5.959695180290290040e+01
2.673472329675100401e+00 1.839448802019330543e-03 1.970376522702104012e+02 6.273938216721008132e+01
2.679761377760365715e+00 1.786299887381436651e-03 2.002748868778280666e+02 6.498272026995151407e+01
2.686129035698236578e+00 1.877272974428747035e-03 2.003616118769883485e+02 7.246576733743019361e+01
2.692300573720700196e+00 1.798376592015874225e-03 2.056902356902356814e+02 6.989959285381630139e+01
2.698561328278970439e+00 1.798779619418457414e-03 2.085849486887115063e+02 6.839318471344002148e+01
2.704947056964875252e+00 1.860594623228957294e-03 2.132573033707865306e+02 6.851483342085153083e+01
2.711339925705444909e+00 1.826229981736538378e-03 2.135972222222222285e+02 6.559128702437065783e+01
2.717643416720191052e+00 1.774618570520191145e-03 2.153269689737470287e+02 6.215439757404588050e+01
2.723934694222051256e+00 1.823763048442502126e-03 2.213022432113341154e+02 6.073053813427995351e+01
2.730274673678132036e+00 1.841398355898408350e-03 2.241664698937426294e+02 5.680303896096194904e+01
2.736591263199737778e+00 1.788312012670147501e-03 2.254390243902439011e+02 5.416192288445216008e+01
2.742885231028380222e+00 1.844652457607765493e-03 2.300515587529976074e+02 5.448310448661354854e+01
2.749161241756704843e+00 1.804773587711254630e-03 2.292702702702702595e+02 5.331287524457622595e+01
2.755398232824302962e+00 1.776157869081165970e-03 2.287695167286245237e+02 5.180436819994147868e+01
2.761751565609168679e+00 1.857903093933079139e-03 2.305065710872162583e+02 5.097099838867666932e+01
2.768124311574730267e+00 1.813883183384283311e-03 2.300515337423312872e+02 4.898703831466452385e+01
2.774423663616722546e+00 1.776295681999270643e-03 2.324881398252184681e+02 4.617018707041978587e+01
2.780754869867226198e+00 1.842436817654598789e-03 2.437466504263093725e+02 4.157503598874456685e+01
2.787077464795406190e+00 1.805278297034774168e-03 2.667387499999999818e+02 4.194590470922042869e+01
2.793346642012575654e+00 1.793644434711254678e-03 3.055485498108449178e+02 5.076225933446112037e+01
2.799634253246212179e+00 1.838111547031318375e-03 3.501364764267989926e+02 5.974475406094934726e+01
2.805924842988945844e+00 1.808245895551135627e-03 3.950328282828282909e+02 6.724452382131735817e+01
2.812167973206011862e+00 1.789098639402584082e-03 4.275780051150895247e+02 7.287306625066477750e+01
2.818496662748549042e+00 1.874446068014908040e-03 4.512493887530562233e+02 7.792613245828401602e+01
2.824858807967614460e+00 1.791571154666717633e-03 4.669299363057324967e+02 8.292366281905795233e+01
2.831150482550185643e+00 1.815112775054883139e-03 4.742101265822784626e+02 8.195913870093988862e+01
2.837475400148095517e+00 1.850316795954077458e-03 4.773026151930261562e+02 8.224389485245838216e+01
2.843805018276897911e+00 1.786824753329564535e-03 4.784082156611039522e+02 8.124015173363486042e+01
2.850131561922547352e+00 1.845583173970813699e-03 4.761997503121098703e+02 7.705800010641313236e+01
2.856484494638581229e+00 1.841115527677602507e-03 4.746948941469489682e+02 7.594371764021285287e+01
2.862782859862781137e+00 1.780809355167121575e-03 4.744846938775510239e+02 7.575378266486916345e+01
2.869068523143336158e+00 1.847699945098150954e-03 4.727214723926380202e+02 7.462342677036187411e+01
2.875378514069953706e+00 1.802909528894259443e-03 4.757702871410736520e+02 7.538900782458541983e+01
2.881671995666307051e+00 1.819305449905813353e-03 4.735254658385093194e+02 7.513016657581361812e+01
2.887980092673573917e+00 1.848812746508326317e-03 4.652904411764706083e+02 7.411993010703335472e+01
2.894292086458025270e+00 1.795011172749967111e-03 4.530150753768843970e+02 7.605399128689370514e+01
2.900588101801901963e+00 1.834444505730529681e-03 4.265686032138442556e+02 8.665430096255369108e+01
2.906894294921833044e+00 1.834235081131648307e-03 4.031771995043370680e+02 9.834865046312880565e+01
2.913143215321425394e+00 1.775388414920497622e-03 3.806338028169014365e+02 1.097758040120393872e+02
2.919469846096636179e+00 1.902110692867622259e-03 3.513309352517985644e+02 1.217481773843443875e+02
2.925831071463227850e+00 1.799019204260941503e-03 3.393248730964467086e+02 1.220800070383257889e+02
2.932125236913744715e+00 1.849572311535908030e-03 3.213325092707045769e+02 1.193665444135642986e+02
2.938426190430696305e+00 1.829943172517629413e-03 3.101435705368289746e+02 1.090815740807932457e+02
2.944698497868602605e+00 1.792371922793937686e-03 3.014543147208121923e+02 9.562849017979338839e+01
2.951032364443879619e+00 1.872648010744969562e-03 2.905655339805825292e+02 8.185741975119951519e+01
2.957349976869245278e+00 1.772646084934545842e-03 2.967902813299232889e+02 6.994322136826502856e+01
2.963641534615172990e+00 1.843499637433317897e-03 3.118629629629629676e+02 6.477154202739986033e+01
2.969974563050315375e+00 1.835483252247156055e-03 3.424372670807453574e+02 6.419270792408515547e+01
2.976261971728969780e+00 1.784595762971840369e-03 3.744770408163265074e+02 6.512388178929060700e+01
2.982555079221103078e+00 1.856376802478345786e-03 3.939069767441860677e+02 6.775258139322740192e+01
2.988860230475899549e+00 1.767956570045068222e-03 4.105236875800255802e+02 6.687823452244471412e+01
2.995178874680174186e+00 1.856934622757372335e-03 4.125757946210268869e+02 6.660024134599576939e+01
3.001496400543723020e+00 1.797819739674591305e-03 4.162484157160963036e+02 6.475796371337945345e+01
3.007822553902104179e+00 1.849516356328991537e-03 4.164690594059405839e+02 6.484459426488015765e+01
3.014155913686516808e+00 1.844070628166239031e-03 4.140931677018633650e+02 6.670074175782121984e+01
3.020427983220980828e+00 1.780401570183770890e-03 4.115217948717948957e+02 6.897193921501376224e+01
3.026726854870708916e+00 1.864734463497724846e-03 4.117298288508557675e+02 1.909262297597554721e+02
3.033042693621903041e+00 1.790509691971886499e-03 4.756823979591836746e+02 1.017506307707150654e+03
3.039417687211595442e+00 1.892848977299335135e-03 4.806413043478260647e+02 1.340928752474716703e+03
3.045771113053035606e+00 1.809002971513908259e-03 3.988415716096324672e+02 4.174934378452933856e+02
3.052089874155329063e+00 1.844438578281415919e-03 3.571476426799007413e+02 9.701404683385598560e+01
3.058386304167925118e+00 1.824217551217444024e-03 3.365463659147869748e+02 1.043569179755574794e+02
3.064635661305841197e+00 1.781811879387494579e-03 3.185679487179486955e+02 1.093570836852225199e+02
3.070942258104439215e+00 1.879278577764203085e-03 2.926193939393939445e+02 1.141382208796191691e+02
3.077306102136554866e+00 1.789896323379901438e-03 2.766543837357052098e+02 1.089503964091578609e+02
3.083610248093582751e+00 1.842323938384468965e-03 2.552017220172201633e+02 1.049086530511550421e+02
3.089899276602742884e+00 1.781295098450355954e-03 2.438509554140127307e+02 9.650774308223442688e+01
3.096219282790054539e+00 1.849962857272845727e-03 2.243872549019607732e+02 8.824775739183735368e+01
3.102516781183005889e+00 1.793151767743564459e-03 2.142141951837769227e+02 7.921563370049983632e+01
3.108846425703184035e+00 1.844538984569745127e-03 1.982398523985239933e+02 6.973640819605599006e+01
3.115155056293756886e+00 1.812510444856532069e-03 1.868908406524466841e+02 5.903286193237200763e+01
3.121484332076036150e+00 1.832521331068808152e-03 1.744652605459057213e+02 4.835701329880634347e+01
3.127777573742708483e+00 1.818133687887086257e-03 1.637842892768079821e+02 3.942892634014863518e+01
3.134074710556275623e+00 1.800750836428910992e-03 1.567969735182850002e+02 3.328673074241806518e+01
3.140350968701055567e+00 1.840082388152106639e-03 1.522081280788177367e+02 3.016681932652594611e+01
3.146669598331559570e+00 1.795769837056059460e-03 1.520252525252525118e+02 2.791607914809224056e+01
3.152959210157879166e+00 1.842768641532451131e-03 1.497558282208588878e+02 2.623102096589254373e+01
3.159264892205651432e+00 1.791857333635609589e-03 1.494481012658227712e+02 2.486690699728458043e+01
3.165581888857809112e+00 1.858342078644047027e-03 1.466334951456310591e+02 2.358433403614676038e+01
3.171905560319084216e+00 1.782720971754531017e-03 1.451685678073510815e+02 2.205764280000954614e+01
3.178180461481988406e+00 1.828434529921516482e-03 1.418218673218673302e+02 2.168024816458237680e+01
3.184506679420991304e+00 1.810619157308176325e-03 1.398268991282689910e+02 2.053308134418384512e+01
3.190846230582273346e+00 1.831490456789015321e-03 1.355268948655256622e+02 1.962208460919844555e+01
3.197132365687451294e+00 1.780884113596707067e-03 1.337708860759493632e+02 1.960642174784084446e+01
3.203454230992797136e+00 1.862619862555806765e-03 1.291314837153196606e+02 1.976288267624956774e+01
3.209790152929830498e+00 1.796864404628749357e-03 1.263194968553459177e+02 2.000783391529139976e+01
3.216105270782768422e+00 1.849581865447865814e-03 1.217779126213592207e+02 2.095476334158553300e+01
3.222383723154825574e+00 1.773184836801974633e-03 1.194263959390862908e+02 2.033445468685313173e+01
3.228652903688512765e+00 1.829814433570467642e-03 1.152204628501826988e+02 2.015912087141005316e+01
3.234977992221026444e+00 1.801123950508762587e-03 1.141504975124378092e+02 1.943316586906675170e+01
3.241301441286830176e+00 1.830570155328411054e-03 1.110145808019441063e+02 1.836853851845548746e+01
3.247581817024004280e+00 1.774748969754167847e-03 1.119178255372945614e+02 1.713261933760299272e+01
3.253885986942128827e+00 1.868811343678552150e-03 1.122646706586826326e+02 1.658499330540197647e+01
3.260235987169183947e+00 1.804603356501592029e-03 1.149650000000000034e+02 1.566995473031111707e+01
3.266546856392692710e+00 1.857627301288636550e-03 1.154555288461538396e+02 1.530223596721533141e+01
3.272886904023045052e+00 1.792569475559808913e-03 1.165150000000000006e+02 1.467081861212933092e+01
3.279153478698136670e+00 1.837211362056317054e-03 1.153818181818181756e+02 1.380400069768572280e+01
3.285516195699416553e+00 1.819318898053023329e-03 1.150319410319410309e+02 1.278292595277984312e+01
3.291677990232397821e+00 1.824817096246810931e-03 1.145688073394495348e+02 1.208584987758236906e+01
3.298068987764390059e+00 1.863784166448585874e-03 1.143849315068493127e+02 1.152027510956715517e+01
3.304430978840338096e+00 1.814787339162488022e-03 1.132107558139534831e+02 1.169225364481774498e+01
3.310737564052387061e+00 1.817945227602999880e-03 1.117886904761904816e+02 1.308419295428736007e+01
3.317033906120231190e+00 1.800198345421728579e-03 1.096533127889060069e+02 1.407894584156414552e+01
3.323313479518194669e+00 1.810036704891648416e-03 1.073636363636363598e+02 1.487191921680663143e+01
3.329645772824664451e+00 1.853775369266378323e-03 1.050889235569422766e+02 1.513429329408565494e+01
3.335990548707715053e+00 1.826590486813650920e-03 1.030240770465489533e+02 1.536854174328734146e+01
3.342268739174953929e+00 1.807641793864574143e-03 1.015464926590538397e+02 1.551778811178779982e+01
3.348554594221377023e+00 1.807536448754866812e-03 9.995065789473683537e+01 1.572128074974795986e+01
3.354810866618635590e+00 1.798386852034845364e-03 9.758626465661642158e+01 1.536045923568228666e+01
3.361143554435736203e+00 1.860575678898459748e-03 9.554918032786885362e+01 1.468670491509587883e+01
3.367505271257411170e+00 1.829077091643749146e-03 9.296790540540540349e+01 1.349958445982766087e+01
3.373804785089639324e+00 1.803149868685275390e-03 9.043674176776430329e+01 1.208049101291648775e+01
3.380079784639911100e+00 1.805631642174917659e-03 8.801581722319859580e+01 1.034508903995826223e+01
3.386416571036835244e+00 1.843579116849991192e-03 8.617429577464788792e+01 8.514684810324032682e+00
3.392732849186819166e+00 1.821713749179523084e-03 8.442831215970961978e+01 7.786318990155602471e+00
3.399077842768783331e+00 1.840157085703132342e-03 8.322101449275362484e+01 7.477533651165058970e+00
3.405368445234043140e+00 1.771416845865005909e-03 8.226145038167939560e+01 7.451553804369339673e+00
3.411642977450664915e+00 1.840004348347408980e-03 8.154887218045112718e+01 6.978926145324658492e+00
3.417946432239648225e+00 1.816648589106147462e-03 8.255728155339805596e+01 7.216165438942664601e+00
3.424268333461439884e+00 1.838339958730071926e-03 8.600000000000000000e+01 8.481177247578051137e+00
3.430601598134079389e+00 1.799761940178920376e-03 9.371142284569138781e+01 1.037649535908558818e+01
3.436922606236269218e+00 1.844213366763177700e-03 1.037980000000000018e+02 1.123320043442651262e+01
3.443269856433799347e+00 1.834668830692703879e-03 1.122719836400817996e+02 1.087116391308548913e+01
3.449516618902171317e+00 1.769622948488585408e-03 1.183012820512820582e+02 9.646178610181911139e+00
3.455771942280530862e+00 1.817195070858158281e-03 1.202473572938689159e+02 8.841128489514213484e+00
3.462154010515302804e+00 1.866018191136946868e-03 1.208628691983122394e+02 8.618612643390566319e+00
3.468478914699885340e+00 1.799468636805881495e-03 1.202971175166297115e+02 8.716078799888856921e+00
3.474737530089159865e+00 1.798535080277152308e-03 1.197757847533632258e+02 9.752239510545926748e+00
3.481027808853469629e+00 1.828779808500339806e-03 1.198642533936651517e+02 1.129446661631657811e+01
3.487370903609774420e+00 1.855504762412056021e-03 1.170927601809954695e+02 1.304467520158482330e+01
3.493710577164840458e+00 1.791815171782784382e-03 1.134373522458628827e+02 1.549113428953046068e+01
3.499981309375833849e+00 1.817721919481020843e-03 1.100023866348448678e+02 1.816833249060741196e+01
3.506294281862427642e+00 1.840208171226962808e-03 1.044244604316546798e+02 2.111316402999283071e+01
3.512643170548069183e+00 1.819719049123772565e-03 9.920147420147419837e+01 2.260105238736495181e+01
3.518887929185086527e+00 1.780316295825717758e-03 9.597948717948717956e+01 2.381282865764796597e+01
3.525201780775713889e+00 1.871585280235478531e-03 9.143424317617865427e+01 2.306891400280572313e+01
3.531587235286628879e+00 1.812415240060859375e-03 8.572656250000000000e+01 2.005617213453514935e+01
3.537791204901774123e+00 1.765649031450039182e-03 8.097547683923706074e+01 1.540920093591351225e+01
3.544104483213670331e+00 1.881636984785636617e-03 7.710677083333332860e+01 1.075965278427674399e+01
3.550526160049383151e+00 1.823753900979235669e-03 7.572950819672131217e+01 7.247375786548823307e+00
3.556826252644191833e+00 1.805941154371571225e-03 7.725070422535210923e+01 5.793619129228342324e+00
3.563110991539715666e+00 1.831382697511484874e-03 8.052272727272726627e+01 5.108020906637384506e+00
3.569418747584309326e+00 1.819035597463529485e-03 8.401162790697674154e+01 5.070997423870806209e+00
3.575721219182565580e+00 1.815191134896390569e-03 8.810089020771513901e+01 5.479573783795916420e+00
3.582041784633743120e+00 1.836067019019354488e-03 9.227027027027027373e+01 5.163380514369823260e+00
3.588351193306853926e+00 1.816205673054769026e-03 9.623839009287925705e+01 4.275671820164615333e+00
3.594644124218077774e+00 1.816162507538995278e-03 9.947634069400631063e+01 3.683259467173152224e+00
3.600965899690116157e+00 1.832434222657099978e-03 1.012907348242811452e+02 4.060970573570803488e+00
3.607301933810233674e+00 1.823864462282996299e-03 1.020885245901639280e+02 4.164919207157558922e+00
3.613589615564896995e+00 1.801875725405921403e-03 1.011186440677966090e+02 4.042136581232588455e+00
3.619872304563952703e+00 1.819848024125704684e-03 9.886941580756013082e+01 5.318678496596138672e+00
3.626184481674183946e+00 1.827760715362539709e-03 9.639649122807017534e+01 7.606689803258976035e+00
3.632455309189269510e+00 1.797655079431180383e-03 9.233576642335766849e+01 8.914730951615299048e+00
3.638754857574894697e+00 1.841922947680418475e-03 8.798905109489051313e+01 9.315428730055474560e+00
3.645110863435991444e+00 1.833895812584415653e-03 8.220676691729323693e+01 1.061454431791307229e+01
3.651399341121458253e+00 1.797724079201825547e-03 7.701568627450980387e+01 1.076212548093351806e+01
3.657684783062496781e+00 1.823089633617003442e-03 7.213492063492063266e+01 9.835057883289220371e+00
3.663989311092172851e+00 1.817352227903809700e-03 6.731967213114754145e+01 8.391150990312342017e+00
3.670338462676961733e+00 1.852037082036360515e-03 6.341735537190082539e+01 6.673081630053933289e+00
3.676667454351053799e+00 1.802731285318214709e-03 6.105240174672488962e+01 5.337689824932493998e+00
3.682957402673964431e+00 1.831301914300888494e-03 6.005752212389380418e+01 4.248013452698392811e+00
3.689264510226057059e+00 1.810576500315507495e-03 6.000460829493087545e+01 3.843121810905330449e+00
3.695607159299667099e+00 1.851070780809128090e-03 6.059069767441860677e+01 3.742012947302898240e+00
3.701906411334345837e+00 1.786914693256676148e-03 6.234825870646766077e+01 3.758883440950967714e+00
3.708163258087520564e+00 1.825159420261267002e-03 6.486432160804019986e+01 3.865971248417866768e+00
3.714507337749332283e+00 1.833043865117713490e-03 6.819689119170983815e+01 3.788936051672270988e+00
3.720870273368275249e+00 1.842023606415223082e-03 7.082887700534759290e+01 3.299127206875617446e+00
3.727157013165883104e+00 1.785929560704693081e-03 7.285714285714286120e+01 2.960970607550086786e+00
3.733414267292576749e+00 1.823616893326991065e-03 7.437790697674418539e+01 2.769029249646438373e+00
3.739747614563589284e+00 1.832601406324968355e-03 7.467469879518071707e+01 2.530665460526546617e+00
3.746091684029914770e+00 1.828992002129592063e-03 7.415094339622640973e+01 2.848952474251868150e+00
3.752406222021260618e+00 1.812401454337024109e-03 7.277483443708609911e+01 2.600457429575267376e+00
3.758712131096641595e+00 1.823143945980814458e-03 7.145517241379310747e+01 3.034757040895556646e+00
3.765000355804634324e+00 1.809969724265664184e-03 6.953284671532846062e+01 3.602143559410300622e+00
3.771324791207556704e+00 1.846593531196991230e-03 6.658646616541354035e+01 5.265037258444207779e+00
3.777640884128447674e+00 1.800430178895984180e-03 6.264227642276422614e+01 4.237753699170403010e+00
3.783890033752419058e+00 1.812352582976840126e-03 5.915384615384615330e+01 3.703064814499109403e+00
3.790205950757557840e+00 1.839564216382759279e-03 5.772321428571428470e+01 3.538238637099146100e+00
3.796547481197723339e+00 1.823144808823023381e-03 5.790384615384615330e+01 3.758250293191260027e+00
3.802839460639445335e+00 1.822115437231795494e-03 5.983505154639175316e+01 3.841171261837940776e+00
3.809162628389719529e+00 1.835235423465040759e-03 6.279120879120878840e+01 3.444735074622082394e+00
3.815477698903783743e+00 1.813833779597889004e-03 6.761445783132529641e+01 3.535154106887362424e+00
3.821777178949230969e+00 1.830898415393102585e-03 7.422077922077922096e+01 4.580403674814442994e+00
3.828076951026545771e+00 1.795694771849016581e-03 8.071014492753623415e+01 4.906241283168861322e+00
3.834316772867639944e+00 1.791896653628349866e-03 8.854838709677419217e+01 4.977211335104991363e+00
3.840583618544390898e+00 1.820001018717854217e-03 9.673214285714286120e+01 6.108709072350085201e+00
3.846911872181034475e+00 1.824281646184678762e-03 1.009183673469387799e+02 4.704734560025663370e+00
3.853313008086272973e+00 1.880829953221405115e-03 1.046046511627907023e+02 4.776112365089298706e+00
3.859656947796285653e+00 1.787945514535103963e-03 1.046176470588235361e+02 3.965465104475096592e+00
3.865825284683709118e+00 1.773175751446867720e-03 1.027037037037037095e+02 3.831319922125926425e+00
3.872064552013789740e+00 1.858490478498285668e-03 9.776190476190475920e+01 5.235280629088197912e+00
3.878243048288448236e+00 1.738115315901965106e-03 8.876923076923077360e+01 4.549530179268074903e+00
3.884441558101385361e+00 1.990091083924331716e-03 8.457142857142856940e+01 4.347178301343696205e+00
