# q qerr I(q) I(q)err
6.111313073595031620e-02 3.154100855865873791e-03 3.037500000000000000e+02 6.540815485808153085e+01
6.800242608866982619e-02 2.110752812487300123e-03 4.556666666666666856e+02 4.935753910667210675e+01
7.478812129850326285e-02 1.894856213165734514e-03 5.897777777777778283e+02 1.374818506540381691e+02
8.081736842982174818e-02 1.577734731020807597e-03 6.604444444444444571e+02 1.626047240897271422e+02
8.706192866790804508e-02 2.018057842609979804e-03 7.492307692307692832e+02 1.829000438367988863e+02
9.311361532868518698e-02 1.734318039620741251e-03 7.393333333333333712e+02 1.741129901338017021e+02
9.924832822165428892e-02 1.939409616079583844e-03 7.211875000000000000e+02 2.030190300501408842e+02
1.056867454532435108e-01 2.068262530006435406e-03 6.971250000000000000e+02 2.458563054238525467e+02
1.120935416356093062e-01 1.699923986068800717e-03 6.226923076923077360e+02 2.221290538584435978e+02
1.177168722532570266e-01 1.903764278506084144e-03 6.464062500000000000e+02 2.327912238600287083e+02
1.242406998858587575e-01 2.007415885574503726e-03 6.613571428571428896e+02 1.884009578488585248e+02
1.307844605212421796e-01 1.948859987027574741e-03 6.792857142857143344e+02 1.719521320434431857e+02
1.372938405551752672e-01 1.976444694498947011e-03 6.731612903225806122e+02 1.656347862441701011e+02
1.433626874055373979e-01 1.479129257371093872e-03 6.424400000000000546e+02 1.542546725386301034e+02
1.497414395840910573e-01 2.132896554945924294e-03 6.631351351351351013e+02 1.347595916918657224e+02
1.562016171858009728e-01 1.470810848565314282e-03 6.417777777777778283e+02 1.261642733435767667e+02
1.620883487451751925e-01 1.817360580555445800e-03 6.492727272727272521e+02 1.201584582807998913e+02
1.684939590642719198e-01 1.975568076388520972e-03 6.405675675675676075e+02 1.173483666382544328e+02
1.749358117034872373e-01 1.810730169671130639e-03 6.443428571428571558e+02 1.088658714160855396e+02
1.813634234827302405e-01 1.982290824745188643e-03 6.442195121951219789e+02 1.060006033004505497e+02
1.877608813777307539e-01 1.710969833005861022e-03 6.386756756756756204e+02 1.079347630526764021e+02
1.936838392192468117e-01 1.708352888559126238e-03 6.364736842105263577e+02 1.055461918543651194e+02
1.998200724089964908e-01 1.901042836663710675e-03 6.391395348837208985e+02 1.032824420934214800e+02
2.064988844748374130e-01 2.083185659227047067e-03 6.270625000000000000e+02 1.247589237790227088e+02
2.131062600015138364e-01 1.923054290541973939e-03 6.399574468085106673e+02 1.040034647888913355e+02
2.193208008558340527e-01 1.649587748772136844e-03 6.387674418604651692e+02 1.043959860518197473e+02
2.255197753110727010e-01 1.943898002345461392e-03 6.452941176470587834e+02 9.713603583583596901e+01
2.319084130262620835e-01 1.853433278599466881e-03 6.455000000000000000e+02 9.370592297181646302e+01
2.380456302514551703e-01 1.717913041466973250e-03 6.469166666666666288e+02 9.002159270296087357e+01
2.441826744061198484e-01 1.910984005326162374e-03 6.530363636363636033e+02 8.224386836900073661e+01
2.508567628905887248e-01 1.865639566994751813e-03 6.696451612903225623e+02 9.142896402704840852e+01
2.571616352083493928e-01 2.042758540577210586e-03 6.828780487804878021e+02 1.530857267620042990e+02
2.636090936505812721e-01 1.759536909171210452e-03 7.108051948051947875e+02 1.683802469797052197e+02
2.696276322290375727e-01 1.767913466712890637e-03 7.138750000000000000e+02 1.592656830974582647e+02
2.756934411426098519e-01 1.847457432374286813e-03 7.157023809523809632e+02 1.417957645072642947e+02
2.820483295007140123e-01 1.942127748479487680e-03 7.086741573033707482e+02 1.324454615218758988e+02
2.885873542857223528e-01 1.999902870285049771e-03 7.101894736842104976e+02 1.184518902538458320e+02
2.950059364807982032e-01 1.753155416080761590e-03 7.071162790697674154e+02 1.121166312107656466e+02
3.012776628394395750e-01 1.916275679195857595e-03 7.036000000000000227e+02 1.019840235165860918e+02
3.076468654533095481e-01 1.858480647863890167e-03 7.023010752688171578e+02 1.001845539447848523e+02
3.139397285054469910e-01 1.849733180513128640e-03 7.054574468085106673e+02 9.490783811957980731e+01
3.202097007249891103e-01 1.889977811219999311e-03 7.028367346938775881e+02 9.224215162066722939e+01
3.264390569218261762e-01 1.757358001834326191e-03 7.060752688172043463e+02 8.881347788272168486e+01
3.326951465344144543e-01 1.930481388006281569e-03 7.082596153846153584e+02 8.170621916353736935e+01
3.390239669727912464e-01 1.785238221274862988e-03 7.090510204081632537e+02 8.145549654587073007e+01
3.452290355408559885e-01 1.822729964848564038e-03 7.120294117647058556e+02 7.849946553936146643e+01
3.515217579766085620e-01 1.894166946962649433e-03 7.160952380952380736e+02 7.367426008206295762e+01
3.581115149106128270e-01 1.984833837990382030e-03 7.209026548672566150e+02 7.046990394188729567e+01
3.646365217867122976e-01 1.807385512883236643e-03 7.276074766355139900e+02 6.863741394760054959e+01
3.707522342694583029e-01 1.646676631311451595e-03 7.321599999999999682e+02 6.845594203573566006e+01
3.768404479121448269e-01 1.835047814059704218e-03 7.372972972972972912e+02 6.451024686302719147e+01
3.831651369708888866e-01 1.834489868729198949e-03 7.350090090090089916e+02 6.262357153430097867e+01
3.894643253735652899e-01 1.853753096359237081e-03 7.342477876106195254e+02 5.928178619645085945e+01
3.958807651630259494e-01 1.912159574900255954e-03 7.298166666666667197e+02 5.730268924269126529e+01
4.022473572087105209e-01 1.746533598099251966e-03 7.312792792792793080e+02 5.556082792934954995e+01
4.083991683103055381e-01 1.862831917861469243e-03 7.362268907563025095e+02 5.363298095124967091e+01
4.147868792651558945e-01 1.850918924272050396e-03 7.408016528925619468e+02 5.193909667095039850e+01
4.211381020132339281e-01 1.813003092898375071e-03 7.471404958677685499e+02 5.183570294420597691e+01
4.273404438934948479e-01 1.765577699919095717e-03 7.523193277310924714e+02 5.256625949785865259e+01
4.337195733954657406e-01 1.911235613422362228e-03 7.581692307692308077e+02 5.088527413958144052e+01
4.400834723796714920e-01 1.795304431444431784e-03 7.627500000000000000e+02 4.871411003117097493e+01
4.463380503116383125e-01 1.781136916513354146e-03 7.635952380952380736e+02 4.799635835896139469e+01
4.525475293404462862e-01 1.782735370135076804e-03 7.601102362204724159e+02 4.705588626848786760e+01
4.588781844142776345e-01 1.863542184770878652e-03 7.479925373134328765e+02 4.578315086952832047e+01
4.652813857520213814e-01 1.809454061223974295e-03 7.380000000000000000e+02 4.191685289225537048e+01
4.715886271752884884e-01 1.786725641485754782e-03 7.283656716417910957e+02 4.097628070368781295e+01
4.778700308571910971e-01 1.749120838384908864e-03 7.217744360902255494e+02 4.002001449639551112e+01
4.841075358786299798e-01 1.812598873705853009e-03 7.148188405797101268e+02 3.980853541269038232e+01
4.904685449060671165e-01 1.813034819841214708e-03 7.086642857142857110e+02 3.991937282236047224e+01
4.967988078032400945e-01 1.775169993053363985e-03 7.068297872340425556e+02 3.825713160057753015e+01
5.030461340587593089e-01 1.710738770771227935e-03 7.038478260869565020e+02 3.939282397811033576e+01
5.093789740337634209e-01 1.844995629980458740e-03 7.013691275167785761e+02 3.830152949739156298e+01
5.157895609665918979e-01 1.772173611217854692e-03 7.020479452054794365e+02 3.880074779755011605e+01
5.220653538623039047e-01 1.710912446064493482e-03 7.013426573426573896e+02 3.952387544766409633e+01
5.282420832211931483e-01 1.776221308977217429e-03 6.999527027027027088e+02 3.845922916874700093e+01
5.345849814872509764e-01 1.797460663252185451e-03 6.990394736842105203e+02 3.571845338266847136e+01
5.409400198384390901e-01 1.769240412124692928e-03 6.998235294117647527e+02 3.449543484274967398e+01
5.471612929737256215e-01 1.671871176479489780e-03 7.018445945945945823e+02 3.490675516114616528e+01
5.535187503546902255e-01 1.843477994232445120e-03 7.054814814814815236e+02 3.504969363966126394e+01
5.599303633336802921e-01 1.774845713676194252e-03 7.099617834394904321e+02 3.980763717687327130e+01
5.661980099607780703e-01 1.715649351238413218e-03 7.188831168831168270e+02 3.382045596519022723e+01
5.724333289920446877e-01 1.764199560704661452e-03 7.279812500000000455e+02 3.502971283424974303e+01
5.786575496797814466e-01 1.687338640378493104e-03 7.388181818181818699e+02 3.545508657595717494e+01
5.849918082512260975e-01 1.882166412490617838e-03 7.507441860465115724e+02 3.303974776531880053e+01
5.913559560974818163e-01 1.673563701773732749e-03 7.644840764331210039e+02 3.377498549246210047e+01
5.976003341774964728e-01 1.789272139650604403e-03 7.793550295857987749e+02 3.320922140190785399e+01
6.039710484280985670e-01 1.760471037718898532e-03 7.915357142857143344e+02 3.371213232126171278e+01
6.103455122609070527e-01 1.778153705054047679e-03 8.006257309941520361e+02 3.344600890661548931e+01
6.165941547084902163e-01 1.709282904712068618e-03 8.013952095808383547e+02 3.483797495930185306e+01
6.227886440901039267e-01 1.708031916550016484e-03 7.973511904761904816e+02 3.571377876624332259e+01
6.292222757675741684e-01 1.895555695838723603e-03 7.844973262032085586e+02 3.442726549652870460e+01
6.355837393651907474e-01 1.609918394456906487e-03 7.683030303030302548e+02 3.512377693461272088e+01
6.417201133152361514e-01 1.735489606861494215e-03 7.498932584269663266e+02 3.513256317618844804e+01
6.480234646877054416e-01 1.746502386866512820e-03 7.327415730337078230e+02 3.711740059039091477e+01
6.543745591304535036e-01 1.808595843625667669e-03 7.152500000000000000e+02 3.859036191341946420e+01
6.607410482875138991e-01 1.776914150084337417e-03 7.003641304347826235e+02 4.201701049104893571e+01
6.669765730033264672e-01 1.670208017253243388e-03 6.877045454545454959e+02 4.563281943635241333e+01
6.731673103258457580e-01 1.796482171393593615e-03 6.773138297872339990e+02 4.549805922166329708e+01
6.795850853652600776e-01 1.822834825668488831e-03 6.693403141361256985e+02 4.605267982238924418e+01
6.858902177354958551e-01 1.747430487391250960e-03 6.650161290322580498e+02 4.805809475760391791e+01
6.921278880332987216e-01 1.765781770802452586e-03 6.612275132275132137e+02 5.016862805027457028e+01
6.985070946107704293e-01 1.847715388967816497e-03 6.564696969696969973e+02 5.154618346386901351e+01
7.048037128132643714e-01 1.757666077632949074e-03 6.546719576719576708e+02 5.520267291537399501e+01
7.109847861020758275e-01 1.767854622430342420e-03 6.527291666666666288e+02 5.608432294663047202e+01
7.172345948602801835e-01 1.822657136245004524e-03 6.500454545454545041e+02 5.729564636816343182e+01
7.236608500653414211e-01 1.906739358311473767e-03 6.487268292682927040e+02 5.991739961746087317e+01
7.299519259881649402e-01 1.814756391122580772e-03 6.501275510204081911e+02 6.530712132526910807e+01
7.362298620906445601e-01 1.872001608046580190e-03 6.516421568627450824e+02 7.105226326954490901e+01
7.427109241448597299e-01 1.961252361706546793e-03 6.468224299065420837e+02 7.180633594666815611e+01
7.489749171607754663e-01 1.795506848231544564e-03 6.469282051282051498e+02 7.726417961563127790e+01
7.553119902396251417e-01 1.968290517240121971e-03 6.464520547945205635e+02 8.156457224677707529e+01
7.617428847945948434e-01 1.878647625832918257e-03 6.455990338164251625e+02 9.182043279388797430e+01
7.679897535333021219e-01 1.889655825210407886e-03 6.450334928229665366e+02 9.096068342111172456e+01
7.742716946001383382e-01 1.890740870187222538e-03 6.460704225352112644e+02 1.014183918575399019e+02
7.806130493972306406e-01 1.874127862848933099e-03 6.472452830188678945e+02 1.061922537985748392e+02
7.869955317179381238e-01 1.962138593108325030e-03 6.477276785714285552e+02 1.141679549906517224e+02
7.933337815560531636e-01 1.823456314192357453e-03 6.525428571428570876e+02 1.243785438766299336e+02
7.995722808394026826e-01 1.873920736445982161e-03 6.539276018099546945e+02 1.330764208919983673e+02
8.059029702364099990e-01 1.855844282913126459e-03 6.655022831050227978e+02 1.507237675842851559e+02
8.122482529694946551e-01 1.899897789708842157e-03 6.641057268722466915e+02 1.592157205656867802e+02
8.185971333973350861e-01 1.831057107996742058e-03 6.776771300448430111e+02 1.836885699212141390e+02
8.248840800988579414e-01 1.805078930334647752e-03 6.857174887892376773e+02 2.041590090672699773e+02
8.311527541867054225e-01 1.843524136775542745e-03 6.997205240174672554e+02 2.317038826427127844e+02
8.375116084758876811e-01 1.829773299230467044e-03 7.231347826086956729e+02 2.739100134407978544e+02
8.438261475186588090e-01 1.817550564165925373e-03 7.423448275862068613e+02 3.203589901661283648e+02
8.500843452560248314e-01 1.755513946144033992e-03 7.929778761061946852e+02 4.060547059096853104e+02
8.563647400134730692e-01 1.844487251387733453e-03 8.294190871369294200e+02 5.048079298326590560e+02
8.626696591174244366e-01 1.710203360544058351e-03 9.357543859649123306e+02 7.012242552424661426e+02
8.689830853488446083e-01 1.844123492424595270e-03 1.081959349593495972e+03 1.008423807443116175e+03
8.753179752476163422e-01 1.741457950302257533e-03 1.351323404255319247e+03 1.544197937847982303e+03
8.815756228481118617e-01 1.752464905610253906e-03 1.732195020746888076e+03 2.307381073686715808e+03
8.877944678552249780e-01 1.716242394594354789e-03 2.324924050632911531e+03 3.362320993341603298e+03
8.941407927930166144e-01 1.839522330085644050e-03 2.666494071146245005e+03 4.222851727259168001e+03
9.005003621585947471e-01 1.752218829319661820e-03 3.103306122448979750e+03 5.033245380324599864e+03
9.067627482844141662e-01 1.720498064613873055e-03 3.419360655737704747e+03 5.466717881882515940e+03
9.130278025298368405e-01 1.789374596252915357e-03 3.194984126984126760e+03 5.260142500227622804e+03
9.193563827426239898e-01 1.786117629316656989e-03 3.045936507936507951e+03 4.842603525833520507e+03
9.256709965929463824e-01 1.773964252230773864e-03 2.585298039215686458e+03 4.073670362479680989e+03
9.319487846442510159e-01 1.740175819907428248e-03 2.190784000000000106e+03 3.267193549895690921e+03
9.382375230166524194e-01 1.835219923763222079e-03 1.750996183206106934e+03 2.407844038969589747e+03
9.445114335627492475e-01 1.754301698834087597e-03 1.403936758893280739e+03 1.705619107891660406e+03
9.507739483173833772e-01 1.796477233495237351e-03 1.124793103448275815e+03 1.146935646781042351e+03
9.571000001339345920e-01 1.844157663989784944e-03 9.576981132075471805e+02 7.779524444581279568e+02
9.634651872700409347e-01 1.860525514413665987e-03 8.711917293233083228e+02 5.594081338354448008e+02
9.697902983397413967e-01 1.869026222830578836e-03 9.248984962406015029e+02 4.999080259689534955e+02
9.761731987705594138e-01 1.898719003246270758e-03 1.111822878228782201e+03 5.587230344534799542e+02
9.824546988499620603e-01 1.850375251942234242e-03 1.614596226415094407e+03 8.700929345124579868e+02
9.887603507672997338e-01 1.885371791598095068e-03 2.420121323529411711e+03 1.396424474482070309e+03
9.951547945742836854e-01 1.923480157877882840e-03 3.264708185053380930e+03 1.982399307266242204e+03
1.001497743307979915e+00 1.816985016266823736e-03 3.946591760299625548e+03 2.456580741686621877e+03
1.007730073445106012e+00 1.872875193246743668e-03 4.178327338129496638e+03 2.557488146023125864e+03
1.014110590476311025e+00 1.881534321868284657e-03 4.081042553191489333e+03 2.413248464377920754e+03
1.020442888611849064e+00 1.823625195420996601e-03 3.918193548387096598e+03 2.260335457184032293e+03
1.026691701700078063e+00 1.782759485576686145e-03 3.510079710144927503e+03 1.956259324491447160e+03
1.033057845114525142e+00 1.884320384582664851e-03 2.872139455782312780e+03 1.514076948122501790e+03
1.039437792018165441e+00 1.793463056649077922e-03 2.276176678445229754e+03 1.176043209319461312e+03
1.045681248368910410e+00 1.745618337461533540e-03 1.664021276595744666e+03 7.913762137438128548e+02
1.051944871571292683e+00 1.801987856022948175e-03 1.179675862068965444e+03 4.974152820153416883e+02
1.058324809813473877e+00 1.829265674919061668e-03 8.369494949494949196e+02 2.775629948937863674e+02
1.064596602572098316e+00 1.714864743882408334e-03 6.522464788732394254e+02 1.523139940783667612e+02
1.070868750588993112e+00 1.792957436204007347e-03 5.721010101010100470e+02 9.156758779007908799e+01
1.077195490251847465e+00 1.798916779777443367e-03 5.385852842809364347e+02 6.531327031608248035e+01
1.083505800573759448e+00 1.740543057611223946e-03 5.234163822525597425e+02 5.399053822261873847e+01
1.089676915900379850e+00 1.748165881083384946e-03 5.123265306122449374e+02 4.657139130848045028e+01
1.096052400832523421e+00 1.863573573199493825e-03 5.032971246006389947e+02 4.178243759250645439e+01
1.102364289960501065e+00 1.744372504095847640e-03 4.963322033898305108e+02 3.997744178617153921e+01
1.108625070827478076e+00 1.829094711995288541e-03 4.897100977198696796e+02 3.607343707665989285e+01
1.114924075445366869e+00 1.842999932655674591e-03 4.702402597402597166e+02 3.997208689380598656e+01
1.121282665432693726e+00 1.762017027877181303e-03 4.701717557251908488e+02 3.834503076716330838e+01
1.127553932619258736e+00 1.851826979229859085e-03 4.679330855018587272e+02 3.770521192141963240e+01
1.133905639228342421e+00 1.803927404845938115e-03 4.639450980392156794e+02 3.935724645988673842e+01
1.140144523104706709e+00 1.820967272376473748e-03 4.602244094488189035e+02 4.258120694999580280e+01
1.146455214771981312e+00 1.831860927088285957e-03 4.571035856573705018e+02 4.087774067513331744e+01
1.152869066430118439e+00 1.902391342003174283e-03 4.554208494208494358e+02 3.898344110709545163e+01
1.159252377890596986e+00 1.791659613503928782e-03 4.501078838174273642e+02 4.035708367713781541e+01
1.165575291556828930e+00 1.872439892399787795e-03 4.498207171314741117e+02 3.855439335489969466e+01
1.171828433925186763e+00 1.747387590499659572e-03 4.440086580086580170e+02 4.094796567908317542e+01
1.178029580193284076e+00 1.845903894892485285e-03 4.427325102880658392e+02 3.692135706786196181e+01
1.184400904434957269e+00 1.829516060217846983e-03 4.392050209205020792e+02 3.766845894306897691e+01
1.190737654720273042e+00 1.816225366119703435e-03 4.382405063291139413e+02 3.930791202635420234e+01
1.196977477342464180e+00 1.780548390738201196e-03 4.346724890829694345e+02 3.985459977235294105e+01
1.203312963818603976e+00 1.874247930763579166e-03 4.339586776859504198e+02 3.958271731630801327e+01
1.209645773529357093e+00 1.750259837788138012e-03 4.294247787610619298e+02 4.016749478429611742e+01
1.215952225700388523e+00 1.837678281197498587e-03 4.298305084745762770e+02 3.957630748011256117e+01
1.222254898926581568e+00 1.775628514659025698e-03 4.117116104868914022e+02 5.254805204619960790e+01
1.228537298751265050e+00 1.780223345631782141e-03 4.204311594202898732e+02 4.126997202885337401e+01
1.234759587745337228e+00 1.795376270296014523e-03 4.198136200716845678e+02 4.000233514079054942e+01
1.241110555825225781e+00 1.895169703334604900e-03 4.204563758389261920e+02 3.876760865392796518e+01
1.247523323486311897e+00 1.874537877840588536e-03 4.169493243243243228e+02 3.783540050064962657e+01
1.253854431820907944e+00 1.857283623330970761e-03 4.153322147651006730e+02 3.741421700464326250e+01
1.260138295168494293e+00 1.856490137450314505e-03 4.118139534883720785e+02 4.003177290216471818e+01
1.266501421045549414e+00 1.881588491645209797e-03 4.123665594855305585e+02 3.805287313235945135e+01
1.272807251993681055e+00 1.824447191781883651e-03 4.106491803278688622e+02 3.705547951672544116e+01
1.279100636071537789e+00 1.831925956271344968e-03 4.104490445859872807e+02 3.632102678188385170e+01
1.285385940199903265e+00 1.796864974607813087e-03 4.074967948717948616e+02 3.587538499702930750e+01
1.291734086560349049e+00 1.833790085687247952e-03 4.061042944785276063e+02 3.539455775478882060e+01
1.297999116585571544e+00 1.712347548001254965e-03 4.037896440129449616e+02 3.591743122373178920e+01
1.304332283077917598e+00 1.862331657852500611e-03 4.027905604719763915e+02 3.457823928878728026e+01
1.310629912671008812e+00 1.689758514739712848e-03 4.005544871794871824e+02 3.501325885331522159e+01
1.316859893871710430e+00 1.807323329610554348e-03 4.003880597014925229e+02 3.586891309008681361e+01
1.323169508333509325e+00 1.772103529485381237e-03 3.986382978723404449e+02 3.584323329561851779e+01
1.329416719622044551e+00 1.761213072716576004e-03 3.985347432024169052e+02 3.578396428976478916e+01
1.335676763851219473e+00 1.808340606324402439e-03 3.961250000000000000e+02 3.460099412795616303e+01
1.342102166253144047e+00 1.916040745002256648e-03 3.963154929577464713e+02 3.473379570639774272e+01
1.348432554966731090e+00 1.804515701739407276e-03 3.943141993957704017e+02 3.475740862850232560e+01
1.354697325729501189e+00 1.895450207138361931e-03 3.938186968838526809e+02 3.676694133793134256e+01
1.361035554581970564e+00 1.836151892644552735e-03 3.932790697674418539e+02 3.622388748239868050e+01
1.367445372286436589e+00 1.911657172750392099e-03 3.955369863013698364e+02 3.437426114458686044e+01
1.373833054624600258e+00 1.794265400870382644e-03 3.955072463768116222e+02 3.437347052219764976e+01
1.380048052911932777e+00 1.791287036868802413e-03 4.010284900284900118e+02 3.358828752199548973e+01
1.386332670155489666e+00 1.806335848089170130e-03 4.149466292134831633e+02 3.141105386662462351e+01
1.392624520144640332e+00 1.796075039907524609e-03 4.500111111111111200e+02 3.465857143729490275e+01
1.398923000198597277e+00 1.771229759338340285e-03 4.959606741573033446e+02 4.094177182402952297e+01
1.405184482923453881e+00 1.808998902686751115e-03 5.397201086956521294e+02 5.199309870864625083e+01
1.411475199677901360e+00 1.734371386327675756e-03 5.665000000000000000e+02 6.236697078537500971e+01
1.417706081410672780e+00 1.817237095201347432e-03 5.788279569892473546e+02 6.615170364934290603e+01
1.424046144262549829e+00 1.816956160244514703e-03 5.840406504065040281e+02 6.881065554684641938e+01
1.430457268966005335e+00 1.925855730949348329e-03 5.839151670951156348e+02 6.552803351664418585e+01
1.436865665354877475e+00 1.843763745384080412e-03 5.810188172043010582e+02 6.797674901151219728e+01
1.443084111958556903e+00 1.831535442318516687e-03 5.665134408602150415e+02 6.702498022196047600e+01
1.449466238371406979e+00 1.910439897345804971e-03 5.503088607594936548e+02 6.460239890220211123e+01
1.455780432464144347e+00 1.769262236301017126e-03 5.257783783783784202e+02 6.049993534518335281e+01
1.462109939136078340e+00 1.873282905934200038e-03 4.997944862155388250e+02 5.799155029531336680e+01
1.468414112563870999e+00 1.734923018383166060e-03 4.701440000000000055e+02 5.257498436836033306e+01
1.474680891373796765e+00 1.804015195942032307e-03 4.468908629441624498e+02 4.888734584408366857e+01
1.480924591063775386e+00 1.742163032935032654e-03 4.216840731070495849e+02 4.436645573002810039e+01
1.487138550370334267e+00 1.742602934721402272e-03 4.048894601542416467e+02 4.125197311622144269e+01
1.493462591150057195e+00 1.833511633313982111e-03 3.920272277227722952e+02 3.797428545409954381e+01
1.499809278721849770e+00 1.805357266360340307e-03 3.859874055415617136e+02 3.655901424412162015e+01
1.506175762378094918e+00 1.888906516140883814e-03 3.838899755501222444e+02 3.509288892348216393e+01
1.512543466733061504e+00 1.879653113941155348e-03 3.815563725490196134e+02 3.709606830693977031e+01
1.518927121842702510e+00 1.865813122140227640e-03 3.812058823529411598e+02 3.638330498698874038e+01
1.525176469146275027e+00 1.826629940430822378e-03 3.814962779156327315e+02 3.547592902498228540e+01
1.531416651941075235e+00 1.798854978931840659e-03 3.812970297029702920e+02 3.522191506231310143e+01
1.537728221615372926e+00 1.856986876758172280e-03 3.803262411347517968e+02 3.517794363791452383e+01
1.544096010846849332e+00 1.769518617434322075e-03 3.801946472019464522e+02 3.602299288951257950e+01
1.550405005344789089e+00 1.809055686031393537e-03 3.814326241134751854e+02 3.507234207003314452e+01
1.556696834359960313e+00 1.740139413919524446e-03 3.818592233009708821e+02 3.414758425032297851e+01
1.562969221032702194e+00 1.804120915253569534e-03 3.836698113207547181e+02 3.212759949824141614e+01
1.569251838380229191e+00 1.803338776033149233e-03 3.858806682577565539e+02 2.627375225339732623e+01
1.575556094315494926e+00 1.863019847936644557e-03 3.911188811188811201e+02 2.088630873666974352e+01
1.581892448177514066e+00 1.865480693804838323e-03 3.965509259259259238e+02 1.998167161075575038e+01
1.588269483401412163e+00 1.861295980786164313e-03 4.038202764976958292e+02 2.030855315959796670e+01
1.594574325321363339e+00 1.830133252637398044e-03 4.105486111111110858e+02 2.702859972675795674e+01
1.600916934751582588e+00 1.832077894544300927e-03 4.196173120728929575e+02 3.745580009403212784e+01
1.607201343968552854e+00 1.780442356845074459e-03 4.265555555555555429e+02 4.722540566611596802e+01
1.613445462524496721e+00 1.775524639999344866e-03 4.367844036697247816e+02 5.700230396012865697e+01
1.619730849749851931e+00 1.787630240083115185e-03 4.439751693002257298e+02 6.494680410537912962e+01
1.625979803600224649e+00 1.755895091839796123e-03 4.588091954022988261e+02 7.444047181896020504e+01
1.632226613292544926e+00 1.821174808670054370e-03 4.832818791946308465e+02 8.252250408412669458e+01
1.638606704061473573e+00 1.894452323361247963e-03 5.275878524945769641e+02 8.934079236086364517e+01
1.645050487946952522e+00 1.887301666918968484e-03 5.794130434782608745e+02 8.975443473096599689e+01
1.651415996904310735e+00 1.851783837096881687e-03 6.148837719298245474e+02 8.708011691807362809e+01
1.657788871265904573e+00 1.852242853945953917e-03 6.333196544276457871e+02 8.975262392067477890e+01
1.664006124760511351e+00 1.741113674427757210e-03 6.379160997732426495e+02 8.756457690629609658e+01
1.670281873961185770e+00 1.842366346193471905e-03 6.445835095137421149e+02 8.942758458993100135e+01
1.676541801276667298e+00 1.721555322686186195e-03 6.412645739910313978e+02 8.679107490695456306e+01
1.682793682471841024e+00 1.824670227224382997e-03 6.403565400843881434e+02 8.835165522826079609e+01
1.689107465299970467e+00 1.791603935857043455e-03 6.344338394793926454e+02 8.684223691658294797e+01
1.695415952935033443e+00 1.877357617877282179e-03 6.326158663883089730e+02 8.503647670328432184e+01
1.701806617780016628e+00 1.875253898477295287e-03 6.438455114822546648e+02 8.738132319758193489e+01
1.708145235544118012e+00 1.851238026496159058e-03 6.748421052631579187e+02 9.049317508432393709e+01
1.714469347376187613e+00 1.845626368464784459e-03 7.122111801242235742e+02 9.298185079487880955e+01
1.720739519194126599e+00 1.771881702320935673e-03 7.267393162393162811e+02 9.890726615838771352e+01
1.726990948287859817e+00 1.820993782645452704e-03 7.227408163265306484e+02 1.015087492407829615e+02
1.733361150263370787e+00 1.784216608021570085e-03 7.122541322314049239e+02 1.052143816555741154e+02
1.739571674833123582e+00 1.760427731239605715e-03 7.068763102725366707e+02 1.235642965623158318e+02
1.745887440247851030e+00 1.853392121839796862e-03 6.965571142284569532e+02 1.459378328633089836e+02
1.752250177420427102e+00 1.860925844240075020e-03 6.862044534412955272e+02 1.254831839844134009e+02
1.758607387389414800e+00 1.864192030273802104e-03 6.735339999999999918e+02 1.186778324372331781e+02
1.764972322429467777e+00 1.851098948525789619e-03 6.668220000000000027e+02 1.198112346985874126e+02
1.771273520234028620e+00 1.808016239517707931e-03 6.559455645161290249e+02 1.240151157849645926e+02
1.777586992161852564e+00 1.807004964737956481e-03 6.423346534653464914e+02 1.269233867160848916e+02
1.783840233931820451e+00 1.746107465683986813e-03 6.218350305498981925e+02 1.338404183401888758e+02
1.790071520275328565e+00 1.795583184790444783e-03 6.022696850393700743e+02 1.390379368359432419e+02
1.796393698957722052e+00 1.819993601147859141e-03 5.801541501976284962e+02 1.453577577156856648e+02
1.802712928873270393e+00 1.883216042231023422e-03 5.621015325670498441e+02 1.505956100899523733e+02
1.809114577024696358e+00 1.850157529878445435e-03 5.417790697674419107e+02 1.608628899601276316e+02
1.815345782948464493e+00 1.803540499391122600e-03 5.245019762845849982e+02 1.668693898851206256e+02
1.821700705453981772e+00 1.863872113208649628e-03 5.142388059701492011e+02 1.740392801329126939e+02
1.828034416566336029e+00 1.759461126105644731e-03 5.074566929133858366e+02 1.797722613548372124e+02
1.834289862490237510e+00 1.817049905439401892e-03 5.080376647834274877e+02 1.871528841405507251e+02
1.840620947190598100e+00 1.780340576699249600e-03 5.043057692307692150e+02 1.886480783835622788e+02
1.846876290479544158e+00 1.833628160635640113e-03 5.066389413988657680e+02 1.981667142784527300e+02
1.853225331533147280e+00 1.864396810776891523e-03 4.985666666666666629e+02 1.976456573370574290e+02
1.859586416204100923e+00 1.843230203276794224e-03 4.988317757009345996e+02 2.064251474011952610e+02
1.865884580336470755e+00 1.827085395033201023e-03 4.941880819366853075e+02 2.078015821977425617e+02
1.872200528994375501e+00 1.799198018262535481e-03 4.950185185185185333e+02 2.088026484210732576e+02
1.878453452628845000e+00 1.760356359008985331e-03 4.895065913370997919e+02 2.085446035357486210e+02
1.884712324747962020e+00 1.805687576808031941e-03 4.893923357664233436e+02 2.084940792808201309e+02
1.891113706724730337e+00 1.861939656346446982e-03 4.846079136690647715e+02 2.047935929344537556e+02
1.897400945427566432e+00 1.833350088909791505e-03 4.828658088235293917e+02 2.054439242488302284e+02
1.903772875545957088e+00 1.875180743362649160e-03 4.809031690140844830e+02 2.017011917043952849e+02
1.910018917854334752e+00 1.739883276586547947e-03 4.780888468809073970e+02 2.009836158105401012e+02
1.916236012056648175e+00 1.833205283437960029e-03 4.799631578947368666e+02 1.935513812260590214e+02
1.922638163561010805e+00 1.793373418488206777e-03 4.797821428571428442e+02 1.947373469370778594e+02
1.928888348891847349e+00 1.792288115248428593e-03 4.802877697841726672e+02 1.943124766180293932e+02
1.935240631371640818e+00 1.865766417879262265e-03 4.827370242214532823e+02 1.859924783830305444e+02
1.941608872090050619e+00 1.856644915843207438e-03 4.875518453427064856e+02 1.824151885287762411e+02
1.947917338414854704e+00 1.837601359788319485e-03 5.123537653239930023e+02 1.805422698329801676e+02
1.954236834815996637e+00 1.805754229573221887e-03 5.660227272727272521e+02 1.750587550082036330e+02
1.960488135501994522e+00 1.772905664188001006e-03 6.518123893805309308e+02 1.772718622420593704e+02
1.966755922696415082e+00 1.810201296061439468e-03 7.735025817555938374e+02 1.897586960706652519e+02
1.973091583736556354e+00 1.814240900008777741e-03 9.150655172413793252e+02 2.015430414194192963e+02
1.979420480567132490e+00 1.865397302840512408e-03 1.094645161290322676e+03 2.128689924630704411e+02
1.985762243830389018e+00 1.849873766110382307e-03 1.270064406779661113e+03 2.237606076150420620e+02
1.992143605840229093e+00 1.840662096304069391e-03 1.382711892797319933e+03 2.402227719497871306e+02
1.998372952698491245e+00 1.738412627792555948e-03 1.437555360281195135e+03 2.530391304009714304e+02
2.004614638405731508e+00 1.821010887715033720e-03 1.454241721854304615e+03 2.526973065264324987e+02
2.010981699228176822e+00 1.807963355431743604e-03 1.455762626262626327e+03 2.523269260255909217e+02
2.017216781415232862e+00 1.822968187424302972e-03 1.472657672849915571e+03 2.696347168828626764e+02
2.023555507756473748e+00 1.866836436713831520e-03 1.438115447154471440e+03 2.556531851695099817e+02
2.029945947492921121e+00 1.842053164818473936e-03 1.407065789473684163e+03 2.480217335626561805e+02
2.036236367431154548e+00 1.802040352124230577e-03 1.362345454545454459e+03 2.402800127724763399e+02
2.042538823796997693e+00 1.786279422623429517e-03 1.294666666666666742e+03 2.309476586113452186e+02
2.048720173306640469e+00 1.747373060808409071e-03 1.208762711864406810e+03 2.251204029725655573e+02
2.055017041239767028e+00 1.892889576395914968e-03 1.121691705790297419e+03 2.261309879716687590e+02
2.061465280497128294e+00 1.850343878148330047e-03 1.003649038461538453e+03 2.101155733118693263e+02
2.067778354784032935e+00 1.826644103880053095e-03 8.814299516908212127e+02 1.931434167684280112e+02
2.074107962816127415e+00 1.810449409964311413e-03 7.802285714285713993e+02 1.840065014132877650e+02
2.080392027050733006e+00 1.757304311173108879e-03 6.828094462540716449e+02 1.717888234461325112e+02
2.086560915145909245e+00 1.789004268885935290e-03 5.934716369529983240e+02 1.568202432588329316e+02
2.092907509218693285e+00 1.897916204239676529e-03 5.313719512195121979e+02 1.526403123791075984e+02
2.099341076602548206e+00 1.841856996552926774e-03 4.709875000000000114e+02 1.490656361698387684e+02
2.105598503643897335e+00 1.780460926307301031e-03 4.233130990415335191e+02 1.383104690749397605e+02
2.111872942412509335e+00 1.813036870717739954e-03 4.051064814814814667e+02 1.402868575678573393e+02
2.118179840511383194e+00 1.773074262998883873e-03 3.932519685039370074e+02 1.364221386022071556e+02
2.124489700938873238e+00 1.854176769044688739e-03 3.830321100917431068e+02 1.289384045499521108e+02
2.130866139955553962e+00 1.876679961187130126e-03 3.839077155824508054e+02 1.312449136158211900e+02
2.137196345481136905e+00 1.803165093871285981e-03 3.843374613003095988e+02 1.291943286988762907e+02
2.143477781291089013e+00 1.808033309626025679e-03 3.870274809160305267e+02 1.243341627211896991e+02
2.149749346762158453e+00 1.787076492040512573e-03 4.003333333333333144e+02 1.272113581670181617e+02
2.156014428448592479e+00 1.811767013668930289e-03 4.121308980213090081e+02 1.287657299203878551e+02
2.162388958755252943e+00 1.899773100682969557e-03 4.135197080291970906e+02 1.242412916283226991e+02
2.168776559916051561e+00 1.828625003914755194e-03 4.168168168168168108e+02 1.255143559767525545e+02
2.175079146577416189e+00 1.799027495536281414e-03 4.230447761194029681e+02 1.259495379968924453e+02
2.181358965593887422e+00 1.775037425494343461e-03 4.303810240963855449e+02 1.179021890280327938e+02
2.187625576602315824e+00 1.830837683859201127e-03 4.569970414201183644e+02 1.086258778920425812e+02
2.193923842198696850e+00 1.837507381709080519e-03 5.166505139500734458e+02 1.100683639707004460e+02
2.200310743338333541e+00 1.859271066102410235e-03 6.100774748923960260e+02 1.103189057539937039e+02
2.206637920896229677e+00 1.789161753318371274e-03 7.363318518518518658e+02 1.106339040997431624e+02
2.212855268310565560e+00 1.778695396750237757e-03 8.850883652430044322e+02 1.197819311319555169e+02
2.219155297956861617e+00 1.826812665150635666e-03 1.014248920863309309e+03 1.331871414797844579e+02
2.225534449623195243e+00 1.883537061579874895e-03 1.094407616361071860e+03 1.538961403413737798e+02
2.231816049321749151e+00 1.789850136339156059e-03 1.129923641703377371e+03 1.697898067963408266e+02
2.238124350048766420e+00 1.838516226422660244e-03 1.147835195530726196e+03 1.774374088568333150e+02
2.244461256680506001e+00 1.769483755913013904e-03 1.155219971056440045e+03 1.802723690408764412e+02
2.250672411056880762e+00 1.815340560525242463e-03 1.150680057388809246e+03 1.814082340824292316e+02
2.256976265699253581e+00 1.875232856265233962e-03 1.142227900552486290e+03 1.786724511080477953e+02
2.263404067221236105e+00 1.844596500685106652e-03 1.126106060606060510e+03 1.809150255589468657e+02
2.269740131332425914e+00 1.784620609829179342e-03 1.096787835926449816e+03 1.797725931223718874e+02
2.275928662030326066e+00 1.770462641505800294e-03 1.057958689458689378e+03 1.814423054317934429e+02
2.282234771450446509e+00 1.859120215862977580e-03 1.008842818428184273e+03 1.798760888230918340e+02
2.288651494096741512e+00 1.861574731480084791e-03 9.397489823609226960e+02 1.810094351638705916e+02
2.294929189507614264e+00 1.787386468760323059e-03 8.654171348314606576e+02 1.748993311096361651e+02
2.301123790424945526e+00 1.773889529887621910e-03 7.896527777777778283e+02 1.644532306328654272e+02
2.307427473574251042e+00 1.823767960867003161e-03 6.972422192151556146e+02 1.518080695027212528e+02
2.313824548022820782e+00 1.807223345639351721e-03 6.175780089153046220e+02 1.409399023207500363e+02
2.320154992066300714e+00 1.861695907969135875e-03 5.396671597633136344e+02 1.312080746118653849e+02
2.326479049872378635e+00 1.797363522119922990e-03 4.747873651771956816e+02 1.207811213153511574e+02
2.332811122143054305e+00 1.834923033436536115e-03 4.146246200607902779e+02 1.097044863480346919e+02
2.339146829363451641e+00 1.809933127175767861e-03 3.629811616954473834e+02 9.980219648110048070e+01
2.345346999874724947e+00 1.788822558822959720e-03 3.227556270096462754e+02 9.369767016197421583e+01
2.351591514044208964e+00 1.821961582186779451e-03 2.986283464566928956e+02 8.703758730182728698e+01
2.357940827546205931e+00 1.821480796874143165e-03 2.830110759493670685e+02 8.359991685031886277e+01
2.364269371024037891e+00 1.822839816105960298e-03 2.751458333333333144e+02 8.116279220271452743e+01
2.370575565839220911e+00 1.828742917233826173e-03 2.707990353697749129e+02 8.183412638924927762e+01
2.376891771469677561e+00 1.815523241845057745e-03 2.705744336569579218e+02 8.171263137972665902e+01
2.383240749019818416e+00 1.833462819707767054e-03 2.665016077170417930e+02 8.002190214654437739e+01
2.389601619010945921e+00 1.828185711102788165e-03 2.657345276872964064e+02 7.950546928250776091e+01
2.395961259100775731e+00 1.812604844355751544e-03 2.612670906200318086e+02 7.912482738188919029e+01
2.402160007896914973e+00 1.807533258736503850e-03 2.651805970149253540e+02 7.496419372495877553e+01
2.408453972146052724e+00 1.793232887210479852e-03 2.760321637426900452e+02 7.142598635746344371e+01
2.414771780432101167e+00 1.830638750947721858e-03 2.916786226685796350e+02 7.058994781023291409e+01
2.421058800843912895e+00 1.849123668637423033e-03 3.102418670438472645e+02 7.191083472454992886e+01
2.427397847212681370e+00 1.833909450969152099e-03 3.307208333333333599e+02 7.610266830200623644e+01
2.433701938443864954e+00 1.777285794113256248e-03 3.429170182841069163e+02 7.990309726360123932e+01
2.440001432560962691e+00 1.835928632076300280e-03 3.495526675786593955e+02 7.959382417460818715e+01
2.446276920633820851e+00 1.825543246774167941e-03 3.499972489683631238e+02 7.940793629280294397e+01
2.452612917458465880e+00 1.850886418197054181e-03 3.518501326259947177e+02 7.987246062944227276e+01
2.458937188373468086e+00 1.764090576915684772e-03 3.512835616438356396e+02 7.874647707972484056e+01
2.465235494564519847e+00 1.842465198645606636e-03 3.505019815059445136e+02 7.773764220674732428e+01
2.471581205305689810e+00 1.856761058240425245e-03 3.471434210526315951e+02 7.684718697147840771e+01
2.477865992864338285e+00 1.798850075022648308e-03 3.456178428761651276e+02 7.857432163015002402e+01
2.484122936716935737e+00 1.780971833254360159e-03 3.427542932628797985e+02 7.743721241346082707e+01
2.490467721662181333e+00 1.849468727863495983e-03 3.377369093231162083e+02 7.572403634915924897e+01
2.496849546734450254e+00 1.852734310658727887e-03 3.293116219667944051e+02 7.580043095627607386e+01
2.503105859710241798e+00 1.772860352036017325e-03 3.194920844327176610e+02 7.547577276971766480e+01
2.509322203788900918e+00 1.804578376445024500e-03 3.090487179487179219e+02 7.394210484228564439e+01
2.515643032193938478e+00 1.830400595634155535e-03 2.973085642317380461e+02 7.020960620840185129e+01
2.522012436559997628e+00 1.844427975373299751e-03 2.847915632754342710e+02 7.095969021547280420e+01
2.528376527697731913e+00 1.805263014170996501e-03 2.724484924623115489e+02 6.888085387834067319e+01
2.534662305746367750e+00 1.817191430107880853e-03 2.608904282115868796e+02 6.717300080675012453e+01
2.540923642722284104e+00 1.847774197163838152e-03 2.498465346534653406e+02 6.512878347299967174e+01
2.547222087144660030e+00 1.810867478977307979e-03 2.390779702970297080e+02 6.382330929378294826e+01
2.553540685742163419e+00 1.807658101810726481e-03 2.317209302325581461e+02 6.287729782221731512e+01
2.559925401613222018e+00 1.856915584780679824e-03 2.246874251497006014e+02 5.974202129364695679e+01
2.566280305514876403e+00 1.838802799104265022e-03 2.186828087167070294e+02 5.792242013128425526e+01
2.572544852388987113e+00 1.785952156998167010e-03 2.175938650306748343e+02 5.722599867332796464e+01
2.578799894204640619e+00 1.806472379669163885e-03 2.189201934703748407e+02 5.672470754570467477e+01
2.585123793491197919e+00 1.855120447360665906e-03 2.203866039952996516e+02 5.676583307594078320e+01
2.591472256141813091e+00 1.805120360344933915e-03 2.206984505363527944e+02 5.818137157317757158e+01
2.597744265483155957e+00 1.788819714346394623e-03 2.220923261390887262e+02 5.857596661399881555e+01
2.604038454996993934e+00 1.850630787333012181e-03 2.219673659673659643e+02 5.762592427660630534e+01
2.610374414453144443e+00 1.837105816396599096e-03 2.206961583236321189e+02 5.936609641330357334e+01
2.616634120485421100e+00 1.761050173804210722e-03 2.201754176610978391e+02 5.835443702948403200e+01
2.622940397920966227e+00 1.848634675493098997e-03 2.206473265073947800e+02 5.829536536395259816e+01
2.629323187355575353e+00 1.839581463337864892e-03 2.213710045662100470e+02 5.864345283111288865e+01
2.635681273538560632e+00 1.815290224604702678e-03 2.201168384879725011e+02 5.898036055866125338e+01
2.641934789831782204e+00 1.778405014700361417e-03 2.203415492957746551e+02 5.839379781185910190e+01
2.648176773767660031e+00 1.853093332118325998e-03 2.229526493799323532e+02 5.960377404501853960e+01
2.654514065851063087e+00 1.823524830511773481e-03 2.224169491525423723e+02 6.027945806998555867e+01
2.660817448321032508e+00 1.798052776896779401e-03 2.235392491467576690e+02 6.188870276813548088e+01
2.667123571907564994e+00 1.844852426740933296e-03 2.291133333333333439e+02 6.567911517651840825e+01
2.673472329675100401e+00 1.839448802019330543e-03 2.291173864894795145e+02 6.940328383997793082e+01
2.679761377760365715e+00 1.786299887381436651e-03 2.313257918552036188e+02 7.209377924960274697e+01
2.686129035698236578e+00 1.877272974428747035e-03 2.316818663838812427e+02 8.315132203445703851e+01
2.692300573720700196e+00 1.798376592015874225e-03 2.369663299663299654e+02 7.845717666601873930e+01
2.698561328278970439e+00 1.798779619418457414e-03 2.398517673888255501e+02 7.628873453246875158e+01
2.704947056964875252e+00 1.860594623228957294e-03 2.469617977528089909e+02 7.847683164097547603e+01
2.711339925705444909e+00 1.826229981736538378e-03 2.485740740740740762e+02 7.518789606383579383e+01
2.717643416720191052e+00 1.774618570520191145e-03 2.508651551312649133e+02 7.115283751207847729e+01
2.723934694222051256e+00 1.823763048442502126e-03 2.586410861865407469e+02 7.084743849336202004e+01
2.730274673678132036e+00 1.841398355898408350e-03 2.622172373081464229e+02 6.708755003005369133e+01
2.736591263199737778e+00 1.788312012670147501e-03 2.639207317073170884e+02 6.354101583260891317e+01
2.742885231028380222e+00 1.844652457607765493e-03 2.691702637889688390e+02 6.348319697627273683e+01
2.749161241756704843e+00 1.804773587711254630e-03 2.671363636363636260e+02 6.010967658100666000e+01
2.755398232824302962e+00 1.776157869081165970e-03 2.652156133828996190e+02 5.628357677624162392e+01
2.761751565609168679e+00 1.857903093933079139e-03 2.671624850657108823e+02 5.436909859779791532e+01
2.768124311574730267e+00 1.813883183384283311e-03 2.671779141104294695e+02 5.046162826179932637e+01
2.774423663616722546e+00 1.776295681999270643e-03 2.730961298377028470e+02 4.484263919310686219e+01
2.780754869867226198e+00 1.842436817654598789e-03 2.938306942752740838e+02 3.861498792655847723e+01
2.787077464795406190e+00 1.805278297034774168e-03 3.327087500000000091e+02 4.129212769251542881e+01
2.793346642012575654e+00 1.793644434711254678e-03 3.899785624211853587e+02 5.397914937845133920e+01
2.799634253246212179e+00 1.838111547031318375e-03 4.521389578163771716e+02 6.581382659683369241e+01
2.805924842988945844e+00 1.808245895551135627e-03 5.081502525252525402e+02 7.740594871661818388e+01
2.812167973206011862e+00 1.789098639402584082e-03 5.471867007672634600e+02 8.514232051209961583e+01
2.818496662748549042e+00 1.874446068014908040e-03 5.744437652811735688e+02 8.972431531714160258e+01
2.824858807967614460e+00 1.791571154666717633e-03 5.897490445859872352e+02 9.636148311336016548e+01
2.831150482550185643e+00 1.815112775054883139e-03 5.990240506329114396e+02 9.638673136721914148e+01
2.837475400148095517e+00 1.850316795954077458e-03 6.029265255292652910e+02 9.509448399403537167e+01
2.843805018276897911e+00 1.786824753329564535e-03 6.039922978177149844e+02 9.252738515682722209e+01
2.850131561922547352e+00 1.845583173970813699e-03 6.041960049937578106e+02 8.878971512588634596e+01
2.856484494638581229e+00 1.841115527677602507e-03 6.029987546699875338e+02 8.809979622016186340e+01
2.862782859862781137e+00 1.780809355167121575e-03 6.023941326530612059e+02 8.723399513417902540e+01
2.869068523143336158e+00 1.847699945098150954e-03 5.955901840490797667e+02 8.373958106902176723e+01
2.875378514069953706e+00 1.802909528894259443e-03 5.848539325842696144e+02 8.133346199447170477e+01
2.881671995666307051e+00 1.819305449905813353e-03 5.693614906832298175e+02 8.006155370862060749e+01
2.887980092673573917e+00 1.848812746508326317e-03 5.461703431372549176e+02 7.822462857373531619e+01
2.894292086458025270e+00 1.795011172749967111e-03 5.161758793969848966e+02 7.597397359804311634e+01
2.900588101801901963e+00 1.834444505730529681e-03 4.745030902348578365e+02 7.987074497461085798e+01
2.906894294921833044e+00 1.834235081131648307e-03 4.351635687732342035e+02 8.638348243606979793e+01
2.913143215321425394e+00 1.775388414920497622e-03 3.991165172855313585e+02 9.048357434319778747e+01
2.919469846096636179e+00 1.902110692867622259e-03 3.637278177458033497e+02 9.342963691084649724e+01
2.925831071463227850e+00 1.799019204260941503e-03 3.457131979695431596e+02 8.744723496758486192e+01
2.932125236913744715e+00 1.849572311535908030e-03 3.310383189122373437e+02 8.130521210836332102e+01
2.938426190430696305e+00 1.829943172517629413e-03 3.280024968789013542e+02 7.413135756318777680e+01
2.944698497868602605e+00 1.792371922793937686e-03 3.308020304568527763e+02 6.850008261492044426e+01
2.951032364443879619e+00 1.872648010744969562e-03 3.362548543689320582e+02 6.230085491860015168e+01
2.957349976869245278e+00 1.772646084934545842e-03 3.586189258312020343e+02 5.920333269399727527e+01
2.963641534615172990e+00 1.843499637433317897e-03 3.924456790123456926e+02 5.973334320803856912e+01
2.969974563050315375e+00 1.835483252247156055e-03 4.400198757763974982e+02 6.326569922135451662e+01
2.976261971728969780e+00 1.784595762971840369e-03 4.825459183673469283e+02 6.618830293164229772e+01
2.982555079221103078e+00 1.856376802478345786e-03 5.063329253365973273e+02 6.896278045738472429e+01
2.988860230475899549e+00 1.767956570045068222e-03 5.243265044814340854e+02 6.978024833318792730e+01
2.995178874680174186e+00 1.856934622757372335e-03 5.277860635696821419e+02 7.099835862964023647e+01
3.001496400543723020e+00 1.797819739674591305e-03 5.308187579214195466e+02 7.040332746792584828e+01
3.007822553902104179e+00 1.849516356328991537e-03 5.310346534653465369e+02 7.017150193354457599e+01
3.014155913686516808e+00 1.844070628166239031e-03 5.278422360248447376e+02 7.149488802653608843e+01
3.020427983220980828e+00 1.780401570183770890e-03 5.243935897435897004e+02 7.300019811650726353e+01
3.026726854870708916e+00 1.864734463497724846e-03 5.216430317848411278e+02 1.750727247013877843e+02
3.033042693621903041e+00 1.790509691971886499e-03 5.748750000000000000e+02 9.056889097849204973e+02
3.039417687211595442e+00 1.892848977299335135e-03 5.702958937198067133e+02 1.192724696420598320e+03
3.045771113053035606e+00 1.809002971513908259e-03 4.861394169835234607e+02 3.732359213459383795e+02
3.052089874155329063e+00 1.844438578281415919e-03 4.348771712158808782e+02 9.936596591657014699e+01
3.058386304167925118e+00 1.824217551217444024e-03 4.012406015037594216e+02 1.072358154100467686e+02
3.064635661305841197e+00 1.781811879387494579e-03 3.714474358974359234e+02 1.100922939867558483e+02
3.070942258104439215e+00 1.879278577764203085e-03 3.346957575757575682e+02 1.117030876701325326e+02
3.077306102136554866e+00 1.789896323379901438e-03 3.102465057179161363e+02 1.007153096679956406e+02
3.083610248093582751e+00 1.842323938384468965e-03 2.829409594095940861e+02 9.107535846118204859e+01
3.089899276602742884e+00 1.781295098450355954e-03 2.657987261146496962e+02 7.784826002622745023e+01
3.096219282790054539e+00 1.849962857272845727e-03 2.451200980392156907e+02 6.659407828670376261e+01
3.102516781183005889e+00 1.793151767743564459e-03 2.325779467680608263e+02 5.552399353727786746e+01
3.108846425703184035e+00 1.844538984569745127e-03 2.187293972939729372e+02 4.826669958479974554e+01
3.115155056293756886e+00 1.812510444856532069e-03 2.100075282308657449e+02 4.325069116815380710e+01
3.121484332076036150e+00 1.832521331068808152e-03 2.031451612903225907e+02 4.072356060927962318e+01
3.127777573742708483e+00 1.818133687887086257e-03 1.973516209476309200e+02 3.872249558050447860e+01
3.134074710556275623e+00 1.800750836428910992e-03 1.942093316519546136e+02 3.697801842316177812e+01
3.140350968701055567e+00 1.840082388152106639e-03 1.932869458128078861e+02 3.547127174109113668e+01
3.146669598331559570e+00 1.795769837056059460e-03 1.951477272727272805e+02 3.424921409620268520e+01
3.152959210157879166e+00 1.842768641532451131e-03 1.932822085889570474e+02 3.303893175223728207e+01
3.159264892205651432e+00 1.791857333635609589e-03 1.939848101265822891e+02 3.239865996860945785e+01
3.165581888857809112e+00 1.858342078644047027e-03 1.913458737864077648e+02 3.113951871858447618e+01
3.171905560319084216e+00 1.782720971754531017e-03 1.892547528517110322e+02 2.914165067550834820e+01
3.178180461481988406e+00 1.828434529921516482e-03 1.852972972972972912e+02 2.813868234158414339e+01
3.184506679420991304e+00 1.810619157308176325e-03 1.840709838107098335e+02 2.706836106035786926e+01
3.190846230582273346e+00 1.831490456789015321e-03 1.797542787286063515e+02 2.649240709377817637e+01
3.197132365687451294e+00 1.780884113596707067e-03 1.775772151898734137e+02 2.621861275015405823e+01
3.203454230992797136e+00 1.862619862555806765e-03 1.715367913148371599e+02 2.666921223753309889e+01
3.209790152929830498e+00 1.796864404628749357e-03 1.675446540880503221e+02 2.705458515491145377e+01
3.216105270782768422e+00 1.849581865447865814e-03 1.613276699029126178e+02 2.882843578316423816e+01
3.222383723154825574e+00 1.773184836801974633e-03 1.585837563451776759e+02 2.837538559047393960e+01
3.228652903688512765e+00 1.829814433570467642e-03 1.530036540803897651e+02 2.815841719310148861e+01
3.234977992221026444e+00 1.801123950508762587e-03 1.522723880597014841e+02 2.718884619593848839e+01
3.241301441286830176e+00 1.830570155328411054e-03 1.489550425273390033e+02 2.655566362366725386e+01
3.247581817024004280e+00 1.774748969754167847e-03 1.513957016434892466e+02 2.515616311089061696e+01
3.253885986942128827e+00 1.868811343678552150e-03 1.517305389221556879e+02 2.444654689002103964e+01
3.260235987169183947e+00 1.804603356501592029e-03 1.555237500000000068e+02 2.334472832621960592e+01
3.266546856392692710e+00 1.857627301288636550e-03 1.558593750000000000e+02 2.292028426064873869e+01
3.272886904023045052e+00 1.792569475559808913e-03 1.565600000000000023e+02 2.141412150894823441e+01
3.279153478698136670e+00 1.837211362056317054e-03 1.546472727272727354e+02 2.136320835161193088e+01
3.285516195699416553e+00 1.819318898053023329e-03 1.549828009828009954e+02 2.051405528879100970e+01
3.291677990232397821e+00 1.824817096246810931e-03 1.549580602883355311e+02 1.959409919966427438e+01
3.298068987764390059e+00 1.863784166448585874e-03 1.555794520547945297e+02 1.969783630537958175e+01
3.304430978840338096e+00 1.814787339162488022e-03 1.537718023255814046e+02 1.981480187154267014e+01
3.310737564052387061e+00 1.817945227602999880e-03 1.517708333333333428e+02 2.065592843985240634e+01
3.317033906120231190e+00 1.800198345421728579e-03 1.489106317411402074e+02 2.241160438714844361e+01
3.323313479518194669e+00 1.810036704891648416e-03 1.464310344827586334e+02 2.354648895123436247e+01
3.329645772824664451e+00 1.853775369266378323e-03 1.439765990639625670e+02 2.413665674944640926e+01
3.335990548707715053e+00 1.826590486813650920e-03 1.412937399678972668e+02 2.402869269756806858e+01
3.342268739174953929e+00 1.807641793864574143e-03 1.394567699836867973e+02 2.361454887815304104e+01
3.348554594221377023e+00 1.807536448754866812e-03 1.362631578947368496e+02 2.384917513106341147e+01
3.354810866618635590e+00 1.798386852034845364e-03 1.326113902847571069e+02 2.295981683666298423e+01
3.361143554435736203e+00 1.860575678898459748e-03 1.295540983606557290e+02 2.125374678067719358e+01
3.367505271257411170e+00 1.829077091643749146e-03 1.262702702702702737e+02 1.905198378632267975e+01
3.373804785089639324e+00 1.803149868685275390e-03 1.231993067590987891e+02 1.706259650105519654e+01
3.380079784639911100e+00 1.805631642174917659e-03 1.204657293497363781e+02 1.565309603741497568e+01
3.386416571036835244e+00 1.843579116849991192e-03 1.181830985915492960e+02 1.436086358462647539e+01
3.392732849186819166e+00 1.821713749179523084e-03 1.167495462794918382e+02 1.359233976998051219e+01
3.399077842768783331e+00 1.840157085703132342e-03 1.155018115942029056e+02 1.274793958913032377e+01
3.405368445234043140e+00 1.771416845865005909e-03 1.150687022900763310e+02 1.246312081993220744e+01
3.411642977450664915e+00 1.840004348347408980e-03 1.151748120300751879e+02 1.275373432658037309e+01
3.417946432239648225e+00 1.816648589106147462e-03 1.173533980582524237e+02 1.390027134969170319e+01
3.424268333461439884e+00 1.838339958730071926e-03 1.237098646034816198e+02 1.536217752053365615e+01
3.430601598134079389e+00 1.799761940178920376e-03 1.358156312625250450e+02 1.690672594499561754e+01
3.436922606236269218e+00 1.844213366763177700e-03 1.493820000000000050e+02 1.733501773866989737e+01
3.443269856433799347e+00 1.834668830692703879e-03 1.604437627811860807e+02 1.648133028408371814e+01
3.449516618902171317e+00 1.769622948488585408e-03 1.653461538461538396e+02 1.534470517764428799e+01
3.455771942280530862e+00 1.817195070858158281e-03 1.656638477801268436e+02 1.381707859797817584e+01
3.462154010515302804e+00 1.866018191136946868e-03 1.669810126582278542e+02 1.365300929151915810e+01
3.468478914699885340e+00 1.799468636805881495e-03 1.659933481152993409e+02 1.349295401183689158e+01
3.474737530089159865e+00 1.798535080277152308e-03 1.657017937219731039e+02 1.467915763815466690e+01
3.481027808853469629e+00 1.828779808500339806e-03 1.654049773755656076e+02 1.627381054220818868e+01
3.487370903609774420e+00 1.855504762412056021e-03 1.628800904977375694e+02 2.034518436616854942e+01
3.493710577164840458e+00 1.791815171782784382e-03 1.584657210401891234e+02 2.460053040405930602e+01
3.499981309375833849e+00 1.817721919481020843e-03 1.537088305489260165e+02 2.917039833119799397e+01
3.506294281862427642e+00 1.840208171226962808e-03 1.467817745803357354e+02 3.356963924864118098e+01
3.512643170548069183e+00 1.819719049123772565e-03 1.405233415233415144e+02 3.519479145338554105e+01
3.518887929185086527e+00 1.780316295825717758e-03 1.347717948717948673e+02 3.500847741796636825e+01
3.525201780775713889e+00 1.871585280235478531e-03 1.263275434243176250e+02 3.270725448291192095e+01
3.531587235286628879e+00 1.812415240060859375e-03 1.172395833333333286e+02 2.702338868908413261e+01
3.537791204901774123e+00 1.765649031450039182e-03 1.111934604904632096e+02 2.071806710430785969e+01
3.544104483213670331e+00 1.881636984785636617e-03 1.067864583333333286e+02 1.578495427166348719e+01
3.550526160049383151e+00 1.823753900979235669e-03 1.062049180327868783e+02 1.210245832246172171e+01
3.556826252644191833e+00 1.805941154371571225e-03 1.085746478873239482e+02 1.060365954353193452e+01
3.563110991539715666e+00 1.831382697511484874e-03 1.138522727272727337e+02 1.023032624870578822e+01
3.569418747584309326e+00 1.819035597463529485e-03 1.180872093023255758e+02 9.633014773911490636e+00
3.575721219182565580e+00 1.815191134896390569e-03 1.238961424332344166e+02 9.372486587329053265e+00
3.582041784633743120e+00 1.836067019019354488e-03 1.297717717717717676e+02 8.398917852936749640e+00
3.588351193306853926e+00 1.816205673054769026e-03 1.351052631578947398e+02 6.693078148006597949e+00
3.594644124218077774e+00 1.816162507538995278e-03 1.391640378548895853e+02 5.477408166179455584e+00
3.600965899690116157e+00 1.832434222657099978e-03 1.403003194888179053e+02 5.840278311768495989e+00
3.607301933810233674e+00 1.823864462282996299e-03 1.400393442622950886e+02 6.226744857339914674e+00
3.613589615564896995e+00 1.801875725405921403e-03 1.388610169491525426e+02 7.257996808165250613e+00
3.619872304563952703e+00 1.819848024125704684e-03 1.361993127147766245e+02 9.822591111051417911e+00
3.626184481674183946e+00 1.827760715362539709e-03 1.322912280701754355e+02 1.150669054777546840e+01
3.632455309189269510e+00 1.797655079431180383e-03 1.272554744525547505e+02 1.324052784451451004e+01
3.638754857574894697e+00 1.841922947680418475e-03 1.207554744525547505e+02 1.491182995114532517e+01
3.645110863435991444e+00 1.833895812584415653e-03 1.137067669172932369e+02 1.653008587536269403e+01
3.651399341121458253e+00 1.797724079201825547e-03 1.072000000000000028e+02 1.683344010837810600e+01
3.657684783062496781e+00 1.823089633617003442e-03 9.978968253968254487e+01 1.515313929143025540e+01
3.663989311092172851e+00 1.817352227903809700e-03 9.281147540983606348e+01 1.237298407893053387e+01
3.670338462676961733e+00 1.852037082036360515e-03 8.795454545454545325e+01 1.033497922796046353e+01
3.676667454351053799e+00 1.802731285318214709e-03 8.517903930131004131e+01 8.323386956505073542e+00
3.682957402673964431e+00 1.831301914300888494e-03 8.383628318584071337e+01 6.983158869187318096e+00
3.689264510226057059e+00 1.810576500315507495e-03 8.359907834101382207e+01 6.512561026544505971e+00
3.695607159299667099e+00 1.851070780809128090e-03 8.431162790697673870e+01 6.281176218593229166e+00
3.701906411334345837e+00 1.786914693256676148e-03 8.702487562189054415e+01 6.587301404112239744e+00
3.708163258087520564e+00 1.825159420261267002e-03 9.110552763819094935e+01 6.060784833681347017e+00
3.714507337749332283e+00 1.833043865117713490e-03 9.496373056994818285e+01 4.917827274452103659e+00
3.720870273368275249e+00 1.842023606415223082e-03 9.918716577540106982e+01 4.895505066795250215e+00
3.727157013165883104e+00 1.785929560704693081e-03 1.002114285714285700e+02 3.596338273799034813e+00
3.733414267292576749e+00 1.823616893326991065e-03 1.017906976744186096e+02 3.262057966092601458e+00
3.739747614563589284e+00 1.832601406324968355e-03 1.021927710843373518e+02 3.969783533585597546e+00
3.746091684029914770e+00 1.828992002129592063e-03 1.016855345911949655e+02 3.993676026195311035e+00
3.752406222021260618e+00 1.812401454337024109e-03 1.001456953642384065e+02 4.808202426945375585e+00
3.758712131096641595e+00 1.823143945980814458e-03 9.874482758620689538e+01 5.315107582053169466e+00
3.765000355804634324e+00 1.809969724265664184e-03 9.583211678832117286e+01 6.486915973976278060e+00
3.771324791207556704e+00 1.846593531196991230e-03 9.115037593984962427e+01 8.277218875283221422e+00
3.777640884128447674e+00 1.800430178895984180e-03 8.535772357723577386e+01 7.601678187725841696e+00
3.783890033752419058e+00 1.812352582976840126e-03 8.128205128205128460e+01 5.953505294394147107e+00
3.790205950757557840e+00 1.839564216382759279e-03 7.982142857142856940e+01 5.636496188742992075e+00
3.796547481197723339e+00 1.823144808823023381e-03 8.041346153846153300e+01 4.755194139230820127e+00
3.802839460639445335e+00 1.822115437231795494e-03 8.146391752577319778e+01 4.641351150664317693e+00
3.809162628389719529e+00 1.835235423465040759e-03 8.567032967032966440e+01 6.096098752282878230e+00
3.815477698903783743e+00 1.813833779597889004e-03 9.081927710843373802e+01 6.962125102913171659e+00
3.821777178949230969e+00 1.830898415393102585e-03 9.928571428571429180e+01 6.884011213646472171e+00
3.828076951026545771e+00 1.795694771849016581e-03 1.067971014492753596e+02 6.433558442114545528e+00
3.834316772867639944e+00 1.791896653628349866e-03 1.138387096774193594e+02 7.016370036646802255e+00
3.840583618544390898e+00 1.820001018717854217e-03 1.221607142857142918e+02 6.659732788658003777e+00
3.846911872181034475e+00 1.824281646184678762e-03 1.300612244897959044e+02 7.363558299976390664e+00
3.853313008086272973e+00 1.880829953221405115e-03 1.322790697674418539e+02 6.169938811950453683e+00
3.859656947796285653e+00 1.787945514535103963e-03 1.292352941176470722e+02 5.649968613073855117e+00
3.865825284683709118e+00 1.773175751446867720e-03 1.245925925925925952e+02 6.941851367720474286e+00
3.872064552013789740e+00 1.858490478498285668e-03 1.180952380952381020e+02 8.651740155006422128e+00
3.878243048288448236e+00 1.738115315901965106e-03 1.106153846153846132e+02 4.221668533542229262e+00
3.884441558101385361e+00 1.990091083924331716e-03 1.094285714285714306e+02 4.295227536677973745e+00
