# q qerr I(q) I(q)err
6.111313073595031620e-02 3.154100855865873791e-03 3.187500000000000000e+02 9.793931475663896435e+01
6.800242608866982619e-02 2.110752812487300123e-03 4.618333333333333144e+02 5.552276810262415552e+01
7.478812129850326285e-02 1.894856213165734514e-03 5.128888888888889142e+02 8.996158302160475273e+01
8.081736842982174818e-02 1.577734731020807597e-03 5.764444444444444571e+02 8.893984650479387710e+01
8.706192866790804508e-02 2.018057842609979804e-03 5.883846153846153584e+02 1.049063544084259689e+02
9.311361532868518698e-02 1.734318039620741251e-03 6.237500000000000000e+02 1.072411612519496487e+02
9.924832822165428892e-02 1.939409616079583844e-03 6.181875000000000000e+02 1.545620071767314982e+02
1.056867454532435108e-01 2.068262530006435406e-03 5.662916666666666288e+02 1.779544944173462966e+02
1.120935416356093062e-01 1.699923986068800717e-03 5.609615384615384528e+02 1.843721073386564058e+02
1.177168722532570266e-01 1.903764278506084144e-03 5.609687500000000000e+02 1.912674777553021386e+02
1.242406998858587575e-01 2.007415885574503726e-03 5.511071428571428896e+02 1.795798455238430620e+02
1.307844605212421796e-01 1.948859987027574741e-03 5.563571428571428896e+02 1.479679967466765333e+02
1.372938405551752672e-01 1.976444694498947011e-03 5.564516129032258505e+02 1.476089132102296162e+02
1.433626874055373979e-01 1.479129257371093872e-03 5.417200000000000273e+02 1.338752792714173836e+02
1.497414395840910573e-01 2.132896554945924294e-03 5.577837837837837469e+02 1.355070611558030294e+02
1.562016171858009728e-01 1.470810848565314282e-03 5.574814814814815236e+02 1.260426474301195299e+02
1.620883487451751925e-01 1.817360580555445800e-03 5.708181818181818699e+02 1.238718457107167552e+02
1.684939590642719198e-01 1.975568076388520972e-03 5.751351351351351013e+02 1.283169070467311599e+02
1.749358117034872373e-01 1.810730169671130639e-03 5.826857142857143117e+02 1.258763825086715258e+02
1.813634234827302405e-01 1.982290824745188643e-03 5.910487804878048337e+02 1.247077511643759635e+02
1.877608813777307539e-01 1.710969833005861022e-03 5.923513513513513544e+02 1.329040279404840703e+02
1.936838392192468117e-01 1.708352888559126238e-03 5.976052631578946830e+02 1.323270156021503681e+02
1.998200724089964908e-01 1.901042836663710675e-03 6.057209302325580893e+02 1.305902852696727052e+02
2.064988844748374130e-01 2.083185659227047067e-03 6.033125000000000000e+02 1.514786580814824504e+02
2.131062600015138364e-01 1.923054290541973939e-03 6.235744680851063322e+02 1.331788961485909795e+02
2.193208008558340527e-01 1.649587748772136844e-03 6.275813953488371908e+02 1.381529356901448580e+02
2.255197753110727010e-01 1.943898002345461392e-03 6.364705882352941444e+02 1.315501228914538956e+02
2.319084130262620835e-01 1.853433278599466881e-03 6.436200000000000045e+02 1.335456026981046023e+02
2.380456302514551703e-01 1.717913041466973250e-03 6.493750000000000000e+02 1.346989409293926201e+02
2.441826744061198484e-01 1.910984005326162374e-03 6.555636363636364194e+02 1.316359367145261956e+02
2.508567628905887248e-01 1.865639566994751813e-03 6.052741935483870748e+02 1.825510804742335438e+02
2.571616352083493928e-01 2.042758540577210586e-03 5.834024390243902189e+02 1.870317281662887581e+02
2.636090936505812721e-01 1.759536909171210452e-03 5.873766233766233427e+02 1.722935223716773123e+02
2.696276322290375727e-01 1.767913466712890637e-03 5.959624999999999773e+02 1.647163034584008585e+02
2.756934411426098519e-01 1.847457432374286813e-03 6.100952380952380736e+02 1.549747035169247340e+02
2.820483295007140123e-01 1.942127748479487680e-03 6.167415730337078230e+02 1.515495913106863100e+02
2.885873542857223528e-01 1.999902870285049771e-03 6.289894736842105658e+02 1.489680989851030120e+02
2.950059364807982032e-01 1.753155416080761590e-03 6.337674418604651692e+02 1.460683623114919669e+02
3.012776628394395750e-01 1.916275679195857595e-03 6.443999999999999773e+02 1.423872111347674547e+02
3.076468654533095481e-01 1.858480647863890167e-03 6.486666666666666288e+02 1.404839306363012099e+02
3.139397285054469910e-01 1.849733180513128640e-03 6.567659574468085566e+02 1.369788622076987110e+02
3.202097007249891103e-01 1.889977811219999311e-03 6.591632653061224119e+02 1.335868039668806375e+02
3.264390569218261762e-01 1.757358001834326191e-03 6.650107526881720332e+02 1.309303352480701506e+02
3.326951465344144543e-01 1.930481388006281569e-03 6.794038461538461888e+02 1.264454291805397048e+02
3.390239669727912464e-01 1.785238221274862988e-03 6.786632653061224119e+02 1.268069620433248446e+02
3.452290355408559885e-01 1.822729964848564038e-03 6.879411764705882888e+02 1.232117413966423953e+02
3.515217579766085620e-01 1.894166946962649433e-03 6.958571428571428896e+02 1.211176018148797198e+02
3.581115149106128270e-01 1.984833837990382030e-03 7.073982300884955521e+02 1.181139571932942545e+02
3.646365217867122976e-01 1.807385512883236643e-03 7.190280373831775478e+02 1.148414569029856551e+02
3.707522342694583029e-01 1.646676631311451595e-03 7.217300000000000182e+02 1.139371510965584804e+02
3.768404479121448269e-01 1.835047814059704218e-03 7.349369369369369451e+02 1.091130290688148250e+02
3.831651369708888866e-01 1.834489868729198949e-03 7.340180180180179832e+02 1.054101377239059190e+02
3.894643253735652899e-01 1.853753096359237081e-03 7.343539823008849226e+02 1.004813281069868225e+02
3.958807651630259494e-01 1.912159574900255954e-03 7.311250000000000000e+02 9.840250039167365514e+01
4.022473572087105209e-01 1.746533598099251966e-03 7.310990990990991349e+02 9.464885359352035721e+01
4.083991683103055381e-01 1.862831917861469243e-03 7.360000000000000000e+02 8.876756542943434170e+01
4.147868792651558945e-01 1.850918924272050396e-03 7.384049586776859542e+02 8.529954811694084071e+01
4.211381020132339281e-01 1.813003092898375071e-03 7.467685950413223281e+02 7.985535939187140286e+01
4.273404438934948479e-01 1.765577699919095717e-03 7.513193277310924714e+02 7.654137041819525678e+01
4.337195733954657406e-01 1.911235613422362228e-03 7.604923076923076906e+02 7.366498931573650566e+01
4.400834723796714920e-01 1.795304431444431784e-03 7.635080645161290249e+02 7.310280542694873418e+01
4.463380503116383125e-01 1.781136916513354146e-03 7.653412698412698774e+02 7.248895190405328037e+01
4.525475293404462862e-01 1.782735370135076804e-03 7.658503937007874356e+02 7.137347749932450824e+01
4.588781844142776345e-01 1.863542184770878652e-03 7.583208955223880139e+02 7.101794614418075469e+01
4.652813857520213814e-01 1.809454061223974295e-03 7.523533834586465900e+02 6.831245906029094783e+01
4.715886271752884884e-01 1.786725641485754782e-03 7.416044776119402968e+02 6.595518841636075535e+01
4.778700308571910971e-01 1.749120838384908864e-03 7.389323308270676307e+02 6.235752622984489335e+01
4.841075358786299798e-01 1.812598873705853009e-03 7.344420289855072497e+02 5.956134812356210517e+01
4.904685449060671165e-01 1.813034819841214708e-03 7.277571428571428669e+02 5.819361157868988244e+01
4.967988078032400945e-01 1.775169993053363985e-03 7.272482269503545922e+02 5.440324616694606163e+01
5.030461340587593089e-01 1.710738770771227935e-03 7.245652173913043725e+02 5.309510732807886768e+01
5.093789740337634209e-01 1.844995629980458740e-03 7.261208053691275381e+02 5.069066249139919478e+01
5.157895609665918979e-01 1.772173611217854692e-03 7.233150684931506476e+02 4.876227080675759140e+01
5.220653538623039047e-01 1.710912446064493482e-03 7.221328671328670907e+02 4.810555180669516062e+01
5.282420832211931483e-01 1.776221308977217429e-03 7.225000000000000000e+02 4.821471542780049901e+01
5.345849814872509764e-01 1.797460663252185451e-03 7.222105263157894797e+02 4.824904373774310784e+01
5.409400198384390901e-01 1.769240412124692928e-03 7.248366013071895395e+02 4.827926330819074963e+01
5.471612929737256215e-01 1.671871176479489780e-03 7.244189189189189619e+02 4.744359709212797327e+01
5.535187503546902255e-01 1.843477994232445120e-03 7.290432098765431874e+02 4.560090836900781852e+01
5.599303633336802921e-01 1.774845713676194252e-03 7.330573248407642950e+02 4.642242631505021677e+01
5.661980099607780703e-01 1.715649351238413218e-03 7.426103896103895750e+02 4.033441649914119154e+01
5.724333289920446877e-01 1.764199560704661452e-03 7.503437500000000000e+02 4.137378680245500817e+01
5.786575496797814466e-01 1.687338640378493104e-03 7.597337662337662323e+02 4.310918019128933310e+01
5.849918082512260975e-01 1.882166412490617838e-03 7.740232558139534831e+02 4.331871676633917190e+01
5.913559560974818163e-01 1.673563701773732749e-03 7.857452229299362898e+02 4.550044124795685718e+01
5.976003341774964728e-01 1.789272139650604403e-03 7.999112426035502494e+02 4.694788624601094540e+01
6.039710484280985670e-01 1.760471037718898532e-03 8.124940476190475920e+02 4.755613776014754990e+01
6.103455122609070527e-01 1.778153705054047679e-03 8.211228070175438916e+02 4.882116451337875418e+01
6.165941547084902163e-01 1.709282904712068618e-03 8.209760479041916597e+02 4.998699712599046308e+01
6.227886440901039267e-01 1.708031916550016484e-03 8.163452380952380736e+02 5.018361057564672478e+01
6.292222757675741684e-01 1.895555695838723603e-03 8.046737967914438059e+02 4.642524756821900667e+01
6.355837393651907474e-01 1.609918394456906487e-03 7.864909090909090992e+02 4.345389247639229069e+01
6.417201133152361514e-01 1.735489606861494215e-03 7.698202247191011338e+02 3.932749755747645537e+01
6.480234646877054416e-01 1.746502386866512820e-03 7.491292134831460316e+02 3.569369985823126967e+01
6.543745591304535036e-01 1.808595843625667669e-03 7.307771739130434980e+02 3.222716931211078872e+01
6.607410482875138991e-01 1.776914150084337417e-03 7.140597826086956275e+02 3.101896353476799817e+01
6.669765730033264672e-01 1.670208017253243388e-03 7.014545454545454959e+02 3.084446787265274637e+01
6.731673103258457580e-01 1.796482171393593615e-03 6.923989361702127781e+02 2.850377715950173751e+01
6.795850853652600776e-01 1.822834825668488831e-03 6.826753926701570663e+02 2.660852024098227986e+01
6.858902177354958551e-01 1.747430487391250960e-03 6.759784946236559335e+02 2.544590429822448030e+01
6.921278880332987216e-01 1.765781770802452586e-03 6.700582010582010071e+02 2.521824505277664485e+01
6.985070946107704293e-01 1.847715388967816497e-03 6.671161616161616621e+02 2.385112119047338552e+01
7.048037128132643714e-01 1.757666077632949074e-03 6.609682539682539755e+02 2.268495734687443388e+01
7.109847861020758275e-01 1.767854622430342420e-03 6.577968750000000000e+02 2.180558928252876427e+01
7.172345948602801835e-01 1.822657136245004524e-03 6.550656565656565817e+02 2.027104370113671905e+01
7.236608500653414211e-01 1.906739358311473767e-03 6.516195121951219562e+02 1.977778273885718718e+01
7.299519259881649402e-01 1.814756391122580772e-03 6.482857142857143344e+02 1.997604250226951095e+01
7.362298620906445601e-01 1.872001608046580190e-03 6.445784313725490620e+02 1.945133741172980280e+01
7.427109241448597299e-01 1.961252361706546793e-03 6.411168224299065059e+02 1.878172658621306113e+01
7.489749171607754663e-01 1.795506848231544564e-03 6.361384615384615699e+02 1.861091491158222766e+01
7.553119902396251417e-01 1.968290517240121971e-03 6.333652968036529955e+02 1.782078996661760328e+01
7.617428847945948434e-01 1.878647625832918257e-03 6.286570048309179128e+02 2.595790947827370587e+01
7.679897535333021219e-01 1.889655825210407886e-03 6.281483253588517073e+02 1.293349759331701954e+01
7.742716946001383382e-01 1.890740870187222538e-03 6.234788732394366662e+02 2.027610284280729758e+01
7.806130493972306406e-01 1.874127862848933099e-03 6.208962264150943611e+02 1.806286365535172678e+01
7.869955317179381238e-01 1.962138593108325030e-03 6.180491071428571104e+02 1.759369166173674870e+01
7.933337815560531636e-01 1.823456314192357453e-03 6.156857142857143117e+02 1.768493343918204275e+01
7.995722808394026826e-01 1.873920736445982161e-03 6.161719457013574583e+02 2.039980902326650991e+01
8.059029702364099990e-01 1.855844282913126459e-03 6.248173515981735591e+02 3.788118359278819725e+01
8.122482529694946551e-01 1.899897789708842157e-03 6.375506607929515894e+02 5.965509228485008464e+01
8.185971333973350861e-01 1.831057107996742058e-03 6.462107623318385095e+02 6.669639749761789460e+01
8.248840800988579414e-01 1.805078930334647752e-03 6.602511210762331757e+02 1.186612578650682224e+02
8.311527541867054225e-01 1.843524136775542745e-03 6.574759825327511180e+02 1.125028984369267135e+02
8.375116084758876811e-01 1.829773299230467044e-03 6.569434782608695969e+02 1.059347462950178027e+02
8.438261475186588090e-01 1.817550564165925373e-03 6.397758620689654663e+02 8.193832101799810630e+01
8.500843452560248314e-01 1.755513946144033992e-03 6.209955752212389370e+02 4.899611647742313636e+01
8.563647400134730692e-01 1.844487251387733453e-03 6.070414937759336453e+02 2.516852959501552789e+01
8.626696591174244366e-01 1.710203360544058351e-03 5.998947368421053170e+02 2.207775021324185971e+01
8.689830853488446083e-01 1.844123492424595270e-03 5.947723577235772154e+02 2.152461479880101791e+01
8.753179752476163422e-01 1.741457950302257533e-03 5.904808510638297321e+02 1.911345128223877765e+01
8.815756228481118617e-01 1.752464905610253906e-03 5.866846473029045228e+02 1.782984558364465499e+01
8.877944678552249780e-01 1.716242394594354789e-03 5.834936708860759609e+02 1.934526776020400263e+01
8.941407927930166144e-01 1.839522330085644050e-03 5.807707509881422538e+02 1.879170979314558920e+01
9.005003621585947471e-01 1.752218829319661820e-03 5.773755102040815927e+02 1.746773452028445206e+01
9.067627482844141662e-01 1.720498064613873055e-03 5.753360655737704974e+02 1.660655838849057275e+01
9.130278025298368405e-01 1.789374596252915357e-03 5.742142857142856656e+02 1.695192114143667084e+01
9.193563827426239898e-01 1.786117629316656989e-03 5.743730158730159019e+02 1.917249492378125808e+01
9.256709965929463824e-01 1.773964252230773864e-03 5.738666666666666742e+02 2.205921916856526721e+01
9.319487846442510159e-01 1.740175819907428248e-03 5.720639999999999645e+02 2.160546597507214273e+01
9.382375230166524194e-01 1.835219923763222079e-03 5.707137404580153088e+02 1.963213640118784298e+01
9.445114335627492475e-01 1.754301698834087597e-03 5.710079051383398792e+02 1.918384037674010401e+01
9.507739483173833772e-01 1.796477233495237351e-03 5.722605363984674796e+02 1.930085897889000535e+01
9.571000001339345920e-01 1.844157663989784944e-03 5.755547169811320600e+02 2.140490257021938447e+01
9.634651872700409347e-01 1.860525514413665987e-03 5.860451127819549129e+02 2.683151999535055410e+01
9.697902983397413967e-01 1.869026222830578836e-03 6.398947368421053170e+02 7.777026480507319661e+01
9.761731987705594138e-01 1.898719003246270758e-03 8.445018450184502399e+02 3.091822821293935135e+02
9.824546988499620603e-01 1.850375251942234242e-03 1.362641509433962256e+03 7.033818029333408504e+02
9.887603507672997338e-01 1.885371791598095068e-03 2.351709558823529278e+03 1.042826274525546751e+03
9.951547945742836854e-01 1.923480157877882840e-03 3.433042704626334398e+03 1.068128400271745932e+03
1.001497999719481502e+00 1.820392376112148691e-03 4.315616541353383582e+03 1.203925166447279707e+03
1.007730073445106012e+00 1.872875193246743668e-03 4.571758992805755042e+03 1.324446753795157292e+03
1.014110590476311025e+00 1.881534321868284657e-03 4.680007092198581631e+03 1.559159454850147768e+03
1.020442888611849064e+00 1.823625195420996601e-03 4.495136200716845451e+03 1.584080002732127923e+03
1.026691701700078063e+00 1.782759485576686145e-03 4.088076086956521522e+03 1.194083538999529083e+03
1.033057845114525142e+00 1.884320384582664851e-03 3.430350340136054456e+03 9.718980505332299344e+02
1.039437792018165441e+00 1.793463056649077922e-03 2.761848056537102366e+03 8.009261298161135301e+02
1.045681248368910410e+00 1.745618337461533540e-03 2.127734042553191557e+03 6.460856133771178520e+02
1.051944871571292683e+00 1.801987856022948175e-03 1.556268965517241440e+03 4.663202292108124993e+02
1.058324809813473877e+00 1.829265674919061668e-03 1.056949494949494920e+03 2.910921683553895605e+02
1.064596602572098316e+00 1.714864743882408334e-03 7.365246478873239084e+02 1.506020938647702962e+02
1.070868750588993112e+00 1.792957436204007347e-03 5.815319865319864903e+02 6.150523445777043463e+01
1.077195490251847465e+00 1.798916779777443367e-03 5.275852842809364347e+02 2.407028174592375791e+01
1.083505800573759448e+00 1.740543057611223946e-03 5.113412969283276652e+02 1.746681022395455329e+01
1.089676915900379850e+00 1.748165881083384946e-03 5.053775510204081911e+02 1.795558289505544636e+01
1.096052400832523421e+00 1.863573573199493825e-03 5.025814696485622903e+02 2.426377636374982316e+01
1.102364289960501065e+00 1.744372504095847640e-03 4.989796610169491373e+02 2.743873654421382113e+01
1.108625070827478076e+00 1.829094711995288541e-03 4.914657980456025825e+02 2.102192563148723181e+01
1.114924075445366869e+00 1.842999932655674591e-03 4.725519480519480453e+02 4.460638533797092720e+01
1.121282665432693726e+00 1.762017027877181303e-03 4.810419847328244032e+02 2.951203533459442241e+01
1.127553932619258736e+00 1.851826979229859085e-03 4.814758364312267531e+02 2.865605347293994853e+01
1.133905639228342421e+00 1.803927404845938115e-03 4.782078431372548835e+02 2.646567826648967880e+01
1.140144523104706709e+00 1.820967272376473748e-03 4.759173228346456881e+02 2.771176028121121604e+01
1.146455214771981312e+00 1.831860927088285957e-03 4.739003984063745065e+02 2.399189856279973299e+01
1.152869066430118439e+00 1.902391342003174283e-03 4.716138996138996049e+02 2.314291704824491802e+01
1.159252377890596986e+00 1.791659613503928782e-03 4.687925311203319438e+02 2.386584384504878287e+01
1.165575291556828930e+00 1.872439892399787795e-03 4.687569721115538073e+02 2.179905808401510470e+01
1.171828433925186763e+00 1.747387590499659572e-03 4.669480519480519547e+02 2.458172381629544034e+01
1.178029580193284076e+00 1.845903894892485285e-03 4.667736625514403386e+02 2.287318097315685606e+01
1.184400904434957269e+00 1.829516060217846983e-03 4.645230125523012816e+02 2.220974063922330188e+01
1.190737654720273042e+00 1.816225366119703435e-03 4.649493670886075734e+02 2.520116045919497338e+01
1.196977477342464180e+00 1.780548390738201196e-03 4.651397379912663723e+02 2.965483149676657604e+01
1.203312963818603976e+00 1.874247930763579166e-03 4.633801652892561833e+02 2.933860493443184225e+01
1.209645773529357093e+00 1.750259837788138012e-03 4.605088495575221259e+02 2.545992783659128378e+01
1.215952225700388523e+00 1.837678281197498587e-03 4.579661016949152668e+02 2.270105042324856726e+01
1.222254898926581568e+00 1.775628514659025698e-03 4.340037453183520597e+02 5.580111150276326271e+01
1.228537298751265050e+00 1.780223345631782141e-03 4.396666666666666856e+02 3.670046202765679766e+01
1.234759587745337228e+00 1.795376270296014523e-03 4.370537634408602230e+02 3.625503288813587943e+01
1.241110555825225781e+00 1.895169703334604900e-03 4.353825503355704427e+02 3.876126256818093907e+01
1.247523323486311897e+00 1.874537877840588536e-03 4.307331081081081265e+02 3.584541927879295997e+01
1.253854431820907944e+00 1.857283623330970761e-03 4.293221476510067305e+02 3.367971906682092964e+01
1.260138295168494293e+00 1.856490137450314505e-03 4.250531561461793899e+02 3.137810368536831618e+01
1.266501421045549414e+00 1.881588491645209797e-03 4.234212218649517467e+02 3.147924550577287306e+01
1.272807251993681055e+00 1.824447191781883651e-03 4.202622950819672383e+02 3.182880841125549765e+01
1.279100636071537789e+00 1.831925956271344968e-03 4.180987261146497076e+02 2.886516194200355656e+01
1.285385940199903265e+00 1.796864974607813087e-03 4.147788461538461320e+02 3.011082729868842733e+01
1.291734086560349049e+00 1.833790085687247952e-03 4.129355828220859053e+02 2.996739449106454600e+01
1.297999116585571544e+00 1.712347548001254965e-03 4.089644012944983729e+02 3.034843890119542564e+01
1.304332283077917598e+00 1.862331657852500611e-03 4.077994100294985174e+02 3.001416377995785112e+01
1.310629912671008812e+00 1.689758514739712848e-03 4.043814102564102768e+02 2.987913653315850482e+01
1.316859893871710430e+00 1.807323329610554348e-03 4.025552238805969978e+02 2.992175286100221143e+01
1.323169508333509325e+00 1.772103529485381237e-03 4.000942249240121669e+02 2.947917575507189270e+01
1.329416719622044551e+00 1.761213072716576004e-03 3.987009063444108961e+02 3.092687460629863949e+01
1.335676763851219473e+00 1.808340606324402439e-03 3.970208333333333144e+02 3.030312508440263386e+01
1.342102166253144047e+00 1.916040745002256648e-03 3.956394366197183103e+02 3.268197105283634585e+01
1.348432554966731090e+00 1.804515701739407276e-03 3.927703927492447065e+02 3.229234474966308710e+01
1.354697325729501189e+00 1.895450207138361931e-03 3.915184135977336837e+02 3.324131225720998373e+01
1.361035554581970564e+00 1.836151892644552735e-03 3.886569767441860677e+02 3.188570523526898626e+01
1.367445372286436589e+00 1.911657172750392099e-03 3.887013698630137242e+02 3.104840016106235012e+01
1.373833054624600258e+00 1.794265400870382644e-03 3.870376811594202877e+02 3.154024564184745927e+01
1.380048052911932777e+00 1.791287036868802413e-03 3.903760683760683605e+02 3.266347163176522628e+01
1.386332670155489666e+00 1.806335848089170130e-03 4.024129213483146259e+02 3.660534718273257937e+01
1.392624520144640332e+00 1.796075039907524609e-03 4.418750000000000000e+02 4.749804820551402429e+01
1.398923000198597277e+00 1.771229759338340285e-03 5.103623595505617914e+02 6.158798898792950638e+01
1.405184482923453881e+00 1.808998902686751115e-03 5.802527173913043725e+02 7.035627019274673444e+01
1.411475199677901360e+00 1.734371386327675756e-03 6.290646067415730158e+02 7.538803325469072547e+01
1.417706081410672780e+00 1.817237095201347432e-03 6.483467741935484128e+02 8.244435420368354528e+01
1.424046144262549829e+00 1.816956160244514703e-03 6.481734417344173380e+02 8.948859631473379750e+01
1.430457268966005335e+00 1.925855730949348329e-03 6.442544987146529820e+02 8.802614210796255634e+01
1.436865665354877475e+00 1.843763745384080412e-03 6.386397849462365457e+02 9.632014789076181671e+01
1.443084111958556903e+00 1.831535442318516687e-03 6.180000000000000000e+02 9.854154191949183428e+01
1.449466238371406979e+00 1.910439897345804971e-03 5.983291139240506027e+02 8.548647897091713332e+01
1.455780432464144347e+00 1.769262236301017126e-03 5.697243243243243569e+02 7.291527118077500802e+01
1.462109939136078340e+00 1.873282905934200038e-03 5.390576441102756462e+02 6.194687536909282244e+01
1.468414112563870999e+00 1.734923018383166060e-03 5.023600000000000136e+02 4.900859135566606994e+01
1.474680891373796765e+00 1.804015195942032307e-03 4.681497461928934172e+02 4.204464374708530272e+01
1.480924591063775386e+00 1.742163032935032654e-03 4.372950391644908450e+02 3.790502614197700382e+01
1.487138550370334267e+00 1.742602934721402272e-03 4.080128534704369940e+02 3.227695655395515217e+01
1.493462591150057195e+00 1.833511633313982111e-03 3.837698019801979967e+02 3.276050815418076922e+01
1.499809278721849770e+00 1.805357266360340307e-03 3.672015113350125830e+02 3.425651790761865101e+01
1.506175762378094918e+00 1.888906516140883814e-03 3.576772616136919396e+02 3.546798810796781964e+01
1.512543466733061504e+00 1.879653113941155348e-03 3.546225490196078454e+02 3.655242324180621694e+01
1.518927121842702510e+00 1.865813122140227640e-03 3.539901960784313815e+02 3.727849452920150242e+01
1.525176469146275027e+00 1.826629940430822378e-03 3.534987593052109105e+02 3.756972832876445523e+01
1.531416651941075235e+00 1.798854978931840659e-03 3.521757425742574128e+02 3.791609738149583109e+01
1.537728221615372926e+00 1.856986876758172280e-03 3.511016548463356912e+02 3.734902565644392780e+01
1.544096010846849332e+00 1.769518617434322075e-03 3.499172749391727280e+02 3.738427739254436943e+01
1.550405005344789089e+00 1.809055686031393537e-03 3.489219858156028522e+02 3.705938456957273530e+01
1.556696834359960313e+00 1.740139413919524446e-03 3.479247572815534113e+02 3.773645813282188044e+01
1.562969221032702194e+00 1.804120915253569534e-03 3.477429245283018986e+02 3.817940277764719781e+01
1.569251838380229191e+00 1.803338776033149233e-03 3.465680190930787603e+02 3.727039107995571499e+01
1.575556094315494926e+00 1.863019847936644557e-03 3.448251748251748268e+02 3.800707556770346685e+01
1.581892448177514066e+00 1.865480693804838323e-03 3.438865740740740762e+02 3.828702905974211035e+01
1.588269483401412163e+00 1.861295980786164313e-03 3.439907834101382491e+02 3.762095558791726546e+01
1.594574325321363339e+00 1.830133252637398044e-03 3.433379629629629903e+02 3.685293581483236380e+01
1.600916934751582588e+00 1.832077894544300927e-03 3.423097949886104630e+02 3.665104105202368601e+01
1.607201343968552854e+00 1.780442356845074459e-03 3.417939814814814667e+02 3.697786056639704810e+01
1.613445462524496721e+00 1.775524639999344866e-03 3.420022935779816748e+02 3.676471807878912301e+01
1.619730849749851931e+00 1.787630240083115185e-03 3.428284424379232291e+02 3.693529789241144101e+01
1.625979803600224649e+00 1.755895091839796123e-03 3.494482758620689538e+02 3.542623985233696260e+01
1.632226613292544926e+00 1.821174808670054370e-03 3.778232662192393718e+02 3.798353762381211851e+01
1.638606704061473573e+00 1.894452323361247963e-03 4.448655097613882958e+02 5.588861185584649860e+01
1.645050487946952522e+00 1.887301666918968484e-03 5.349717391304347984e+02 8.346378548635728123e+01
1.651415996904310735e+00 1.851783837096881687e-03 6.012719298245614254e+02 9.388346117440914895e+01
1.657788871265904573e+00 1.852242853945953917e-03 6.324730021598271605e+02 9.827784791046143198e+01
1.664006124760511351e+00 1.741113674427757210e-03 6.441360544217686765e+02 1.065913847095832665e+02
1.670281873961185770e+00 1.842366346193471905e-03 6.465983086680761289e+02 1.113228764744453230e+02
1.676541801276667298e+00 1.721555322686186195e-03 6.438049327354260640e+02 1.056964711927626581e+02
1.682793682471841024e+00 1.824670227224382997e-03 6.314894514767931923e+02 9.746266121243259306e+01
1.689107465299970467e+00 1.791603935857043455e-03 6.167245119305856633e+02 9.176389983815987250e+01
1.695415952935033443e+00 1.877357617877282179e-03 6.119039665970772148e+02 8.565086052714123355e+01
1.701806617780016628e+00 1.875253898477295287e-03 6.263903966597076760e+02 8.579735782683133039e+01
1.708145235544118012e+00 1.851238026496159058e-03 6.771073684210526835e+02 1.200375084500801108e+02
1.714469347376187613e+00 1.845626368464784459e-03 7.379855072463767556e+02 1.494671895559129382e+02
1.720739519194126599e+00 1.771881702320935673e-03 7.616004273504273669e+02 1.472036199528606346e+02
1.726990948287859817e+00 1.820993782645452704e-03 7.414061224489795450e+02 1.361745247816205904e+02
1.733361150263370787e+00 1.784216608021570085e-03 7.152975206611570229e+02 1.331988079028743073e+02
1.739571674833123582e+00 1.760427731239605715e-03 6.895471698113207140e+02 1.524105658355086632e+02
1.745888420135642827e+00 1.855122891619970195e-03 6.650903614457831736e+02 1.543099552763278552e+02
1.752250177420427102e+00 1.860925844240075020e-03 6.386356275303643315e+02 1.298004935065366681e+02
1.758607387389414800e+00 1.864192030273802104e-03 6.109379999999999882e+02 1.181407467049366602e+02
1.764972322429467777e+00 1.851098948525789619e-03 5.870280000000000200e+02 1.008947038847926905e+02
1.771273520234028620e+00 1.808016239517707931e-03 5.670725806451613380e+02 1.007070614062964751e+02
1.777586992161852564e+00 1.807004964737956481e-03 5.535762376237623812e+02 1.020779831100713864e+02
1.783840233931820451e+00 1.746107465683986813e-03 5.378594704684318231e+02 1.194026131982029142e+02
1.790071520275328565e+00 1.795583184790444783e-03 5.141338582677165050e+02 1.413501615571639434e+02
1.796393698957722052e+00 1.819993601147859141e-03 4.729268774703557483e+02 1.789327231385318839e+02
1.802712928873270393e+00 1.883216042231023422e-03 4.280823754789271902e+02 1.279242737281299895e+02
1.809114577024696358e+00 1.850157529878445435e-03 3.872112403100775282e+02 6.053369210559606728e+01
1.815345782948464493e+00 1.803540499391122600e-03 3.593339920948616850e+02 4.206070075592150204e+01
1.821700705453981772e+00 1.863872113208649628e-03 3.328656716417910388e+02 3.738647477797750440e+01
1.828034416566336029e+00 1.759461126105644731e-03 3.130354330708661337e+02 3.496281482585235523e+01
1.834289862490237510e+00 1.817049905439401892e-03 3.048775894538606508e+02 3.680277564923157740e+01
1.840620947190598100e+00 1.780340576699249600e-03 3.048673076923076906e+02 5.906503442325347208e+01
1.846876290479544158e+00 1.833628160635640113e-03 3.123421550094518011e+02 1.343213524788774578e+02
1.853225331533147280e+00 1.864396810776891523e-03 3.081814814814814554e+02 1.252005827425224851e+02
1.859586416204100923e+00 1.843230203276794224e-03 3.075813084112149340e+02 8.691164053535507605e+01
1.865884580336470755e+00 1.827085395033201023e-03 3.051359404096834282e+02 6.256575256052329337e+01
1.872200528994375501e+00 1.799198018262535481e-03 3.060555555555555429e+02 5.867693074493659822e+01
1.878453452628845000e+00 1.760356359008985331e-03 3.069566854990583806e+02 4.640132312817335958e+01
1.884712324747962020e+00 1.805687576808031941e-03 3.061149635036496193e+02 5.320319594604890767e+01
1.891113706724730337e+00 1.861939656346446982e-03 3.077248201438848696e+02 6.907243385930806312e+01
1.897400945427566432e+00 1.833350088909791505e-03 3.088878676470588402e+02 8.154772429600248529e+01
1.903772875545957088e+00 1.875180743362649160e-03 3.110686619718309771e+02 9.035405116178782237e+01
1.910018917854334752e+00 1.739883276586547947e-03 3.073270321361058564e+02 7.647864090758316991e+01
1.916236012056648175e+00 1.833205283437960029e-03 3.070631578947368325e+02 7.123764022650911443e+01
1.922638163561010805e+00 1.793373418488206777e-03 3.061535714285714107e+02 6.449112544745666753e+01
1.928888348891847349e+00 1.792288115248428593e-03 3.047482014388489233e+02 4.994337614607651687e+01
1.935240631371640818e+00 1.865766417879262265e-03 3.033235294117646959e+02 3.959784481590791927e+01
1.941608872090050619e+00 1.856644915843207438e-03 3.044147627416519981e+02 4.174987304645277675e+01
1.947917338414854704e+00 1.837601359788319485e-03 3.212451838879159141e+02 6.300158338209249820e+01
1.954236834815996637e+00 1.805754229573221887e-03 3.730454545454545610e+02 1.519027676197938490e+02
1.960488135501994522e+00 1.772905664188001006e-03 4.833893805309734262e+02 2.933060129175058819e+02
1.966755922696415082e+00 1.810201296061439468e-03 6.290223752151463259e+02 4.428622902705910747e+02
1.973091583736556354e+00 1.814240900008777741e-03 8.109862068965517210e+02 5.303303506499055402e+02
1.979420480567132490e+00 1.865397302840512408e-03 1.120414261460101898e+03 6.785515650076301881e+02
1.985762243830389018e+00 1.849873766110382307e-03 1.486469491525423791e+03 7.829106876140060649e+02
1.992143605840229093e+00 1.840662096304069391e-03 1.729763819095477402e+03 8.923757888429543073e+02
1.998372952698491245e+00 1.738412627792555948e-03 1.760365553602812042e+03 8.395316737090031438e+02
2.004614638405731508e+00 1.821010887715033720e-03 1.733062913907284837e+03 8.486622475310263098e+02
2.010981699228176822e+00 1.807963355431743604e-03 1.702447811447811546e+03 7.326874144932787658e+02
2.017216781415232862e+00 1.822968187424302972e-03 1.760851602023608848e+03 7.684289087780565524e+02
2.023555507756473748e+00 1.866836436713831520e-03 1.729486178861788630e+03 8.105334719406081376e+02
2.029945947492921121e+00 1.842053164818473936e-03 1.693116776315789366e+03 8.252170286961455759e+02
2.036236367431154548e+00 1.802040352124230577e-03 1.530593388429752167e+03 6.261175615945414847e+02
2.042538823796997693e+00 1.786279422623429517e-03 1.418528735632183952e+03 5.611989719941237809e+02
2.048720173306640469e+00 1.747373060808409071e-03 1.333859322033898252e+03 5.495961463102421476e+02
2.055017041239767028e+00 1.892889576395914968e-03 1.256646322378716832e+03 5.496545290231964600e+02
2.061465280497128294e+00 1.850343878148330047e-03 1.140086538461538566e+03 4.407621048075633325e+02
2.067778354784032935e+00 1.826644103880053095e-03 1.047690821256038589e+03 3.999365978908807620e+02
2.074107962816127415e+00 1.810449409964311413e-03 8.958571428571428896e+02 3.182559641706008620e+02
2.080392027050733006e+00 1.757304311173108879e-03 7.448794788273615950e+02 2.779162282123257341e+02
2.086560915145909245e+00 1.789004268885935290e-03 6.279384116693679516e+02 2.196552315388613010e+02
2.092907509218693285e+00 1.897916204239676529e-03 5.363475609756097811e+02 1.624823119062696719e+02
2.099341076602548206e+00 1.841856996552926774e-03 4.608718749999999886e+02 1.330453539071886553e+02
2.105598503643897335e+00 1.780460926307301031e-03 3.923306709265175982e+02 1.033828833895530153e+02
2.111872942412509335e+00 1.813036870717739954e-03 3.234212962962963047e+02 5.984557554795303957e+01
2.118179840511383194e+00 1.773074262998883873e-03 2.782141732283464535e+02 2.795443668008819671e+01
2.124489700938873238e+00 1.854176769044688739e-03 2.615764525993884035e+02 2.632115385771632887e+01
2.130866139955553962e+00 1.876679961187130126e-03 2.566989409984871600e+02 2.792159403244563265e+01
2.137196345481136905e+00 1.803165093871285981e-03 2.604520123839009216e+02 3.138501704207106613e+01
2.143477781291089013e+00 1.808033309626025679e-03 2.708839694656488746e+02 3.770075151920394063e+01
2.149749346762158453e+00 1.787076492040512573e-03 2.899493087557603417e+02 4.706623884988248108e+01
2.156014428448592479e+00 1.811767013668930289e-03 3.051278538812785541e+02 4.618443582883505627e+01
2.162388958755252943e+00 1.899773100682969557e-03 3.131927007299270258e+02 4.568086306029474741e+01
2.168776559916051561e+00 1.828625003914755194e-03 3.164039039039038812e+02 4.354957745290943194e+01
2.175079146577416189e+00 1.799027495536281414e-03 3.185358208955223631e+02 4.419223907212741409e+01
2.181358965593887422e+00 1.775037425494343461e-03 3.280557228915662904e+02 5.042603126840126748e+01
2.187625576602315824e+00 1.830837683859201127e-03 3.545532544378698390e+02 7.295485387746357731e+01
2.193923842198696850e+00 1.837507381709080519e-03 4.121497797356828414e+02 1.231659749070805390e+02
2.200310743338333541e+00 1.859271066102410235e-03 5.189483500717360585e+02 1.847626073493701142e+02
2.206637920896229677e+00 1.789161753318371274e-03 6.745229629629629926e+02 2.371833262425128623e+02
2.212855268310565560e+00 1.778695396750237757e-03 8.894153166421207288e+02 2.475959946714693274e+02
2.219155297956861617e+00 1.826812665150635666e-03 1.108510791366906460e+03 2.304297211166426109e+02
2.225534449623195243e+00 1.883537061579874895e-03 1.272834978843441377e+03 2.484493021746342833e+02
2.231816049321749151e+00 1.789850136339156059e-03 1.364004405286343626e+03 2.947694711178010607e+02
2.238124350048766420e+00 1.838516226422660244e-03 1.396648044692737358e+03 3.176724270176758864e+02
2.244461256680506001e+00 1.769483755913013904e-03 1.391791606367583199e+03 3.401101587589838573e+02
2.250672411056880762e+00 1.815340560525242463e-03 1.400444763271162174e+03 3.752608974177479695e+02
2.256976265699253581e+00 1.875232856265233962e-03 1.394497237569060871e+03 4.351526808506835664e+02
2.263404067221236105e+00 1.844596500685106652e-03 1.374089531680440814e+03 4.320076478604046883e+02
2.269740131332425914e+00 1.784620609829179342e-03 1.325278642149929283e+03 3.956250589264407154e+02
2.275928662030326066e+00 1.770462641505800294e-03 1.244455840455840416e+03 3.279650079201708763e+02
2.282234771450446509e+00 1.859120215862977580e-03 1.182699186991869965e+03 3.202677655091964084e+02
2.288651494096741512e+00 1.861574731480084791e-03 1.126104477611940410e+03 3.062030016764813354e+02
2.294929189507614264e+00 1.787386468760323059e-03 1.042490168539325850e+03 2.838698923104046230e+02
2.301123790424945526e+00 1.773889529887621910e-03 9.289694444444444343e+02 2.527283848797355859e+02
2.307427473574251042e+00 1.823767960867003161e-03 8.101488497970229901e+02 2.064088319831928118e+02
2.313824548022820782e+00 1.807223345639351721e-03 7.206983655274888179e+02 1.833399333312016211e+02
2.320154992066300714e+00 1.861695907969135875e-03 6.286878698224852542e+02 1.684571558457069500e+02
2.326479049872378635e+00 1.797363522119922990e-03 5.406872110939907543e+02 1.429744780475826360e+02
2.332811122143054305e+00 1.834923033436536115e-03 4.555227963525836117e+02 1.153645318061916356e+02
2.339146829363451641e+00 1.809933127175767861e-03 3.806012558869701934e+02 8.076355901687648498e+01
2.345346999874724947e+00 1.788822558822959720e-03 3.223070739549839345e+02 5.643968775263587645e+01
2.351591514044208964e+00 1.821961582186779451e-03 2.704299212598425015e+02 3.694682412949219952e+01
2.357940827546205931e+00 1.821480796874143165e-03 2.321170886075949227e+02 2.480740537824753744e+01
2.364269371024037891e+00 1.822839816105960298e-03 2.124535256410256352e+02 2.235104202846888199e+01
2.370575565839220911e+00 1.828742917233826173e-03 2.051366559485530559e+02 2.945399488952705624e+01
2.376891771469677561e+00 1.815523241845057745e-03 2.017588996763753926e+02 2.756060796811159008e+01
2.383240749019818416e+00 1.833462819707767054e-03 1.999115755627009605e+02 2.540564942842916452e+01
2.389601619010945921e+00 1.828185711102788165e-03 1.983973941368078044e+02 2.481604743837687010e+01
2.395961259100775731e+00 1.812604844355751544e-03 1.967090620031796391e+02 3.097648904352410426e+01
2.402160007896914973e+00 1.807533258736503850e-03 2.008283582089552226e+02 3.198068655867999155e+01
2.408453972146052724e+00 1.793232887210479852e-03 2.126125730994152150e+02 3.695118766231498597e+01
2.414771780432101167e+00 1.830638750947721858e-03 2.327288378766140511e+02 4.487793869951676129e+01
2.421058800843912895e+00 1.849123668637423033e-03 2.616025459688826231e+02 4.885849610966256762e+01
2.427397847212681370e+00 1.833909450969152099e-03 2.949791666666666856e+02 4.832697755145940022e+01
2.433701938443864954e+00 1.777285794113256248e-03 3.204753867791842481e+02 4.888207047437068553e+01
2.440001432560962691e+00 1.835928632076300280e-03 3.377906976744185954e+02 5.147045381769559924e+01
2.446276920633820851e+00 1.825543246774167941e-03 3.459834938101787998e+02 5.422120601891074188e+01
2.452612917458465880e+00 1.850886418197054181e-03 3.481405835543766329e+02 5.334571743451549963e+01
2.458937188373468086e+00 1.764090576915684772e-03 3.465369863013698364e+02 5.530584995137549242e+01
2.465235494564519847e+00 1.842465198645606636e-03 3.436169088507265315e+02 5.877609620786900280e+01
2.471581205305689810e+00 1.856761058240425245e-03 3.351118421052631788e+02 6.154139177547133244e+01
2.477865992864338285e+00 1.798850075022648308e-03 3.291970705725698849e+02 5.807529928450758661e+01
2.484122936716935737e+00 1.780971833254360159e-03 3.227265521796565508e+02 5.438896950457245794e+01
2.490467721662181333e+00 1.849468727863495983e-03 3.165542784163473584e+02 4.740146730577423995e+01
2.496849546734450254e+00 1.852734310658727887e-03 3.089923371647509498e+02 4.282872936719427059e+01
2.503105859710241798e+00 1.772860352036017325e-03 3.024432717678100175e+02 4.101636689793856760e+01
2.509322203788900918e+00 1.804578376445024500e-03 2.931871794871794918e+02 3.928537698481360252e+01
2.515643032193938478e+00 1.830400595634155535e-03 2.820566750629723174e+02 3.952505353313918590e+01
2.522012436559997628e+00 1.844427975373299751e-03 2.659466501240694924e+02 3.689134089470392297e+01
2.528376527697731913e+00 1.805263014170996501e-03 2.508768844221105496e+02 2.934119190077365857e+01
2.534662305746367750e+00 1.817191430107880853e-03 2.387367758186397850e+02 2.586987206690591634e+01
2.540923642722284104e+00 1.847774197163838152e-03 2.253019801980198054e+02 2.154759924406943483e+01
2.547222087144660030e+00 1.810867478977307979e-03 2.124443069306930738e+02 1.696640310453162925e+01
2.553540685742163419e+00 1.807658101810726481e-03 2.014577723378212966e+02 1.774069483604283093e+01
2.559925401613222018e+00 1.856915584780679824e-03 1.918658682634730610e+02 1.695371801780577670e+01
2.566280305514876403e+00 1.838802799104265022e-03 1.853995157384987920e+02 1.691209144226741046e+01
2.572544852388987113e+00 1.785952156998167010e-03 1.819815950920245484e+02 1.839280686024092404e+01
2.578799894204640619e+00 1.806472379669163885e-03 1.820918984280532129e+02 2.344860101374255024e+01
2.585123793491197919e+00 1.855120447360665906e-03 1.844077555816686242e+02 2.733682314408064684e+01
2.591472256141813091e+00 1.805120360344933915e-03 1.869344457687723491e+02 3.023598738605760161e+01
2.597744265483155957e+00 1.788819714346394623e-03 1.877925659472421955e+02 3.063611970053550237e+01
2.604038454996993934e+00 1.850630787333012181e-03 1.876829836829836893e+02 2.915630760852615921e+01
2.610374414453144443e+00 1.837105816396599096e-03 1.848323632130384055e+02 2.170113146156966621e+01
2.616634120485421100e+00 1.761050173804210722e-03 1.833675417661097811e+02 1.919719813106326001e+01
2.622940397920966227e+00 1.848634675493098997e-03 1.827064846416382125e+02 1.911181931898860142e+01
2.629323187355575353e+00 1.839581463337864892e-03 1.822534246575342536e+02 1.887709567278808009e+01
2.635681273538560632e+00 1.815290224604702678e-03 1.820309278350515569e+02 1.870810924490315585e+01
2.641934789831782204e+00 1.778405014700361417e-03 1.816549295774647987e+02 1.866287910807242056e+01
2.648176773767660031e+00 1.853093332118325998e-03 1.802638105975197220e+02 1.867959633397964936e+01
2.654514065851063087e+00 1.823524830511773481e-03 1.781570621468926561e+02 1.799790714210237397e+01
2.660817448321032508e+00 1.798052776896779401e-03 1.776234357224118412e+02 1.814691594189827484e+01
2.667123571907564994e+00 1.844852426740933296e-03 1.776266666666666652e+02 2.009787679959880791e+01
2.673472329675100401e+00 1.839448802019330543e-03 1.770066445182724237e+02 2.281974642707544731e+01
2.679761377760365715e+00 1.786299887381436651e-03 1.743303167420814361e+02 2.065406399559173423e+01
2.686129035698236578e+00 1.877272974428747035e-03 1.685471898197242808e+02 2.526450104361582305e+01
2.692300573720700196e+00 1.798376592015874225e-03 1.685117845117844979e+02 1.818569688852046085e+01
2.698561328278970439e+00 1.798779619418457414e-03 1.663329532497149330e+02 1.682531860575306837e+01
2.704947056964875252e+00 1.860594623228957294e-03 1.648179775280898980e+02 1.649900679125386205e+01
2.711339925705444909e+00 1.826229981736538378e-03 1.634050925925925810e+02 1.640826147934387080e+01
2.717643416720191052e+00 1.774618570520191145e-03 1.620608591885441570e+02 1.587585928896369403e+01
2.723934694222051256e+00 1.823763048442502126e-03 1.615796930342384883e+02 1.544483844934466887e+01
2.730274673678132036e+00 1.841398355898408350e-03 1.603447461629279758e+02 1.518697629408206318e+01
2.736591263199737778e+00 1.788312012670147501e-03 1.598487804878048735e+02 1.498727499112918693e+01
2.742885231028380222e+00 1.844652457607765493e-03 1.598393285371702746e+02 1.500960161731327425e+01
2.749161241756704843e+00 1.804773587711254630e-03 1.612542997542997512e+02 1.632394776327559072e+01
2.755398232824302962e+00 1.776157869081165970e-03 1.616493184634448710e+02 1.676136934765322195e+01
2.761751565609168679e+00 1.857903093933079139e-03 1.629283154121863788e+02 1.669190301710113289e+01
2.768124311574730267e+00 1.813883183384283311e-03 1.640024539877300640e+02 1.498752027054968927e+01
2.774423663616722546e+00 1.776295681999270643e-03 1.705817727840199609e+02 2.357058291802345451e+01
2.780754869867226198e+00 1.842436817654598789e-03 1.913483556638246057e+02 5.293527542624930504e+01
2.787077464795406190e+00 1.805278297034774168e-03 2.420525000000000091e+02 9.877178144275316640e+01
2.793346642012575654e+00 1.793644434711254678e-03 3.295914249684741435e+02 1.667901446412561768e+02
2.799634253246212179e+00 1.838111547031318375e-03 4.333746898263027560e+02 2.282843505100478865e+02
2.805924842988945844e+00 1.808245895551135627e-03 5.087676767676767895e+02 2.124706813410923303e+02
2.812167973206011862e+00 1.789098639402584082e-03 5.567084398976982129e+02 1.846108169915905250e+02
2.818496662748549042e+00 1.874446068014908040e-03 5.978960880195598975e+02 1.752858861603081095e+02
2.824858807967614460e+00 1.791571154666717633e-03 6.215834394904458122e+02 1.836278928070440202e+02
2.831150482550185643e+00 1.815112775054883139e-03 6.566101265822784399e+02 2.472787555538191668e+02
2.837475400148095517e+00 1.850316795954077458e-03 6.454408468244084816e+02 2.251624330823646005e+02
2.843805018276897911e+00 1.786824753329564535e-03 6.443350449293966449e+02 2.111564523130310249e+02
2.850131561922547352e+00 1.845583173970813699e-03 6.294631710362046988e+02 1.959312875642569054e+02
2.856484494638581229e+00 1.841115527677602507e-03 6.341656288916562971e+02 2.175688240459672897e+02
2.862782859862781137e+00 1.780809355167121575e-03 6.498188775510203641e+02 2.959840300510614384e+02
2.869068523143336158e+00 1.847699945098150954e-03 6.364650306748466164e+02 2.975189744289967848e+02
2.875378514069953706e+00 1.802909528894259443e-03 6.106629213483146259e+02 2.187425009285259421e+02
2.881671995666307051e+00 1.819305449905813353e-03 5.775155279503105703e+02 1.801823181963049478e+02
2.887980092673573917e+00 1.848812746508326317e-03 5.441164215686274019e+02 1.792754619170024739e+02
2.894292086458025270e+00 1.795011172749967111e-03 5.130301507537687939e+02 1.731607232125207929e+02
2.900588101801901963e+00 1.834444505730529681e-03 4.743164400494437700e+02 1.803029428043680014e+02
2.906894294921833044e+00 1.834235081131648307e-03 4.279429987608426131e+02 1.474802207599964277e+02
2.913143215321425394e+00 1.775388414920497622e-03 3.776081946222791430e+02 1.209698204485141986e+02
2.919469846096636179e+00 1.902110692867622259e-03 3.256894484412470092e+02 1.110948039448418143e+02
2.925831071463227850e+00 1.799019204260941503e-03 3.020444162436548368e+02 1.014039985710755190e+02
2.932125236913744715e+00 1.849572311535908030e-03 2.903164400494437700e+02 9.862241054291197884e+01
2.938426190430696305e+00 1.829943172517629413e-03 2.938551810237203767e+02 9.619672062446356620e+01
2.944698497868602605e+00 1.792371922793937686e-03 2.956967005076141959e+02 6.793924772077816954e+01
2.951032364443879619e+00 1.872648010744969562e-03 2.984635922330097060e+02 4.330661415210666831e+01
2.957349976869245278e+00 1.772646084934545842e-03 3.226112531969309316e+02 4.570944644046723937e+01
2.963641534615172990e+00 1.843499637433317897e-03 3.712296296296296418e+02 7.086433324717076232e+01
2.969974563050315375e+00 1.835483252247156055e-03 4.332074534161490647e+02 9.259480662853104604e+01
2.976261971728969780e+00 1.784595762971840369e-03 4.904642857142857224e+02 9.801752670405817014e+01
2.982555079221103078e+00 1.856376802478345786e-03 5.339400244798041513e+02 1.107111650096849900e+02
2.988860230475899549e+00 1.767956570045068222e-03 5.636299615877080669e+02 1.225278127712649479e+02
2.995178874680174186e+00 1.856934622757372335e-03 5.833056234718826545e+02 1.258956125384233502e+02
3.001496400543723020e+00 1.797819739674591305e-03 5.908453738910012589e+02 1.440051223431844676e+02
3.007822553902104179e+00 1.849516356328991537e-03 5.891324257425742417e+02 1.269072513653106000e+02
3.014155913686516808e+00 1.844070628166239031e-03 5.805726708074533917e+02 1.207632639805684533e+02
3.020427983220980828e+00 1.780401570183770890e-03 5.661576923076922867e+02 1.111149656514187711e+02
3.026726854870708916e+00 1.864734463497724846e-03 5.358117359413203076e+02 1.068811396759226966e+02
3.033042693621903041e+00 1.790509691971886499e-03 5.219056122448979522e+02 1.090537858831920346e+02
3.039421166988304002e+00 1.891344364520593712e-03 5.000918984280531845e+02 1.192959348920275175e+02
3.045771113053035606e+00 1.809002971513908259e-03 4.730849176172370107e+02 1.131527249239502879e+02
3.052089874155329063e+00 1.844438578281415919e-03 4.354590570719602738e+02 1.164552417665847628e+02
3.058386304167925118e+00 1.824217551217444024e-03 3.896077694235589206e+02 1.273312035126059527e+02
3.064635661305841197e+00 1.781811879387494579e-03 3.519897435897435685e+02 1.450212977625484143e+02
3.070942258104439215e+00 1.879278577764203085e-03 3.092884848484848703e+02 1.487850457991109465e+02
3.077306102136554866e+00 1.789896323379901438e-03 2.758716645489199664e+02 1.302606999401569965e+02
3.083610248093582751e+00 1.842323938384468965e-03 2.441845018450184455e+02 1.164455460805559568e+02
3.089899276602742884e+00 1.781295098450355954e-03 2.271273885350318551e+02 1.016128809010589151e+02
3.096219282790054539e+00 1.849962857272845727e-03 2.029375000000000000e+02 8.379998325553204097e+01
3.102516781183005889e+00 1.793151767743564459e-03 1.882002534854245823e+02 6.868327558436041613e+01
3.108846425703184035e+00 1.844538984569745127e-03 1.721611316113161081e+02 5.717662211705513187e+01
3.115155056293756886e+00 1.812510444856532069e-03 1.612020075282308653e+02 4.508140801429588862e+01
3.121484332076036150e+00 1.832521331068808152e-03 1.513833746898262973e+02 3.604849092554843537e+01
3.127777573742708483e+00 1.818133687887086257e-03 1.437219451371571211e+02 2.894169725566052875e+01
3.134074710556275623e+00 1.800750836428910992e-03 1.392509457755359392e+02 2.135404763118956240e+01
3.140350968701055567e+00 1.840082388152106639e-03 1.381182266009852242e+02 1.765845812746799837e+01
3.146669598331559570e+00 1.795769837056059460e-03 1.426250000000000000e+02 1.903745145970983188e+01
3.152959210157879166e+00 1.842768641532451131e-03 1.470417177914110312e+02 1.914752617614387376e+01
3.159264892205651432e+00 1.791857333635609589e-03 1.505455696202531612e+02 1.804447406781125451e+01
3.165581888857809112e+00 1.858342078644047027e-03 1.497366504854368827e+02 1.624567118615365402e+01
3.171905560319084216e+00 1.782720971754531017e-03 1.492623574144486724e+02 1.549430388703397909e+01
3.178180461481988406e+00 1.828434529921516482e-03 1.483230958230958265e+02 1.561477080964607111e+01
3.184506679420991304e+00 1.810619157308176325e-03 1.482254047322540487e+02 1.581164140500728266e+01
3.190846230582273346e+00 1.831490456789015321e-03 1.454816625916870407e+02 1.614882294156081599e+01
3.197132365687451294e+00 1.780884113596707067e-03 1.411772151898734080e+02 1.535431193667988836e+01
3.203454230992797136e+00 1.862619862555806765e-03 1.350579010856453692e+02 1.713419251834460511e+01
3.209790152929830498e+00 1.796864404628749357e-03 1.308553459119496836e+02 1.927096490081739333e+01
3.216105270782768422e+00 1.849581865447865814e-03 1.243325242718446617e+02 2.211771301956330404e+01
3.222383723154825574e+00 1.773184836801974633e-03 1.210939086294416285e+02 2.224300907312155928e+01
3.228652903688512765e+00 1.829814433570467642e-03 1.164080389768574975e+02 2.202718713728915034e+01
3.234977992221026444e+00 1.801123950508762587e-03 1.158893034825870672e+02 2.219337888448352558e+01
3.241301441286830176e+00 1.830570155328411054e-03 1.152539489671931960e+02 2.348777967764707597e+01
3.247581817024004280e+00 1.774748969754167847e-03 1.200505689001264216e+02 2.460253005739244259e+01
3.253885986942128827e+00 1.868811343678552150e-03 1.253053892215568794e+02 2.583416553997777498e+01
3.260235987169183947e+00 1.804603356501592029e-03 1.327087500000000091e+02 2.540349010224775839e+01
3.266546856392692710e+00 1.857627301288636550e-03 1.361911057692307736e+02 2.337036680965582747e+01
3.272886904023045052e+00 1.792569475559808913e-03 1.396762500000000102e+02 2.194934010967072879e+01
3.279153478698136670e+00 1.837211362056317054e-03 1.409793939393939297e+02 2.262810344604114121e+01
3.285516195699416553e+00 1.819318898053023329e-03 1.425810810810810949e+02 2.274770095923699387e+01
3.291677990232397821e+00 1.824817096246810931e-03 1.415452162516382657e+02 2.189827354714152463e+01
3.298068987764390059e+00 1.863784166448585874e-03 1.388958904109589128e+02 2.170622609884792809e+01
3.304430978840338096e+00 1.814787339162488022e-03 1.359593023255814046e+02 2.416322943314331084e+01
3.310737564052387061e+00 1.817945227602999880e-03 1.319255952380952408e+02 2.739145801628041710e+01
3.317033906120231190e+00 1.800198345421728579e-03 1.259722650231124845e+02 2.931533759902129432e+01
3.323313479518194669e+00 1.810036704891648416e-03 1.223087774294670851e+02 3.128723435992931812e+01
3.329645772824664451e+00 1.853775369266378323e-03 1.190733229329173213e+02 3.097783987641600589e+01
3.335990548707715053e+00 1.826590486813650920e-03 1.156099518459069060e+02 3.058020604912702112e+01
3.342268739174953929e+00 1.807641793864574143e-03 1.155138662316476399e+02 3.429929315028097392e+01
3.348554594221377023e+00 1.807536448754866812e-03 1.129835526315789451e+02 3.214059418457820527e+01
3.354810866618635590e+00 1.798386852034845364e-03 1.091574539363484035e+02 2.902405739228671777e+01
3.361143554435736203e+00 1.860575678898459748e-03 1.075426229508196769e+02 2.795895511621527163e+01
3.367505271257411170e+00 1.829077091643749146e-03 1.043783783783783718e+02 2.652757430835264429e+01
3.373804785089639324e+00 1.803149868685275390e-03 1.029861351819757402e+02 2.595459557710916343e+01
3.380079784639911100e+00 1.805631642174917659e-03 1.004411247803163434e+02 2.403990234493092615e+01
3.386416571036835244e+00 1.843579116849991192e-03 9.736443661971830466e+01 2.135889357167710756e+01
3.392732849186819166e+00 1.821713749179523084e-03 9.499455535390200112e+01 1.979027874710793000e+01
3.399077842768783331e+00 1.840157085703132342e-03 9.267028985507246830e+01 1.814797584450338164e+01
3.405368445234043140e+00 1.771416845865005909e-03 9.165839694656489200e+01 1.755218562815343830e+01
3.411642977450664915e+00 1.840004348347408980e-03 9.136090225563910394e+01 1.670813518418594157e+01
3.417946432239648225e+00 1.816648589106147462e-03 9.275922330097087354e+01 1.659786528048608645e+01
3.424268333461439884e+00 1.838339958730071926e-03 9.996711798839459107e+01 2.068154075254102864e+01
3.430601598134079389e+00 1.799761940178920376e-03 1.167074148296593137e+02 3.935145555208923440e+01
3.436922606236269218e+00 1.844213366763177700e-03 1.346800000000000068e+02 3.896278942786310040e+01
3.443269856433799347e+00 1.834668830692703879e-03 1.570511247443762670e+02 5.283571739583346982e+01
3.449516618902171317e+00 1.769622948488585408e-03 1.718183760683760681e+02 6.041408713046515544e+01
3.455771942280530862e+00 1.817195070858158281e-03 1.759767441860465169e+02 6.097805242241619084e+01
3.462154010515302804e+00 1.866018191136946868e-03 1.733227848101265920e+02 5.229619748641083277e+01
3.468478914699885340e+00 1.799468636805881495e-03 1.705077605321507690e+02 5.060015053478981883e+01
3.474737530089159865e+00 1.798535080277152308e-03 1.698878923766816058e+02 6.588967342403879002e+01
3.481027808853469629e+00 1.828779808500339806e-03 1.634728506787330389e+02 6.292244826457562823e+01
3.487370903609774420e+00 1.855504762412056021e-03 1.530814479638009118e+02 5.904921923770076830e+01
3.493710577164840458e+00 1.791815171782784382e-03 1.464349881796690340e+02 5.824872074535832667e+01
3.499981309375833849e+00 1.817721919481020843e-03 1.457088305489260165e+02 5.960298614512962700e+01
3.506294281862427642e+00 1.840208171226962808e-03 1.424556354916067278e+02 6.626554177036591398e+01
3.512643170548069183e+00 1.819719049123772565e-03 1.361695331695331674e+02 7.024176347431421163e+01
3.518887929185086527e+00 1.780316295825717758e-03 1.281615384615384698e+02 6.262323204148357547e+01
3.525201780775713889e+00 1.871585280235478531e-03 1.185384615384615330e+02 5.315053513727675494e+01
3.531587235286628879e+00 1.812415240060859375e-03 1.119166666666666714e+02 5.098511961224569689e+01
3.537791204901774123e+00 1.765649031450039182e-03 1.048147138964577607e+02 4.164466971524333871e+01
3.544104483213670331e+00 1.881636984785636617e-03 9.923697916666667140e+01 3.570548918594747789e+01
3.550526160049383151e+00 1.823753900979235669e-03 9.708196721311475130e+01 2.898447968667295882e+01
3.556826252644191833e+00 1.805941154371571225e-03 9.848169014084507467e+01 2.308533542670625494e+01
3.563110991539715666e+00 1.831382697511484874e-03 1.039914772727272663e+02 2.200690528955748704e+01
3.569418747584309326e+00 1.819035597463529485e-03 1.073081395348837219e+02 1.872961258654243366e+01
3.575721219182565580e+00 1.815191134896390569e-03 1.139258160237388751e+02 2.064401330917150901e+01
3.582041784633743120e+00 1.836067019019354488e-03 1.192882882882882853e+02 1.728142023455134790e+01
3.588351193306853926e+00 1.816205673054769026e-03 1.281733746130030909e+02 2.046022074186481987e+01
3.594644124218077774e+00 1.816162507538995278e-03 1.382839116719243009e+02 2.604707772931966048e+01
3.600965899690116157e+00 1.832434222657099978e-03 1.437348242811501677e+02 2.538940970889609616e+01
3.607301933810233674e+00 1.823864462282996299e-03 1.395311475409835964e+02 2.449218578936276458e+01
3.613589615564896995e+00 1.801875725405921403e-03 1.384440677966101703e+02 2.916053004484673039e+01
3.619872304563952703e+00 1.819848024125704684e-03 1.362508591065292194e+02 3.159967256694132587e+01
3.626184481674183946e+00 1.827760715362539709e-03 1.282421052631578959e+02 2.610562464379037806e+01
3.632455309189269510e+00 1.797655079431180383e-03 1.204416058394160558e+02 2.313243427940013675e+01
3.638754857574894697e+00 1.841922947680418475e-03 1.163029197080291937e+02 2.509050483326527470e+01
3.645110863435991444e+00 1.833895812584415653e-03 1.054323308270676733e+02 2.359660309802754696e+01
3.651399341121458253e+00 1.797724079201825547e-03 9.672549019607842524e+01 2.419799941527508125e+01
3.657684783062496781e+00 1.823089633617003442e-03 9.058333333333332860e+01 2.524717753621131422e+01
3.663989311092172851e+00 1.817352227903809700e-03 8.651639344262295594e+01 2.578373572524889568e+01
3.670338462676961733e+00 1.852037082036360515e-03 7.940909090909090651e+01 2.089860498833121127e+01
3.676667454351053799e+00 1.802731285318214709e-03 7.306113537117903434e+01 1.284985603714825153e+01
3.682957402673964431e+00 1.831301914300888494e-03 7.020796460176991616e+01 9.009197274093486030e+00
3.689264510226057059e+00 1.810576500315507495e-03 6.860829493087557296e+01 7.537406979978038102e+00
3.695607159299667099e+00 1.851070780809128090e-03 6.926046511627906455e+01 9.630058180076041197e+00
3.701906411334345837e+00 1.786914693256676148e-03 7.456218905472637459e+01 1.531169273650263740e+01
3.708163258087520564e+00 1.825159420261267002e-03 7.966834170854271235e+01 1.496088348479426777e+01
3.714507337749332283e+00 1.833043865117713490e-03 8.358031088082901761e+01 9.562606765221444149e+00
3.720870273368275249e+00 1.842023606415223082e-03 8.880748663101604734e+01 1.058448996579822854e+01
3.727157013165883104e+00 1.785929560704693081e-03 9.246857142857142264e+01 1.172105449041795744e+01
3.733414267292576749e+00 1.823616893326991065e-03 9.361627906976744384e+01 1.183665245183573589e+01
3.739747614563589284e+00 1.832601406324968355e-03 9.811445783132529641e+01 1.891944555834439967e+01
3.746091684029914770e+00 1.828992002129592063e-03 1.003773584905660385e+02 2.850154313918496385e+01
3.752406222021260618e+00 1.812401454337024109e-03 9.921192052980131848e+01 3.485565604083399904e+01
3.758712131096641595e+00 1.823143945980814458e-03 9.173103448275861638e+01 1.882812301874610128e+01
3.765000355804634324e+00 1.809969724265664184e-03 8.447445255474453063e+01 1.512252514263918890e+01
3.771324791207556704e+00 1.846593531196991230e-03 7.868421052631579471e+01 1.419028076060861387e+01
3.777640884128447674e+00 1.800430178895984180e-03 7.161788617886179509e+01 1.158800141181412968e+01
3.783890033752419058e+00 1.812352582976840126e-03 6.450427350427349893e+01 8.018009715715015417e+00
3.790205950757557840e+00 1.839564216382759279e-03 6.007142857142856940e+01 5.496346188930552934e+00
3.796547481197723339e+00 1.823144808823023381e-03 5.870192307692308020e+01 3.966762798629595910e+00
3.802839460639445335e+00 1.822115437231795494e-03 5.934020618556701265e+01 3.477636064710604380e+00
3.809162628389719529e+00 1.835235423465040759e-03 6.202197802197802190e+01 5.016432362557091906e+00
3.815477698903783743e+00 1.813833779597889004e-03 6.545783132530119985e+01 6.272967669700417304e+00
3.821777178949230969e+00 1.830898415393102585e-03 6.885714285714286120e+01 5.227655870446570319e+00
3.828076951026545771e+00 1.795694771849016581e-03 7.095652173913043725e+01 5.904832320946999502e+00
3.834316772867639944e+00 1.791896653628349866e-03 7.390322580645161565e+01 7.095344430755350373e+00
3.840583618544390898e+00 1.820001018717854217e-03 7.560714285714286120e+01 8.105293999376364411e+00
3.846911872181034475e+00 1.824281646184678762e-03 7.087755102040816269e+01 8.114163551825448906e+00
3.853313008086272973e+00 1.880829953221405115e-03 6.618604651162790731e+01 5.431813424585055117e+00
3.859656947796285653e+00 1.787945514535103963e-03 6.458823529411765207e+01 3.807204970655152731e+00
3.865825284683709118e+00 1.773175751446867720e-03 6.251851851851851904e+01 4.655778008180162963e+00
3.872064552013789740e+00 1.858490478498285668e-03 5.585714285714285410e+01 4.463761874028139509e+00
3.878243048288448236e+00 1.738115315901965106e-03 5.246153846153845990e+01 3.460683655139074943e+00
3.884441558101385361e+00 1.990091083924331716e-03 5.300000000000000000e+01 2.803059552906940866e+00
