# q qerr I(q) I(q)err
6.111313073595031620e-02 3.154100855865873791e-03 3.600000000000000000e+01 1.147535069047511769e+01
6.800242608866982619e-02 2.110752812487300123e-03 5.383333333333333570e+01 7.817359599705715922e+00
7.478812129850326285e-02 1.894856213165734514e-03 5.344444444444444287e+01 1.121341788843797360e+01
8.081736842982174818e-02 1.577734731020807597e-03 5.666666666666666430e+01 1.034229002508452844e+01
8.706192866790804508e-02 2.018057842609979804e-03 5.815384615384615330e+01 1.105874576921658381e+01
9.311361532868518698e-02 1.734318039620741251e-03 6.041666666666666430e+01 1.178746980672461575e+01
9.924832822165428892e-02 1.939409616079583844e-03 5.925000000000000000e+01 1.541559680972488344e+01
1.056867454532435108e-01 2.068262530006435406e-03 5.445833333333333570e+01 1.677599558231277754e+01
1.120935416356093062e-01 1.699923986068800717e-03 5.192307692307691980e+01 1.743534124301429244e+01
1.177168722532570266e-01 1.903764278506084144e-03 5.203125000000000000e+01 1.818911075341507555e+01
1.242406998858587575e-01 2.007415885574503726e-03 5.150000000000000000e+01 1.536287268523882332e+01
1.307844605212421796e-01 1.948859987027574741e-03 5.225000000000000000e+01 1.291662826415182153e+01
1.372938405551752672e-01 1.976444694498947011e-03 5.174193548387096797e+01 1.247665874854223311e+01
1.433626874055373979e-01 1.479129257371093872e-03 5.020000000000000284e+01 1.167253185902698753e+01
1.497414395840910573e-01 2.132896554945924294e-03 5.124324324324324209e+01 1.185732075618158099e+01
1.562016171858009728e-01 1.470810848565314282e-03 5.081481481481481666e+01 1.119670733492810832e+01
1.620883487451751925e-01 1.817360580555445800e-03 5.118181818181817988e+01 1.053146930537366011e+01
1.684939590642719198e-01 1.975568076388520972e-03 5.043243243243243512e+01 1.076469895577546332e+01
1.749358117034872373e-01 1.810730169671130639e-03 5.120000000000000284e+01 1.022154587134451020e+01
1.813634234827302405e-01 1.982290824745188643e-03 5.187804878048780211e+01 1.012153980944686893e+01
1.877608813777307539e-01 1.710969833005861022e-03 5.159459459459459651e+01 1.074082073656197878e+01
1.936838392192468117e-01 1.708352888559126238e-03 5.173684210526315752e+01 1.112737882687502911e+01
1.998200724089964908e-01 1.901042836663710675e-03 5.186046511627907307e+01 1.097462533747730973e+01
2.064988844748374130e-01 2.083185659227047067e-03 5.191666666666666430e+01 1.254623394135112768e+01
2.131062600015138364e-01 1.923054290541973939e-03 5.395744680851063890e+01 1.091346264104864616e+01
2.193208008558340527e-01 1.649587748772136844e-03 5.430232558139535115e+01 1.138069774807761725e+01
2.255197753110727010e-01 1.943898002345461392e-03 5.466666666666666430e+01 1.081937260331724460e+01
2.319084130262620835e-01 1.853433278599466881e-03 5.524000000000000199e+01 1.107823090569969793e+01
2.380456302514551703e-01 1.717913041466973250e-03 5.589583333333333570e+01 1.081508880376547488e+01
2.441826744061198484e-01 1.910984005326162374e-03 5.665454545454545610e+01 1.037224522822229567e+01
2.508567628905887248e-01 1.865639566994751813e-03 5.233870967741935232e+01 1.445918940219590354e+01
2.571616352083493928e-01 2.042758540577210586e-03 5.071951219512195053e+01 1.446074092014471724e+01
2.636090936505812721e-01 1.759536909171210452e-03 5.132467532467532578e+01 1.251192044194478292e+01
2.696276322290375727e-01 1.767913466712890637e-03 5.201250000000000284e+01 1.188013047066403161e+01
2.756934411426098519e-01 1.847457432374286813e-03 5.298809523809524080e+01 1.106795900576470260e+01
2.820483295007140123e-01 1.942127748479487680e-03 5.353932584269662698e+01 1.108073116751172549e+01
2.885873542857223528e-01 1.999902870285049771e-03 5.430526315789473557e+01 1.115368838290438980e+01
2.950059364807982032e-01 1.753155416080761590e-03 5.432558139534883423e+01 1.120797541118552410e+01
3.012776628394395750e-01 1.916275679195857595e-03 5.506315789473683964e+01 1.078433767359738482e+01
3.076468654533095481e-01 1.858480647863890167e-03 5.559139784946236773e+01 1.034255460016051487e+01
3.139397285054469910e-01 1.849733180513128640e-03 5.673404255319148604e+01 1.022985051490322128e+01
3.202097007249891103e-01 1.889977811219999311e-03 5.701020408163265074e+01 1.023997767854709906e+01
3.264390569218261762e-01 1.757358001834326191e-03 5.724731182795699169e+01 9.805944619982344790e+00
3.326951465344144543e-01 1.930481388006281569e-03 5.811538461538461320e+01 9.263623423634578913e+00
3.390239669727912464e-01 1.785238221274862988e-03 5.816326530612244738e+01 8.997477549239171424e+00
3.452290355408559885e-01 1.822729964848564038e-03 5.921568627450980671e+01 8.494791130760541265e+00
3.515217579766085620e-01 1.894166946962649433e-03 5.973333333333333428e+01 8.149944006040000133e+00
3.581115149106128270e-01 1.984833837990382030e-03 6.025663716814159443e+01 7.987719644959891063e+00
3.646365217867122976e-01 1.807385512883236643e-03 6.116822429906542169e+01 8.209943928978498562e+00
3.707522342694583029e-01 1.646676631311451595e-03 6.139999999999999858e+01 8.270066505173945259e+00
3.768404479121448269e-01 1.835047814059704218e-03 6.229729729729729826e+01 7.877145917537935915e+00
3.831651369708888866e-01 1.834489868729198949e-03 6.251351351351351582e+01 7.734469031574798592e+00
3.894643253735652899e-01 1.853753096359237081e-03 6.294690265486725878e+01 7.372892420369153932e+00
3.958807651630259494e-01 1.912159574900255954e-03 6.285833333333333428e+01 7.516343304204956333e+00
4.022473572087105209e-01 1.746533598099251966e-03 6.267567567567567721e+01 7.600971962504187829e+00
4.083991683103055381e-01 1.862831917861469243e-03 6.309243697478991919e+01 7.454667270895833475e+00
4.147868792651558945e-01 1.850918924272050396e-03 6.383471074380165078e+01 7.534235320497146837e+00
4.211381020132339281e-01 1.813003092898375071e-03 6.461157024793388359e+01 7.465266886396682011e+00
4.273404438934948479e-01 1.765577699919095717e-03 6.547058823529411598e+01 7.506365728225108391e+00
4.337195733954657406e-01 1.911235613422362228e-03 6.612307692307692264e+01 7.056995354395003694e+00
4.400834723796714920e-01 1.795304431444431784e-03 6.675000000000000000e+01 6.887342293727511944e+00
4.463380503116383125e-01 1.781136916513354146e-03 6.707936507936507553e+01 6.534575753031626633e+00
4.525475293404462862e-01 1.782735370135076804e-03 6.698425196850394059e+01 6.348756934505304983e+00
4.588781844142776345e-01 1.863542184770878652e-03 6.675373134328357594e+01 6.598070085130637530e+00
4.652813857520213814e-01 1.809454061223974295e-03 6.706015037593985539e+01 6.830151501181058293e+00
4.715886271752884884e-01 1.786725641485754782e-03 6.721641791044775971e+01 7.204859625812819246e+00
4.778700308571910971e-01 1.749120838384908864e-03 6.619548872180450871e+01 6.574679603934906247e+00
4.841075358786299798e-01 1.812598873705853009e-03 6.483333333333332860e+01 5.940526497917821835e+00
4.904685449060671165e-01 1.813034819841214708e-03 6.326428571428571246e+01 5.358894951577314103e+00
4.967988078032400945e-01 1.775169993053363985e-03 6.227659574468085424e+01 4.743408537231315059e+00
5.030461340587593089e-01 1.710738770771227935e-03 6.244202898550724967e+01 4.808264519289743966e+00
5.093789740337634209e-01 1.844995629980458740e-03 6.367114093959731491e+01 4.830382762342686043e+00
5.157895609665918979e-01 1.772173611217854692e-03 6.513013698630136616e+01 5.007978247254730064e+00
5.220653538623039047e-01 1.710912446064493482e-03 6.512587412587411961e+01 4.480618822661329048e+00
5.282420832211931483e-01 1.776221308977217429e-03 6.445945945945945255e+01 4.387648677866065938e+00
5.345849814872509764e-01 1.797460663252185451e-03 6.337500000000000000e+01 4.535677283609651944e+00
5.409400198384390901e-01 1.769240412124692928e-03 6.237908496732026009e+01 4.460716080782466619e+00
5.471612929737256215e-01 1.671871176479489780e-03 6.161486486486486314e+01 4.513240402806848017e+00
5.535187503546902255e-01 1.843477994232445120e-03 6.143827160493827222e+01 4.208545823498117677e+00
5.599303633336802921e-01 1.774845713676194252e-03 6.209554140127388422e+01 4.278268609546134194e+00
5.661980099607780703e-01 1.715649351238413218e-03 6.312987012987012747e+01 3.954721383074070395e+00
5.724333289920446877e-01 1.764199560704661452e-03 6.405625000000000568e+01 3.995739918963696180e+00
5.786575496797814466e-01 1.687338640378493104e-03 6.490259740259740795e+01 3.776586755570138898e+00
5.849918082512260975e-01 1.882166412490617838e-03 6.615697674418605345e+01 3.921407113265833910e+00
5.913559560974818163e-01 1.673563701773732749e-03 6.692356687898089262e+01 4.217046366835798921e+00
5.976003341774964728e-01 1.789272139650604403e-03 6.851479289940827755e+01 4.641418760504193664e+00
6.039710484280985670e-01 1.760471037718898532e-03 7.000595238095237960e+01 4.905657569630823112e+00
6.103455122609070527e-01 1.778153705054047679e-03 7.084210526315789025e+01 5.055006751673477794e+00
6.165941547084902163e-01 1.709282904712068618e-03 7.092814371257485107e+01 5.079055188356211836e+00
6.227886440901039267e-01 1.708031916550016484e-03 7.075595238095237960e+01 5.064906100760784291e+00
6.292222757675741684e-01 1.895555695838723603e-03 7.032085561497326864e+01 4.965694892815895045e+00
6.355837393651907474e-01 1.609918394456906487e-03 6.887878787878787534e+01 4.831998485760444773e+00
6.417201133152361514e-01 1.735489606861494215e-03 6.823033707865168651e+01 4.717756630303741261e+00
6.480234646877054416e-01 1.746502386866512820e-03 6.801123595505617914e+01 4.633772436041347476e+00
6.543745591304535036e-01 1.808595843625667669e-03 6.784782608695651618e+01 4.348654812323988317e+00
6.607410482875138991e-01 1.776914150084337417e-03 6.730434782608695343e+01 4.615816893623830630e+00
6.669765730033264672e-01 1.670208017253243388e-03 6.575568181818181301e+01 4.450644743895386668e+00
6.731673103258457580e-01 1.796482171393593615e-03 6.382978723404255561e+01 4.203837519080232177e+00
6.795850853652600776e-01 1.822834825668488831e-03 6.219371727748691114e+01 3.854708264071607715e+00
6.858902177354958551e-01 1.747430487391250960e-03 6.058064516129032029e+01 3.537716115015521634e+00
6.921278880332987216e-01 1.765781770802452586e-03 6.018518518518518334e+01 3.544653701120343836e+00
6.985070946107704293e-01 1.847715388967816497e-03 6.108585858585858830e+01 3.799671877531048736e+00
7.048037128132643714e-01 1.757666077632949074e-03 6.122222222222222143e+01 4.081114647569691556e+00
7.109847861020758275e-01 1.767854622430342420e-03 5.952604166666666430e+01 3.359839276703242561e+00
7.172345948602801835e-01 1.822657136245004524e-03 5.746464646464646364e+01 2.745719507657907510e+00
7.236608500653414211e-01 1.906739358311473767e-03 5.589268292682926642e+01 2.682855874893233850e+00
7.299519259881649402e-01 1.814756391122580772e-03 5.530612244897959329e+01 2.814810298742921102e+00
7.362298620906445601e-01 1.872001608046580190e-03 5.512745098039215463e+01 2.766938675640620904e+00
7.427109241448597299e-01 1.961252361706546793e-03 5.466355140186915662e+01 2.463224135510024837e+00
7.489749171607754663e-01 1.795506848231544564e-03 5.443076923076922924e+01 2.771879075549192883e+00
7.553119902396251417e-01 1.968290517240121971e-03 5.437442922374429344e+01 2.858673601864004876e+00
7.617428847945948434e-01 1.878647625832918257e-03 5.401932367149758107e+01 3.252603586623710630e+00
7.679897535333021219e-01 1.889655825210407886e-03 5.396650717703349187e+01 2.313608645323190771e+00
7.742716946001383382e-01 1.890740870187222538e-03 5.354929577464788792e+01 2.440158628474108582e+00
7.806130493972306406e-01 1.874127862848933099e-03 5.328301886792452535e+01 2.591988643181041496e+00
7.869955317179381238e-01 1.962138593108325030e-03 5.377232142857143060e+01 3.519816803703376795e+00
7.933337815560531636e-01 1.823456314192357453e-03 5.517142857142857082e+01 6.144684113698837713e+00
7.995722808394026826e-01 1.873920736445982161e-03 5.687330316742081493e+01 6.947549387883643845e+00
8.059029702364099990e-01 1.855844282913126459e-03 5.975342465753424648e+01 8.074549439955450936e+00
8.122482529694946551e-01 1.899897789708842157e-03 6.389427312775330137e+01 1.355448408795854931e+01
8.185971333973350861e-01 1.831057107996742058e-03 6.784304932735426519e+01 1.848710006868863687e+01
8.248840800988579414e-01 1.805078930334647752e-03 6.852017937219730470e+01 1.693937745005711548e+01
8.311527541867054225e-01 1.843524136775542745e-03 6.745414847161572425e+01 1.435881767453655300e+01
8.375116084758876811e-01 1.829773299230467044e-03 6.546956521739130608e+01 8.659439815635010973e+00
8.438261475186588090e-01 1.817550564165925373e-03 6.434913793103447688e+01 7.900531672832934227e+00
8.500843452560248314e-01 1.755513946144033992e-03 6.218584070796460139e+01 7.909997183740659743e+00
8.563647400134730692e-01 1.844487251387733453e-03 5.915767634854771728e+01 7.660635482535442797e+00
8.626696591174244366e-01 1.710203360544058351e-03 5.547807017543859587e+01 4.947251771674462617e+00
8.689830853488446083e-01 1.844123492424595270e-03 5.386991869918698939e+01 3.516342402346698037e+00
8.753179752476163422e-01 1.741457950302257533e-03 5.370638297872340416e+01 3.592217834762488682e+00
8.815756228481118617e-01 1.752464905610253906e-03 5.430290456431535517e+01 3.958912876978661011e+00
8.877944678552249780e-01 1.716242394594354789e-03 5.488607594936708978e+01 4.155627634958593219e+00
8.941407927930166144e-01 1.839522330085644050e-03 5.492885375494071099e+01 3.853876556305430690e+00
9.005003621585947471e-01 1.752218829319661820e-03 5.442857142857143060e+01 3.212493831601206384e+00
9.067627482844141662e-01 1.720498064613873055e-03 5.340573770491803174e+01 3.197230938780242226e+00
9.130278025298368405e-01 1.789374596252915357e-03 5.269047619047618980e+01 3.375064737208411270e+00
9.193563827426239898e-01 1.786117629316656989e-03 5.309126984126984183e+01 4.187089029106848770e+00
9.256709965929463824e-01 1.773964252230773864e-03 5.382745098039215748e+01 5.206419602276711522e+00
9.319487846442510159e-01 1.740175819907428248e-03 5.368399999999999750e+01 5.172898607164069240e+00
9.382375230166524194e-01 1.835219923763222079e-03 5.272137404580152520e+01 4.088422342368446039e+00
9.445114335627492475e-01 1.754301698834087597e-03 5.226482213438735158e+01 3.239773658181507532e+00
9.507739483173833772e-01 1.796477233495237351e-03 5.249042145593869435e+01 3.108335398042999742e+00
9.571000001339345920e-01 1.844157663989784944e-03 5.328301886792452535e+01 3.549677957103377413e+00
9.634651872700409347e-01 1.860525514413665987e-03 5.627819548872180633e+01 5.064876743419081784e+00
9.697902983397413967e-01 1.869026222830578836e-03 6.750375939849624274e+01 1.181339879024845452e+01
9.761731987705594138e-01 1.898719003246270758e-03 9.921033210332103636e+01 2.832483044846637910e+01
9.824546988499620603e-01 1.850375251942234242e-03 1.615245283018867894e+02 4.801822040561307148e+01
9.887603507672997338e-01 1.885371791598095068e-03 2.458235294117646959e+02 5.785667359890987171e+01
9.951547945742836854e-01 1.923480157877882840e-03 3.216227758007117359e+02 6.166381235770613500e+01
1.001497743307979915e+00 1.816985016266823736e-03 3.711423220973782691e+02 6.568691300125502153e+01
1.007730073445106012e+00 1.872875193246743668e-03 3.911330935251798451e+02 7.205826001791668034e+01
1.014110590476311025e+00 1.881534321868284657e-03 3.983829787234042783e+02 7.435645939777069202e+01
1.020442888611849064e+00 1.823625195420996601e-03 3.917168458781362119e+02 7.763170904800540484e+01
1.026691701700078063e+00 1.782759485576686145e-03 3.729710144927536248e+02 7.510549920839456206e+01
1.033057845114525142e+00 1.884320384582664851e-03 3.276462585034013841e+02 7.068337124015565109e+01
1.039437792018165441e+00 1.793463056649077922e-03 2.764310954063604413e+02 6.189041487910329664e+01
1.045681248368910410e+00 1.745618337461533540e-03 2.192695035460992870e+02 5.625571010368327762e+01
1.051944871571292683e+00 1.801987856022948175e-03 1.602379310344827559e+02 4.524488238119829475e+01
1.058324809813473877e+00 1.829265674919061668e-03 1.024040404040404013e+02 2.881590932585370268e+01
1.064596602572098316e+00 1.714864743882408334e-03 6.605633802816900868e+01 1.227145360972755128e+01
1.070868750588993112e+00 1.792957436204007347e-03 5.167676767676767469e+01 4.993816534942812524e+00
1.077195490251847465e+00 1.798916779777443367e-03 4.754180602006688616e+01 3.139866234273025469e+00
1.083505800573759448e+00 1.740543057611223946e-03 4.622866894197952092e+01 2.805350719880425725e+00
1.089676915900379850e+00 1.748165881083384946e-03 4.547278911564625759e+01 2.785259487930131783e+00
1.096052400832523421e+00 1.863573573199493825e-03 4.472843450479233240e+01 2.706426718532462417e+00
1.102364289960501065e+00 1.744372504095847640e-03 4.428813559322033910e+01 2.672392827468177412e+00
1.108625070827478076e+00 1.829094711995288541e-03 4.379478827361563731e+01 2.601594630955337273e+00
1.114924075445366869e+00 1.842999932655674591e-03 4.232467532467532578e+01 4.660505916623947975e+00
1.121282665432693726e+00 1.762017027877181303e-03 4.308396946564885610e+01 3.521600001355523979e+00
1.127553932619258736e+00 1.851826979229859085e-03 4.289962825278810499e+01 3.561039482695498304e+00
1.133905639228342421e+00 1.803927404845938115e-03 4.294509803921568647e+01 4.203722193106556482e+00
1.140144523104706709e+00 1.820967272376473748e-03 4.243307086614173329e+01 4.066763341667197551e+00
1.146455214771981312e+00 1.831860927088285957e-03 4.196015936254980261e+01 3.453482423374697241e+00
1.152869066430118439e+00 1.902391342003174283e-03 4.166409266409266365e+01 2.861972855773102342e+00
1.159252377890596986e+00 1.791659613503928782e-03 4.125726141078838083e+01 2.871600139426588427e+00
1.165575291556828930e+00 1.872439892399787795e-03 4.129083665338645659e+01 2.796597079118293472e+00
1.171828433925186763e+00 1.747387590499659572e-03 4.129004329004329321e+01 2.874621859458981632e+00
1.178029580193284076e+00 1.845903894892485285e-03 4.167901234567901270e+01 2.949954296436535284e+00
1.184400904434957269e+00 1.829516060217846983e-03 4.197907949790794646e+01 3.430648521212588342e+00
1.190737654720273042e+00 1.816225366119703435e-03 4.181012658227847822e+01 3.986404015372196685e+00
1.196977477342464180e+00 1.780548390738201196e-03 4.178602620087336561e+01 4.384520861846092465e+00
1.203312963818603976e+00 1.874247930763579166e-03 4.145041322314049381e+01 3.827561731639027354e+00
1.209645773529357093e+00 1.750259837788138012e-03 4.168584070796460139e+01 3.943394011729102200e+00
1.215952225700388523e+00 1.837678281197498587e-03 4.150847457627118331e+01 3.576341472520017106e+00
1.222254898926581568e+00 1.775628514659025698e-03 3.905243445692883597e+01 5.802723870289812069e+00
1.228537298751265050e+00 1.780223345631782141e-03 3.926811594202898448e+01 4.132509649213193192e+00
1.234759587745337228e+00 1.795376270296014523e-03 3.924014336917562673e+01 3.884603621501255599e+00
1.241110555825225781e+00 1.895169703334604900e-03 3.965100671140939426e+01 3.917503187467593406e+00
1.247523323486311897e+00 1.874537877840588536e-03 3.945608108108108070e+01 3.619991943741565965e+00
1.253854431820907944e+00 1.857283623330970761e-03 3.906375838926174282e+01 3.643902855010819231e+00
1.260138295168494293e+00 1.856490137450314505e-03 3.863787375415282099e+01 3.961679445608495609e+00
1.266501421045549414e+00 1.881588491645209797e-03 3.862057877813504803e+01 4.046295147407010795e+00
1.272807251993681055e+00 1.824447191781883651e-03 3.833770491803278446e+01 3.931609647568612864e+00
1.279100636071537789e+00 1.831925956271344968e-03 3.833121019108280336e+01 4.038779120533051881e+00
1.285385940199903265e+00 1.796864974607813087e-03 3.801602564102564230e+01 3.564846122400954442e+00
1.291734086560349049e+00 1.833790085687247952e-03 3.779754601226994026e+01 3.503037937838064941e+00
1.297999116585571544e+00 1.712347548001254965e-03 3.743042071197410792e+01 3.588540041734356478e+00
1.304332283077917598e+00 1.862331657852500611e-03 3.738348082595869926e+01 3.458788546698233546e+00
1.310629912671008812e+00 1.689758514739712848e-03 3.728525641025640880e+01 3.586342253059731089e+00
1.316859893871710430e+00 1.807323329610554348e-03 3.736417910447761415e+01 3.699509579583149410e+00
1.323169508333509325e+00 1.772103529485381237e-03 3.712158054711246535e+01 3.608609410899642711e+00
1.329416719622044551e+00 1.761213072716576004e-03 3.672205438066465177e+01 3.568556478407272081e+00
1.335676763851219473e+00 1.808340606324402439e-03 3.650892857142856940e+01 3.642703953361667857e+00
1.342102166253144047e+00 1.916040745002256648e-03 3.611830985915492676e+01 3.635176069810117649e+00
1.348432554966731090e+00 1.804515701739407276e-03 3.601812688821752317e+01 3.441311738574567514e+00
1.354697325729501189e+00 1.895450207138361931e-03 3.633427762039659825e+01 3.991098281332676745e+00
1.361035554581970564e+00 1.836151892644552735e-03 3.586046511627907307e+01 3.677067046707416687e+00
1.367445372286436589e+00 1.911657172750392099e-03 3.564657534246575210e+01 3.461354076049186546e+00
1.373833054624600258e+00 1.794265400870382644e-03 3.531594202898551060e+01 3.253483422323230290e+00
1.380048052911932777e+00 1.791287036868802413e-03 3.629059829059828957e+01 3.175157116443427352e+00
1.386332670155489666e+00 1.806335848089170130e-03 3.872471910112359694e+01 3.604673616967703165e+00
1.392624520144640332e+00 1.796075039907524609e-03 4.373888888888888715e+01 4.321520580010789203e+00
1.398923000198597277e+00 1.771229759338340285e-03 4.915730337078651502e+01 4.929944137445528618e+00
1.405184482923453881e+00 1.808998902686751115e-03 5.252717391304347672e+01 5.276139747769784449e+00
1.411475199677901360e+00 1.734371386327675756e-03 5.396348314606741781e+01 5.313352050387983638e+00
1.417706081410672780e+00 1.817237095201347432e-03 5.459139784946236773e+01 5.352238972498376768e+00
1.424046144262549829e+00 1.816956160244514703e-03 5.520867208672086690e+01 5.429054857282751279e+00
1.430457268966005335e+00 1.925855730949348329e-03 5.613881748071979416e+01 5.405567603356013606e+00
1.436865665354877475e+00 1.843763745384080412e-03 5.663978494623655990e+01 5.391244137872535980e+00
1.443084111958556903e+00 1.831535442318516687e-03 5.633064516129032029e+01 5.938905190896598185e+00
1.449466238371406979e+00 1.910439897345804971e-03 5.535443037974683733e+01 5.503907513485348346e+00
1.455780432464144347e+00 1.769262236301017126e-03 5.390810810810810949e+01 5.646521001079502611e+00
1.462109939136078340e+00 1.873282905934200038e-03 5.211027568922305875e+01 5.146782372062372879e+00
1.468414112563870999e+00 1.734923018383166060e-03 4.992266666666666453e+01 4.970494274549897895e+00
1.474680891373796765e+00 1.804015195942032307e-03 4.725888324873096735e+01 4.514177551244282327e+00
1.480924591063775386e+00 1.742163032935032654e-03 4.360052219321148925e+01 4.351249158225382274e+00
1.487138550370334267e+00 1.742602934721402272e-03 3.963753213367608907e+01 3.776374113783550701e+00
1.493462591150057195e+00 1.833511633313982111e-03 3.629455445544554237e+01 3.536318838337369375e+00
1.499809278721849770e+00 1.805357266360340307e-03 3.437279596977329987e+01 3.611902724436142798e+00
1.506175762378094918e+00 1.888906516140883814e-03 3.387775061124694531e+01 3.634178046851725963e+00
1.512543466733061504e+00 1.879653113941155348e-03 3.387009803921568363e+01 3.602826128615344015e+00
1.518927121842702510e+00 1.865813122140227640e-03 3.386764705882352899e+01 3.581242181059558050e+00
1.525176469146275027e+00 1.826629940430822378e-03 3.393796526054590856e+01 3.752711871964143242e+00
1.531416651941075235e+00 1.798854978931840659e-03 3.419801980198019464e+01 3.836496324593923646e+00
1.537728221615372926e+00 1.856986876758172280e-03 3.421276595744680549e+01 3.794067731632592366e+00
1.544096010846849332e+00 1.769518617434322075e-03 3.411678832116788129e+01 3.864024271918898634e+00
1.550405005344789089e+00 1.809055686031393537e-03 3.379905437352245912e+01 3.743463547157340088e+00
1.556696834359960313e+00 1.740139413919524446e-03 3.348058252427184556e+01 3.708532945591818564e+00
1.562969221032702194e+00 1.804120915253569534e-03 3.343396226415094219e+01 3.718130269642147656e+00
1.569251838380229191e+00 1.803338776033149233e-03 3.315513126491647000e+01 3.642781988844051355e+00
1.575556094315494926e+00 1.863019847936644557e-03 3.298834498834499129e+01 3.539958407144428776e+00
1.581892448177514066e+00 1.865480693804838323e-03 3.320370370370370239e+01 3.468535079353792128e+00
1.588269483401412163e+00 1.861295980786164313e-03 3.343778801843318149e+01 3.335418801565162461e+00
1.594574325321363339e+00 1.830133252637398044e-03 3.357638888888888573e+01 3.390159901299433010e+00
1.600916934751582588e+00 1.832077894544300927e-03 3.344419134396355275e+01 3.243998095404265314e+00
1.607201343968552854e+00 1.780442356845074459e-03 3.344907407407407618e+01 3.262557188268358388e+00
1.613445462524496721e+00 1.775524639999344866e-03 3.358027522935779530e+01 3.226812356909129598e+00
1.619730849749851931e+00 1.787630240083115185e-03 3.386455981941309545e+01 3.254355702144697382e+00
1.625979803600224649e+00 1.755895091839796123e-03 3.540689655172413808e+01 3.507098288708021094e+00
1.632226613292544926e+00 1.821174808670054370e-03 3.955257270693512339e+01 4.030106807721349327e+00
1.638606704061473573e+00 1.894452323361247963e-03 4.639696312364424813e+01 4.530626728156322613e+00
1.645050487946952522e+00 1.887301666918968484e-03 5.259782608695652328e+01 4.460745612312964070e+00
1.651415996904310735e+00 1.851783837096881687e-03 5.550219298245613686e+01 4.780144422687915728e+00
1.657788871265904573e+00 1.852242853945953917e-03 5.588984881209503186e+01 4.855864646472070056e+00
1.664006124760511351e+00 1.741113674427757210e-03 5.563492063492063266e+01 4.950516394159003575e+00
1.670281873961185770e+00 1.842366346193471905e-03 5.546088794926004084e+01 4.959665497784778054e+00
1.676541801276667298e+00 1.721555322686186195e-03 5.623542600896860932e+01 4.726728619442293500e+00
1.682793682471841024e+00 1.824670227224382997e-03 5.715611814345991348e+01 5.021809685980716864e+00
1.689107465299970467e+00 1.791603935857043455e-03 5.840347071583514094e+01 5.072865572241764376e+00
1.695415952935033443e+00 1.877357617877282179e-03 6.060125260960334259e+01 5.049533453932946614e+00
1.701806617780016628e+00 1.875253898477295287e-03 6.457828810020876631e+01 5.917913163394936227e+00
1.708145235544118012e+00 1.851238026496159058e-03 7.056000000000000227e+01 7.234944440189680748e+00
1.714469347376187613e+00 1.845626368464784459e-03 7.460041407867494456e+01 7.699382935031518826e+00
1.720739519194126599e+00 1.771881702320935673e-03 7.536965811965812634e+01 7.958817451165741019e+00
1.726990948287859817e+00 1.820993782645452704e-03 7.407959183673469283e+01 8.687778832430812059e+00
1.733361150263370787e+00 1.784216608021570085e-03 7.208884297520661733e+01 9.452717108512054267e+00
1.739571674833123582e+00 1.760427731239605715e-03 6.863941299790356254e+01 9.008104718867006255e+00
1.745887440247851030e+00 1.853392121839796862e-03 6.507014028056111954e+01 8.882399704468477708e+00
1.752250177420427102e+00 1.860925844240075020e-03 6.252024291497975383e+01 8.070014701029256443e+00
1.758607387389414800e+00 1.864192030273802104e-03 6.298400000000000176e+01 8.246800106708054301e+00
1.764972322429467777e+00 1.851098948525789619e-03 6.332800000000000296e+01 7.543412490378608837e+00
1.771273520234028620e+00 1.808016239517707931e-03 6.346774193548387188e+01 7.826102881788425947e+00
1.777586992161852564e+00 1.807004964737956481e-03 6.262970297029703204e+01 7.924443217898325287e+00
1.783840233931820451e+00 1.746107465683986813e-03 6.039918533604888040e+01 7.541353590066461443e+00
1.790071520275328565e+00 1.795583184790444783e-03 5.844291338582677042e+01 7.003062800359368012e+00
1.796393698957722052e+00 1.819993601147859141e-03 5.618181818181817988e+01 7.337091666420124447e+00
1.802712928873270393e+00 1.883216042231023422e-03 5.341954022988505812e+01 7.793619090299706897e+00
1.809114577024696358e+00 1.850157529878445435e-03 4.930232558139535115e+01 7.076566243333432205e+00
1.815345782948464493e+00 1.803540499391122600e-03 4.418181818181817988e+01 5.302220905669516426e+00
1.821700705453981772e+00 1.863872113208649628e-03 4.134514925373134275e+01 4.767836217455491798e+00
1.828034416566336029e+00 1.759461126105644731e-03 4.020275590551180755e+01 4.052392823231134145e+00
1.834289862490237510e+00 1.817049905439401892e-03 3.949717514124294127e+01 4.208824676323809300e+00
1.840620947190598100e+00 1.780340576699249600e-03 3.866730769230769482e+01 4.866706266219158472e+00
1.846876290479544158e+00 1.833628160635640113e-03 3.806049149338374349e+01 5.956700213718629122e+00
1.853225331533147280e+00 1.864396810776891523e-03 3.803518518518518476e+01 7.736681108065742052e+00
1.859586416204100923e+00 1.843230203276794224e-03 3.760186915887850745e+01 7.567984706866456968e+00
1.865884580336470755e+00 1.827085395033201023e-03 3.686592178770949602e+01 7.145887631231002679e+00
1.872200528994375501e+00 1.799198018262535481e-03 3.632592592592592240e+01 7.535221366524278430e+00
1.878453452628845000e+00 1.760356359008985331e-03 3.561958568738229758e+01 6.466890306363329621e+00
1.884712324747962020e+00 1.805687576808031941e-03 3.557481751824817451e+01 7.137787193561169197e+00
1.891113706724730337e+00 1.861939656346446982e-03 3.566726618705035889e+01 6.830569184125232063e+00
1.897400945427566432e+00 1.833350088909791505e-03 3.582352941176470296e+01 6.732122615750163241e+00
1.903772875545957088e+00 1.875180743362649160e-03 3.630105633802816811e+01 7.248338860515406878e+00
1.910018917854334752e+00 1.739883276586547947e-03 3.615879017013232755e+01 5.954271300662113298e+00
1.916236012056648175e+00 1.833205283437960029e-03 3.624210526315789593e+01 5.551170507033027945e+00
1.922638163561010805e+00 1.793373418488206777e-03 3.600357142857142634e+01 4.719260767734448692e+00
1.928888348891847349e+00 1.792288115248428593e-03 3.509892086330935257e+01 4.361509678854712746e+00
1.935240631371640818e+00 1.865766417879262265e-03 3.443944636678200766e+01 4.637894923764727118e+00
1.941608872090050619e+00 1.856644915843207438e-03 3.538137082601054573e+01 6.228460091950121402e+00
1.947917338414854704e+00 1.837601359788319485e-03 4.008581436077057703e+01 9.932246912972431119e+00
1.954236834815996637e+00 1.805754229573221887e-03 4.925174825174825344e+01 1.589910275869265810e+01
1.960488135501994522e+00 1.772905664188001006e-03 6.332389380530973710e+01 2.173953013501057541e+01
1.966755922696415082e+00 1.810201296061439468e-03 7.748364888123924743e+01 2.531130033814273261e+01
1.973091583736556354e+00 1.814240900008777741e-03 9.650344827586206975e+01 2.830180622211252484e+01
1.979420480567132490e+00 1.865397302840512408e-03 1.196757215619694392e+02 3.084373062849268976e+01
1.985762243830389018e+00 1.849873766110382307e-03 1.370576271186440636e+02 3.196621888290254532e+01
1.992143605840229093e+00 1.840662096304069391e-03 1.464556113902847585e+02 3.292630544320785191e+01
1.998372952698491245e+00 1.738412627792555948e-03 1.479068541300527215e+02 3.286843267709226524e+01
2.004614638405731508e+00 1.821010887715033720e-03 1.462814569536423903e+02 3.199613060667483566e+01
2.010981699228176822e+00 1.807963355431743604e-03 1.472171717171717091e+02 3.405373556245945110e+01
2.017216781415232862e+00 1.822968187424302972e-03 1.496188870151770516e+02 3.508196827523836703e+01
2.023555507756473748e+00 1.866836436713831520e-03 1.529040650406504085e+02 3.645093023900100349e+01
2.029945947492921121e+00 1.842053164818473936e-03 1.560180921052631504e+02 3.408428067708904052e+01
2.036236367431154548e+00 1.802040352124230577e-03 1.566842975206611470e+02 3.485178499819308229e+01
2.042538823796997693e+00 1.786279422623429517e-03 1.509934318555008304e+02 3.551634067729312250e+01
2.048720173306640469e+00 1.747373060808409071e-03 1.407796610169491487e+02 3.372139429514810871e+01
2.055017041239767028e+00 1.892889576395914968e-03 1.284851330203442785e+02 3.176784168143278819e+01
2.061465280497128294e+00 1.850343878148330047e-03 1.196971153846153868e+02 3.130570552782151594e+01
2.067778354784032935e+00 1.826644103880053095e-03 1.108212560386473484e+02 2.953531636062610133e+01
2.074107962816127415e+00 1.810449409964311413e-03 1.011555555555555515e+02 2.844933985651696418e+01
2.080392027050733006e+00 1.757304311173108879e-03 8.953420195439738904e+01 2.598465833894518084e+01
2.086560915145909245e+00 1.789004268885935290e-03 7.898703403565640713e+01 2.289065273574057713e+01
2.092907509218693285e+00 1.897916204239676529e-03 6.620579268292682684e+01 2.142291284553360953e+01
2.099341076602548206e+00 1.841856996552926774e-03 4.979843749999999858e+01 1.670594939287162006e+01
2.105598503643897335e+00 1.780460926307301031e-03 3.640575079872204611e+01 8.479381594027355362e+00
2.111872942412509335e+00 1.813036870717739954e-03 2.932407407407407263e+01 3.263922817440325641e+00
2.118179840511383194e+00 1.773074262998883873e-03 2.742362204724409480e+01 2.349893377155177543e+00
2.124489700938873238e+00 1.854176769044688739e-03 2.700764525993883680e+01 2.159528143528466337e+00
2.130866139955553962e+00 1.876679961187130126e-03 2.713767019667170999e+01 2.095167583915230836e+00
2.137196345481136905e+00 1.803165093871285981e-03 2.804953560371517085e+01 2.421032836259965570e+00
2.143477781291089013e+00 1.808033309626025679e-03 2.949465648854961941e+01 2.851335820384606645e+00
2.149749346762158453e+00 1.787076492040512573e-03 3.116897081413210557e+01 2.809513731222669009e+00
2.156014428448592479e+00 1.811767013668930289e-03 3.221308980213089512e+01 2.758239494742230846e+00
2.162388958755252943e+00 1.899773100682969557e-03 3.241751824817518468e+01 2.979493735291694367e+00
2.168776559916051561e+00 1.828625003914755194e-03 3.257507507507507682e+01 3.064208111949208391e+00
2.175079146577416189e+00 1.799027495536281414e-03 3.319402985074626855e+01 3.072742503273495629e+00
2.181358965593887422e+00 1.775037425494343461e-03 3.537349397590361377e+01 3.764679498820989512e+00
2.187625576602315824e+00 1.830837683859201127e-03 4.080177514792899274e+01 6.338601525359790934e+00
2.193923842198696850e+00 1.837507381709080519e-03 4.999118942731277571e+01 9.139636157073622869e+00
2.200310743338333541e+00 1.859271066102410235e-03 6.407317073170732158e+01 1.156711694209500862e+01
2.206637920896229677e+00 1.789161753318371274e-03 8.144888888888888800e+01 1.258255320940427069e+01
2.212855268310565560e+00 1.778695396750237757e-03 9.867746686303387094e+01 1.220100690633864282e+01
2.219155297956861617e+00 1.826812665150635666e-03 1.110733812949640225e+02 1.277623304585858399e+01
2.225534449623195243e+00 1.883537061579874895e-03 1.164456981664315975e+02 1.418921127517414504e+01
2.231816049321749151e+00 1.789850136339156059e-03 1.169559471365638785e+02 1.436403335678871862e+01
2.238124350048766420e+00 1.838516226422660244e-03 1.169776536312849231e+02 1.444004267854790058e+01
2.244461256680506001e+00 1.769483755913013904e-03 1.169855282199710587e+02 1.501436074793740794e+01
2.250672411056880762e+00 1.815340560525242463e-03 1.180932568149210908e+02 1.550688427503840572e+01
2.256976265699253581e+00 1.875232856265233962e-03 1.191063535911602145e+02 1.604671689485703823e+01
2.263404067221236105e+00 1.844596500685106652e-03 1.200110192837465632e+02 1.654162138685563477e+01
2.269740131332425914e+00 1.784620609829179342e-03 1.198783592644978739e+02 1.754256965237711796e+01
2.275928662030326066e+00 1.770462641505800294e-03 1.169700854700854649e+02 1.864892860973748157e+01
2.282234771450446509e+00 1.859120215862977580e-03 1.136070460704607115e+02 1.844414590502890761e+01
2.288651494096741512e+00 1.861574731480084791e-03 1.085156037991858824e+02 1.920702700163840859e+01
2.294929189507614264e+00 1.787386468760323059e-03 1.030449438202247165e+02 1.885603376822659527e+01
2.301123790424945526e+00 1.773889529887621910e-03 9.730972222222222001e+01 1.847630771445581388e+01
2.307427473574251042e+00 1.823767960867003161e-03 8.912449255751015187e+01 1.617444112083637719e+01
2.313824548022820782e+00 1.807223345639351721e-03 8.192421991084695776e+01 1.467756773799269787e+01
2.320154992066300714e+00 1.861695907969135875e-03 7.485059171597633565e+01 1.466190775399743451e+01
2.326479049872378635e+00 1.797363522119922990e-03 6.589830508474575765e+01 1.378445040972316171e+01
2.332811122143054305e+00 1.834923033436536115e-03 5.565349544072948618e+01 1.269017345084988335e+01
2.339146829363451641e+00 1.809933127175767861e-03 4.479277864992150882e+01 1.186908173999861305e+01
2.345346999874724947e+00 1.788822558822959720e-03 3.348231511254019210e+01 8.442236847691775736e+00
2.351591514044208964e+00 1.821961582186779451e-03 2.545826771653543474e+01 4.385211791939464199e+00
2.357940827546205931e+00 1.821480796874143165e-03 2.190664556962025245e+01 2.403649234535992996e+00
2.364269371024037891e+00 1.822839816105960298e-03 2.064262820512820440e+01 1.994362534693633782e+00
2.370575565839220911e+00 1.828742917233826173e-03 2.017202572347266809e+01 2.038521812235040365e+00
2.376891771469677561e+00 1.815523241845057745e-03 2.013268608414239580e+01 2.577363629803476108e+00
2.383240749019818416e+00 1.833462819707767054e-03 2.029742765273311988e+01 2.723682404220957309e+00
2.389601619010945921e+00 1.828185711102788165e-03 2.050488599348534180e+01 2.704198156158987398e+00
2.395961259100775731e+00 1.812604844355751544e-03 2.051669316375198804e+01 2.913045984481137829e+00
2.402160007896914973e+00 1.807533258736503850e-03 2.121194029850746432e+01 2.849225193949486368e+00
2.408453972146052724e+00 1.793232887210479852e-03 2.287134502923976598e+01 2.874964964851959071e+00
2.414771780432101167e+00 1.830638750947721858e-03 2.517073170731707421e+01 3.033966880796230114e+00
2.421058800843912895e+00 1.849123668637423033e-03 2.791230551626591350e+01 3.209443995506012559e+00
2.427397847212681370e+00 1.833909450969152099e-03 3.030555555555555713e+01 3.599591669229329494e+00
2.433701938443864954e+00 1.777285794113256248e-03 3.129957805907173096e+01 3.791412580437661273e+00
2.440001432560962691e+00 1.835928632076300280e-03 3.122571819425444772e+01 3.841771674371845524e+00
2.446276920633820851e+00 1.825543246774167941e-03 3.072902338376891507e+01 3.780487554342268908e+00
2.452612917458465880e+00 1.850886418197054181e-03 3.060212201591511771e+01 3.628511968720668168e+00
2.458937188373468086e+00 1.764090576915684772e-03 3.096027397260273872e+01 3.764798784700855716e+00
2.465235494564519847e+00 1.842465198645606636e-03 3.153764861294583710e+01 3.928978923415006985e+00
2.471581205305689810e+00 1.856761058240425245e-03 3.182105263157894726e+01 4.281767375273402010e+00
2.477865992864338285e+00 1.798850075022648308e-03 3.176431424766977329e+01 4.255027250861371790e+00
2.484122936716935737e+00 1.780971833254360159e-03 3.162879788639365941e+01 3.778602238889371634e+00
2.490467721662181333e+00 1.849468727863495983e-03 3.140613026819923448e+01 3.582677335477137515e+00
2.496849546734450254e+00 1.852734310658727887e-03 3.072541507024265783e+01 3.721239589260535663e+00
2.503105859710241798e+00 1.772860352036017325e-03 2.984432717678100389e+01 3.407556970030956034e+00
2.509322203788900918e+00 1.804578376445024500e-03 2.917820512820512846e+01 3.541223838193422235e+00
2.515643032193938478e+00 1.830400595634155535e-03 2.864231738035264385e+01 3.586122927218058365e+00
2.522012436559997628e+00 1.844427975373299751e-03 2.793424317617866137e+01 3.661117731182678803e+00
2.528376527697731913e+00 1.805263014170996501e-03 2.698366834170854389e+01 3.368075691742456801e+00
2.534662305746367750e+00 1.817191430107880853e-03 2.591309823677582003e+01 3.212247672430578849e+00
2.540923642722284104e+00 1.847774197163838152e-03 2.505321782178217660e+01 3.533742030339308116e+00
2.547222087144660030e+00 1.810867478977307979e-03 2.371287128712871350e+01 3.474286558627774912e+00
2.553540685742163419e+00 1.807658101810726481e-03 2.214198286413708772e+01 3.447751643624131113e+00
2.559925401613222018e+00 1.856915584780679824e-03 2.052694610778443263e+01 3.503406496007369864e+00
2.566280305514876403e+00 1.838802799104265022e-03 1.881476997578692334e+01 3.041575229123940183e+00
2.572544852388987113e+00 1.785952156998167010e-03 1.810306748466257787e+01 2.657422848327588127e+00
2.578799894204640619e+00 1.806472379669163885e-03 1.808464328899637152e+01 2.313453532437246274e+00
2.585123793491197919e+00 1.855120447360665906e-03 1.830904817861339495e+01 2.345591002924494628e+00
2.591472256141813091e+00 1.805120360344933915e-03 1.822407628128724610e+01 2.394395954093906376e+00
2.597744265483155957e+00 1.788819714346394623e-03 1.820023980815347642e+01 2.424831619620013257e+00
2.604038454996993934e+00 1.850630787333012181e-03 1.810955710955710884e+01 2.494238393134183163e+00
2.610374414453144443e+00 1.837105816396599096e-03 1.773457508731082655e+01 2.432611596468176263e+00
2.616634120485421100e+00 1.761050173804210722e-03 1.752744630071599019e+01 2.287873026403650645e+00
2.622940397920966227e+00 1.848634675493098997e-03 1.760068259385665357e+01 2.266750384848307931e+00
2.629323187355575353e+00 1.839581463337864892e-03 1.774771689497717020e+01 2.617336203499990521e+00
2.635681273538560632e+00 1.815290224604702678e-03 1.770217640320733210e+01 2.386547838533625399e+00
2.641934789831782204e+00 1.778405014700361417e-03 1.780868544600938819e+01 2.282723543487561901e+00
2.648176773767660031e+00 1.853093332118325998e-03 1.801127395715896284e+01 2.420296210776287538e+00
2.654514065851063087e+00 1.823524830511773481e-03 1.794689265536723255e+01 2.436643715440834246e+00
2.660817448321032508e+00 1.798052776896779401e-03 1.789988623435722559e+01 2.336603398851465840e+00
2.667123571907564994e+00 1.844852426740933296e-03 1.789333333333333442e+01 2.321315080660895536e+00
2.673472329675100401e+00 1.839448802019330543e-03 1.768438538205980137e+01 2.422836676886666041e+00
2.679761377760365715e+00 1.786299887381436651e-03 1.741855203619909531e+01 2.272338654836753236e+00
2.686129035698236578e+00 1.877272974428747035e-03 1.688547189819724181e+01 3.193730011428611792e+00
2.692300573720700196e+00 1.798376592015874225e-03 1.704713804713804848e+01 2.204237155267937176e+00
2.698561328278970439e+00 1.798779619418457414e-03 1.728848346636259947e+01 1.879282161917432914e+00
2.704947056964875252e+00 1.860594623228957294e-03 1.734157303370786352e+01 1.901951502467307042e+00
2.711339925705444909e+00 1.826229981736538378e-03 1.719097222222222143e+01 1.840478675267718911e+00
2.717643416720191052e+00 1.774618570520191145e-03 1.721718377088305374e+01 1.744985908358612559e+00
2.723934694222051256e+00 1.823763048442502126e-03 1.727272727272727337e+01 1.699111764366087574e+00
2.730274673678132036e+00 1.841398355898408350e-03 1.751239669421487477e+01 2.233461381335814178e+00
2.736591263199737778e+00 1.788312012670147501e-03 1.787926829268292650e+01 2.128473296115884317e+00
2.742885231028380222e+00 1.844652457607765493e-03 1.824100719424460593e+01 1.908204726217698877e+00
2.749161241756704843e+00 1.804773587711254630e-03 1.853685503685503733e+01 1.892352125008992525e+00
2.755398232824302962e+00 1.776157869081165970e-03 1.881164807930607097e+01 2.008711558825678978e+00
2.761751565609168679e+00 1.857903093933079139e-03 1.896176821983273442e+01 2.022495457314060552e+00
2.768124311574730267e+00 1.813883183384283311e-03 1.942331288343558171e+01 1.927005486475250606e+00
2.774423663616722546e+00 1.776295681999270643e-03 2.121098626716604230e+01 2.597548615595508537e+00
2.780754869867226198e+00 1.842436817654598789e-03 2.561753958587089031e+01 4.874243745901217117e+00
2.787077464795406190e+00 1.805278297034774168e-03 3.275874999999999915e+01 7.710479678658134439e+00
2.793346642012575654e+00 1.793644434711254678e-03 4.022950819672131217e+01 7.732969247813779923e+00
2.799634253246212179e+00 1.838111547031318375e-03 4.660297766749379633e+01 7.978690277856207658e+00
2.805924842988945844e+00 1.808245895551135627e-03 5.212626262626262275e+01 9.434750669838614101e+00
2.812167973206011862e+00 1.789098639402584082e-03 5.549104859335038498e+01 1.011904388222864881e+01
2.818496662748549042e+00 1.874446068014908040e-03 5.683985330073349473e+01 1.026845411546400832e+01
2.824858807967614460e+00 1.791571154666717633e-03 5.736687898089171966e+01 9.933133496560353493e+00
2.831150482550185643e+00 1.815112775054883139e-03 5.734683544303797476e+01 9.049534145926624973e+00
2.837475400148095517e+00 1.850316795954077458e-03 5.741220423412204354e+01 8.727789644756168030e+00
2.843805018276897911e+00 1.786824753329564535e-03 5.828754813863928064e+01 8.442805899527908053e+00
2.850131561922547352e+00 1.845583173970813699e-03 5.974781523096130087e+01 9.523006277125086072e+00
2.856484494638581229e+00 1.841115527677602507e-03 6.032254047322540202e+01 1.038114157119439085e+01
2.862782859862781137e+00 1.780809355167121575e-03 6.032780612244897611e+01 1.049800039467265833e+01
2.869068523143336158e+00 1.847699945098150954e-03 6.065276073619632058e+01 1.113846945952231593e+01
2.875378514069953706e+00 1.802909528894259443e-03 6.000873907615480363e+01 1.137231386102831010e+01
2.881671995666307051e+00 1.819305449905813353e-03 5.983726708074534173e+01 1.095963906865110360e+01
2.887980092673573917e+00 1.848812746508326317e-03 5.786519607843137436e+01 1.147284927753269734e+01
2.894292086458025270e+00 1.795011172749967111e-03 5.426884422110552464e+01 1.181743113452440674e+01
2.900588101801901963e+00 1.834444505730529681e-03 4.810506798516687610e+01 1.133794695474604630e+01
2.906894294921833044e+00 1.834235081131648307e-03 4.359727385377942710e+01 1.176808694014855128e+01
2.913143215321425394e+00 1.775388414920497622e-03 4.051216389244558513e+01 1.247387264871997736e+01
2.919469846096636179e+00 1.902110692867622259e-03 3.742685851318945112e+01 1.368616488962019773e+01
2.925831071463227850e+00 1.799019204260941503e-03 3.655203045685279051e+01 1.364289939997078704e+01
2.932125236913744715e+00 1.849572311535908030e-03 3.461186650185413782e+01 1.269012336761918291e+01
2.938426190430696305e+00 1.829943172517629413e-03 3.290137328339575618e+01 1.051733660993273212e+01
2.944698497868602605e+00 1.792371922793937686e-03 3.176522842639593947e+01 7.831127892595668882e+00
2.951032364443879619e+00 1.872648010744969562e-03 3.195024271844660291e+01 6.036992575932366378e+00
2.957349976869245278e+00 1.772646084934545842e-03 3.539897698209718868e+01 6.293840426380903352e+00
2.963641534615172990e+00 1.843499637433317897e-03 4.016666666666666430e+01 6.592800662550905244e+00
2.969974563050315375e+00 1.835483252247156055e-03 4.516024844720497100e+01 6.337847293950702010e+00
2.976261971728969780e+00 1.784595762971840369e-03 4.878061224489795933e+01 6.226695933062370791e+00
2.982555079221103078e+00 1.856376802478345786e-03 5.006731946144430623e+01 5.796145761661867013e+00
2.988860230475899549e+00 1.767956570045068222e-03 5.015364916773367554e+01 5.376445492324182673e+00
2.995178874680174186e+00 1.856934622757372335e-03 4.996577017114914554e+01 5.196741424814733890e+00
3.001496400543723020e+00 1.797819739674591305e-03 4.999493029150823986e+01 5.494319529001282731e+00
3.007822553902104179e+00 1.849516356328991537e-03 4.965470297029703062e+01 5.546196273890665829e+00
3.014155913686516808e+00 1.844070628166239031e-03 4.929937888198757889e+01 5.646320086539191152e+00
3.020427983220980828e+00 1.780401570183770890e-03 4.864487179487179702e+01 6.198973690797362934e+00
3.026726854870708916e+00 1.864734463497724846e-03 4.842420537897310595e+01 1.873793743815678781e+01
3.033042693621903041e+00 1.790509691971886499e-03 5.483928571428571530e+01 9.848448928227716692e+01
3.039417687211595442e+00 1.892848977299335135e-03 5.557246376811594502e+01 1.297148220285955915e+02
3.045771113053035606e+00 1.809002971513908259e-03 4.705830164765526291e+01 4.130504740307979006e+01
3.052089874155329063e+00 1.844438578281415919e-03 4.183870967741935232e+01 1.279029520084435134e+01
3.058386304167925118e+00 1.824217551217444024e-03 3.810526315789473983e+01 1.391440280648152061e+01
3.064635661305841197e+00 1.781811879387494579e-03 3.447564102564102484e+01 1.399180221619314857e+01
3.070942258104439215e+00 1.879278577764203085e-03 3.069454545454545524e+01 1.420429811178590107e+01
3.077306102136554866e+00 1.789896323379901438e-03 2.864294790343074837e+01 1.398225919456323396e+01
3.083610248093582751e+00 1.842323938384468965e-03 2.589913899138991482e+01 1.325071088330815527e+01
3.089899276602742884e+00 1.781295098450355954e-03 2.396178343949044631e+01 1.186778625875936122e+01
3.096219282790054539e+00 1.849962857272845727e-03 2.145220588235294201e+01 1.070719866396094488e+01
3.102516781183005889e+00 1.793151767743564459e-03 2.051964512040557764e+01 9.765272082295512135e+00
3.108846425703184035e+00 1.844538984569745127e-03 1.896309963099631091e+01 8.999785161339101336e+00
3.115155056293756886e+00 1.812510444856532069e-03 1.739774153074027652e+01 7.507613340009871017e+00
3.121484332076036150e+00 1.832521331068808152e-03 1.564019851116625226e+01 5.374936985809783963e+00
3.127777573742708483e+00 1.818133687887086257e-03 1.455985037406483862e+01 3.997534625593207380e+00
3.134074710556275623e+00 1.800750836428910992e-03 1.408448928121059218e+01 3.104206093296586477e+00
3.140350968701055567e+00 1.840082388152106639e-03 1.384113300492610854e+01 2.781524923455376275e+00
3.146669598331559570e+00 1.795769837056059460e-03 1.395328282828282873e+01 2.667429991951626000e+00
3.152959210157879166e+00 1.842768641532451131e-03 1.393496932515337505e+01 2.498953975904948166e+00
3.159264892205651432e+00 1.791857333635609589e-03 1.386962025316455716e+01 2.440543752010992939e+00
3.165581888857809112e+00 1.858342078644047027e-03 1.368567961165048530e+01 2.180361570128137139e+00
3.171905560319084216e+00 1.782720971754531017e-03 1.350063371356147002e+01 2.156356570440188136e+00
3.178180461481988406e+00 1.828434529921516482e-03 1.324201474201474227e+01 2.107248841220922486e+00
3.184506679420991304e+00 1.810619157308176325e-03 1.334246575342465668e+01 2.027262625531964790e+00
3.190846230582273346e+00 1.831490456789015321e-03 1.300611246943765309e+01 2.198570203898384534e+00
3.197132365687451294e+00 1.780884113596707067e-03 1.302531645569620267e+01 2.281604750420518801e+00
3.203454230992797136e+00 1.862619862555806765e-03 1.259589867310012146e+01 2.554643340763281589e+00
3.209790152929830498e+00 1.796864404628749357e-03 1.222515723270440269e+01 2.626646716213845600e+00
3.216105270782768422e+00 1.849581865447865814e-03 1.168203883495145590e+01 2.897600324036191388e+00
3.222383723154825574e+00 1.773184836801974633e-03 1.144543147208121781e+01 2.902847146213288099e+00
3.228652903688512765e+00 1.829814433570467642e-03 1.102557856272838066e+01 2.959632682204913046e+00
3.234977992221026444e+00 1.801123950508762587e-03 1.111442786069651767e+01 3.091994772389394353e+00
3.241301441286830176e+00 1.830570155328411054e-03 1.113608748481166444e+01 3.127873024723370143e+00
3.247581817024004280e+00 1.774748969754167847e-03 1.177117572692793956e+01 3.003022914903370477e+00
3.253885986942128827e+00 1.868811343678552150e-03 1.215688622754491099e+01 2.907888257870731241e+00
3.260235987169183947e+00 1.804603356501592029e-03 1.253875000000000028e+01 2.876486028994406308e+00
3.266546856392692710e+00 1.857627301288636550e-03 1.248918269230769162e+01 2.770116941375926789e+00
3.272886904023045052e+00 1.792569475559808913e-03 1.251999999999999957e+01 2.742307422591417243e+00
3.279153478698136670e+00 1.837211362056317054e-03 1.233333333333333393e+01 2.518697755555117546e+00
3.285516195699416553e+00 1.819318898053023329e-03 1.222358722358722360e+01 2.454382509784788891e+00
3.291677990232397821e+00 1.824817096246810931e-03 1.224508519003931895e+01 2.458412724780759451e+00
3.298068987764390059e+00 1.863784166448585874e-03 1.234931506849315141e+01 2.472388333587293818e+00
3.304430978840338096e+00 1.814787339162488022e-03 1.234593023255813904e+01 2.530056109453341140e+00
3.310737564052387061e+00 1.817945227602999880e-03 1.220089285714285765e+01 2.720644279094085238e+00
3.317033906120231190e+00 1.800198345421728579e-03 1.202619414483821281e+01 2.974100035745844473e+00
3.323313479518194669e+00 1.810036704891648416e-03 1.181347962382445083e+01 2.999116263476270472e+00
3.329645772824664451e+00 1.853775369266378323e-03 1.167394695787831438e+01 3.036576008460043941e+00
3.335990548707715053e+00 1.826590486813650920e-03 1.132744783306581127e+01 3.090535463972753583e+00
3.342268739174953929e+00 1.807641793864574143e-03 1.119902120717781457e+01 3.266049200484602011e+00
3.348554594221377023e+00 1.807536448754866812e-03 1.093092105263157876e+01 3.382917031237310024e+00
3.354810866618635590e+00 1.798386852034845364e-03 1.057286432160804068e+01 3.179354797522405018e+00
3.361143554435736203e+00 1.860575678898459748e-03 1.018852459016393475e+01 3.083937284536274248e+00
3.367505271257411170e+00 1.829077091643749146e-03 9.724662162162161394e+00 3.014560553166428125e+00
3.373804785089639324e+00 1.803149868685275390e-03 9.544194107452339537e+00 2.875422429780282396e+00
3.380079784639911100e+00 1.805631642174917659e-03 9.254833040421791779e+00 2.843703630434986973e+00
3.386416571036835244e+00 1.843579116849991192e-03 9.186619718309859906e+00 2.758917975791132182e+00
3.392732849186819166e+00 1.821713749179523084e-03 9.070780399274047667e+00 2.621047831097220282e+00
3.399077842768783331e+00 1.840157085703132342e-03 8.731884057971013746e+00 2.396801433129337244e+00
3.405368445234043140e+00 1.771416845865005909e-03 8.770992366412214025e+00 2.326125302795422733e+00
3.411642977450664915e+00 1.840004348347408980e-03 9.092105263157895578e+00 2.262633266697165801e+00
3.417946432239648225e+00 1.816648589106147462e-03 9.743689320388350339e+00 2.223401871623991610e+00
3.424268333461439884e+00 1.838339958730071926e-03 1.093230174081237926e+01 2.469764106962663686e+00
3.430601598134079389e+00 1.799761940178920376e-03 1.293787575150300562e+01 2.754486965840674983e+00
3.436922606236269218e+00 1.844213366763177700e-03 1.476800000000000068e+01 2.945456161615720880e+00
3.443269856433799347e+00 1.834668830692703879e-03 1.569325153374233217e+01 3.142713512893095196e+00
3.449516618902171317e+00 1.769622948488585408e-03 1.561324786324786373e+01 3.087267452438643200e+00
3.455771942280530862e+00 1.817195070858158281e-03 1.530443974630021131e+01 2.902745334746269723e+00
3.462154010515302804e+00 1.866018191136946868e-03 1.529324894514767941e+01 2.796747525360669506e+00
3.468478914699885340e+00 1.799468636805881495e-03 1.517738359201773868e+01 2.802037070294590926e+00
3.474737530089159865e+00 1.798535080277152308e-03 1.509865470852017921e+01 3.085027435369292803e+00
3.481027808853469629e+00 1.828779808500339806e-03 1.517873303167420751e+01 3.553743429248415353e+00
3.487370903609774420e+00 1.855504762412056021e-03 1.495022624434389158e+01 3.810516290127907268e+00
3.493710577164840458e+00 1.791815171782784382e-03 1.443735224586288446e+01 4.089000174533076404e+00
3.499981309375833849e+00 1.817721919481020843e-03 1.355608591885441605e+01 4.227139293115713237e+00
3.506294281862427642e+00 1.840208171226962808e-03 1.254916067146282899e+01 4.558648293207825830e+00
3.512643170548069183e+00 1.819719049123772565e-03 1.181818181818181834e+01 4.758120857466688669e+00
3.518887929185086527e+00 1.780316295825717758e-03 1.166410256410256352e+01 5.187426005270608265e+00
3.525201780775713889e+00 1.871585280235478531e-03 1.117369727047146455e+01 5.350497968137254645e+00
3.531587235286628879e+00 1.812415240060859375e-03 1.047656250000000000e+01 5.257005649458396768e+00
3.537791204901774123e+00 1.765649031450039182e-03 9.847411444141689785e+00 4.490772389557522004e+00
3.544104483213670331e+00 1.881636984785636617e-03 9.226562500000000000e+00 3.500191819520396042e+00
3.550526160049383151e+00 1.823753900979235669e-03 9.054644808743169904e+00 2.686721928864874265e+00
3.556826252644191833e+00 1.805941154371571225e-03 9.152112676056338714e+00 2.080721724847112153e+00
3.563110991539715666e+00 1.831382697511484874e-03 9.576704545454544970e+00 1.856733508974057090e+00
3.569418747584309326e+00 1.819035597463529485e-03 1.005232558139534937e+01 1.673242278982702391e+00
3.575721219182565580e+00 1.815191134896390569e-03 1.077744807121661808e+01 1.629736696991467060e+00
3.582041784633743120e+00 1.836067019019354488e-03 1.143843843843843899e+01 1.641637674254831536e+00
3.588351193306853926e+00 1.816205673054769026e-03 1.174613003095975294e+01 1.740901862794478339e+00
3.594644124218077774e+00 1.816162507538995278e-03 1.164984227129337491e+01 1.422866807097866060e+00
3.600965899690116157e+00 1.832434222657099978e-03 1.156549520766773220e+01 1.371169184000170294e+00
3.607301933810233674e+00 1.823864462282996299e-03 1.167540983606557425e+01 1.539151334826083239e+00
3.613589615564896995e+00 1.801875725405921403e-03 1.154237288135593253e+01 1.708168522492812036e+00
3.619872304563952703e+00 1.819848024125704684e-03 1.099312714776632305e+01 1.900424424872112938e+00
3.626184481674183946e+00 1.827760715362539709e-03 1.063859649122806950e+01 2.119594495385662025e+00
3.632455309189269510e+00 1.797655079431180383e-03 1.019343065693430717e+01 2.389867300655498017e+00
3.638754857574894697e+00 1.841922947680418475e-03 9.708029197080291439e+00 2.480839248274504083e+00
3.645110863435991444e+00 1.833895812584415653e-03 8.947368421052631859e+00 2.457312645407053520e+00
3.651399341121458253e+00 1.797724079201825547e-03 8.301960784313726194e+00 2.194512747198407610e+00
3.657684783062496781e+00 1.823089633617003442e-03 7.492063492063492092e+00 2.012339109684505800e+00
3.663989311092172851e+00 1.817352227903809700e-03 6.979508196721311286e+00 1.881616249333387225e+00
3.670338462676961733e+00 1.852037082036360515e-03 6.739669421487603174e+00 1.633000132817463479e+00
3.676667454351053799e+00 1.802731285318214709e-03 6.275109170305676720e+00 1.526967528017639575e+00
3.682957402673964431e+00 1.831301914300888494e-03 5.933628318584070804e+00 1.128743629814431770e+00
3.689264510226057059e+00 1.810576500315507495e-03 5.783410138248847865e+00 8.814621457846943953e-01
3.695607159299667099e+00 1.851070780809128090e-03 5.930232558139534760e+00 8.889076676100656771e-01
3.701906411334345837e+00 1.786914693256676148e-03 6.527363184079601588e+00 9.374116626285647902e-01
3.708163258087520564e+00 1.825159420261267002e-03 7.020100502512562457e+00 8.993009526736354120e-01
3.714507337749332283e+00 1.833043865117713490e-03 7.181347150259067114e+00 1.151332179260612598e+00
3.720870273368275249e+00 1.842023606415223082e-03 7.663101604278074852e+00 1.011798057131968243e+00
3.727157013165883104e+00 1.785929560704693081e-03 7.817142857142856727e+00 1.199918364570129237e+00
3.733414267292576749e+00 1.823616893326991065e-03 7.534883720930232620e+00 1.162209156904024709e+00
3.739747614563589284e+00 1.832601406324968355e-03 7.397590361445782747e+00 1.009463135694139924e+00
3.746091684029914770e+00 1.828992002129592063e-03 7.226415094339622591e+00 8.507320994411693427e-01
3.752406222021260618e+00 1.812401454337024109e-03 7.092715231788079500e+00 1.144508055303241179e+00
3.758712131096641595e+00 1.823143945980814458e-03 6.944827586206896441e+00 1.434797710782956814e+00
3.765000355804634324e+00 1.809969724265664184e-03 6.649635036496350793e+00 1.546911490370033837e+00
3.771324791207556704e+00 1.846593531196991230e-03 6.330827067669172692e+00 1.279610008992770220e+00
3.777640884128447674e+00 1.800430178895984180e-03 5.780487804878048586e+00 1.258640570482016496e+00
3.783890033752419058e+00 1.812352582976840126e-03 5.239316239316239354e+00 9.980256644117211362e-01
3.790205950757557840e+00 1.839564216382759279e-03 5.187500000000000000e+00 8.031745051446078643e-01
3.796547481197723339e+00 1.823144808823023381e-03 5.413461538461538325e+00 9.836872127583941028e-01
3.802839460639445335e+00 1.822115437231795494e-03 5.484536082474226859e+00 9.509156748536250481e-01
3.809162628389719529e+00 1.835235423465040759e-03 5.626373626373626813e+00 9.430082616670306672e-01
3.815477698903783743e+00 1.813833779597889004e-03 5.927710843373493965e+00 8.028111445280807779e-01
3.821777178949230969e+00 1.830898415393102585e-03 5.857142857142856762e+00 7.836454463140566373e-01
3.828076951026545771e+00 1.795694771849016581e-03 5.739130434782608425e+00 9.092398342816302437e-01
3.834316772867639944e+00 1.791896653628349866e-03 5.645161290322580960e+00 8.408780901765853244e-01
3.840583618544390898e+00 1.820001018717854217e-03 5.464285714285714413e+00 8.597430798007658082e-01
3.846911872181034475e+00 1.824281646184678762e-03 5.122448979591836427e+00 7.611451509784292746e-01
3.853313008086272973e+00 1.880829953221405115e-03 4.976744186046511587e+00 8.620350229232852657e-01
3.859656947796285653e+00 1.787945514535103963e-03 4.441176470588235503e+00 6.141356769947382555e-01
3.865825284683709118e+00 1.773175751446867720e-03 4.740740740740740478e+00 7.680163464195453038e-01
3.872064552013789740e+00 1.858490478498285668e-03 4.904761904761905100e+00 1.209373818971456904e+00
3.878243048288448236e+00 1.738115315901965106e-03 4.384615384615385025e+00 9.389658165949003044e-01
3.884441558101385361e+00 1.990091083924331716e-03 4.857142857142856762e+00 9.035079029052512922e-01
