# q qerr I(q) I(q)err
6.111313073595031620e-02 3.154100855865873791e-03 3.110000000000000000e+02 9.106593820985328591e+01
6.800242608866982619e-02 2.110752812487300123e-03 4.330000000000000000e+02 5.513166059534212593e+01
7.478812129850326285e-02 1.894856213165734514e-03 4.778888888888889142e+02 7.969718925601229387e+01
8.081736842982174818e-02 1.577734731020807597e-03 5.337777777777778283e+02 7.790830317561604090e+01
8.706192866790804508e-02 2.018057842609979804e-03 5.426153846153846416e+02 9.149093788991525855e+01
9.311361532868518698e-02 1.734318039620741251e-03 5.741666666666666288e+02 9.215016428513722246e+01
9.924832822165428892e-02 1.939409616079583844e-03 5.762500000000000000e+02 1.367354311252207992e+02
1.056867454532435108e-01 2.068262530006435406e-03 5.401250000000000000e+02 1.656271855201715653e+02
1.120935416356093062e-01 1.699923986068800717e-03 5.249615384615384528e+02 1.708598079259632527e+02
1.177168722532570266e-01 1.903764278506084144e-03 5.247500000000000000e+02 1.744769639164437081e+02
1.242406998858587575e-01 2.007415885574503726e-03 5.250000000000000000e+02 1.583340726799780498e+02
1.307844605212421796e-01 1.948859987027574741e-03 5.363928571428571104e+02 1.334157132837823099e+02
1.372938405551752672e-01 1.976444694498947011e-03 5.362903225806451246e+02 1.347009444394597040e+02
1.433626874055373979e-01 1.479129257371093872e-03 5.197999999999999545e+02 1.223018887834525685e+02
1.497414395840910573e-01 2.132896554945924294e-03 5.317567567567567721e+02 1.244647532401179149e+02
1.562016171858009728e-01 1.470810848565314282e-03 5.301851851851852189e+02 1.162019728364526543e+02
1.620883487451751925e-01 1.817360580555445800e-03 5.398787878787878753e+02 1.138581512419030020e+02
1.684939590642719198e-01 1.975568076388520972e-03 5.392972972972972912e+02 1.164700433619326105e+02
1.749358117034872373e-01 1.810730169671130639e-03 5.482571428571428669e+02 1.134380816452170961e+02
1.813634234827302405e-01 1.982290824745188643e-03 5.563902439024390105e+02 1.112264385947636072e+02
1.877608813777307539e-01 1.710969833005861022e-03 5.594864864864864558e+02 1.184930981830575831e+02
1.936838392192468117e-01 1.708352888559126238e-03 5.643157894736841627e+02 1.176681916411556017e+02
1.998200724089964908e-01 1.901042836663710675e-03 5.742558139534884276e+02 1.169033034984385040e+02
2.064988844748374130e-01 2.083185659227047067e-03 5.736666666666666288e+02 1.403295476528177517e+02
2.131062600015138364e-01 1.923054290541973939e-03 5.936808510638297776e+02 1.232337247997549241e+02
2.193208008558340527e-01 1.649587748772136844e-03 5.952325581395348308e+02 1.274060444494289470e+02
2.255197753110727010e-01 1.943898002345461392e-03 6.019019607843137010e+02 1.205190093023898328e+02
2.319084130262620835e-01 1.853433278599466881e-03 6.080800000000000409e+02 1.221353151222036928e+02
2.380456302514551703e-01 1.717913041466973250e-03 6.129375000000000000e+02 1.223136124544879237e+02
2.441826744061198484e-01 1.910984005326162374e-03 6.165090909090909008e+02 1.174012741564320379e+02
2.508567628905887248e-01 1.865639566994751813e-03 5.680483870967741495e+02 1.640748699687277963e+02
2.571616352083493928e-01 2.042758540577210586e-03 5.493170731707317600e+02 1.655040001421648412e+02
2.636090936505812721e-01 1.759536909171210452e-03 5.555064935064934843e+02 1.510925042725827154e+02
2.696276322290375727e-01 1.767913466712890637e-03 5.645375000000000227e+02 1.441700569206379896e+02
2.756934411426098519e-01 1.847457432374286813e-03 5.787142857142856656e+02 1.371257615832849694e+02
2.820483295007140123e-01 1.942127748479487680e-03 5.823146067415730158e+02 1.334167882575728754e+02
2.885873542857223528e-01 1.999902870285049771e-03 5.896631578947368553e+02 1.307483273199045755e+02
2.950059364807982032e-01 1.753155416080761590e-03 5.920581395348837077e+02 1.288671015192594496e+02
3.012776628394395750e-01 1.916275679195857595e-03 6.021052631578946830e+02 1.246362730268224084e+02
3.076468654533095481e-01 1.858480647863890167e-03 6.065376344086021163e+02 1.221883640129055095e+02
3.139397285054469910e-01 1.849733180513128640e-03 6.138617021276595551e+02 1.192605347427446247e+02
3.202097007249891103e-01 1.889977811219999311e-03 6.175306122448979522e+02 1.170340931827006017e+02
3.264390569218261762e-01 1.757358001834326191e-03 6.237419354838709751e+02 1.130744139977586968e+02
3.326951465344144543e-01 1.930481388006281569e-03 6.367019230769230944e+02 1.067750358652417759e+02
3.390239669727912464e-01 1.785238221274862988e-03 6.369285714285714448e+02 1.052572857806647875e+02
3.452290355408559885e-01 1.822729964848564038e-03 6.463823529411764639e+02 1.038345436583963135e+02
3.515217579766085620e-01 1.894166946962649433e-03 6.522761904761904361e+02 1.022013543227134846e+02
3.581115149106128270e-01 1.984833837990382030e-03 6.597433628318584624e+02 1.000924926629239451e+02
3.646365217867122976e-01 1.807385512883236643e-03 6.685794392523364422e+02 9.845007531243626886e+01
3.707522342694583029e-01 1.646676631311451595e-03 6.710900000000000318e+02 9.785567331534743118e+01
3.768404479121448269e-01 1.835047814059704218e-03 6.831261261261261097e+02 9.442330222591503741e+01
3.831651369708888866e-01 1.834489868729198949e-03 6.825675675675676075e+02 9.222630855285591167e+01
3.894643253735652899e-01 1.853753096359237081e-03 6.841150442477876368e+02 8.886250787050538236e+01
3.958807651630259494e-01 1.912159574900255954e-03 6.826333333333333258e+02 8.618712684231520882e+01
4.022473572087105209e-01 1.746533598099251966e-03 6.820990990990991349e+02 8.176322710355472623e+01
4.083991683103055381e-01 1.862831917861469243e-03 6.879915966386554373e+02 7.702160469543252930e+01
4.147868792651558945e-01 1.850918924272050396e-03 6.905123966942148854e+02 7.499194137431061336e+01
4.211381020132339281e-01 1.813003092898375071e-03 6.988512396694214885e+02 7.120080865647889823e+01
4.273404438934948479e-01 1.765577699919095717e-03 7.041848739495798100e+02 6.893158937556010812e+01
4.337195733954657406e-01 1.911235613422362228e-03 7.122230769230769738e+02 6.495612447266906031e+01
4.400834723796714920e-01 1.795304431444431784e-03 7.146532258064515872e+02 6.336356577104577781e+01
4.463380503116383125e-01 1.781136916513354146e-03 7.132380952380951840e+02 6.088266722603658820e+01
4.525475293404462862e-01 1.782735370135076804e-03 7.130866141732283268e+02 6.047835129417757116e+01
4.588781844142776345e-01 1.863542184770878652e-03 7.071865671641791096e+02 6.088559876706746365e+01
4.652813857520213814e-01 1.809454061223974295e-03 7.021578947368420813e+02 5.776044918032801689e+01
4.715886271752884884e-01 1.786725641485754782e-03 6.933880597014925797e+02 5.587654361654379187e+01
4.778700308571910971e-01 1.749120838384908864e-03 6.898045112781954913e+02 5.435809433362055643e+01
4.841075358786299798e-01 1.812598873705853009e-03 6.852391304347826235e+02 5.317147185314335900e+01
4.904685449060671165e-01 1.813034819841214708e-03 6.802285714285713993e+02 5.361668945165397560e+01
4.967988078032400945e-01 1.775169993053363985e-03 6.809361702127660010e+02 5.225790935433612816e+01
5.030461340587593089e-01 1.710738770771227935e-03 6.775000000000000000e+02 5.078813623877819339e+01
5.093789740337634209e-01 1.844995629980458740e-03 6.779328859060402692e+02 4.687934403996310806e+01
5.157895609665918979e-01 1.772173611217854692e-03 6.756712328767123381e+02 4.417693956258352017e+01
5.220653538623039047e-01 1.710912446064493482e-03 6.753426573426573896e+02 4.265388040517823498e+01
5.282420832211931483e-01 1.776221308977217429e-03 6.751283783783783292e+02 4.213136544168735753e+01
5.345849814872509764e-01 1.797460663252185451e-03 6.736710526315789593e+02 4.154968678108955515e+01
5.409400198384390901e-01 1.769240412124692928e-03 6.754052287581699829e+02 4.183864750605152238e+01
5.471612929737256215e-01 1.671871176479489780e-03 6.756554054054054177e+02 4.239144172623675644e+01
5.535187503546902255e-01 1.843477994232445120e-03 6.805185185185184764e+02 4.169280387348761963e+01
5.599303633336802921e-01 1.774845713676194252e-03 6.847515923566878655e+02 4.281154553591446899e+01
5.661980099607780703e-01 1.715649351238413218e-03 6.943636363636363740e+02 3.689754153637571932e+01
5.724333289920446877e-01 1.764199560704661452e-03 7.027312500000000455e+02 3.839141953288520881e+01
5.786575496797814466e-01 1.687338640378493104e-03 7.123051948051947875e+02 4.100926099390211022e+01
5.849918082512260975e-01 1.882166412490617838e-03 7.264244186046511231e+02 4.191758538256980415e+01
5.913559560974818163e-01 1.673563701773732749e-03 7.377834394904458577e+02 4.350301405343702044e+01
5.976003341774964728e-01 1.789272139650604403e-03 7.529467455621302179e+02 4.448438775767600362e+01
6.039710484280985670e-01 1.760471037718898532e-03 7.662023809523809632e+02 4.530369225916277998e+01
6.103455122609070527e-01 1.778153705054047679e-03 7.751754385964911762e+02 4.579345392841823070e+01
6.165941547084902163e-01 1.709282904712068618e-03 7.765988023952095318e+02 4.661979730089452545e+01
6.227886440901039267e-01 1.708031916550016484e-03 7.723452380952380736e+02 4.573424276058752724e+01
6.292222757675741684e-01 1.895555695838723603e-03 7.619465240641711716e+02 4.185021749793059342e+01
6.355837393651907474e-01 1.609918394456906487e-03 7.436484848484848271e+02 3.838238710706684031e+01
6.417201133152361514e-01 1.735489606861494215e-03 7.265955056179775511e+02 3.574106880739596903e+01
6.480234646877054416e-01 1.746502386866512820e-03 7.056573033707865079e+02 3.345378774753675089e+01
6.543745591304535036e-01 1.808595843625667669e-03 6.879293478260869961e+02 3.052742983150076483e+01
6.607410482875138991e-01 1.776914150084337417e-03 6.708967391304347530e+02 2.867868610766545245e+01
6.669765730033264672e-01 1.670208017253243388e-03 6.575852272727272521e+02 2.758811367260176795e+01
6.731673103258457580e-01 1.796482171393593615e-03 6.496595744680851112e+02 2.581108457460005923e+01
6.795850853652600776e-01 1.822834825668488831e-03 6.420209424083769818e+02 2.409513617500459759e+01
6.858902177354958551e-01 1.747430487391250960e-03 6.363494623655914211e+02 2.271689182612349711e+01
6.921278880332987216e-01 1.765781770802452586e-03 6.289259259259259807e+02 2.144809026770652238e+01
6.985070946107704293e-01 1.847715388967816497e-03 6.237525252525252881e+02 2.042139725809328610e+01
7.048037128132643714e-01 1.757666077632949074e-03 6.179206349206349387e+02 2.100764916860439158e+01
7.109847861020758275e-01 1.767854622430342420e-03 6.150989583333333712e+02 2.102035456384081513e+01
7.172345948602801835e-01 1.822657136245004524e-03 6.123131313131312936e+02 2.008226754243540313e+01
7.236608500653414211e-01 1.906739358311473767e-03 6.097707317073170543e+02 1.923741211767133308e+01
7.299519259881649402e-01 1.814756391122580772e-03 6.068163265306122867e+02 1.848305954685022812e+01
7.362298620906445601e-01 1.872001608046580190e-03 6.041813725490195566e+02 1.820855091469164577e+01
7.427109241448597299e-01 1.961252361706546793e-03 6.021775700934579163e+02 1.796822609764221923e+01
7.489749171607754663e-01 1.795506848231544564e-03 5.974666666666666970e+02 1.848519851401558256e+01
7.553119902396251417e-01 1.968290517240121971e-03 5.950502283105022343e+02 1.768464206359089985e+01
7.617428847945948434e-01 1.878647625832918257e-03 5.904202898550724967e+02 2.570220155164289366e+01
7.679897535333021219e-01 1.889655825210407886e-03 5.906889952153110244e+02 1.204129133663159834e+01
7.742716946001383382e-01 1.890740870187222538e-03 5.862112676056337932e+02 1.862298345580214232e+01
7.806130493972306406e-01 1.874127862848933099e-03 5.844669811320754889e+02 1.678656749739525722e+01
7.869955317179381238e-01 1.962138593108325030e-03 5.808571428571428896e+02 1.663530638032696629e+01
7.933337815560531636e-01 1.823456314192357453e-03 5.784666666666666970e+02 1.691417176066289230e+01
7.995722808394026826e-01 1.873920736445982161e-03 5.797828054298641973e+02 2.276054352328607067e+01
8.059029702364099990e-01 1.855844282913126459e-03 5.857945205479452397e+02 4.257078703084541615e+01
8.122482529694946551e-01 1.899897789708842157e-03 5.908193832599118878e+02 5.021357092731764737e+01
8.185971333973350861e-01 1.831057107996742058e-03 5.967982062780268961e+02 6.365851714328934463e+01
8.248840800988579414e-01 1.805078930334647752e-03 6.117713004484304520e+02 1.283021431796802858e+02
8.311527541867054225e-01 1.843524136775542745e-03 6.027991266375545365e+02 8.485784565508691912e+01
8.375116084758876811e-01 1.829773299230467044e-03 5.996000000000000227e+02 6.408821366237933148e+01
8.438261475186588090e-01 1.817550564165925373e-03 5.885732758620689538e+02 6.076741014842942690e+01
8.500843452560248314e-01 1.755513946144033992e-03 5.754778761061946852e+02 3.706224537327729252e+01
8.563647400134730692e-01 1.844487251387733453e-03 5.649211618257261307e+02 1.769994528867397321e+01
8.626696591174244366e-01 1.710203360544058351e-03 5.594824561403509051e+02 1.656889024763474083e+01
8.689830853488446083e-01 1.844123492424595270e-03 5.557113821138211733e+02 1.577460905062246610e+01
8.753179752476163422e-01 1.741457950302257533e-03 5.532297872340425329e+02 1.639315130436004608e+01
8.815756228481118617e-01 1.752464905610253906e-03 5.506804979253112151e+02 1.708910973478999296e+01
8.877944678552249780e-01 1.716242394594354789e-03 5.489029535864979152e+02 1.794220337546549260e+01
8.941407927930166144e-01 1.839522330085644050e-03 5.469604743083003768e+02 1.773014284449314459e+01
9.005003621585947471e-01 1.752218829319661820e-03 5.453510204081633219e+02 1.802754845018308671e+01
9.067627482844141662e-01 1.720498064613873055e-03 5.446147540983606632e+02 1.746030646353582583e+01
9.130278025298368405e-01 1.789374596252915357e-03 5.438611111111110858e+02 1.623512750425339135e+01
9.193563827426239898e-01 1.786117629316656989e-03 5.434285714285714448e+02 1.718655145805604079e+01
9.256709965929463824e-01 1.773964252230773864e-03 5.431058823529411939e+02 1.899734213183038989e+01
9.319487846442510159e-01 1.740175819907428248e-03 5.424320000000000164e+02 1.956750122013539439e+01
9.382375230166524194e-01 1.835219923763222079e-03 5.415610687022900720e+02 1.923836854597960411e+01
9.445114335627492475e-01 1.754301698834087597e-03 5.428932806324111198e+02 1.975812354647817060e+01
9.507739483173833772e-01 1.796477233495237351e-03 5.446819923371647292e+02 1.999763274843957106e+01
9.571000001339345920e-01 1.844157663989784944e-03 5.494490566037735562e+02 2.086298621154760724e+01
9.634651872700409347e-01 1.860525514413665987e-03 5.632744360902255494e+02 2.697633609347662542e+01
9.697902983397413967e-01 1.869026222830578836e-03 6.313834586466165320e+02 8.832191356666696436e+01
9.761731987705594138e-01 1.898719003246270758e-03 8.918671586715867079e+02 3.421919633722735625e+02
9.824546988499620603e-01 1.850375251942234242e-03 1.556339622641509322e+03 7.892430282467938696e+02
9.887603507672997338e-01 1.885371791598095068e-03 2.876926470588235134e+03 1.391004368221513687e+03
9.951547945742836854e-01 1.923480157877882840e-03 4.322964412811387774e+03 1.682319123132964023e+03
1.001497999719481502e+00 1.820392376112148691e-03 5.448582706766916999e+03 1.923496807160004664e+03
1.007730073445106012e+00 1.872875193246743668e-03 5.764971223021582773e+03 1.821149390737871045e+03
1.014110590476311025e+00 1.881534321868284657e-03 5.639907801418439703e+03 1.848341013398440737e+03
1.020442888611849064e+00 1.823625195420996601e-03 5.060612903225806804e+03 1.546194719437816730e+03
1.026691701700078063e+00 1.782759485576686145e-03 4.290663043478260988e+03 1.253358766209280247e+03
1.033057845114525142e+00 1.884320384582664851e-03 3.298078231292517103e+03 1.011906026798500534e+03
1.039437792018165441e+00 1.793463056649077922e-03 2.339890459363957689e+03 7.452201645291454497e+02
1.045681248368910410e+00 1.745618337461533540e-03 1.570436170212766001e+03 4.795219760205422972e+02
1.051944871571292683e+00 1.801987856022948175e-03 1.060379310344827672e+03 2.760364834405946795e+02
1.058324809813473877e+00 1.829265674919061668e-03 7.323030303030302548e+02 1.316738014983250480e+02
1.064596602572098316e+00 1.714864743882408334e-03 5.731161971830986204e+02 5.756852260292594536e+01
1.070868750588993112e+00 1.792957436204007347e-03 5.130774410774411081e+02 2.652527517708067251e+01
1.077195490251847465e+00 1.798916779777443367e-03 4.931270903010033635e+02 1.910176038210073912e+01
1.083505800573759448e+00 1.740543057611223946e-03 4.846075085324231964e+02 1.765371022212308461e+01
1.089676915900379850e+00 1.748165881083384946e-03 4.791258503401360827e+02 1.718719161878005863e+01
1.096052400832523421e+00 1.863573573199493825e-03 4.745527156549520669e+02 1.655390390597544936e+01
1.102364289960501065e+00 1.744372504095847640e-03 4.708949152542372758e+02 1.652123823571155015e+01
1.108625070827478076e+00 1.829094711995288541e-03 4.664104234527687254e+02 1.877560766578692864e+01
1.114924075445366869e+00 1.842999932655674591e-03 4.498766233766233995e+02 4.188780578807212152e+01
1.121282665432693726e+00 1.762017027877181303e-03 4.573435114503816976e+02 2.822148141550933786e+01
1.127553932619258736e+00 1.851826979229859085e-03 4.568959107806691691e+02 2.593256778967223042e+01
1.133905639228342421e+00 1.803927404845938115e-03 4.546705882352941330e+02 2.435497291894106908e+01
1.140144523104706709e+00 1.820967272376473748e-03 4.516771653543307252e+02 2.594825292045034004e+01
1.146455214771981312e+00 1.831860927088285957e-03 4.509123505976095885e+02 2.275969948335630377e+01
1.152869066430118439e+00 1.902391342003174283e-03 4.499305019305019187e+02 2.204266480192880806e+01
1.159252377890596986e+00 1.791659613503928782e-03 4.471825726141078690e+02 2.288136002123888701e+01
1.165575291556828930e+00 1.872439892399787795e-03 4.467290836653386350e+02 2.080513907293715903e+01
1.171828433925186763e+00 1.747387590499659572e-03 4.446363636363636260e+02 2.344673348879894093e+01
1.178029580193284076e+00 1.845903894892485285e-03 4.459218106995884909e+02 2.163743861578394245e+01
1.184400904434957269e+00 1.829516060217846983e-03 4.454309623430962120e+02 2.290347599653525990e+01
1.190737654720273042e+00 1.816225366119703435e-03 4.448270042194092753e+02 2.365118654994538261e+01
1.196977477342464180e+00 1.780548390738201196e-03 4.433318777292576556e+02 2.235326819498589401e+01
1.203312963818603976e+00 1.874247930763579166e-03 4.398677685950412979e+02 2.284167898871032776e+01
1.209645773529357093e+00 1.750259837788138012e-03 4.375929203539823220e+02 2.327463407057383904e+01
1.215952225700388523e+00 1.837678281197498587e-03 4.369449152542372872e+02 2.135626260842068902e+01
1.222254898926581568e+00 1.775628514659025698e-03 4.146928838951311036e+02 5.822311179144421089e+01
1.228537298751265050e+00 1.780223345631782141e-03 4.198152173913043725e+02 3.973076926596095859e+01
1.234759587745337228e+00 1.795376270296014523e-03 4.165949820788530360e+02 3.721437595370394291e+01
1.241110555825225781e+00 1.895169703334604900e-03 4.143187919463087496e+02 3.581641451693833744e+01
1.247523323486311897e+00 1.874537877840588536e-03 4.107601351351351582e+02 3.343300732534621744e+01
1.253854431820907944e+00 1.857283623330970761e-03 4.088758389261744810e+02 3.180399714648996579e+01
1.260138295168494293e+00 1.856490137450314505e-03 4.044385382059800804e+02 3.214153456463289160e+01
1.266501421045549414e+00 1.881588491645209797e-03 4.030739549839228175e+02 2.985055881730386318e+01
1.272807251993681055e+00 1.824447191781883651e-03 4.003540983606557120e+02 2.980329564103467987e+01
1.279100636071537789e+00 1.831925956271344968e-03 3.986019108280254954e+02 2.941542127530391326e+01
1.285385940199903265e+00 1.796864974607813087e-03 3.957147435897435912e+02 3.191381256518499043e+01
1.291734086560349049e+00 1.833790085687247952e-03 3.937914110429447874e+02 3.058627581091692704e+01
1.297999116585571544e+00 1.712347548001254965e-03 3.898025889967637454e+02 3.009654156167217565e+01
1.304332283077917598e+00 1.862331657852500611e-03 3.894218289085545734e+02 2.947645929869406345e+01
1.310629912671008812e+00 1.689758514739712848e-03 3.859455128205128176e+02 3.053539451271814187e+01
1.316859893871710430e+00 1.807323329610554348e-03 3.842746268656716211e+02 3.078820325332144137e+01
1.323169508333509325e+00 1.772103529485381237e-03 3.822370820668692772e+02 3.070616428122875874e+01
1.329416719622044551e+00 1.761213072716576004e-03 3.814743202416918280e+02 3.223047693771090394e+01
1.335676763851219473e+00 1.808340606324402439e-03 3.800446428571428328e+02 3.182421841893670234e+01
1.342102166253144047e+00 1.916040745002256648e-03 3.772873239436619883e+02 3.275044264969925223e+01
1.348432554966731090e+00 1.804515701739407276e-03 3.741419939577039031e+02 3.241640274618478657e+01
1.354697325729501189e+00 1.895450207138361931e-03 3.722067988668555358e+02 3.288533217387042384e+01
1.361035554581970564e+00 1.836151892644552735e-03 3.706424418604651123e+02 3.225135939043652655e+01
1.367445372286436589e+00 1.911657172750392099e-03 3.715890410958904226e+02 3.122889183904008803e+01
1.373833054624600258e+00 1.794265400870382644e-03 3.707594202898550861e+02 3.140496551268894265e+01
1.380048052911932777e+00 1.791287036868802413e-03 3.761054131054131062e+02 3.297530825907789875e+01
1.386332670155489666e+00 1.806335848089170130e-03 3.952050561797752835e+02 4.055580272544501952e+01
1.392624520144640332e+00 1.796075039907524609e-03 4.528999999999999773e+02 6.003377058882036010e+01
1.398923000198597277e+00 1.771229759338340285e-03 5.464747191011235827e+02 8.535832021067561470e+01
1.405184482923453881e+00 1.808998902686751115e-03 6.355733695652173765e+02 9.967111123142355211e+01
1.411475199677901360e+00 1.734371386327675756e-03 6.880056179775281180e+02 1.042672667022948190e+02
1.417706081410672780e+00 1.817237095201347432e-03 7.115188172043010582e+02 1.109635025134169837e+02
1.424046144262549829e+00 1.816956160244514703e-03 7.044308943089430386e+02 1.104569336756039348e+02
1.430457268966005335e+00 1.925855730949348329e-03 6.976426735218509521e+02 1.143726037078043589e+02
1.436865665354877475e+00 1.843763745384080412e-03 6.830134408602150415e+02 1.223421294144750959e+02
1.443084111958556903e+00 1.831535442318516687e-03 6.499704301075269086e+02 1.343462930842803189e+02
1.449466238371406979e+00 1.910439897345804971e-03 6.074481012658227428e+02 1.126393273293486033e+02
1.455780432464144347e+00 1.769262236301017126e-03 5.522000000000000455e+02 9.150801766674487681e+01
1.462109939136078340e+00 1.873282905934200038e-03 4.985964912280701924e+02 6.351714452073186834e+01
1.468414112563870999e+00 1.734923018383166060e-03 4.523253333333333330e+02 4.727154562501397805e+01
1.474680891373796765e+00 1.804015195942032307e-03 4.183223350253807098e+02 3.808181100483702863e+01
1.480924591063775386e+00 1.742163032935032654e-03 3.890861618798955419e+02 3.218018959954672908e+01
1.487138550370334267e+00 1.742602934721402272e-03 3.690951156812339491e+02 3.132123042211885178e+01
1.493462591150057195e+00 1.833511633313982111e-03 3.559455445544554664e+02 3.460594106854321694e+01
1.499809278721849770e+00 1.805357266360340307e-03 3.493249370277077901e+02 3.678881141038056768e+01
1.506175762378094918e+00 1.888906516140883814e-03 3.451662591687041299e+02 3.871246460740648132e+01
1.512543466733061504e+00 1.879653113941155348e-03 3.432034313725490051e+02 3.863679918856983875e+01
1.518927121842702510e+00 1.865813122140227640e-03 3.420588235294117680e+02 3.795071129622307637e+01
1.525176469146275027e+00 1.826629940430822378e-03 3.419801488833746816e+02 3.809156466476927960e+01
1.531416651941075235e+00 1.798854978931840659e-03 3.410148514851485402e+02 3.926411349150390606e+01
1.537728221615372926e+00 1.856986876758172280e-03 3.402647754137115612e+02 3.978115695910454974e+01
1.544096010846849332e+00 1.769518617434322075e-03 3.395304136253041634e+02 3.984721124371183265e+01
1.550405005344789089e+00 1.809055686031393537e-03 3.385744680851063890e+02 3.891689571890025690e+01
1.556696834359960313e+00 1.740139413919524446e-03 3.369878640776698830e+02 3.849151738554753166e+01
1.562969221032702194e+00 1.804120915253569534e-03 3.367429245283018986e+02 3.892499202318460760e+01
1.569251838380229191e+00 1.803338776033149233e-03 3.362935560859188513e+02 3.872444684165500917e+01
1.575556094315494926e+00 1.863019847936644557e-03 3.358951048951049074e+02 3.969564204369895322e+01
1.581892448177514066e+00 1.865480693804838323e-03 3.351898148148148380e+02 4.050204684471034966e+01
1.588269483401412163e+00 1.861295980786164313e-03 3.357119815668202705e+02 4.004981660777778529e+01
1.594574325321363339e+00 1.830133252637398044e-03 3.351018518518518476e+02 3.886969626707128356e+01
1.600916934751582588e+00 1.832077894544300927e-03 3.345353075170842772e+02 3.866489811618357919e+01
1.607201343968552854e+00 1.780442356845074459e-03 3.342060185185185333e+02 3.840557415086173165e+01
1.613445462524496721e+00 1.775524639999344866e-03 3.347706422018348462e+02 3.724792448076451734e+01
1.619730849749851931e+00 1.787630240083115185e-03 3.360632054176072074e+02 3.701955719642921849e+01
1.625979803600224649e+00 1.755895091839796123e-03 3.448896551724137680e+02 3.646921526859024709e+01
1.632226613292544926e+00 1.821174808670054370e-03 3.827628635346756028e+02 4.144616265833472823e+01
1.638606704061473573e+00 1.894452323361247963e-03 4.749739696312364572e+02 6.353318537107392672e+01
1.645050487946952522e+00 1.887301666918968484e-03 5.941173913043478478e+02 9.858293549155614244e+01
1.651415996904310735e+00 1.851783837096881687e-03 6.790416666666666288e+02 1.353589870411528580e+02
1.657788871265904573e+00 1.852242853945953917e-03 7.127732181425485578e+02 1.445952118640254298e+02
1.664006124760511351e+00 1.741113674427757210e-03 7.237981859410431298e+02 1.522081969891599442e+02
1.670281873961185770e+00 1.842366346193471905e-03 7.247885835095137281e+02 1.597379966800978934e+02
1.676541801276667298e+00 1.721555322686186195e-03 7.209663677130045016e+02 1.540746533128034059e+02
1.682793682471841024e+00 1.824670227224382997e-03 7.070654008438818892e+02 1.431339112014045725e+02
1.689107465299970467e+00 1.791603935857043455e-03 6.802798264642082131e+02 1.282781277245729825e+02
1.695415952935033443e+00 1.877357617877282179e-03 6.525636743215031856e+02 1.043547063739611502e+02
1.701806617780016628e+00 1.875253898477295287e-03 6.439603340292275107e+02 8.947364299370457275e+01
1.708145235544118012e+00 1.851238026496159058e-03 6.835810526315789275e+02 1.011097081134756621e+02
1.714469347376187613e+00 1.845626368464784459e-03 7.427184265010351965e+02 1.199733616433131118e+02
1.720739519194126599e+00 1.771881702320935673e-03 7.612414529914530021e+02 1.416167405031519877e+02
1.726990948287859817e+00 1.820993782645452704e-03 7.472795918367346530e+02 1.438479070344233151e+02
1.733361150263370787e+00 1.784216608021570085e-03 7.350991735537189697e+02 1.533097681089154491e+02
1.739571674833123582e+00 1.760427731239605715e-03 7.340775681341718837e+02 1.769128947896851116e+02
1.745888420135642827e+00 1.855122891619970195e-03 7.135803212851405988e+02 1.720259207345159780e+02
1.752250177420427102e+00 1.860925844240075020e-03 6.883846153846153584e+02 1.581166695502423920e+02
1.758607387389414800e+00 1.864192030273802104e-03 6.637659999999999627e+02 1.525492273857851728e+02
1.764972322429467777e+00 1.851098948525789619e-03 6.451259999999999764e+02 1.449333376970253937e+02
1.771273520234028620e+00 1.808016239517707931e-03 6.048044354838709751e+02 1.434013853767761759e+02
1.777586992161852564e+00 1.807004964737956481e-03 5.535960396039604348e+02 1.201366152058004388e+02
1.783840233931820451e+00 1.746107465683986813e-03 4.948085539714867878e+02 9.349204974670142576e+01
1.790071520275328565e+00 1.795583184790444783e-03 4.448562992125984010e+02 7.977847486296100499e+01
1.796393698957722052e+00 1.819993601147859141e-03 3.986047430830039389e+02 5.501012399383910889e+01
1.802712928873270393e+00 1.883216042231023422e-03 3.652413793103448256e+02 4.454342294820780523e+01
1.809114577024696358e+00 1.850157529878445435e-03 3.398643410852712918e+02 4.021185101013081464e+01
1.815345782948464493e+00 1.803540499391122600e-03 3.195138339920948738e+02 3.686145187563209191e+01
1.821700705453981772e+00 1.863872113208649628e-03 3.058451492537313356e+02 3.508332279468241666e+01
1.828034416566336029e+00 1.759461126105644731e-03 2.977716535433070817e+02 3.426613314682241196e+01
1.834289862490237510e+00 1.817049905439401892e-03 2.946629001883239312e+02 3.467669677894460989e+01
1.840620947190598100e+00 1.780340576699249600e-03 2.937442307692307963e+02 3.492207608274448916e+01
1.846876290479544158e+00 1.833628160635640113e-03 2.945860113421550182e+02 4.153675855137412043e+01
1.853225331533147280e+00 1.864396810776891523e-03 3.013018518518518363e+02 7.918011698605853610e+01
1.859586416204100923e+00 1.843230203276794224e-03 3.002523364485981574e+02 6.695892431660752209e+01
1.865884580336470755e+00 1.827085395033201023e-03 2.963891992551210706e+02 4.428437909631203695e+01
1.872200528994375501e+00 1.799198018262535481e-03 2.934740740740740534e+02 4.078598413741678286e+01
1.878453452628845000e+00 1.760356359008985331e-03 2.933747645951035565e+02 4.206908041035392642e+01
1.884712324747962020e+00 1.805687576808031941e-03 2.956368613138686214e+02 4.723420394562953817e+01
1.891113706724730337e+00 1.861939656346446982e-03 3.023291366906474877e+02 6.685156295588332398e+01
1.897400945427566432e+00 1.833350088909791505e-03 3.081875000000000000e+02 1.016140971875588122e+02
1.903772875545957088e+00 1.875180743362649160e-03 3.082922535211267814e+02 1.066588923989104245e+02
1.910018917854334752e+00 1.739883276586547947e-03 3.040623818525519937e+02 9.531857839429369506e+01
1.916236012056648175e+00 1.833205283437960029e-03 2.982789473684210293e+02 6.168318782458585758e+01
1.922638163561010805e+00 1.793373418488206777e-03 2.959875000000000114e+02 4.732620272413279139e+01
1.928888348891847349e+00 1.792288115248428593e-03 2.961816546762589724e+02 5.719081456616681436e+01
1.935240631371640818e+00 1.865766417879262265e-03 2.946643598615917199e+02 4.651419305984644836e+01
1.941608872090050619e+00 1.856644915843207438e-03 2.978189806678383320e+02 4.413360793905082602e+01
1.947917338414854704e+00 1.837601359788319485e-03 3.206917688266199775e+02 7.842218630510564026e+01
1.954236834815996637e+00 1.805754229573221887e-03 3.851013986013986141e+02 1.853627101150291310e+02
1.960488135501994522e+00 1.772905664188001006e-03 5.142194690265487225e+02 3.536431855193381466e+02
1.966755922696415082e+00 1.810201296061439468e-03 6.970275387263338871e+02 5.478220696020398464e+02
1.973091583736556354e+00 1.814240900008777741e-03 9.117275862068966035e+02 6.210369369411005209e+02
1.979420480567132490e+00 1.865397302840512408e-03 1.261607809847198723e+03 6.344799723665587408e+02
1.985762243830389018e+00 1.849873766110382307e-03 1.689594915254237321e+03 7.217747122335089216e+02
1.992143605840229093e+00 1.840662096304069391e-03 1.992892797319932924e+03 8.140724516295957756e+02
1.998372952698491245e+00 1.738412627792555948e-03 2.107817223198594093e+03 9.358477325792382544e+02
2.004614638405731508e+00 1.821010887715033720e-03 2.103956953642384178e+03 9.103687310933760273e+02
2.010981699228176822e+00 1.807963355431743604e-03 2.045220538720538798e+03 9.199343166879608589e+02
2.017216781415232862e+00 1.822968187424302972e-03 1.969613827993254745e+03 7.803091943280223859e+02
2.023555507756473748e+00 1.866836436713831520e-03 1.945541463414634109e+03 7.785660242004288421e+02
2.029945947492921121e+00 1.842053164818473936e-03 1.911345394736842081e+03 8.232860034287065218e+02
2.036236367431154548e+00 1.802040352124230577e-03 1.763168595041322305e+03 8.054537327842203922e+02
2.042538823796997693e+00 1.786279422623429517e-03 1.580510673234811065e+03 7.496624907702208702e+02
2.048720173306640469e+00 1.747373060808409071e-03 1.439632203389830465e+03 6.789575719006693362e+02
2.055017041239767028e+00 1.892889576395914968e-03 1.237374021909233079e+03 5.097728896617525720e+02
2.061465280497128294e+00 1.850343878148330047e-03 1.024059294871794918e+03 4.092511470806579155e+02
2.067778354784032935e+00 1.826644103880053095e-03 8.576103059581320167e+02 3.520162657829342834e+02
2.074107962816127415e+00 1.810449409964311413e-03 6.987984126984126760e+02 2.604705820662768474e+02
2.080392027050733006e+00 1.757304311173108879e-03 5.702687296416937670e+02 1.936655119069484385e+02
2.086560915145909245e+00 1.789004268885935290e-03 4.716288492706644888e+02 1.382426731733507381e+02
2.092907509218693285e+00 1.897916204239676529e-03 3.956859756097560989e+02 9.092429339565312318e+01
2.099341076602548206e+00 1.841856996552926774e-03 3.346687499999999886e+02 5.274310446266292018e+01
2.105598503643897335e+00 1.780460926307301031e-03 2.974472843450479331e+02 3.178768945279249536e+01
2.111872942412509335e+00 1.813036870717739954e-03 2.707191358024691112e+02 2.582704827522654512e+01
2.118179840511383194e+00 1.773074262998883873e-03 2.600125984251968703e+02 2.712507953647103420e+01
2.124489700938873238e+00 1.854176769044688739e-03 2.557293577981651254e+02 2.849085978460754731e+01
2.130866139955553962e+00 1.876679961187130126e-03 2.542102874432677879e+02 2.920774306008404864e+01
2.137196345481136905e+00 1.803165093871285981e-03 2.602368421052631788e+02 3.319486979647538050e+01
2.143477781291089013e+00 1.808033309626025679e-03 2.760946564885496173e+02 4.286346557204752372e+01
2.149749346762158453e+00 1.787076492040512573e-03 3.010153609831029371e+02 5.236467984691857680e+01
2.156014428448592479e+00 1.811767013668930289e-03 3.206286149162861534e+02 5.332691186590945875e+01
2.162388958755252943e+00 1.899773100682969557e-03 3.303620437956204228e+02 5.062996682215367628e+01
2.168776559916051561e+00 1.828625003914755194e-03 3.344099099099099135e+02 4.902630758676762923e+01
2.175079146577416189e+00 1.799027495536281414e-03 3.356895522388059590e+02 5.043558203245110150e+01
2.181358965593887422e+00 1.775037425494343461e-03 3.460316265060241108e+02 5.835209868452352566e+01
2.187625576602315824e+00 1.830837683859201127e-03 3.786715976331361162e+02 8.899537723411087597e+01
2.193923842198696850e+00 1.837507381709080519e-03 4.561160058737151530e+02 1.567873123347858666e+02
2.200310743338333541e+00 1.859271066102410235e-03 6.021262553802008597e+02 2.363617252410826950e+02
2.206637920896229677e+00 1.789161753318371274e-03 8.028711111111110768e+02 2.810096101105540356e+02
2.212855268310565560e+00 1.778695396750237757e-03 1.094027982326951360e+03 2.986732283677600890e+02
2.219155297956861617e+00 1.826812665150635666e-03 1.398602877697841677e+03 3.127686735613511928e+02
2.225534449623195243e+00 1.883537061579874895e-03 1.585880112834978945e+03 3.372700212935237687e+02
2.231816049321749151e+00 1.789850136339156059e-03 1.644274596182085133e+03 3.657303274687668022e+02
2.238124350048766420e+00 1.838516226422660244e-03 1.680484636871508428e+03 3.794695712027176455e+02
2.244461256680506001e+00 1.769483755913013904e-03 1.671918958031837974e+03 3.958310961777935404e+02
2.250672411056880762e+00 1.815340560525242463e-03 1.662347202295552279e+03 4.003095902430095521e+02
2.256976265699253581e+00 1.875232856265233962e-03 1.626375690607734896e+03 3.985954210119829781e+02
2.263404067221236105e+00 1.844596500685106652e-03 1.577542699724517888e+03 4.013007118370811668e+02
2.269740131332425914e+00 1.784620609829179342e-03 1.514727015558698668e+03 4.083228557324008534e+02
2.275928662030326066e+00 1.770462641505800294e-03 1.406990028490028408e+03 3.773962639683979319e+02
2.282234771450446509e+00 1.859120215862977580e-03 1.308338753387533870e+03 3.715138765940053531e+02
2.288651494096741512e+00 1.861574731480084791e-03 1.166758480325644541e+03 3.437102487547043097e+02
2.294929189507614264e+00 1.787386468760323059e-03 1.032233146067415646e+03 3.111379881270638066e+02
2.301123790424945526e+00 1.773889529887621910e-03 8.767486111111111313e+02 2.619861803162478395e+02
2.307427473574251042e+00 1.823767960867003161e-03 7.201204330175913810e+02 2.078166426719486424e+02
2.313824548022820782e+00 1.807223345639351721e-03 5.915408618127786440e+02 1.667307474652319570e+02
2.320154992066300714e+00 1.861695907969135875e-03 4.879985207100591538e+02 1.201986828896409776e+02
2.326479049872378635e+00 1.797363522119922990e-03 4.057288135593220204e+02 9.077936815482136979e+01
2.332811122143054305e+00 1.834923033436536115e-03 3.397993920972644446e+02 6.715958084754882407e+01
2.339146829363451641e+00 1.809933127175767861e-03 2.877095761381475540e+02 4.080298764651654864e+01
2.345346999874724947e+00 1.788822558822959720e-03 2.512057877813504945e+02 2.620003635621813487e+01
2.351591514044208964e+00 1.821961582186779451e-03 2.264157480314960651e+02 2.223229750588329878e+01
2.357940827546205931e+00 1.821480796874143165e-03 2.141518987341772231e+02 2.889695709146500491e+01
2.364269371024037891e+00 1.822839816105960298e-03 2.084791666666666572e+02 3.435379202031723622e+01
2.370575565839220911e+00 1.828742917233826173e-03 2.034565916398713910e+02 3.045168500889399255e+01
2.376891771469677561e+00 1.815523241845057745e-03 1.994902912621359121e+02 2.487469997993877158e+01
2.383240749019818416e+00 1.833462819707767054e-03 1.984212218649517752e+02 2.557285981883728709e+01
2.389601619010945921e+00 1.828185711102788165e-03 1.969771986970684168e+02 2.479107022366357427e+01
2.395961259100775731e+00 1.812604844355751544e-03 1.959825119236884063e+02 2.829289208751572104e+01
2.402160007896914973e+00 1.807533258736503850e-03 2.036014925373134190e+02 3.168431506117060081e+01
2.408453972146052724e+00 1.793232887210479852e-03 2.207587719298245474e+02 4.049575741514466642e+01
2.414771780432101167e+00 1.830638750947721858e-03 2.469239598278335848e+02 5.106442176788859655e+01
2.421058800843912895e+00 1.849123668637423033e-03 2.840777934936350562e+02 5.715938161721025068e+01
2.427397847212681370e+00 1.833909450969152099e-03 3.278236111111111200e+02 5.964213208590958715e+01
2.433701938443864954e+00 1.777285794113256248e-03 3.597735583684950598e+02 5.943965153870919238e+01
2.440001432560962691e+00 1.835928632076300280e-03 3.793939808481532054e+02 6.052601081874993838e+01
2.446276920633820851e+00 1.825543246774167941e-03 3.857138927097661849e+02 6.314166299694462481e+01
2.452612917458465880e+00 1.850886418197054181e-03 3.899310344827586050e+02 6.821483018230357231e+01
2.458937188373468086e+00 1.764090576915684772e-03 3.881013698630137014e+02 6.286666255078259979e+01
2.465235494564519847e+00 1.842465198645606636e-03 3.854095112285336882e+02 6.239504753141073223e+01
2.471581205305689810e+00 1.856761058240425245e-03 3.847815789473684163e+02 7.424618122099127504e+01
2.477865992864338285e+00 1.798850075022648308e-03 3.805739014647137424e+02 9.070133765803174697e+01
2.484122936716935737e+00 1.780971833254360159e-03 3.664874504623513758e+02 8.623182800721622243e+01
2.490467721662181333e+00 1.849468727863495983e-03 3.459169859514686891e+02 6.725726442718548981e+01
2.496849546734450254e+00 1.852734310658727887e-03 3.255108556832694831e+02 4.933761978611093468e+01
2.503105859710241798e+00 1.772860352036017325e-03 3.082941952506596408e+02 4.366600400627993395e+01
2.509322203788900918e+00 1.804578376445024500e-03 2.923833333333333258e+02 4.139488954378162333e+01
2.515643032193938478e+00 1.830400595634155535e-03 2.736448362720403225e+02 3.453282103734377273e+01
2.522012436559997628e+00 1.844427975373299751e-03 2.527456575682382152e+02 2.965160826629790947e+01
2.528376527697731913e+00 1.805263014170996501e-03 2.340201005025125767e+02 2.513990247790493626e+01
2.534662305746367750e+00 1.817191430107880853e-03 2.175289672544080588e+02 2.126086513521349985e+01
2.540923642722284104e+00 1.847774197163838152e-03 2.030816831683168289e+02 1.781525415025540227e+01
2.547222087144660030e+00 1.810867478977307979e-03 1.930049504950495134e+02 1.656942285351716748e+01
2.553540685742163419e+00 1.807658101810726481e-03 1.847405140758874040e+02 1.636142167835050287e+01
2.559925401613222018e+00 1.856915584780679824e-03 1.789568862275449135e+02 1.658400516443223793e+01
2.566280305514876403e+00 1.838802799104265022e-03 1.766440677966101589e+02 1.843285045203060335e+01
2.572544852388987113e+00 1.785952156998167010e-03 1.792822085889570474e+02 2.119741777980154041e+01
2.578799894204640619e+00 1.806472379669163885e-03 1.837557436517533347e+02 2.214791475799324161e+01
2.585123793491197919e+00 1.855120447360665906e-03 1.885734430082256097e+02 2.089188591036923981e+01
2.591472256141813091e+00 1.805120360344933915e-03 1.905959475566150161e+02 1.952256791838177818e+01
2.597744265483155957e+00 1.788819714346394623e-03 1.908405275779376495e+02 1.996960011846554650e+01
2.604038454996993934e+00 1.850630787333012181e-03 1.921247086247086315e+02 2.277010320793424825e+01
2.610374414453144443e+00 1.837105816396599096e-03 1.914388824214202600e+02 2.199023437106720991e+01
2.616634120485421100e+00 1.761050173804210722e-03 1.909546539379474837e+02 2.058341291515514015e+01
2.622940397920966227e+00 1.848634675493098997e-03 1.904084186575654201e+02 2.027744943942879630e+01
2.629323187355575353e+00 1.839581463337864892e-03 1.895890410958904226e+02 2.100488211991936538e+01
2.635681273538560632e+00 1.815290224604702678e-03 1.889404352806414522e+02 2.120390946765104090e+01
2.641934789831782204e+00 1.778405014700361417e-03 1.873755868544600958e+02 1.990780356920451055e+01
2.648176773767660031e+00 1.853093332118325998e-03 1.856595264937993193e+02 1.965597110660980462e+01
2.654514065851063087e+00 1.823524830511773481e-03 1.839242937853107378e+02 1.960116023250511574e+01
2.660817448321032508e+00 1.798052776896779401e-03 1.827133105802047908e+02 1.947053628855181628e+01
2.667123571907564994e+00 1.844852426740933296e-03 1.809955555555555691e+02 1.938874180141597492e+01
2.673472329675100401e+00 1.839448802019330543e-03 1.786533776301218097e+02 1.900326837237803801e+01
2.679761377760365715e+00 1.786299887381436651e-03 1.761029411764705799e+02 1.892171701424322094e+01
2.686129035698236578e+00 1.877272974428747035e-03 1.717073170731707421e+02 2.740658339123211462e+01
2.692300573720700196e+00 1.798376592015874225e-03 1.719607182940516168e+02 1.958450525495770123e+01
2.698561328278970439e+00 1.798779619418457414e-03 1.696659064994298660e+02 1.770674508663557134e+01
2.704947056964875252e+00 1.860594623228957294e-03 1.680999999999999943e+02 1.737983462767679299e+01
2.711339925705444909e+00 1.826229981736538378e-03 1.669340277777777715e+02 1.763290056741282541e+01
2.717643416720191052e+00 1.774618570520191145e-03 1.661300715990453511e+02 1.756138066927260510e+01
2.723934694222051256e+00 1.823763048442502126e-03 1.662491145218417898e+02 1.698171410291019257e+01
2.730274673678132036e+00 1.841398355898408350e-03 1.662030696576151172e+02 1.726319884445034347e+01
2.736591263199737778e+00 1.788312012670147501e-03 1.661963414634146261e+02 1.676267577765109706e+01
2.742885231028380222e+00 1.844652457607765493e-03 1.661810551558752991e+02 1.600359078886462072e+01
2.749161241756704843e+00 1.804773587711254630e-03 1.668550368550368432e+02 1.560853060818413063e+01
2.755398232824302962e+00 1.776157869081165970e-03 1.679206939281288840e+02 1.506174179189973827e+01
2.761751565609168679e+00 1.857903093933079139e-03 1.703894862604539924e+02 1.631666243681240758e+01
2.768124311574730267e+00 1.813883183384283311e-03 1.726638036809816015e+02 1.559961247010672203e+01
2.774423663616722546e+00 1.776295681999270643e-03 1.818027465667915124e+02 2.569835187844862290e+01
2.780754869867226198e+00 1.842436817654598789e-03 2.121254567600487348e+02 7.564809066786573055e+01
2.787077464795406190e+00 1.805278297034774168e-03 2.756600000000000250e+02 1.278298731713366010e+02
2.793346642012575654e+00 1.793644434711254678e-03 3.731715006305170164e+02 1.646501807682119818e+02
2.799634253246212179e+00 1.838111547031318375e-03 5.038870967741935374e+02 2.173018923593553495e+02
2.805924842988945844e+00 1.808245895551135627e-03 6.405921717171717091e+02 2.557752423032738136e+02
2.812167973206011862e+00 1.789098639402584082e-03 7.156649616368285933e+02 2.570541303690395694e+02
2.818496662748549042e+00 1.874446068014908040e-03 7.508092909535452009e+02 2.386007321084516661e+02
2.824858807967614460e+00 1.791571154666717633e-03 7.871592356687898473e+02 2.513154544579332708e+02
2.831150482550185643e+00 1.815112775054883139e-03 7.962139240506329543e+02 2.524300004757792237e+02
2.837475400148095517e+00 1.850316795954077458e-03 7.961220423412204354e+02 2.643018486510541720e+02
2.843805018276897911e+00 1.786824753329564535e-03 8.081501925545571794e+02 3.004533835025076201e+02
2.850131561922547352e+00 1.845583173970813699e-03 8.098501872659176115e+02 2.992025102888009087e+02
2.856484494638581229e+00 1.841115527677602507e-03 7.948792029887920307e+02 2.980468177258885589e+02
2.862782859862781137e+00 1.780809355167121575e-03 7.788022959183673493e+02 3.003479554356777612e+02
2.869068523143336158e+00 1.847699945098150954e-03 7.357484662576687242e+02 2.432794227353406598e+02
2.875378514069953706e+00 1.802909528894259443e-03 7.011772784019974551e+02 2.654865272184513287e+02
2.881671995666307051e+00 1.819305449905813353e-03 6.524099378881987832e+02 2.728702536322167020e+02
2.887980092673573917e+00 1.848812746508326317e-03 5.996495098039215463e+02 1.990680351273229292e+02
2.894292086458025270e+00 1.795011172749967111e-03 5.443881909547739042e+02 1.704102478117991666e+02
2.900588101801901963e+00 1.834444505730529681e-03 4.802051915945611995e+02 1.630328143973400756e+02
2.906894294921833044e+00 1.834235081131648307e-03 4.139888475836431212e+02 1.405087361780371680e+02
2.913143215321425394e+00 1.775388414920497622e-03 3.546862996158770898e+02 1.142246076182291858e+02
2.919469846096636179e+00 1.902110692867622259e-03 3.004328537170263758e+02 7.822375497583988135e+01
2.925831071463227850e+00 1.799019204260941503e-03 2.786408629441624498e+02 6.059667366476218575e+01
2.932125236913744715e+00 1.849572311535908030e-03 2.738578491965389503e+02 4.979776791313820183e+01
2.938426190430696305e+00 1.829943172517629413e-03 2.869775280898876417e+02 4.269569139518053902e+01
2.944698497868602605e+00 1.792371922793937686e-03 3.067880710659898682e+02 3.945228429334995468e+01
2.951032364443879619e+00 1.872648010744969562e-03 3.269817961165048814e+02 3.609510275152348413e+01
2.957349976869245278e+00 1.772646084934545842e-03 3.637340153452685172e+02 4.814901752903912069e+01
2.963641534615172990e+00 1.843499637433317897e-03 4.291037037037037294e+02 7.777541577836164777e+01
2.969974563050315375e+00 1.835483252247156055e-03 5.293478260869565020e+02 1.078034325530190927e+02
2.976261971728969780e+00 1.784595762971840369e-03 6.297244897959183163e+02 1.352861772803103122e+02
2.982555079221103078e+00 1.856376802478345786e-03 6.826254589963280068e+02 1.345772928658252567e+02
2.988860230475899549e+00 1.767956570045068222e-03 7.084404609475031975e+02 1.358594255499008057e+02
2.995178874680174186e+00 1.856934622757372335e-03 7.189853300733495871e+02 1.401855075943141173e+02
3.001496400543723020e+00 1.797819739674591305e-03 7.309505703422053102e+02 1.393312382248305994e+02
3.007822553902104179e+00 1.849516356328991537e-03 7.335655940594059530e+02 1.635353085421807577e+02
3.014155913686516808e+00 1.844070628166239031e-03 7.113490683229813385e+02 1.712100023956978418e+02
3.020427983220980828e+00 1.780401570183770890e-03 6.863423076923077133e+02 1.511036405497125088e+02
3.026726854870708916e+00 1.864734463497724846e-03 6.553850855745721447e+02 1.387597662067875603e+02
3.033042693621903041e+00 1.790509691971886499e-03 6.232104591836734926e+02 1.317520741263655566e+02
3.039421166988304002e+00 1.891344364520593712e-03 5.819697702539298234e+02 1.312195157851371334e+02
3.045771113053035606e+00 1.809002971513908259e-03 5.356058301647655071e+02 1.325285153284864919e+02
3.052089874155329063e+00 1.844438578281415919e-03 4.851600496277915795e+02 1.386147056319380795e+02
3.058386304167925118e+00 1.824217551217444024e-03 4.296929824561403279e+02 1.451517807011234993e+02
3.064635661305841197e+00 1.781811879387494579e-03 3.735205128205128062e+02 1.315750940518510959e+02
3.070942258104439215e+00 1.879278577764203085e-03 3.149781818181818380e+02 1.248817262778134705e+02
3.077306102136554866e+00 1.789896323379901438e-03 2.769491740787801746e+02 1.117801715642774667e+02
3.083610248093582751e+00 1.842323938384468965e-03 2.382447724477244719e+02 8.926062655343957886e+01
3.089899276602742884e+00 1.781295098450355954e-03 2.139528662420382261e+02 6.734959850661914516e+01
3.096219282790054539e+00 1.849962857272845727e-03 1.928161764705882320e+02 5.283552033553086602e+01
3.102516781183005889e+00 1.793151767743564459e-03 1.812560202788339723e+02 4.182372235332359622e+01
3.108846425703184035e+00 1.844538984569745127e-03 1.679102091020910166e+02 3.143556551392492437e+01
3.115155056293756886e+00 1.812510444856532069e-03 1.597841907151819214e+02 2.380980326431168947e+01
3.121484332076036150e+00 1.832521331068808152e-03 1.541588089330024900e+02 1.985261548311664725e+01
3.127777573742708483e+00 1.818133687887086257e-03 1.500822942643391400e+02 1.663689717831178072e+01
3.134074710556275623e+00 1.800750836428910992e-03 1.489949558638083147e+02 1.369709124869421224e+01
3.140350968701055567e+00 1.840082388152106639e-03 1.523066502463054235e+02 1.264769643247048414e+01
3.146669598331559570e+00 1.795769837056059460e-03 1.600265151515151558e+02 1.421562261686285389e+01
3.152959210157879166e+00 1.842768641532451131e-03 1.663631901840490741e+02 1.787491846978550569e+01
3.159264892205651432e+00 1.791857333635609589e-03 1.695582278481012679e+02 1.902970295659517319e+01
3.165581888857809112e+00 1.858342078644047027e-03 1.700776699029126178e+02 1.920428965771509411e+01
3.171905560319084216e+00 1.782720971754531017e-03 1.684245880861850537e+02 1.844421547218266255e+01
3.178180461481988406e+00 1.828434529921516482e-03 1.659729729729729684e+02 2.072913469093350969e+01
3.184506679420991304e+00 1.810619157308176325e-03 1.657721046077210474e+02 2.122221477743434903e+01
3.190846230582273346e+00 1.831490456789015321e-03 1.649816625916870407e+02 2.014033001606049567e+01
3.197132365687451294e+00 1.780884113596707067e-03 1.612139240506328974e+02 2.043167250784216549e+01
3.203454230992797136e+00 1.862619862555806765e-03 1.540422195416164186e+02 2.123643580529478214e+01
3.209790152929830498e+00 1.796864404628749357e-03 1.474930817610062945e+02 2.080953473503461382e+01
3.216105270782768422e+00 1.849581865447865814e-03 1.405655339805825292e+02 2.397963908515227160e+01
3.222383723154825574e+00 1.773184836801974633e-03 1.369225888324873210e+02 2.622387993445605403e+01
3.228652903688512765e+00 1.829814433570467642e-03 1.312594397076735788e+02 2.626703956631828518e+01
3.234977992221026444e+00 1.801123950508762587e-03 1.298793532338308410e+02 2.430975421556213334e+01
3.241301441286830176e+00 1.830570155328411054e-03 1.281130012150668165e+02 2.290072090765210433e+01
3.247581817024004280e+00 1.774748969754167847e-03 1.336890012642224974e+02 2.274703362976272558e+01
3.253885986942128827e+00 1.868811343678552150e-03 1.409520958083832340e+02 2.320466182586736537e+01
3.260235987169183947e+00 1.804603356501592029e-03 1.523449999999999989e+02 2.541055698425360987e+01
3.266546856392692710e+00 1.857627301288636550e-03 1.574134615384615472e+02 2.717821310643920896e+01
3.272886904023045052e+00 1.792569475559808913e-03 1.610800000000000125e+02 2.642300039738106676e+01
3.279153478698136670e+00 1.837211362056317054e-03 1.599175757575757473e+02 2.472614400275908508e+01
3.285516195699416553e+00 1.819318898053023329e-03 1.607874692874692926e+02 2.310432008211942545e+01
3.291677990232397821e+00 1.824817096246810931e-03 1.618007863695937090e+02 2.309083778045043189e+01
3.298068987764390059e+00 1.863784166448585874e-03 1.617136986301369745e+02 2.545145464293833015e+01
3.304430978840338096e+00 1.814787339162488022e-03 1.570828488372092977e+02 2.706788839328604368e+01
3.310737564052387061e+00 1.817945227602999880e-03 1.511934523809523796e+02 3.090817921882975483e+01
3.317033906120231190e+00 1.800198345421728579e-03 1.450847457627118615e+02 3.644920529460610936e+01
3.323313479518194669e+00 1.810036704891648416e-03 1.381128526645767920e+02 3.677121479363160006e+01
3.329645772824664451e+00 1.853775369266378323e-03 1.343884555382215353e+02 3.632310076283871325e+01
3.335990548707715053e+00 1.826590486813650920e-03 1.305232744783306487e+02 3.468010045035130418e+01
3.342268739174953929e+00 1.807641793864574143e-03 1.270326264274061998e+02 3.195210475897246027e+01
3.348554594221377023e+00 1.807536448754866812e-03 1.233700657894736850e+02 3.121695898695693927e+01
3.354810866618635590e+00 1.798386852034845364e-03 1.195996649916247918e+02 2.991218077624235860e+01
3.361143554435736203e+00 1.860575678898459748e-03 1.168672131147540938e+02 2.753129698895630284e+01
3.367505271257411170e+00 1.829077091643749146e-03 1.134966216216216282e+02 2.588753906468873822e+01
3.373804785089639324e+00 1.803149868685275390e-03 1.102894280762564989e+02 2.289305083043065991e+01
3.380079784639911100e+00 1.805631642174917659e-03 1.081265377855887522e+02 2.133608442990513865e+01
3.386416571036835244e+00 1.843579116849991192e-03 1.064366197183098564e+02 2.022880367484576070e+01
3.392732849186819166e+00 1.821713749179523084e-03 1.041016333938294025e+02 1.891898911455812993e+01
3.399077842768783331e+00 1.840157085703132342e-03 1.018369565217391255e+02 1.790651868205121033e+01
3.405368445234043140e+00 1.771416845865005909e-03 1.010133587786259568e+02 1.773113016160780120e+01
3.411642977450664915e+00 1.840004348347408980e-03 1.014454887218045087e+02 1.757191799421993395e+01
3.417946432239648225e+00 1.816648589106147462e-03 1.052893203883495090e+02 1.990634287276314041e+01
3.424268333461439884e+00 1.838339958730071926e-03 1.161972920696324962e+02 2.843262331666298692e+01
3.430601598134079389e+00 1.799761940178920376e-03 1.380901803607214333e+02 4.344044438706110611e+01
3.436922606236269218e+00 1.844213366763177700e-03 1.705740000000000123e+02 5.495195785411109313e+01
3.443269856433799347e+00 1.834668830692703879e-03 1.920429447852760632e+02 5.772603197071875059e+01
3.449516618902171317e+00 1.769622948488585408e-03 2.043397435897435912e+02 6.890500894351603733e+01
3.455771942280530862e+00 1.817195070858158281e-03 2.135517970401691343e+02 8.098670750391472950e+01
3.462154010515302804e+00 1.866018191136946868e-03 2.187552742616033754e+02 8.244172429813818326e+01
3.468478914699885340e+00 1.799468636805881495e-03 2.115210643015521157e+02 7.343247453933393842e+01
3.474737530089159865e+00 1.798535080277152308e-03 2.011053811659192831e+02 7.482198833408129701e+01
3.481027808853469629e+00 1.828779808500339806e-03 2.023574660633484257e+02 8.169241890961058061e+01
3.487370903609774420e+00 1.855504762412056021e-03 1.988846153846153868e+02 8.458100082972219980e+01
3.493710577164840458e+00 1.791815171782784382e-03 1.906477541371158395e+02 8.716853005236869478e+01
3.499981309375833849e+00 1.817721919481020843e-03 1.776443914081145579e+02 7.886010178314971597e+01
3.506294281862427642e+00 1.840208171226962808e-03 1.578800959232613934e+02 6.852190542098919934e+01
3.512643170548069183e+00 1.819719049123772565e-03 1.465208845208845219e+02 6.151354884346356755e+01
3.518887929185086527e+00 1.780316295825717758e-03 1.394461538461538339e+02 5.915442232389198551e+01
3.525201780775713889e+00 1.871585280235478531e-03 1.330744416873449154e+02 6.065058451869386147e+01
3.531587235286628879e+00 1.812415240060859375e-03 1.218125000000000000e+02 5.024954167753258361e+01
3.537791204901774123e+00 1.765649031450039182e-03 1.155722070844686584e+02 3.943488437287859938e+01
3.544104483213670331e+00 1.881636984785636617e-03 1.105520833333333286e+02 3.264692392416274203e+01
3.550526160049383151e+00 1.823753900979235669e-03 1.098251366120218648e+02 2.623155786618161045e+01
3.556826252644191833e+00 1.805941154371571225e-03 1.138901408450704196e+02 2.291273129302761191e+01
3.563110991539715666e+00 1.831382697511484874e-03 1.192471590909090935e+02 1.874126647496758835e+01
3.569418747584309326e+00 1.819035597463529485e-03 1.248575581395348877e+02 1.744100337041400550e+01
3.575721219182565580e+00 1.815191134896390569e-03 1.365163204747774444e+02 1.977984741278822867e+01
3.582041784633743120e+00 1.836067019019354488e-03 1.480120120120120077e+02 2.115862896010428429e+01
3.588351193306853926e+00 1.816205673054769026e-03 1.557894736842105203e+02 2.216442032704866349e+01
3.594644124218077774e+00 1.816162507538995278e-03 1.630347003154573997e+02 2.141093009270834813e+01
3.600965899690116157e+00 1.832434222657099978e-03 1.680479233226837152e+02 2.338361357064706070e+01
3.607301933810233674e+00 1.823864462282996299e-03 1.683180327868852544e+02 2.465263387334724499e+01
3.613589615564896995e+00 1.801875725405921403e-03 1.654033898305084733e+02 2.879267797695700892e+01
3.619872304563952703e+00 1.819848024125704684e-03 1.616494845360824684e+02 3.359869786112169976e+01
3.626184481674183946e+00 1.827760715362539709e-03 1.546175438596491176e+02 3.376980535582625009e+01
3.632455309189269510e+00 1.797655079431180383e-03 1.461569343065693545e+02 3.405086409823133664e+01
3.638754857574894697e+00 1.841922947680418475e-03 1.371131386861313786e+02 3.289668664340920401e+01
3.645110863435991444e+00 1.833895812584415653e-03 1.267030075187969942e+02 3.411745747439177023e+01
3.651399341121458253e+00 1.797724079201825547e-03 1.153725490196078454e+02 2.944020063285194055e+01
3.657684783062496781e+00 1.823089633617003442e-03 1.046587301587301653e+02 2.856010853791800130e+01
3.663989311092172851e+00 1.817352227903809700e-03 9.704918032786885362e+01 2.688793219286618807e+01
3.670338462676961733e+00 1.852037082036360515e-03 8.923140495867768607e+01 2.013038827074329262e+01
3.676667454351053799e+00 1.802731285318214709e-03 8.486026200873362768e+01 1.590836047344991400e+01
3.682957402673964431e+00 1.831301914300888494e-03 8.082300884955752451e+01 1.207310756947902775e+01
3.689264510226057059e+00 1.810576500315507495e-03 7.981566820276498220e+01 9.402039781703942722e+00
3.695607159299667099e+00 1.851070780809128090e-03 8.069302325581395507e+01 9.553383074984125756e+00
3.701906411334345837e+00 1.786914693256676148e-03 8.460199004975123671e+01 9.991728219188043880e+00
3.708163258087520564e+00 1.825159420261267002e-03 9.103517587939698785e+01 1.059007522114767141e+01
3.714507337749332283e+00 1.833043865117713490e-03 9.964248704663212663e+01 1.201682199443466459e+01
3.720870273368275249e+00 1.842023606415223082e-03 1.070053475935828828e+02 1.220721273595034440e+01
3.727157013165883104e+00 1.785929560704693081e-03 1.096400000000000006e+02 1.083327150165504271e+01
3.733414267292576749e+00 1.823616893326991065e-03 1.138488372093023315e+02 1.356549971748852101e+01
3.739747614563589284e+00 1.832601406324968355e-03 1.156084337349397657e+02 1.624903271013682371e+01
3.746091684029914770e+00 1.828992002129592063e-03 1.118238993710691886e+02 1.427071881891588134e+01
3.752406222021260618e+00 1.812401454337024109e-03 1.122847682119205359e+02 1.972946828415536302e+01
3.758712131096641595e+00 1.823143945980814458e-03 1.068827586206896569e+02 2.330841044820257224e+01
3.765000355804634324e+00 1.809969724265664184e-03 1.008613138686131379e+02 2.106216490168527145e+01
3.771324791207556704e+00 1.846593531196991230e-03 9.213533834586466753e+01 1.750739891883314314e+01
3.777640884128447674e+00 1.800430178895984180e-03 8.263414634146342053e+01 1.820282537073009976e+01
3.783890033752419058e+00 1.812352582976840126e-03 7.468376068376068133e+01 1.272455829535232752e+01
3.790205950757557840e+00 1.839564216382759279e-03 6.849107142857143060e+01 6.144453177211033790e+00
3.796547481197723339e+00 1.823144808823023381e-03 6.734615384615383959e+01 4.770587586153277826e+00
3.802839460639445335e+00 1.822115437231795494e-03 6.803092783505154273e+01 5.744507142712884651e+00
3.809162628389719529e+00 1.835235423465040759e-03 7.053846153846153300e+01 5.102416844010519092e+00
3.815477698903783743e+00 1.813833779597889004e-03 7.671084337349397231e+01 7.058935279571054267e+00
3.821777178949230969e+00 1.830898415393102585e-03 8.357142857142856940e+01 7.331154452265241872e+00
3.828076951026545771e+00 1.795694771849016581e-03 8.462318840579709445e+01 6.334659762269613914e+00
3.834316772867639944e+00 1.791896653628349866e-03 8.575806451612903913e+01 5.743339806523255930e+00
3.840583618544390898e+00 1.820001018717854217e-03 8.630357142857143060e+01 6.366966727266795800e+00
3.846911872181034475e+00 1.824281646184678762e-03 8.663265306122448806e+01 8.701419551280904940e+00
3.853313008086272973e+00 1.880829953221405115e-03 8.486046511627907307e+01 7.417802683196428326e+00
3.859656947796285653e+00 1.787945514535103963e-03 7.735294117647059409e+01 6.784752904293443798e+00
3.865825284683709118e+00 1.773175751446867720e-03 6.922222222222222854e+01 5.091346648931740937e+00
3.872064552013789740e+00 1.858490478498285668e-03 6.304761904761905100e+01 4.035556254807295851e+00
3.878243048288448236e+00 1.738115315901965106e-03 6.130769230769230660e+01 2.774567507210989881e+00
3.884441558101385361e+00 1.990091083924331716e-03 6.014285714285714590e+01 3.525417908358019492e+00
