# q qerr I(q) I(q)err
6.111313073595031620e-02 3.154100855865873791e-03 3.330000000000000000e+02 1.040975798107188552e+02
6.800242608866982619e-02 2.110752812487300123e-03 4.796666666666666856e+02 5.871257673332576843e+01
7.478812129850326285e-02 1.894856213165734514e-03 5.350000000000000000e+02 9.051150939705586040e+01
8.081736842982174818e-02 1.577734731020807597e-03 5.980000000000000000e+02 8.955073050139419877e+01
8.706192866790804508e-02 2.018057842609979804e-03 6.067692307692307168e+02 1.082841976265295330e+02
9.311361532868518698e-02 1.734318039620741251e-03 6.423333333333333712e+02 1.109725942143674899e+02
9.924832822165428892e-02 1.939409616079583844e-03 6.393750000000000000e+02 1.605749678888337826e+02
1.056867454532435108e-01 2.068262530006435406e-03 5.850416666666666288e+02 1.857837003973527885e+02
1.120935416356093062e-01 1.699923986068800717e-03 5.776538461538461888e+02 1.913713203395971050e+02
1.177168722532570266e-01 1.903764278506084144e-03 5.766562500000000000e+02 1.965925255286934998e+02
1.242406998858587575e-01 2.007415885574503726e-03 5.685714285714285552e+02 1.874385069230733620e+02
1.307844605212421796e-01 1.948859987027574741e-03 5.737142857142856656e+02 1.521239424862208409e+02
1.372938405551752672e-01 1.976444694498947011e-03 5.705806451612903629e+02 1.508479397821675718e+02
1.433626874055373979e-01 1.479129257371093872e-03 5.543600000000000136e+02 1.358893844271877072e+02
1.497414395840910573e-01 2.132896554945924294e-03 5.705135135135135442e+02 1.389913235437841195e+02
1.562016171858009728e-01 1.470810848565314282e-03 5.706296296296296759e+02 1.315433917883465824e+02
1.620883487451751925e-01 1.817360580555445800e-03 5.821818181818181301e+02 1.326100561693764348e+02
1.684939590642719198e-01 1.975568076388520972e-03 5.804594594594594810e+02 1.341789495562456977e+02
1.749358117034872373e-01 1.810730169671130639e-03 5.870857142857142890e+02 1.302928381511024440e+02
1.813634234827302405e-01 1.982290824745188643e-03 6.027317073170731874e+02 1.286679201294334405e+02
1.877608813777307539e-01 1.710969833005861022e-03 6.105405405405405190e+02 1.389483405588089511e+02
1.936838392192468117e-01 1.708352888559126238e-03 6.170526315789473983e+02 1.381335116328079096e+02
1.998200724089964908e-01 1.901042836663710675e-03 6.259767441860465169e+02 1.369422687297310404e+02
2.064988844748374130e-01 2.083185659227047067e-03 6.231458333333333712e+02 1.598716363341748661e+02
2.131062600015138364e-01 1.923054290541973939e-03 6.427021276595744439e+02 1.392646746853289415e+02
2.193208008558340527e-01 1.649587748772136844e-03 6.440000000000000000e+02 1.448569462736286084e+02
2.255197753110727010e-01 1.943898002345461392e-03 6.518235294117647527e+02 1.378620534812996823e+02
2.319084130262620835e-01 1.853433278599466881e-03 6.591000000000000227e+02 1.394305275038432796e+02
2.380456302514551703e-01 1.717913041466973250e-03 6.683125000000000000e+02 1.406852741198120782e+02
2.441826744061198484e-01 1.910984005326162374e-03 6.775818181818182211e+02 1.356355386277614912e+02
2.508567628905887248e-01 1.865639566994751813e-03 6.242741935483870748e+02 1.868646488298685426e+02
2.571616352083493928e-01 2.042758540577210586e-03 6.021585365853658232e+02 1.938187202303204231e+02
2.636090936505812721e-01 1.759536909171210452e-03 6.051168831168831730e+02 1.796765154213590847e+02
2.696276322290375727e-01 1.767913466712890637e-03 6.126625000000000227e+02 1.708047331750499325e+02
2.756934411426098519e-01 1.847457432374286813e-03 6.276428571428571104e+02 1.616091304797527926e+02
2.820483295007140123e-01 1.942127748479487680e-03 6.334606741573034014e+02 1.581731227979634866e+02
2.885873542857223528e-01 1.999902870285049771e-03 6.444315789473683935e+02 1.555034518771412309e+02
2.950059364807982032e-01 1.753155416080761590e-03 6.495348837209302246e+02 1.527261163999502287e+02
3.012776628394395750e-01 1.916275679195857595e-03 6.610315789473684163e+02 1.475306903608125424e+02
3.076468654533095481e-01 1.858480647863890167e-03 6.661075268817204460e+02 1.447639172746799261e+02
3.139397285054469910e-01 1.849733180513128640e-03 6.762446808510637766e+02 1.419581005393386590e+02
3.202097007249891103e-01 1.889977811219999311e-03 6.791020408163265074e+02 1.401934553202071072e+02
3.264390569218261762e-01 1.757358001834326191e-03 6.851075268817204460e+02 1.388061242590078734e+02
3.326951465344144543e-01 1.930481388006281569e-03 6.984230769230769056e+02 1.324241367615489651e+02
3.390239669727912464e-01 1.785238221274862988e-03 6.994897959183673493e+02 1.313375453256288097e+02
3.452290355408559885e-01 1.822729964848564038e-03 7.103039215686274019e+02 1.274800977297464186e+02
3.515217579766085620e-01 1.894166946962649433e-03 7.174476190476190141e+02 1.256252707942614535e+02
3.581115149106128270e-01 1.984833837990382030e-03 7.293008849557521671e+02 1.217557787255538386e+02
3.646365217867122976e-01 1.807385512883236643e-03 7.407196261682242948e+02 1.178257984067932114e+02
3.707522342694583029e-01 1.646676631311451595e-03 7.439800000000000182e+02 1.178657685674683222e+02
3.768404479121448269e-01 1.835047814059704218e-03 7.565045045045045526e+02 1.132648276891892607e+02
3.831651369708888866e-01 1.834489868729198949e-03 7.561801801801801730e+02 1.103376707692343928e+02
3.894643253735652899e-01 1.853753096359237081e-03 7.569380530973451187e+02 1.062978577038675354e+02
3.958807651630259494e-01 1.912159574900255954e-03 7.540083333333333258e+02 1.018934492496941573e+02
4.022473572087105209e-01 1.746533598099251966e-03 7.540090090090089916e+02 9.811516491137125229e+01
4.083991683103055381e-01 1.862831917861469243e-03 7.595042016806722813e+02 9.443459575175282339e+01
4.147868792651558945e-01 1.850918924272050396e-03 7.605950413223140458e+02 9.182609111146392422e+01
4.211381020132339281e-01 1.813003092898375071e-03 7.696859504132231677e+02 8.609747272982966138e+01
4.273404438934948479e-01 1.765577699919095717e-03 7.734369747899160075e+02 8.173521063692894018e+01
4.337195733954657406e-01 1.911235613422362228e-03 7.817999999999999545e+02 7.662007168239522059e+01
4.400834723796714920e-01 1.795304431444431784e-03 7.862500000000000000e+02 7.619200597302545930e+01
4.463380503116383125e-01 1.781136916513354146e-03 7.872936507936508406e+02 7.454025377677869812e+01
4.525475293404462862e-01 1.782735370135076804e-03 7.867401574803149060e+02 7.263191449211568340e+01
4.588781844142776345e-01 1.863542184770878652e-03 7.797089552238805936e+02 7.151199451678245111e+01
4.652813857520213814e-01 1.809454061223974295e-03 7.758721804511278606e+02 7.055103731715941251e+01
4.715886271752884884e-01 1.786725641485754782e-03 7.670970149253731734e+02 7.013881948438681491e+01
4.778700308571910971e-01 1.749120838384908864e-03 7.631879699248120232e+02 6.635909877620029818e+01
4.841075358786299798e-01 1.812598873705853009e-03 7.582826086956521294e+02 6.217182017355212054e+01
4.904685449060671165e-01 1.813034819841214708e-03 7.522857142857143344e+02 6.084399589716880996e+01
4.967988078032400945e-01 1.775169993053363985e-03 7.526382978723404449e+02 5.827674204213132469e+01
5.030461340587593089e-01 1.710738770771227935e-03 7.482246376811593791e+02 5.765202089734214752e+01
5.093789740337634209e-01 1.844995629980458740e-03 7.477785234899329225e+02 5.491075552634668355e+01
5.157895609665918979e-01 1.772173611217854692e-03 7.444726027397259713e+02 5.262017315993457345e+01
5.220653538623039047e-01 1.710912446064493482e-03 7.429510489510489606e+02 5.103033571884160580e+01
5.282420832211931483e-01 1.776221308977217429e-03 7.422567567567567721e+02 4.998705913615123819e+01
5.345849814872509764e-01 1.797460663252185451e-03 7.424276315789473983e+02 4.918758612504647232e+01
5.409400198384390901e-01 1.769240412124692928e-03 7.440065359477124503e+02 4.693682306544749849e+01
5.471612929737256215e-01 1.671871176479489780e-03 7.445743243243243796e+02 4.651727060536421021e+01
5.535187503546902255e-01 1.843477994232445120e-03 7.498024691358024256e+02 4.551783543269912968e+01
5.599303633336802921e-01 1.774845713676194252e-03 7.527898089171974334e+02 4.813111428629786559e+01
5.661980099607780703e-01 1.715649351238413218e-03 7.605389610389610198e+02 4.396831837522885422e+01
5.724333289920446877e-01 1.764199560704661452e-03 7.683687499999999773e+02 4.547620342690230899e+01
5.786575496797814466e-01 1.687338640378493104e-03 7.789350649350649292e+02 4.572718973719678104e+01
5.849918082512260975e-01 1.882166412490617838e-03 7.939709302325580893e+02 4.541007121040105687e+01
5.913559560974818163e-01 1.673563701773732749e-03 8.053566878980891488e+02 4.707774990467002141e+01
5.976003341774964728e-01 1.789272139650604403e-03 8.196449704142012251e+02 4.695625203000894032e+01
6.039710484280985670e-01 1.760471037718898532e-03 8.319047619047619264e+02 4.669266161321368003e+01
6.103455122609070527e-01 1.778153705054047679e-03 8.400350877192981898e+02 4.776917113458637942e+01
6.165941547084902163e-01 1.709282904712068618e-03 8.426646706586826667e+02 4.966630481219508653e+01
6.227886440901039267e-01 1.708031916550016484e-03 8.384107142857143344e+02 4.816829817400228819e+01
6.292222757675741684e-01 1.895555695838723603e-03 8.262941176470587834e+02 4.487493718566553014e+01
6.355837393651907474e-01 1.609918394456906487e-03 8.069636363636363967e+02 4.228838550015083086e+01
6.417201133152361514e-01 1.735489606861494215e-03 7.897921348314606576e+02 3.928798177471465891e+01
6.480234646877054416e-01 1.746502386866512820e-03 7.687584269662921770e+02 3.778839447803548524e+01
6.543745591304535036e-01 1.808595843625667669e-03 7.510380434782608745e+02 3.530809826272234631e+01
6.607410482875138991e-01 1.776914150084337417e-03 7.336032608695652470e+02 3.272892960632541559e+01
6.669765730033264672e-01 1.670208017253243388e-03 7.202727272727272521e+02 3.171760890855477300e+01
6.731673103258457580e-01 1.796482171393593615e-03 7.116702127659574444e+02 2.968945863901789295e+01
6.795850853652600776e-01 1.822834825668488831e-03 7.018900523560209876e+02 2.718201025353362255e+01
6.858902177354958551e-01 1.747430487391250960e-03 6.951344086021505291e+02 2.521059409859322997e+01
6.921278880332987216e-01 1.765781770802452586e-03 6.872539682539683099e+02 2.440260454180283034e+01
6.985070946107704293e-01 1.847715388967816497e-03 6.847373737373737868e+02 2.414257742009449359e+01
7.048037128132643714e-01 1.757666077632949074e-03 6.803756613756613660e+02 2.367579789235628596e+01
7.109847861020758275e-01 1.767854622430342420e-03 6.765625000000000000e+02 2.314265232791681015e+01
7.172345948602801835e-01 1.822657136245004524e-03 6.722525252525252881e+02 2.162112069047887886e+01
7.236608500653414211e-01 1.906739358311473767e-03 6.677024390243902872e+02 2.007431938153239059e+01
7.299519259881649402e-01 1.814756391122580772e-03 6.651224489795918089e+02 1.980700036957010468e+01
7.362298620906445601e-01 1.872001608046580190e-03 6.619313725490195566e+02 1.906682914046647781e+01
7.427109241448597299e-01 1.961252361706546793e-03 6.592336448598131255e+02 1.881284501057487546e+01
7.489749171607754663e-01 1.795506848231544564e-03 6.545948717948717785e+02 1.922306170330777775e+01
7.553119902396251417e-01 1.968290517240121971e-03 6.517351598173515868e+02 1.872443455617579744e+01
7.617428847945948434e-01 1.878647625832918257e-03 6.460483091787439207e+02 2.727278245588352945e+01
7.679897535333021219e-01 1.889655825210407886e-03 6.458421052631579187e+02 1.360967000344309774e+01
7.742716946001383382e-01 1.890740870187222538e-03 6.407183098591549424e+02 2.039628716344130765e+01
7.806130493972306406e-01 1.874127862848933099e-03 6.378443396226415416e+02 1.791195810476977002e+01
7.869955317179381238e-01 1.962138593108325030e-03 6.358616071428571104e+02 1.824468751305375136e+01
7.933337815560531636e-01 1.823456314192357453e-03 6.340523809523809859e+02 1.809399745120387237e+01
7.995722808394026826e-01 1.873920736445982161e-03 6.365882352941176805e+02 2.577049047648213076e+01
8.059029702364099990e-01 1.855844282913126459e-03 6.463789954337900099e+02 6.364211875989466449e+01
8.122482529694946551e-01 1.899897789708842157e-03 6.634537444933920369e+02 1.073615021786274468e+02
8.185971333973350861e-01 1.831057107996742058e-03 6.684439461883407603e+02 8.383015856797349841e+01
8.248840800988579414e-01 1.805078930334647752e-03 6.785156950672645735e+02 9.221047795977956696e+01
8.311527541867054225e-01 1.843524136775542745e-03 6.826899563318777382e+02 1.075242975862809942e+02
8.375116084758876811e-01 1.829773299230467044e-03 6.768347826086956047e+02 9.558134610899537620e+01
8.438261475186588090e-01 1.817550564165925373e-03 6.586810344827586050e+02 8.634930758628121339e+01
8.500843452560248314e-01 1.755513946144033992e-03 6.399070796460176780e+02 4.926876605556615374e+01
8.563647400134730692e-01 1.844487251387733453e-03 6.254107883817426909e+02 2.217749436200398705e+01
8.626696591174244366e-01 1.710203360544058351e-03 6.185789473684210407e+02 2.450511563981642382e+01
8.689830853488446083e-01 1.844123492424595270e-03 6.130040650406504028e+02 2.627667053936145436e+01
8.753179752476163422e-01 1.741457950302257533e-03 6.086510638297872902e+02 2.287338305392037086e+01
8.815756228481118617e-01 1.752464905610253906e-03 6.026348547717842621e+02 1.747986418031313249e+01
8.877944678552249780e-01 1.716242394594354789e-03 5.996329113924050489e+02 1.806209357973919793e+01
8.941407927930166144e-01 1.839522330085644050e-03 5.964980237154150018e+02 1.765968892106615229e+01
9.005003621585947471e-01 1.752218829319661820e-03 5.932734693877550853e+02 1.751686662647830417e+01
9.067627482844141662e-01 1.720498064613873055e-03 5.902581967213114922e+02 1.741054323067513465e+01
9.130278025298368405e-01 1.789374596252915357e-03 5.878571428571428896e+02 1.694631044333023340e+01
9.193563827426239898e-01 1.786117629316656989e-03 5.864722222222221717e+02 1.949473654826912750e+01
9.256709965929463824e-01 1.773964252230773864e-03 5.867843137254901649e+02 2.352653250357298376e+01
9.319487846442510159e-01 1.740175819907428248e-03 5.869679999999999609e+02 2.362394649502916266e+01
9.382375230166524194e-01 1.835219923763222079e-03 5.854885496183205760e+02 2.248502081526444485e+01
9.445114335627492475e-01 1.754301698834087597e-03 5.845691699604742553e+02 2.158415909175592162e+01
9.507739483173833772e-01 1.796477233495237351e-03 5.848352490421456196e+02 2.040910612607378738e+01
9.571000001339345920e-01 1.844157663989784944e-03 5.880528301886791951e+02 2.123270112372922469e+01
9.634651872700409347e-01 1.860525514413665987e-03 5.982443609022556075e+02 2.540819837661304703e+01
9.697902983397413967e-01 1.869026222830578836e-03 6.484097744360901743e+02 7.166617327815278315e+01
9.761731987705594138e-01 1.898719003246270758e-03 8.396383763837637844e+02 2.841800543991606673e+02
9.824546988499620603e-01 1.850375251942234242e-03 1.329894339622641610e+03 6.499095058511276193e+02
9.887603507672997338e-01 1.885371791598095068e-03 2.256860294117646845e+03 9.508090818433008735e+02
9.951547945742836854e-01 1.923480157877882840e-03 3.266996441281138686e+03 1.022190345863977655e+03
1.001497999719481502e+00 1.820392376112148691e-03 4.071187969924812023e+03 1.151980122318117992e+03
1.007730073445106012e+00 1.872875193246743668e-03 4.391071942446043067e+03 1.340752507530743515e+03
1.014110590476311025e+00 1.881534321868284657e-03 4.598070921985815403e+03 1.630892070486633429e+03
1.020442888611849064e+00 1.823625195420996601e-03 4.384648745519712975e+03 1.530595367829398128e+03
1.026691701700078063e+00 1.782759485576686145e-03 3.968213768115942003e+03 1.156447465866737957e+03
1.033057845114525142e+00 1.884320384582664851e-03 3.396697278911564808e+03 9.578713055220537171e+02
1.039437792018165441e+00 1.793463056649077922e-03 2.850780918727915378e+03 8.366892630843943834e+02
1.045681248368910410e+00 1.745618337461533540e-03 2.266124113475177182e+03 6.868885411874966849e+02
1.051944871571292683e+00 1.801987856022948175e-03 1.699548275862068976e+03 5.344793192102906687e+02
1.058324809813473877e+00 1.829265674919061668e-03 1.166346801346801385e+03 3.552571488925565291e+02
1.064596602572098316e+00 1.714864743882408334e-03 7.994260563380281610e+02 1.849180335476363837e+02
1.070868750588993112e+00 1.792957436204007347e-03 6.134107744107743656e+02 7.532527212381148729e+01
1.077195490251847465e+00 1.798916779777443367e-03 5.461638795986622199e+02 2.777123061907543899e+01
1.083505800573759448e+00 1.740543057611223946e-03 5.257167235494880515e+02 1.744823692924595093e+01
1.089676915900379850e+00 1.748165881083384946e-03 5.174863945578231323e+02 1.655899903034715237e+01
1.096052400832523421e+00 1.863573573199493825e-03 5.122172523961661454e+02 1.641761736763936241e+01
1.102364289960501065e+00 1.744372504095847640e-03 5.081389830508474574e+02 1.757728124191885044e+01
1.108625070827478076e+00 1.829094711995288541e-03 5.022280130293159459e+02 1.915769184115632129e+01
1.114924075445366869e+00 1.842999932655674591e-03 4.845000000000000000e+02 4.548781412385336864e+01
1.121282665432693726e+00 1.762017027877181303e-03 4.925610687022900720e+02 3.111178343627614140e+01
1.127553932619258736e+00 1.851826979229859085e-03 4.919182156133829267e+02 2.728073240297590019e+01
1.133905639228342421e+00 1.803927404845938115e-03 4.892313725490196248e+02 2.687914713225621810e+01
1.140144523104706709e+00 1.820967272376473748e-03 4.875944881889763565e+02 2.908694722897194396e+01
1.146455214771981312e+00 1.831860927088285957e-03 4.863027888446214888e+02 2.524614213253795825e+01
1.152869066430118439e+00 1.902391342003174283e-03 4.841119691119691311e+02 2.345289082994527874e+01
1.159252377890596986e+00 1.791659613503928782e-03 4.813609958506224302e+02 2.416857758660051303e+01
1.165575291556828930e+00 1.872439892399787795e-03 4.824501992031872533e+02 2.274040033787586523e+01
1.171828433925186763e+00 1.747387590499659572e-03 4.793809523809524080e+02 2.504107942216324290e+01
1.178029580193284076e+00 1.845903894892485285e-03 4.776378600823045417e+02 2.242479608867428809e+01
1.184400904434957269e+00 1.829516060217846983e-03 4.750711297071129593e+02 2.302762230032050184e+01
1.190737654720273042e+00 1.816225366119703435e-03 4.749578059071729967e+02 2.691607019743649687e+01
1.196977477342464180e+00 1.780548390738201196e-03 4.757685589519650762e+02 2.666699890304911946e+01
1.203312963818603976e+00 1.874247930763579166e-03 4.737892561983471182e+02 2.556922554009616988e+01
1.209645773529357093e+00 1.750259837788138012e-03 4.697920353982300981e+02 2.362792499092154941e+01
1.215952225700388523e+00 1.837678281197498587e-03 4.688389830508474461e+02 2.223151682678038910e+01
1.222254898926581568e+00 1.775628514659025698e-03 4.456217228464419691e+02 5.966951478975430234e+01
1.228537298751265050e+00 1.780223345631782141e-03 4.521557971014492523e+02 4.298931686139243169e+01
1.234759587745337228e+00 1.795376270296014523e-03 4.495268817204300831e+02 3.940366753616241624e+01
1.241110555825225781e+00 1.895169703334604900e-03 4.462583892617449806e+02 3.777331549933683874e+01
1.247523323486311897e+00 1.874537877840588536e-03 4.430709459459459367e+02 3.509690162467765617e+01
1.253854431820907944e+00 1.857283623330970761e-03 4.420973154362416153e+02 3.638866790045700128e+01
1.260138295168494293e+00 1.856490137450314505e-03 4.385282392026578009e+02 3.770243425638557966e+01
1.266501421045549414e+00 1.881588491645209797e-03 4.361672025723472643e+02 3.311130370460641359e+01
1.272807251993681055e+00 1.824447191781883651e-03 4.334098360655737565e+02 3.508860822695150716e+01
1.279100636071537789e+00 1.831925956271344968e-03 4.292579617834394980e+02 3.091056356123274185e+01
1.285385940199903265e+00 1.796864974607813087e-03 4.260224358974359120e+02 3.202527374253065062e+01
1.291734086560349049e+00 1.833790085687247952e-03 4.248067484662576589e+02 2.994645691742992000e+01
1.297999116585571544e+00 1.712347548001254965e-03 4.221877022653721951e+02 2.938447848707749799e+01
1.304332283077917598e+00 1.862331657852500611e-03 4.208879056047197764e+02 2.877768659530390494e+01
1.310629912671008812e+00 1.689758514739712848e-03 4.168685897435897232e+02 3.020912584827249603e+01
1.316859893871710430e+00 1.807323329610554348e-03 4.144149253731343379e+02 3.055827514758554742e+01
1.323169508333509325e+00 1.772103529485381237e-03 4.109939209726443892e+02 2.995482828996369662e+01
1.329416719622044551e+00 1.761213072716576004e-03 4.086102719033232802e+02 3.125227896692787866e+01
1.335676763851219473e+00 1.808340606324402439e-03 4.070267857142857224e+02 3.016076891083045197e+01
1.342102166253144047e+00 1.916040745002256648e-03 4.051323943661971612e+02 3.096776651590383977e+01
1.348432554966731090e+00 1.804515701739407276e-03 4.021691842900302163e+02 3.105889030958746133e+01
1.354697325729501189e+00 1.895450207138361931e-03 4.001671388101983098e+02 3.209411204853875432e+01
1.361035554581970564e+00 1.836151892644552735e-03 3.978226744186046631e+02 3.062545708315535009e+01
1.367445372286436589e+00 1.911657172750392099e-03 3.970465753424657578e+02 2.933777100694974038e+01
1.373833054624600258e+00 1.794265400870382644e-03 3.958376811594202991e+02 3.086523995009699206e+01
1.380048052911932777e+00 1.791287036868802413e-03 3.990227920227920322e+02 3.254454936861751690e+01
1.386332670155489666e+00 1.806335848089170130e-03 4.093876404494382086e+02 3.632971256108232438e+01
1.392624520144640332e+00 1.796075039907524609e-03 4.441083333333333485e+02 4.474430079578519326e+01
1.398923000198597277e+00 1.771229759338340285e-03 5.075337078651685374e+02 5.896814339957575157e+01
1.405184482923453881e+00 1.808998902686751115e-03 5.738532608695652470e+02 6.659587583008135425e+01
1.411475199677901360e+00 1.734371386327675756e-03 6.228960674157303856e+02 7.089282246362449769e+01
1.417706081410672780e+00 1.817237095201347432e-03 6.410537634408601662e+02 7.800847724981568376e+01
1.424046144262549829e+00 1.816956160244514703e-03 6.429186991869918302e+02 8.586439929836679141e+01
1.430457268966005335e+00 1.925855730949348329e-03 6.390488431876606228e+02 8.509128805515827310e+01
1.436865665354877475e+00 1.843763745384080412e-03 6.365430107526881329e+02 9.448594443515386843e+01
1.443084111958556903e+00 1.831535442318516687e-03 6.164139784946236205e+02 9.402883138963741771e+01
1.449466238371406979e+00 1.910439897345804971e-03 5.987949367088607460e+02 7.863179993834953052e+01
1.455780432464144347e+00 1.769262236301017126e-03 5.731567567567567494e+02 6.731374834200653368e+01
1.462109939136078340e+00 1.873282905934200038e-03 5.472230576441103267e+02 5.884166705467077918e+01
1.468414112563870999e+00 1.734923018383166060e-03 5.140693333333333612e+02 4.770387172733233427e+01
1.474680891373796765e+00 1.804015195942032307e-03 4.833654822335025187e+02 4.203517792092933547e+01
1.480924591063775386e+00 1.742163032935032654e-03 4.531618798955613556e+02 3.911271538475168796e+01
1.487138550370334267e+00 1.742602934721402272e-03 4.228251928020565629e+02 3.153473370881243909e+01
1.493462591150057195e+00 1.833511633313982111e-03 3.975940594059405839e+02 3.234203881571747985e+01
1.499809278721849770e+00 1.805357266360340307e-03 3.784685138539042555e+02 3.308904576235985928e+01
1.506175762378094918e+00 1.888906516140883814e-03 3.677212713936430077e+02 3.533057114225329798e+01
1.512543466733061504e+00 1.879653113941155348e-03 3.637230392156862990e+02 3.707628022165884119e+01
1.518927121842702510e+00 1.865813122140227640e-03 3.625882352941176237e+02 3.726137843602556643e+01
1.525176469146275027e+00 1.826629940430822378e-03 3.617617866004962934e+02 3.692944427341207358e+01
1.531416651941075235e+00 1.798854978931840659e-03 3.605396039603960503e+02 3.737854608961867342e+01
1.537728221615372926e+00 1.856986876758172280e-03 3.591678486997635673e+02 3.747807083294679131e+01
1.544096010846849332e+00 1.769518617434322075e-03 3.578369829683698526e+02 3.740759628679496274e+01
1.550405005344789089e+00 1.809055686031393537e-03 3.568226950354609812e+02 3.642741170407125395e+01
1.556696834359960313e+00 1.740139413919524446e-03 3.558300970873786468e+02 3.642194529751738941e+01
1.562969221032702194e+00 1.804120915253569534e-03 3.555778301886792292e+02 3.682912510788403893e+01
1.569251838380229191e+00 1.803338776033149233e-03 3.543460620525059426e+02 3.652217318021127568e+01
1.575556094315494926e+00 1.863019847936644557e-03 3.532634032634032906e+02 3.659392547812544905e+01
1.581892448177514066e+00 1.865480693804838323e-03 3.523032407407407618e+02 3.732525888326856034e+01
1.588269483401412163e+00 1.861295980786164313e-03 3.519539170506912455e+02 3.712946065486119096e+01
1.594574325321363339e+00 1.830133252637398044e-03 3.512384259259259238e+02 3.677810340644140297e+01
1.600916934751582588e+00 1.832077894544300927e-03 3.505398633257403276e+02 3.686401756474671032e+01
1.607201343968552854e+00 1.780442356845074459e-03 3.506296296296296191e+02 3.700648624235334694e+01
1.613445462524496721e+00 1.775524639999344866e-03 3.510642201834862135e+02 3.552487389511560423e+01
1.619730849749851931e+00 1.787630240083115185e-03 3.512573363431151279e+02 3.575284866054213495e+01
1.625979803600224649e+00 1.755895091839796123e-03 3.572298850574712787e+02 3.502485952548595094e+01
1.632226613292544926e+00 1.821174808670054370e-03 3.828993288590604038e+02 3.790649537723255946e+01
1.638606704061473573e+00 1.894452323361247963e-03 4.425531453362256116e+02 5.576302705856711839e+01
1.645050487946952522e+00 1.887301666918968484e-03 5.249978260869564792e+02 7.690069818832954240e+01
1.651415996904310735e+00 1.851783837096881687e-03 5.876162280701754526e+02 8.275502126256407109e+01
1.657788871265904573e+00 1.852242853945953917e-03 6.186911447084232805e+02 8.817702012826136126e+01
1.664006124760511351e+00 1.741113674427757210e-03 6.309750566893424093e+02 9.901537594103443496e+01
1.670281873961185770e+00 1.842366346193471905e-03 6.336849894291755163e+02 1.017127297025299129e+02
1.676541801276667298e+00 1.721555322686186195e-03 6.285179372197309249e+02 9.669370384990966727e+01
1.682793682471841024e+00 1.824670227224382997e-03 6.177025316455695929e+02 8.870993788240737388e+01
1.689107465299970467e+00 1.791603935857043455e-03 6.098177874186551435e+02 8.832075874341272481e+01
1.695415952935033443e+00 1.877357617877282179e-03 6.088350730688935073e+02 8.554558791292805608e+01
1.701806617780016628e+00 1.875253898477295287e-03 6.263883089770355355e+02 9.354188285075071008e+01
1.708145235544118012e+00 1.851238026496159058e-03 6.783178947368420495e+02 1.371988592540382683e+02
1.714469347376187613e+00 1.845626368464784459e-03 7.305590062111800762e+02 1.468420203435302938e+02
1.720739519194126599e+00 1.771881702320935673e-03 7.535192307692307168e+02 1.402963312731477004e+02
1.726990948287859817e+00 1.820993782645452704e-03 7.376673469387754949e+02 1.303635923641162435e+02
1.733361150263370787e+00 1.784216608021570085e-03 7.157975206611570229e+02 1.370174323419826123e+02
1.739571674833123582e+00 1.760427731239605715e-03 6.893165618448637133e+02 1.454290011400253206e+02
1.745888420135642827e+00 1.855122891619970195e-03 6.571305220883533593e+02 1.272116603116620297e+02
1.752250177420427102e+00 1.860925844240075020e-03 6.264919028340081013e+02 1.091797718907199908e+02
1.758607387389414800e+00 1.864192030273802104e-03 5.977119999999999891e+02 1.105773597080342796e+02
1.764972322429467777e+00 1.851098948525789619e-03 5.770339999999999918e+02 1.003277973046353679e+02
1.771273520234028620e+00 1.808016239517707931e-03 5.641451612903225623e+02 1.002590766298500000e+02
1.777586992161852564e+00 1.807004964737956481e-03 5.589346534653465142e+02 1.022727258457331061e+02
1.783840233931820451e+00 1.746107465683986813e-03 5.521344195519347977e+02 1.312792088552336622e+02
1.790071520275328565e+00 1.795583184790444783e-03 5.292283464566928615e+02 1.535917275761867415e+02
1.796393698957722052e+00 1.819993601147859141e-03 4.855395256916996232e+02 1.542574413103892823e+02
1.802712928873270393e+00 1.883216042231023422e-03 4.410057471264368019e+02 9.267359178318103829e+01
1.809114577024696358e+00 1.850157529878445435e-03 4.042325581395348877e+02 5.518756470110240286e+01
1.815345782948464493e+00 1.803540499391122600e-03 3.760573122529644365e+02 4.508585124760515583e+01
1.821700705453981772e+00 1.863872113208649628e-03 3.471641791044776255e+02 3.870652873161484564e+01
1.828034416566336029e+00 1.759461126105644731e-03 3.244507874015748143e+02 3.482419910708195232e+01
1.834289862490237510e+00 1.817049905439401892e-03 3.133276836158191827e+02 3.395034345322901004e+01
1.840620947190598100e+00 1.780340576699249600e-03 3.097769230769230830e+02 3.663457540882130559e+01
1.846876290479544158e+00 1.833628160635640113e-03 3.081739130434782510e+02 3.993293465495595740e+01
1.853225331533147280e+00 1.864396810776891523e-03 3.068759259259259125e+02 3.891304558368670286e+01
1.859586416204100923e+00 1.843230203276794224e-03 3.089644859813084281e+02 4.258983446171090037e+01
1.865884580336470755e+00 1.827085395033201023e-03 3.132364990689013098e+02 5.490316854626504295e+01
1.872200528994375501e+00 1.799198018262535481e-03 3.159685185185185219e+02 5.759678542556017788e+01
1.878453452628845000e+00 1.760356359008985331e-03 3.170866290018832387e+02 5.204896111810894865e+01
1.884712324747962020e+00 1.805687576808031941e-03 3.155802919708029322e+02 5.685166136928230429e+01
1.891113706724730337e+00 1.861939656346446982e-03 3.178561151079136948e+02 8.241149978822653566e+01
1.897400945427566432e+00 1.833350088909791505e-03 3.162775735294117680e+02 8.395448438573930616e+01
1.903772875545957088e+00 1.875180743362649160e-03 3.139172535211267814e+02 6.405717940006353217e+01
1.910018917854334752e+00 1.739883276586547947e-03 3.107107750472590055e+02 5.002395379632044836e+01
1.916236012056648175e+00 1.833205283437960029e-03 3.101894736842105544e+02 5.317755307863657066e+01
1.922638163561010805e+00 1.793373418488206777e-03 3.117732142857142890e+02 6.535909013492542385e+01
1.928888348891847349e+00 1.792288115248428593e-03 3.106816546762589724e+02 5.420632934672183012e+01
1.935240631371640818e+00 1.865766417879262265e-03 3.113598615916955055e+02 4.984377858972214170e+01
1.941608872090050619e+00 1.856644915843207438e-03 3.148242530755711641e+02 6.397538039152349398e+01
1.947917338414854704e+00 1.837601359788319485e-03 3.311190893169877540e+02 8.618427108942209713e+01
1.954236834815996637e+00 1.805754229573221887e-03 3.774090909090909349e+02 1.501052525940564237e+02
1.960488135501994522e+00 1.772905664188001006e-03 4.758300884955752394e+02 2.711873385673892471e+02
1.966755922696415082e+00 1.810201296061439468e-03 6.102925989672977494e+02 4.214127958351381267e+02
1.973091583736556354e+00 1.814240900008777741e-03 7.933534482758620925e+02 5.334604918579864261e+02
1.979420480567132490e+00 1.865397302840512408e-03 1.085780984719864136e+03 6.595550624118990299e+02
1.985762243830389018e+00 1.849873766110382307e-03 1.431344067796610261e+03 7.214914361030272403e+02
1.992143605840229093e+00 1.840662096304069391e-03 1.670852596314907942e+03 9.636112822701792311e+02
1.998372952698491245e+00 1.738412627792555948e-03 1.699525483304042154e+03 8.785256176224671663e+02
2.004614638405731508e+00 1.821010887715033720e-03 1.681248344370860877e+03 7.692618118000240202e+02
2.010981699228176822e+00 1.807963355431743604e-03 1.672829966329966283e+03 7.502093452573021750e+02
2.017216781415232862e+00 1.822968187424302972e-03 1.726119730185497474e+03 8.090041893876011727e+02
2.023555507756473748e+00 1.866836436713831520e-03 1.673364227642276319e+03 8.110837834051561686e+02
2.029945947492921121e+00 1.842053164818473936e-03 1.641817434210526244e+03 8.393020739302803577e+02
2.036236367431154548e+00 1.802040352124230577e-03 1.476532231404958566e+03 6.254180025711057169e+02
2.042538823796997693e+00 1.786279422623429517e-03 1.366993431855500830e+03 5.684522254531096905e+02
2.048720173306640469e+00 1.747373060808409071e-03 1.286505084745762815e+03 5.072364206397659245e+02
2.055017041239767028e+00 1.892889576395914968e-03 1.232244131455399156e+03 4.888682150694627353e+02
2.061465280497128294e+00 1.850343878148330047e-03 1.168402243589743648e+03 4.292309469643294619e+02
2.067778354784032935e+00 1.826644103880053095e-03 1.090743961352656925e+03 4.030900952059806741e+02
2.074107962816127415e+00 1.810449409964311413e-03 9.441031746031745797e+02 3.447771960492688095e+02
2.080392027050733006e+00 1.757304311173108879e-03 7.842605863192181914e+02 2.860081106534721584e+02
2.086560915145909245e+00 1.789004268885935290e-03 6.762317666126417635e+02 2.318089251478173765e+02
2.092907509218693285e+00 1.897916204239676529e-03 6.022820121951219789e+02 2.151372757645887077e+02
2.099341076602548206e+00 1.841856996552926774e-03 5.185859375000000000e+02 1.710714299796241278e+02
2.105598503643897335e+00 1.780460926307301031e-03 4.360670926517572070e+02 1.365882624284710687e+02
2.111872942412509335e+00 1.813036870717739954e-03 3.475462962962963047e+02 8.246052326558238121e+01
2.118179840511383194e+00 1.773074262998883873e-03 2.886551181102362307e+02 3.428473010081071237e+01
2.124489700938873238e+00 1.854176769044688739e-03 2.671574923547400431e+02 2.565103188903316678e+01
2.130866139955553962e+00 1.876679961187130126e-03 2.606792738275340184e+02 2.657426682098714110e+01
2.137196345481136905e+00 1.803165093871285981e-03 2.633575851393188714e+02 2.950095122090156963e+01
2.143477781291089013e+00 1.808033309626025679e-03 2.734427480916030504e+02 3.541033285609484693e+01
2.149749346762158453e+00 1.787076492040512573e-03 2.921182795698924792e+02 4.738634248710491903e+01
2.156014428448592479e+00 1.811767013668930289e-03 3.051735159817351359e+02 4.634089476577506872e+01
2.162388958755252943e+00 1.899773100682969557e-03 3.128919708029197295e+02 4.585656625104071793e+01
2.168776559916051561e+00 1.828625003914755194e-03 3.164204204204204416e+02 4.239473277922005678e+01
2.175079146577416189e+00 1.799027495536281414e-03 3.187895522388059817e+02 4.224866184258880253e+01
2.181358965593887422e+00 1.775037425494343461e-03 3.269096385542168832e+02 4.658845531461758327e+01
2.187625576602315824e+00 1.830837683859201127e-03 3.508254437869822482e+02 6.609505692573202396e+01
2.193923842198696850e+00 1.837507381709080519e-03 4.026093979441997135e+02 1.124586444415004536e+02
2.200310743338333541e+00 1.859271066102410235e-03 5.012065997130559367e+02 1.701805415535066572e+02
2.206637920896229677e+00 1.789161753318371274e-03 6.412029629629629426e+02 2.221423980978135546e+02
2.212855268310565560e+00 1.778695396750237757e-03 8.311737849779086673e+02 2.323278011089633992e+02
2.219155297956861617e+00 1.826812665150635666e-03 1.032178417266187125e+03 2.104859811961588321e+02
2.225534449623195243e+00 1.883537061579874895e-03 1.198153737658674117e+03 2.298793833370082211e+02
2.231816049321749151e+00 1.789850136339156059e-03 1.295180616740087999e+03 2.946348644095525628e+02
2.238124350048766420e+00 1.838516226422660244e-03 1.323515363128491572e+03 2.956414963067664985e+02
2.244461256680506001e+00 1.769483755913013904e-03 1.317927641099855236e+03 3.047898621541062312e+02
2.250672411056880762e+00 1.815340560525242463e-03 1.325338593974174955e+03 3.502657024467232532e+02
2.256976265699253581e+00 1.875232856265233962e-03 1.317071823204419843e+03 4.221698705932994358e+02
2.263404067221236105e+00 1.844596500685106652e-03 1.294961432506887149e+03 3.805958028224849841e+02
2.269740131332425914e+00 1.784620609829179342e-03 1.252715700141442767e+03 3.284545711881796137e+02
2.275928662030326066e+00 1.770462641505800294e-03 1.187613960113960047e+03 3.022655150548655456e+02
2.282234771450446509e+00 1.859120215862977580e-03 1.138895663956639510e+03 2.970639704217743429e+02
2.288651494096741512e+00 1.861574731480084791e-03 1.096617367706920049e+03 2.977895332718563282e+02
2.294929189507614264e+00 1.787386468760323059e-03 1.014167134831460658e+03 2.687269908574403416e+02
2.301123790424945526e+00 1.773889529887621910e-03 9.197097222222222399e+02 2.378109778142747359e+02
2.307427473574251042e+00 1.823767960867003161e-03 8.290568335588633317e+02 2.054928550849549538e+02
2.313824548022820782e+00 1.807223345639351721e-03 7.542540861812778985e+02 1.902392245665149915e+02
2.320154992066300714e+00 1.861695907969135875e-03 6.683520710059171961e+02 1.801865755560299078e+02
2.326479049872378635e+00 1.797363522119922990e-03 5.799167950693374678e+02 1.531584747001075755e+02
2.332811122143054305e+00 1.834923033436536115e-03 4.918480243161094450e+02 1.274187305831778332e+02
2.339146829363451641e+00 1.809933127175767861e-03 4.143124018838304323e+02 9.163038461823522596e+01
2.345346999874724947e+00 1.788822558822959720e-03 3.468890675241157737e+02 6.478448360742599732e+01
2.351591514044208964e+00 1.821961582186779451e-03 2.865291338582676985e+02 4.309470874142024854e+01
2.357940827546205931e+00 1.821480796874143165e-03 2.416123417721518933e+02 2.830282772237075051e+01
2.364269371024037891e+00 1.822839816105960298e-03 2.177820512820512704e+02 2.287578431560132586e+01
2.370575565839220911e+00 1.828742917233826173e-03 2.085289389067524155e+02 2.701201078687288515e+01
2.376891771469677561e+00 1.815523241845057745e-03 2.050550161812297745e+02 2.923327625982977196e+01
2.383240749019818416e+00 1.833462819707767054e-03 2.031607717041800640e+02 2.780400754157290066e+01
2.389601619010945921e+00 1.828185711102788165e-03 2.004853420195439639e+02 2.440683454169333189e+01
2.395961259100775731e+00 1.812604844355751544e-03 1.971669316375198662e+02 2.761766672399639688e+01
2.402160007896914973e+00 1.807533258736503850e-03 2.017164179104477739e+02 2.897857767233899651e+01
2.408453972146052724e+00 1.793232887210479852e-03 2.139897660818713518e+02 3.550461048490981852e+01
2.414771780432101167e+00 1.830638750947721858e-03 2.328020086083213869e+02 4.363359043277687022e+01
2.421058800843912895e+00 1.849123668637423033e-03 2.597694483734087498e+02 4.793346386733814057e+01
2.427397847212681370e+00 1.833909450969152099e-03 2.885527777777778056e+02 4.762143173016603015e+01
2.433701938443864954e+00 1.777285794113256248e-03 3.124388185654008225e+02 4.602032094761162995e+01
2.440001432560962691e+00 1.835928632076300280e-03 3.304445964432284768e+02 4.891449518912116190e+01
2.446276920633820851e+00 1.825543246774167941e-03 3.397015130674002990e+02 5.198005026595851064e+01
2.452612917458465880e+00 1.850886418197054181e-03 3.422758620689655231e+02 5.454831281020480560e+01
2.458937188373468086e+00 1.764090576915684772e-03 3.372534246575342536e+02 5.176264811172602265e+01
2.465235494564519847e+00 1.842465198645606636e-03 3.308718626155878724e+02 5.175607664482401304e+01
2.471581205305689810e+00 1.856761058240425245e-03 3.259355263157894456e+02 5.586517812315021558e+01
2.477865992864338285e+00 1.798850075022648308e-03 3.240758988015978730e+02 6.067165949492665789e+01
2.484122936716935737e+00 1.780971833254360159e-03 3.187146631439894122e+02 5.406563213789885225e+01
2.490467721662181333e+00 1.849468727863495983e-03 3.105708812260536433e+02 4.288995671411814214e+01
2.496849546734450254e+00 1.852734310658727887e-03 3.027381864623243928e+02 4.002307869356648951e+01
2.503105859710241798e+00 1.772860352036017325e-03 2.969973614775725537e+02 3.761134730399430026e+01
2.509322203788900918e+00 1.804578376445024500e-03 2.908807692307692037e+02 3.870640297371622296e+01
2.515643032193938478e+00 1.830400595634155535e-03 2.834911838790931711e+02 4.365934550832623273e+01
2.522012436559997628e+00 1.844427975373299751e-03 2.690235732009925300e+02 3.841134253495889084e+01
2.528376527697731913e+00 1.805263014170996501e-03 2.551570351758794004e+02 3.002508431274885226e+01
2.534662305746367750e+00 1.817191430107880853e-03 2.429445843828715397e+02 2.568076901301408554e+01
2.540923642722284104e+00 1.847774197163838152e-03 2.304653465346534631e+02 2.197499408783261288e+01
2.547222087144660030e+00 1.810867478977307979e-03 2.200235148514851460e+02 2.178530981370361275e+01
2.553540685742163419e+00 1.807658101810726481e-03 2.098665850673194484e+02 2.502503824159220969e+01
2.559925401613222018e+00 1.856915584780679824e-03 1.990802395209580880e+02 2.046105411651175032e+01
2.566280305514876403e+00 1.838802799104265022e-03 1.899309927360774850e+02 1.721840186213773904e+01
2.572544852388987113e+00 1.785952156998167010e-03 1.842613496932515318e+02 1.767482677920449774e+01
2.578799894204640619e+00 1.806472379669163885e-03 1.825683192261184900e+02 1.816315477537247602e+01
2.585123793491197919e+00 1.855120447360665906e-03 1.840000000000000000e+02 2.099314420013723392e+01
2.591472256141813091e+00 1.805120360344933915e-03 1.856638855780691415e+02 2.601198219402376210e+01
2.597744265483155957e+00 1.788819714346394623e-03 1.850035971223021534e+02 2.156346922002728306e+01
2.604038454996993934e+00 1.850630787333012181e-03 1.857727272727272805e+02 2.503453220055309103e+01
2.610374414453144443e+00 1.837105816396599096e-03 1.846786961583236462e+02 2.342232596709378711e+01
2.616634120485421100e+00 1.761050173804210722e-03 1.834510739856801820e+02 2.007256956780010526e+01
2.622940397920966227e+00 1.848634675493098997e-03 1.821729237770193492e+02 1.809511868602375273e+01
2.629323187355575353e+00 1.839581463337864892e-03 1.809041095890410986e+02 1.735845724800738665e+01
2.635681273538560632e+00 1.815290224604702678e-03 1.798442153493699891e+02 1.726886827712174366e+01
2.641934789831782204e+00 1.778405014700361417e-03 1.794025821596244157e+02 1.796966395496129465e+01
2.648176773767660031e+00 1.853093332118325998e-03 1.788105975197294129e+02 1.796586362792560365e+01
2.654514065851063087e+00 1.823524830511773481e-03 1.776903954802259875e+02 1.792680846867022737e+01
2.660817448321032508e+00 1.798052776896779401e-03 1.775415244596131856e+02 1.805684916903218706e+01
2.667123571907564994e+00 1.844852426740933296e-03 1.779900000000000091e+02 2.006995820180556223e+01
2.673472329675100401e+00 1.839448802019330543e-03 1.772425249169435233e+02 2.282950262265698882e+01
2.679761377760365715e+00 1.786299887381436651e-03 1.740294117647058840e+02 2.054636255820406987e+01
2.686129035698236578e+00 1.877272974428747035e-03 1.688462354188759207e+02 2.555839902523108620e+01
2.692300573720700196e+00 1.798376592015874225e-03 1.692873176206509527e+02 1.825513577189187941e+01
2.698561328278970439e+00 1.798779619418457414e-03 1.675370581527936054e+02 1.713876502086279174e+01
2.704947056964875252e+00 1.860594623228957294e-03 1.657303370786516723e+02 1.715406104622102745e+01
2.711339925705444909e+00 1.826229981736538378e-03 1.637060185185185048e+02 1.698150664592323267e+01
2.717643416720191052e+00 1.774618570520191145e-03 1.620584725536992892e+02 1.672999797133966027e+01
2.723934694222051256e+00 1.823763048442502126e-03 1.616717827626918620e+02 1.707316111473139486e+01
2.730274673678132036e+00 1.841398355898408350e-03 1.608842975206611641e+02 1.684688829323542336e+01
2.736591263199737778e+00 1.788312012670147501e-03 1.601597560975609724e+02 1.581864567093471940e+01
2.742885231028380222e+00 1.844652457607765493e-03 1.599856115107913581e+02 1.566188812844000999e+01
2.749161241756704843e+00 1.804773587711254630e-03 1.604004914004914042e+02 1.735883181931472663e+01
2.755398232824302962e+00 1.776157869081165970e-03 1.603097893432465924e+02 1.674751872551946974e+01
2.761751565609168679e+00 1.857903093933079139e-03 1.608637992831541226e+02 1.457716815580883818e+01
2.768124311574730267e+00 1.813883183384283311e-03 1.624294478527607453e+02 1.477222242790061202e+01
2.774423663616722546e+00 1.776295681999270643e-03 1.682471910112359410e+02 2.353596613878163879e+01
2.780754869867226198e+00 1.842436817654598789e-03 1.876419001218026779e+02 5.062395528205425421e+01
2.787077464795406190e+00 1.805278297034774168e-03 2.353350000000000080e+02 9.182465324601014345e+01
2.793346642012575654e+00 1.793644434711254678e-03 3.174779319041614372e+02 1.588087484675713768e+02
2.799634253246212179e+00 1.838111547031318375e-03 4.092766749379652538e+02 2.088677457355250056e+02
2.805924842988945844e+00 1.808245895551135627e-03 4.721073232323232105e+02 1.826245181440158092e+02
2.812167973206011862e+00 1.789098639402584082e-03 5.206892583120204563e+02 1.671026155283162211e+02
2.818496662748549042e+00 1.874446068014908040e-03 5.647029339853301053e+02 1.730981656699565008e+02
2.824858807967614460e+00 1.791571154666717633e-03 5.919490445859872807e+02 1.964941771906858037e+02
2.831150482550185643e+00 1.815112775054883139e-03 6.116329113924050489e+02 2.139757917728764198e+02
2.837475400148095517e+00 1.850316795954077458e-03 5.940174346201742992e+02 2.004798408617872099e+02
2.843805018276897911e+00 1.786824753329564535e-03 5.923607188703465454e+02 1.917445280962008951e+02
2.850131561922547352e+00 1.845583173970813699e-03 5.930611735330836609e+02 1.948644814273129668e+02
2.856484494638581229e+00 1.841115527677602507e-03 6.065778331257782838e+02 2.173333989644322344e+02
2.862782859862781137e+00 1.780809355167121575e-03 6.153176020408163822e+02 2.514444070568497978e+02
2.869068523143336158e+00 1.847699945098150954e-03 5.944748466257668724e+02 2.174194829012194816e+02
2.875378514069953706e+00 1.802909528894259443e-03 5.760873907615480221e+02 1.812203463883551251e+02
2.881671995666307051e+00 1.819305449905813353e-03 5.532571428571428669e+02 1.703609723647339820e+02
2.887980092673573917e+00 1.848812746508326317e-03 5.219068627450980102e+02 1.813498366972975759e+02
2.894292086458025270e+00 1.795011172749967111e-03 5.003454773869346468e+02 1.792999449954512556e+02
2.900588101801901963e+00 1.834444505730529681e-03 4.677058096415327668e+02 1.693065245173200708e+02
2.906894294921833044e+00 1.834235081131648307e-03 4.370334572490706364e+02 2.015320352988257184e+02
2.913143215321425394e+00 1.775388414920497622e-03 3.829590268886043418e+02 1.325453544867359881e+02
2.919469846096636179e+00 1.902110692867622259e-03 3.277997601918465307e+02 1.199145947065484137e+02
2.925831071463227850e+00 1.799019204260941503e-03 3.069822335025380653e+02 1.121526376364387119e+02
2.932125236913744715e+00 1.849572311535908030e-03 2.969740420271940593e+02 1.192733739634239640e+02
2.938426190430696305e+00 1.829943172517629413e-03 2.959712858926342278e+02 1.049274424464536395e+02
2.944698497868602605e+00 1.792371922793937686e-03 2.955977157360405840e+02 7.280166605728068419e+01
2.951032364443879619e+00 1.872648010744969562e-03 2.951444174757281758e+02 4.883190106452009616e+01
2.957349976869245278e+00 1.772646084934545842e-03 3.146726342710997528e+02 4.671197685112174725e+01
2.963641534615172990e+00 1.843499637433317897e-03 3.535641975308641918e+02 6.921805521545505258e+01
2.969974563050315375e+00 1.835483252247156055e-03 4.035080745341614943e+02 8.474142405602796657e+01
2.976261971728969780e+00 1.784595762971840369e-03 4.599936224489795791e+02 9.368603233819781906e+01
2.982555079221103078e+00 1.856376802478345786e-03 5.065777233782129656e+02 1.191831844142033248e+02
2.988860230475899549e+00 1.767956570045068222e-03 5.372419974391805226e+02 1.281807128244381886e+02
2.995178874680174186e+00 1.856934622757372335e-03 5.501454767726161208e+02 1.204361969980804048e+02
3.001496400543723020e+00 1.797819739674591305e-03 5.547566539923953997e+02 1.193504921117898050e+02
3.007822553902104179e+00 1.849516356328991537e-03 5.585767326732673155e+02 1.117969108755714132e+02
3.014155913686516808e+00 1.844070628166239031e-03 5.515826086956521976e+02 1.121932524134965803e+02
3.020427983220980828e+00 1.780401570183770890e-03 5.367769230769230262e+02 1.037628704500009178e+02
3.026726854870708916e+00 1.864734463497724846e-03 5.064559902200488750e+02 9.844649901475308695e+01
3.033042693621903041e+00 1.790509691971886499e-03 4.980778061224489761e+02 1.069979516041808836e+02
3.039421166988304002e+00 1.891344364520593712e-03 4.810604594921402395e+02 1.112131630655227497e+02
3.045771113053035606e+00 1.809002971513908259e-03 4.556882129277566378e+02 1.078808723629497877e+02
3.052089874155329063e+00 1.844438578281415919e-03 4.200409429280397262e+02 1.171043186709926403e+02
3.058386304167925118e+00 1.824217551217444024e-03 3.792581453634085165e+02 1.311783404100404482e+02
3.064635661305841197e+00 1.781811879387494579e-03 3.426641025641025635e+02 1.388075990815618752e+02
3.070942258104439215e+00 1.879278577764203085e-03 3.017357575757575887e+02 1.397900769483411523e+02
3.077306102136554866e+00 1.789896323379901438e-03 2.760571791613722894e+02 1.361260463250049497e+02
3.083610248093582751e+00 1.842323938384468965e-03 2.472337023370233737e+02 1.233702456161645387e+02
3.089899276602742884e+00 1.781295098450355954e-03 2.293592356687898075e+02 1.082994201322882333e+02
3.096219282790054539e+00 1.849962857272845727e-03 2.046629901960784252e+02 9.078882916739223674e+01
3.102516781183005889e+00 1.793151767743564459e-03 1.905880861850443466e+02 7.831595457056972975e+01
3.108846425703184035e+00 1.844538984569745127e-03 1.742976629766297663e+02 6.528627717019638510e+01
3.115155056293756886e+00 1.812510444856532069e-03 1.634629861982434136e+02 5.236132573734599305e+01
3.121484332076036150e+00 1.832521331068808152e-03 1.530359801488833682e+02 4.435211846800876856e+01
3.127777573742708483e+00 1.818133687887086257e-03 1.441870324189526116e+02 3.639901022484812643e+01
3.134074710556275623e+00 1.800750836428910992e-03 1.390466582597730110e+02 2.695225614587107543e+01
3.140350968701055567e+00 1.840082388152106639e-03 1.366219211822660213e+02 2.047085973237166812e+01
3.146669598331559570e+00 1.795769837056059460e-03 1.394204545454545325e+02 1.817842297845088950e+01
3.152959210157879166e+00 1.842768641532451131e-03 1.438527607361963305e+02 1.783833963115449350e+01
3.159264892205651432e+00 1.791857333635609589e-03 1.462898734177215090e+02 1.504486576542623055e+01
3.165581888857809112e+00 1.858342078644047027e-03 1.456917475728155296e+02 1.451218920337649188e+01
3.171905560319084216e+00 1.782720971754531017e-03 1.454030418250950447e+02 1.429568414674971422e+01
3.178180461481988406e+00 1.828434529921516482e-03 1.447837837837837753e+02 1.376097862935285754e+01
3.184506679420991304e+00 1.810619157308176325e-03 1.439140722291407144e+02 1.525054293609341549e+01
3.190846230582273346e+00 1.831490456789015321e-03 1.401711491442542865e+02 1.606877829909947408e+01
3.197132365687451294e+00 1.780884113596707067e-03 1.368822784810126620e+02 1.493941071894691852e+01
3.203454230992797136e+00 1.862619862555806765e-03 1.319420989143546308e+02 1.690586877659463383e+01
3.209790152929830498e+00 1.796864404628749357e-03 1.282201257861635213e+02 1.920458206963754577e+01
3.216105270782768422e+00 1.849581865447865814e-03 1.217099514563106766e+02 2.099108075583424693e+01
3.222383723154825574e+00 1.773184836801974633e-03 1.183083756345177733e+02 2.152876640955811993e+01
3.228652903688512765e+00 1.829814433570467642e-03 1.137466504263093725e+02 2.176737409138889134e+01
3.234977992221026444e+00 1.801123950508762587e-03 1.131455223880597032e+02 2.170548912058679747e+01
3.241301441286830176e+00 1.830570155328411054e-03 1.121567436208991495e+02 2.285648969732116953e+01
3.247581817024004280e+00 1.774748969754167847e-03 1.171428571428571388e+02 2.520464910057638619e+01
3.253885986942128827e+00 1.868811343678552150e-03 1.218167664670658752e+02 2.630436274545013475e+01
3.260235987169183947e+00 1.804603356501592029e-03 1.286024999999999920e+02 2.428647250785918743e+01
3.266546856392692710e+00 1.857627301288636550e-03 1.324795673076923208e+02 2.334940835324442787e+01
3.272886904023045052e+00 1.792569475559808913e-03 1.351237500000000011e+02 2.289202569946574073e+01
3.279153478698136670e+00 1.837211362056317054e-03 1.365636363636363626e+02 2.311272698666972403e+01
3.285516195699416553e+00 1.819318898053023329e-03 1.367149877149877284e+02 2.258281489151783106e+01
3.291677990232397821e+00 1.824817096246810931e-03 1.356946264744429982e+02 2.135414246739304289e+01
3.298068987764390059e+00 1.863784166448585874e-03 1.345013698630137071e+02 2.246656572203386659e+01
3.304430978840338096e+00 1.814787339162488022e-03 1.316235465116278931e+02 2.351036146182021014e+01
3.310737564052387061e+00 1.817945227602999880e-03 1.271607142857142918e+02 2.573178399753070877e+01
3.317033906120231190e+00 1.800198345421728579e-03 1.221016949152542423e+02 2.857340962848843446e+01
3.323313479518194669e+00 1.810036704891648416e-03 1.180031347962382426e+02 2.996330035438817774e+01
3.329645772824664451e+00 1.853775369266378323e-03 1.148159126365054590e+02 2.913878495705323246e+01
3.335990548707715053e+00 1.826590486813650920e-03 1.128908507223113986e+02 3.173459026711851649e+01
3.342268739174953929e+00 1.807641793864574143e-03 1.140065252854812456e+02 3.990580222552702594e+01
3.348554594221377023e+00 1.807536448754866812e-03 1.107763157894736850e+02 3.288097442368833612e+01
3.354810866618635590e+00 1.798386852034845364e-03 1.067638190954773876e+02 2.863319875378283896e+01
3.361143554435736203e+00 1.860575678898459748e-03 1.050983606557377072e+02 2.751384738461323920e+01
3.367505271257411170e+00 1.829077091643749146e-03 1.023851351351351298e+02 2.689941770457387094e+01
3.373804785089639324e+00 1.803149868685275390e-03 1.017001733102253098e+02 2.749718215139256827e+01
3.380079784639911100e+00 1.805631642174917659e-03 9.878207381370826567e+01 2.509145868952646197e+01
3.386416571036835244e+00 1.843579116849991192e-03 9.571302816901408050e+01 2.189467170291386822e+01
3.392732849186819166e+00 1.821713749179523084e-03 9.307985480943739276e+01 2.024978170854062753e+01
3.399077842768783331e+00 1.840157085703132342e-03 9.145108695652173481e+01 1.864145540142457946e+01
3.405368445234043140e+00 1.771416845865005909e-03 9.055534351145038841e+01 1.784816957609225696e+01
3.411642977450664915e+00 1.840004348347408980e-03 8.974248120300751452e+01 1.690283279223582369e+01
3.417946432239648225e+00 1.816648589106147462e-03 9.018640776699028550e+01 1.650856154825420674e+01
3.424268333461439884e+00 1.838339958730071926e-03 9.621276595744680549e+01 2.220429186869093030e+01
3.430601598134079389e+00 1.799761940178920376e-03 1.097334669338677315e+02 3.342449645191987884e+01
3.436922606236269218e+00 1.844213366763177700e-03 1.286059999999999945e+02 4.198094777396045885e+01
3.443269856433799347e+00 1.834668830692703879e-03 1.535194274028629877e+02 7.481649786986424999e+01
3.449516618902171317e+00 1.769622948488585408e-03 1.657713675213675231e+02 6.528854933720165832e+01
3.455771942280530862e+00 1.817195070858158281e-03 1.662515856236786362e+02 5.918886731962471970e+01
3.462154010515302804e+00 1.866018191136946868e-03 1.655886075949367182e+02 4.838170939502244750e+01
3.468478914699885340e+00 1.799468636805881495e-03 1.632039911308204125e+02 5.205788260656736099e+01
3.474737530089159865e+00 1.798535080277152308e-03 1.617713004484304804e+02 6.062925717004498694e+01
3.481027808853469629e+00 1.828779808500339806e-03 1.555226244343891437e+02 5.630917794837647250e+01
3.487370903609774420e+00 1.855504762412056021e-03 1.463076923076923208e+02 5.326274116341427600e+01
3.493710577164840458e+00 1.791815171782784382e-03 1.407801418439716201e+02 5.217843846364447558e+01
3.499981309375833849e+00 1.817721919481020843e-03 1.458257756563245948e+02 6.960787043323165335e+01
3.506294281862427642e+00 1.840208171226962808e-03 1.471462829736211120e+02 9.399884206416732013e+01
3.512643170548069183e+00 1.819719049123772565e-03 1.377665847665847707e+02 9.920012522949207323e+01
3.518887929185086527e+00 1.780316295825717758e-03 1.249666666666666686e+02 6.771314937507041520e+01
3.525201780775713889e+00 1.871585280235478531e-03 1.167468982630272905e+02 5.649460174305971094e+01
3.531587235286628879e+00 1.812415240060859375e-03 1.097786458333333286e+02 5.201537141451323265e+01
3.537791204901774123e+00 1.765649031450039182e-03 1.022207084468664817e+02 4.062446288303073771e+01
3.544104483213670331e+00 1.881636984785636617e-03 9.662500000000000000e+01 3.470397975647029654e+01
3.550526160049383151e+00 1.823753900979235669e-03 9.442896174863388126e+01 2.907509036429361160e+01
3.556826252644191833e+00 1.805941154371571225e-03 9.541690140845069834e+01 2.347499211735202351e+01
3.563110991539715666e+00 1.831382697511484874e-03 9.927840909090909349e+01 2.064403352598778696e+01
3.569418747584309326e+00 1.819035597463529485e-03 1.028982558139534831e+02 1.858014829037050575e+01
3.575721219182565580e+00 1.815191134896390569e-03 1.085786350148367916e+02 1.886047039819820625e+01
3.582041784633743120e+00 1.836067019019354488e-03 1.138978978978978915e+02 1.704687288491452435e+01
3.588351193306853926e+00 1.816205673054769026e-03 1.235356037151702822e+02 2.342882483855646569e+01
3.594644124218077774e+00 1.816162507538995278e-03 1.338958990536277724e+02 2.682184832431511623e+01
3.600965899690116157e+00 1.832434222657099978e-03 1.364408945686900836e+02 2.552512997429707653e+01
3.607301933810233674e+00 1.823864462282996299e-03 1.315967213114754202e+02 2.318217188389604999e+01
3.613589615564896995e+00 1.801875725405921403e-03 1.312033898305084847e+02 2.884869940962882495e+01
3.619872304563952703e+00 1.819848024125704684e-03 1.285738831615120148e+02 2.860717086196633119e+01
3.626184481674183946e+00 1.827760715362539709e-03 1.213754385964912217e+02 2.081718280725753800e+01
3.632455309189269510e+00 1.797655079431180383e-03 1.170620437956204398e+02 2.222340182518122376e+01
3.638754857574894697e+00 1.841922947680418475e-03 1.121240875912408796e+02 2.439770130292499317e+01
3.645110863435991444e+00 1.833895812584415653e-03 1.010789473684210549e+02 2.337102031198952190e+01
3.651399341121458253e+00 1.797724079201825547e-03 9.405098039215685901e+01 2.485600793237898287e+01
3.657684783062496781e+00 1.823089633617003442e-03 8.911111111111111427e+01 2.484156143649538251e+01
3.663989311092172851e+00 1.817352227903809700e-03 8.360245901639343913e+01 2.512053246991708022e+01
3.670338462676961733e+00 1.852037082036360515e-03 7.465702479338843034e+01 1.689701304752657407e+01
3.676667454351053799e+00 1.802731285318214709e-03 7.049781659388646915e+01 1.103977460153956969e+01
3.682957402673964431e+00 1.831301914300888494e-03 6.770796460176991616e+01 8.149714590886855348e+00
3.689264510226057059e+00 1.810576500315507495e-03 6.615207373271888969e+01 6.969364707526180425e+00
3.695607159299667099e+00 1.851070780809128090e-03 6.793488372093023031e+01 1.009329117638184670e+01
3.701906411334345837e+00 1.786914693256676148e-03 7.084079601990049468e+01 9.616462426241110251e+00
3.708163258087520564e+00 1.825159420261267002e-03 7.382914572864321201e+01 8.227915499679237854e+00
3.714507337749332283e+00 1.833043865117713490e-03 7.922279792746114424e+01 8.731647663376030266e+00
3.720870273368275249e+00 1.842023606415223082e-03 8.405347593582887100e+01 1.014375778564253672e+01
3.727157013165883104e+00 1.785929560704693081e-03 8.754285714285714448e+01 1.051338505459218986e+01
3.733414267292576749e+00 1.823616893326991065e-03 9.013953488372092693e+01 1.180677542416690429e+01
3.739747614563589284e+00 1.832601406324968355e-03 9.648192771084337949e+01 2.618515257021739728e+01
3.746091684029914770e+00 1.828992002129592063e-03 9.889937106918239351e+01 3.760580790385623118e+01
3.752406222021260618e+00 1.812401454337024109e-03 9.734437086092715674e+01 3.558121361279790307e+01
3.758712131096641595e+00 1.823143945980814458e-03 8.668275862068965409e+01 1.460091864260895100e+01
3.765000355804634324e+00 1.809969724265664184e-03 8.033576642335766849e+01 1.308559427202990477e+01
3.771324791207556704e+00 1.846593531196991230e-03 7.424812030075187863e+01 1.159046151467349262e+01
3.777640884128447674e+00 1.800430178895984180e-03 6.773170731707317316e+01 8.926929227749022644e+00
3.783890033752419058e+00 1.812352582976840126e-03 6.191452991452991483e+01 6.523501124016249264e+00
3.790205950757557840e+00 1.839564216382759279e-03 5.866071428571428470e+01 5.324947901441028364e+00
3.796547481197723339e+00 1.823144808823023381e-03 5.684615384615384670e+01 4.713304221710129305e+00
3.802839460639445335e+00 1.822115437231795494e-03 5.788659793814432675e+01 4.027789006515553716e+00
3.809162628389719529e+00 1.835235423465040759e-03 5.961538461538461320e+01 4.701126643260775673e+00
3.815477698903783743e+00 1.813833779597889004e-03 6.122891566265059993e+01 5.669490869889687090e+00
3.821777178949230969e+00 1.830898415393102585e-03 6.554545454545454675e+01 5.701032446523735864e+00
3.828076951026545771e+00 1.795694771849016581e-03 6.986956521739129755e+01 4.933904665566338110e+00
3.834316772867639944e+00 1.791896653628349866e-03 7.230645161290323131e+01 6.974011516230238961e+00
3.840583618544390898e+00 1.820001018717854217e-03 7.166071428571429180e+01 7.073863217247454926e+00
3.846911872181034475e+00 1.824281646184678762e-03 6.424489795918367463e+01 5.438536197208446943e+00
3.853313008086272973e+00 1.880829953221405115e-03 6.211627906976744384e+01 4.818894217751838127e+00
3.859656947796285653e+00 1.787945514535103963e-03 6.211764705882352899e+01 5.086449873766486718e+00
3.865825284683709118e+00 1.773175751446867720e-03 5.896296296296296191e+01 5.937719745410209526e+00
3.872064552013789740e+00 1.858490478498285668e-03 5.285714285714285410e+01 4.857142857142856762e+00
3.878243048288448236e+00 1.738115315901965106e-03 4.800000000000000000e+01 3.741657386773941329e+00
3.884441558101385361e+00 1.990091083924331716e-03 5.228571428571428470e+01 5.753437304457790447e+00
