# q qerr I(q) I(q)err
6.111313073595031620e-02 3.154100855865873791e-03 5.250000000000000000e+02 1.748092108673957625e+02
6.800242608866982619e-02 2.110752812487300123e-03 7.146666666666666288e+02 1.255879505897493971e+02
7.478812129850326285e-02 1.894856213165734514e-03 7.047777777777778283e+02 1.659586070659164534e+02
8.081736842982174818e-02 1.577734731020807597e-03 7.603333333333333712e+02 1.410454352852825082e+02
8.706192866790804508e-02 2.018057842609979804e-03 7.497692307692307168e+02 1.340700382185706587e+02
9.311361532868518698e-02 1.734318039620741251e-03 7.766666666666666288e+02 1.276405543356464420e+02
9.924832822165428892e-02 1.939409616079583844e-03 7.611875000000000000e+02 1.805667509883810169e+02
1.056867454532435108e-01 2.068262530006435406e-03 7.072083333333333712e+02 2.085356850623999492e+02
1.120935416356093062e-01 1.699923986068800717e-03 6.908461538461538112e+02 2.215154301596540449e+02
1.177168722532570266e-01 1.903764278506084144e-03 6.873125000000000000e+02 2.270359406776270532e+02
1.242406998858587575e-01 2.007415885574503726e-03 6.675714285714285552e+02 2.036355663373935840e+02
1.307844605212421796e-01 1.948859987027574741e-03 6.787500000000000000e+02 1.744648961825845390e+02
1.372938405551752672e-01 1.976444694498947011e-03 6.748387096774193878e+02 1.766844309421657044e+02
1.433626874055373979e-01 1.479129257371093872e-03 6.572400000000000091e+02 1.574450761376804735e+02
1.497414395840910573e-01 2.132896554945924294e-03 6.696216216216216708e+02 1.608645833330869834e+02
1.562016171858009728e-01 1.470810848565314282e-03 6.666296296296296759e+02 1.468267971714525970e+02
1.620883487451751925e-01 1.817360580555445800e-03 6.787878787878787534e+02 1.469547758748705348e+02
1.684939590642719198e-01 1.975568076388520972e-03 6.774594594594594810e+02 1.496468499274432418e+02
1.749358117034872373e-01 1.810730169671130639e-03 6.919142857142857110e+02 1.435680681909512657e+02
1.813634234827302405e-01 1.982290824745188643e-03 7.000243902439024168e+02 1.449209204039627252e+02
1.877608813777307539e-01 1.710969833005861022e-03 7.056486486486486456e+02 1.528109661659455298e+02
1.936838392192468117e-01 1.708352888559126238e-03 7.087631578947368780e+02 1.518161658040604891e+02
1.998200724089964908e-01 1.901042836663710675e-03 7.190697674418604493e+02 1.516113345202221865e+02
2.064988844748374130e-01 2.083185659227047067e-03 7.178541666666666288e+02 1.811694552836592038e+02
2.131062600015138364e-01 1.923054290541973939e-03 7.400638297872339990e+02 1.601436105726453718e+02
2.193208008558340527e-01 1.649587748772136844e-03 7.447906976744186522e+02 1.675576892655699908e+02
2.255197753110727010e-01 1.943898002345461392e-03 7.531176470588235361e+02 1.611377690761460713e+02
2.319084130262620835e-01 1.853433278599466881e-03 7.602599999999999909e+02 1.629717693344463783e+02
2.380456302514551703e-01 1.717913041466973250e-03 7.667291666666666288e+02 1.647484324870632690e+02
2.441826744061198484e-01 1.910984005326162374e-03 7.749454545454545951e+02 1.594795958347126827e+02
2.508567628905887248e-01 1.865639566994751813e-03 7.108870967741935374e+02 2.338288972171260696e+02
2.571616352083493928e-01 2.042758540577210586e-03 6.843658536585365937e+02 2.393526174721707491e+02
2.636090936505812721e-01 1.759536909171210452e-03 6.898181818181818699e+02 2.229358789861228729e+02
2.696276322290375727e-01 1.767913466712890637e-03 7.008250000000000455e+02 2.126684148798311753e+02
2.756934411426098519e-01 1.847457432374286813e-03 7.201190476190475920e+02 2.033899880645503799e+02
2.820483295007140123e-01 1.942127748479487680e-03 7.269101123595505669e+02 1.988783206281081277e+02
2.885873542857223528e-01 1.999902870285049771e-03 7.408947368421053170e+02 1.940221322726722804e+02
2.950059364807982032e-01 1.753155416080761590e-03 7.473372093023256184e+02 1.900356318528594102e+02
3.012776628394395750e-01 1.916275679195857595e-03 7.622842105263157464e+02 1.840619349574403145e+02
3.076468654533095481e-01 1.858480647863890167e-03 7.687096774193548754e+02 1.795678166128162161e+02
3.139397285054469910e-01 1.849733180513128640e-03 7.812659574468085566e+02 1.755064894545266725e+02
3.202097007249891103e-01 1.889977811219999311e-03 7.850510204081632537e+02 1.710553614858200433e+02
3.264390569218261762e-01 1.757358001834326191e-03 7.927526881720430083e+02 1.677584689949460426e+02
3.326951465344144543e-01 1.930481388006281569e-03 8.114903846153846416e+02 1.619350380425989897e+02
3.390239669727912464e-01 1.785238221274862988e-03 8.124897959183673493e+02 1.623693502918651461e+02
3.452290355408559885e-01 1.822729964848564038e-03 8.257156862745098351e+02 1.576585560630461487e+02
3.515217579766085620e-01 1.894166946962649433e-03 8.335809523809523398e+02 1.561006129409626055e+02
3.581115149106128270e-01 1.984833837990382030e-03 8.499380530973451187e+02 1.535171289749611958e+02
3.646365217867122976e-01 1.807385512883236643e-03 8.673551401869158326e+02 1.523513481045742708e+02
3.707522342694583029e-01 1.646676631311451595e-03 8.776000000000000227e+02 1.556359727055412918e+02
3.768404479121448269e-01 1.835047814059704218e-03 9.016216216216216708e+02 1.544122751541659397e+02
3.831651369708888866e-01 1.834489868729198949e-03 9.174144144144144093e+02 1.683331732588129626e+02
3.894643253735652899e-01 1.853753096359237081e-03 9.547699115044247264e+02 2.220223377825534214e+02
3.958807651630259494e-01 1.912159574900255954e-03 1.034474999999999909e+03 3.827337020261825273e+02
4.022473572087105209e-01 1.746533598099251966e-03 1.172162162162162076e+03 6.563656641493852248e+02
4.083991683103055381e-01 1.862831917861469243e-03 1.304294117647058783e+03 8.851578456776542225e+02
4.147868792651558945e-01 1.850918924272050396e-03 1.413884297520661221e+03 1.029088878348714388e+03
4.211381020132339281e-01 1.813003092898375071e-03 1.384892561983471069e+03 9.207482426875060355e+02
4.273404438934948479e-01 1.765577699919095717e-03 1.299941176470588289e+03 7.201484238321972953e+02
4.337195733954657406e-01 1.911235613422362228e-03 1.164753846153846098e+03 4.604039436852672225e+02
4.400834723796714920e-01 1.795304431444431784e-03 1.053250000000000000e+03 2.687743762388458322e+02
4.463380503116383125e-01 1.781136916513354146e-03 9.857301587301586778e+02 1.639199029035255251e+02
4.525475293404462862e-01 1.782735370135076804e-03 9.516377952755905199e+02 1.185309347434878759e+02
4.588781844142776345e-01 1.863542184770878652e-03 9.292014925373134702e+02 1.022548309698464237e+02
4.652813857520213814e-01 1.809454061223974295e-03 9.144661654135338722e+02 9.172095487527037960e+01
4.715886271752884884e-01 1.786725641485754782e-03 8.990298507462686075e+02 8.776873063892610105e+01
4.778700308571910971e-01 1.749120838384908864e-03 8.925187969924811568e+02 8.094134708357090346e+01
4.841075358786299798e-01 1.812598873705853009e-03 8.851014492753623699e+02 7.622105918625155141e+01
4.904685449060671165e-01 1.813034819841214708e-03 8.752500000000000000e+02 7.430956004637434376e+01
4.967988078032400945e-01 1.775169993053363985e-03 8.742411347517730746e+02 7.096228358689288029e+01
5.030461340587593089e-01 1.710738770771227935e-03 8.690797101449275033e+02 6.816365658453928233e+01
5.093789740337634209e-01 1.844995629980458740e-03 8.712214765100670775e+02 6.431763213693845671e+01
5.157895609665918979e-01 1.772173611217854692e-03 8.693561643835616906e+02 6.121547590702494546e+01
5.220653538623039047e-01 1.710912446064493482e-03 8.695174825174825628e+02 5.892731232879428660e+01
5.282420832211931483e-01 1.776221308977217429e-03 8.692500000000000000e+02 5.753348026454987973e+01
5.345849814872509764e-01 1.797460663252185451e-03 8.686578947368420813e+02 5.476834398418564120e+01
5.409400198384390901e-01 1.769240412124692928e-03 8.701960784313725981e+02 5.241752399470267676e+01
5.471612929737256215e-01 1.671871176479489780e-03 8.686013513513513544e+02 5.106766054217236928e+01
5.535187503546902255e-01 1.843477994232445120e-03 8.722839506172839492e+02 5.011192548132444813e+01
5.599303633336802921e-01 1.774845713676194252e-03 8.747070063694267219e+02 5.368492827786737109e+01
5.661980099607780703e-01 1.715649351238413218e-03 8.821298701298701417e+02 4.782893845450967518e+01
5.724333289920446877e-01 1.764199560704661452e-03 8.890812499999999545e+02 4.989081985946912567e+01
5.786575496797814466e-01 1.687338640378493104e-03 8.991818181818181301e+02 5.051977180832793124e+01
5.849918082512260975e-01 1.882166412490617838e-03 9.148895348837208985e+02 4.984404694328253527e+01
5.913559560974818163e-01 1.673563701773732749e-03 9.246624203821655783e+02 5.085860070439564140e+01
5.976003341774964728e-01 1.789272139650604403e-03 9.372840236686390654e+02 5.047734572347697934e+01
6.039710484280985670e-01 1.760471037718898532e-03 9.494583333333333712e+02 5.028520838715576957e+01
6.103455122609070527e-01 1.778153705054047679e-03 9.572046783625730768e+02 5.085796302578965822e+01
6.165941547084902163e-01 1.709282904712068618e-03 9.565389221556886241e+02 5.199931113823682693e+01
6.227886440901039267e-01 1.708031916550016484e-03 9.526011904761904816e+02 5.231207186502739859e+01
6.292222757675741684e-01 1.895555695838723603e-03 9.420213903743315313e+02 4.903125358342276030e+01
6.355837393651907474e-01 1.609918394456906487e-03 9.223636363636363740e+02 4.688584107877250773e+01
6.417201133152361514e-01 1.735489606861494215e-03 9.042471910112359410e+02 4.322760320184242033e+01
6.480234646877054416e-01 1.746502386866512820e-03 8.826123595505617914e+02 4.048032294696609767e+01
6.543745591304535036e-01 1.808595843625667669e-03 8.642771739130434980e+02 3.701418216038130993e+01
6.607410482875138991e-01 1.776914150084337417e-03 8.477445652173912549e+02 3.429228103746326894e+01
6.669765730033264672e-01 1.670208017253243388e-03 8.346875000000000000e+02 3.190633486543784159e+01
6.731673103258457580e-01 1.796482171393593615e-03 8.249734042553191102e+02 2.929634357636324182e+01
6.795850853652600776e-01 1.822834825668488831e-03 8.144607329842931449e+02 2.765474465131919501e+01
6.858902177354958551e-01 1.747430487391250960e-03 8.085000000000000000e+02 2.752388991638050086e+01
6.921278880332987216e-01 1.765781770802452586e-03 8.027936507936508406e+02 2.659233151504515291e+01
6.985070946107704293e-01 1.847715388967816497e-03 8.001919191919191690e+02 2.641652556982671385e+01
7.048037128132643714e-01 1.757666077632949074e-03 7.938571428571428896e+02 2.578903011115528443e+01
7.109847861020758275e-01 1.767854622430342420e-03 7.906250000000000000e+02 2.550200410833757658e+01
7.172345948602801835e-01 1.822657136245004524e-03 7.873232323232323324e+02 2.425752370671832736e+01
7.236608500653414211e-01 1.906739358311473767e-03 7.836195121951219562e+02 2.367605989214963813e+01
7.299519259881649402e-01 1.814756391122580772e-03 7.803265306122449374e+02 2.364441390768443441e+01
7.362298620906445601e-01 1.872001608046580190e-03 7.766421568627450824e+02 2.311517619718011218e+01
7.427109241448597299e-01 1.961252361706546793e-03 7.739953271028036852e+02 2.274903619753699857e+01
7.489749171607754663e-01 1.795506848231544564e-03 7.679846153846153811e+02 2.190854399093562677e+01
7.553119902396251417e-01 1.968290517240121971e-03 7.645890410958903658e+02 2.091727593644757732e+01
7.617428847945948434e-01 1.878647625832918257e-03 7.580821256038647107e+02 3.199137006143111250e+01
7.679897535333021219e-01 1.889655825210407886e-03 7.589090909090908781e+02 1.524036786062546511e+01
7.742716946001383382e-01 1.890740870187222538e-03 7.560328638497652491e+02 2.334642183046305774e+01
7.806130493972306406e-01 1.874127862848933099e-03 7.553066037735849250e+02 1.960703297944467138e+01
7.869955317179381238e-01 1.962138593108325030e-03 7.567946428571428896e+02 2.003516420017717792e+01
7.933337815560531636e-01 1.823456314192357453e-03 7.657000000000000455e+02 3.752128284942649117e+01
7.995722808394026826e-01 1.873920736445982161e-03 7.824796380090497223e+02 7.516508642471929136e+01
8.059029702364099990e-01 1.855844282913126459e-03 8.136438356164383094e+02 1.342188947326675645e+02
8.122482529694946551e-01 1.899897789708842157e-03 8.297885462555066169e+02 1.688118317299208400e+02
8.185971333973350861e-01 1.831057107996742058e-03 8.447309417040358994e+02 1.919918088154153395e+02
8.248840800988579414e-01 1.805078930334647752e-03 8.429775784753363723e+02 1.905343661605698458e+02
8.311527541867054225e-01 1.843524136775542745e-03 8.405676855895196695e+02 1.847739887996647781e+02
8.375116084758876811e-01 1.829773299230467044e-03 8.308913043478261216e+02 1.732546401149506323e+02
8.438261475186588090e-01 1.817550564165925373e-03 8.144956896551724412e+02 1.499901791523438419e+02
8.500843452560248314e-01 1.755513946144033992e-03 7.985929203539823220e+02 1.236360119802307196e+02
8.563647400134730692e-01 1.844487251387733453e-03 7.713983402489626542e+02 7.911442308811814428e+01
8.626696591174244366e-01 1.710203360544058351e-03 7.473815789473684390e+02 4.275312567882406967e+01
8.689830853488446083e-01 1.844123492424595270e-03 7.264552845528455691e+02 2.019009893936727096e+01
8.753179752476163422e-01 1.741457950302257533e-03 7.129702127659573989e+02 1.866522100935863193e+01
8.815756228481118617e-01 1.752464905610253906e-03 7.052531120331950660e+02 2.118979763884349765e+01
8.877944678552249780e-01 1.716242394594354789e-03 7.008312236286919870e+02 2.345208601094748246e+01
8.941407927930166144e-01 1.839522330085644050e-03 6.961106719367588767e+02 2.475468669306019009e+01
9.005003621585947471e-01 1.752218829319661820e-03 6.914571428571429124e+02 2.631289411109043641e+01
9.067627482844141662e-01 1.720498064613873055e-03 6.870409836065573472e+02 2.764978812561790633e+01
9.130278025298368405e-01 1.789374596252915357e-03 6.841706349206349387e+02 2.796368345895426799e+01
9.193563827426239898e-01 1.786117629316656989e-03 6.819563492063491594e+02 2.894730270835594155e+01
9.256709965929463824e-01 1.773964252230773864e-03 6.799647058823529733e+02 2.883452771359319655e+01
9.319487846442510159e-01 1.740175819907428248e-03 6.778559999999999945e+02 2.967589405561356131e+01
9.382375230166524194e-01 1.835219923763222079e-03 6.755534351145038272e+02 3.022942208058862690e+01
9.445114335627492475e-01 1.754301698834087597e-03 6.719960474308300036e+02 3.154725372780096393e+01
9.507739483173833772e-01 1.796477233495237351e-03 6.696666666666666288e+02 3.199974058004679378e+01
9.571000001339345920e-01 1.844157663989784944e-03 6.669283018867924966e+02 3.352400244250440409e+01
9.634651872700409347e-01 1.860525514413665987e-03 6.643383458646616191e+02 3.650769242341777954e+01
9.697902983397413967e-01 1.869026222830578836e-03 6.643646616541353751e+02 3.291536152566798989e+01
9.761731987705594138e-01 1.898719003246270758e-03 6.623468634686346377e+02 3.366613492739964641e+01
9.824546988499620603e-01 1.850375251942234242e-03 6.605773584905659845e+02 3.316279123772769566e+01
9.887603507672997338e-01 1.885371791598095068e-03 6.579963235294117112e+02 3.316253382113188763e+01
9.951547945742836854e-01 1.923480157877882840e-03 6.550854092526690238e+02 3.581034640383904843e+01
1.001497743307979915e+00 1.816985016266823736e-03 6.524943820224718820e+02 3.470438217507651046e+01
1.007730073445106012e+00 1.872875193246743668e-03 6.498237410071942577e+02 3.557038756331130713e+01
1.014110590476311025e+00 1.881534321868284657e-03 6.466382978723404449e+02 3.610071337190532859e+01
1.020442888611849064e+00 1.823625195420996601e-03 6.454408602150538172e+02 3.585135656035612328e+01
1.026691701700078063e+00 1.782759485576686145e-03 6.428297101449275033e+02 3.571829323091392894e+01
1.033057845114525142e+00 1.884320384582664851e-03 6.411088435374149412e+02 3.462007723547528570e+01
1.039437792018165441e+00 1.793463056649077922e-03 6.385689045936395587e+02 3.529431906884777703e+01
1.045681248368910410e+00 1.745618337461533540e-03 6.373014184397162580e+02 3.476959016412298098e+01
1.051944871571292683e+00 1.801987856022948175e-03 6.356793103448276270e+02 3.556426214578113587e+01
1.058324809813473877e+00 1.829265674919061668e-03 6.340168350168349889e+02 3.575208937220156002e+01
1.064596602572098316e+00 1.714864743882408334e-03 6.347605633802817238e+02 3.522745402607593945e+01
1.070868750588993112e+00 1.792957436204007347e-03 6.359528619528620084e+02 3.501876807666207725e+01
1.077195490251847465e+00 1.798916779777443367e-03 6.364515050167224217e+02 3.489384275149054560e+01
1.083505800573759448e+00 1.740543057611223946e-03 6.392218430034129142e+02 3.353414041751952368e+01
1.089676915900379850e+00 1.748165881083384946e-03 6.457993197278912021e+02 3.026577056629615470e+01
1.096052400832523421e+00 1.863573573199493825e-03 6.591150159744408938e+02 2.748935166719525114e+01
1.102364289960501065e+00 1.744372504095847640e-03 6.782237288135593190e+02 2.968052820736516040e+01
1.108625070827478076e+00 1.829094711995288541e-03 7.003485342019544078e+02 3.632804102533038559e+01
1.114924075445366869e+00 1.842999932655674591e-03 7.042629870129869687e+02 5.992684829215026099e+01
1.121282665432693726e+00 1.762017027877181303e-03 7.348091603053435392e+02 6.559537276478457102e+01
1.127553932619258736e+00 1.851826979229859085e-03 7.521412639405205027e+02 8.157485155411008293e+01
1.133905639228342421e+00 1.803927404845938115e-03 7.608156862745098579e+02 9.533797780283587997e+01
1.140144523104706709e+00 1.820967272376473748e-03 7.570748031496062822e+02 9.882244982165329361e+01
1.146455214771981312e+00 1.831860927088285957e-03 7.544900398406374507e+02 9.642335302468835323e+01
1.152869066430118439e+00 1.902391342003174283e-03 7.489768339768339729e+02 9.091450517018247979e+01
1.159252377890596986e+00 1.791659613503928782e-03 7.389958506224066923e+02 9.046486656016192285e+01
1.165575291556828930e+00 1.872439892399787795e-03 7.303824701195219404e+02 8.945411397652586061e+01
1.171828433925186763e+00 1.747387590499659572e-03 7.136839826839826628e+02 9.461820328415286951e+01
1.178029580193284076e+00 1.845903894892485285e-03 7.000370370370370665e+02 8.739835256858384582e+01
1.184400904434957269e+00 1.829516060217846983e-03 6.861757322175732270e+02 8.496173874234020218e+01
1.190737654720273042e+00 1.816225366119703435e-03 6.727215189873418240e+02 7.235829573078633814e+01
1.196977477342464180e+00 1.780548390738201196e-03 6.662663755458514743e+02 6.144117140423922763e+01
1.203312963818603976e+00 1.874247930763579166e-03 6.714586776859504198e+02 5.162498055767927241e+01
1.209645773529357093e+00 1.750259837788138012e-03 6.807522123893804746e+02 4.766990461265496037e+01
1.215952225700388523e+00 1.837678281197498587e-03 6.987245762711864927e+02 4.794178240474208508e+01
1.222254898926581568e+00 1.775628514659025698e-03 6.958389513108613755e+02 7.749543695296276269e+01
1.228537298751265050e+00 1.780223345631782141e-03 7.323550724637681242e+02 6.122462674598217092e+01
1.234759587745337228e+00 1.795376270296014523e-03 7.532903225806451246e+02 6.253941478881469607e+01
1.241110555825225781e+00 1.895169703334604900e-03 7.702953020134227700e+02 6.608283160779964760e+01
1.247523323486311897e+00 1.874537877840588536e-03 7.824324324324323925e+02 7.349538230302985653e+01
1.253854431820907944e+00 1.857283623330970761e-03 7.908120805369127311e+02 7.764616631181149842e+01
1.260138295168494293e+00 1.856490137450314505e-03 7.913355481727575125e+02 8.254974228168836703e+01
1.266501421045549414e+00 1.881588491645209797e-03 7.917717041800642619e+02 7.982123440577058204e+01
1.272807251993681055e+00 1.824447191781883651e-03 7.850196721311475585e+02 7.844803859545031344e+01
1.279100636071537789e+00 1.831925956271344968e-03 7.774171974522292885e+02 7.407239023202492945e+01
1.285385940199903265e+00 1.796864974607813087e-03 7.642692307692307168e+02 7.047893970410306963e+01
1.291734086560349049e+00 1.833790085687247952e-03 7.506319018404907411e+02 6.423510450433725794e+01
1.297999116585571544e+00 1.712347548001254965e-03 7.345598705501618042e+02 6.022870925343276838e+01
1.304332283077917598e+00 1.862331657852500611e-03 7.226873156342182938e+02 5.476868878032779975e+01
1.310629912671008812e+00 1.689758514739712848e-03 7.060192307692307168e+02 5.356603592422262494e+01
1.316859893871710430e+00 1.807323329610554348e-03 6.912716417910447717e+02 5.519830065085975690e+01
1.323169508333509325e+00 1.772103529485381237e-03 6.767872340425532229e+02 5.920989129190711964e+01
1.329416719622044551e+00 1.761213072716576004e-03 6.709305135951661896e+02 6.641948382667138162e+01
1.335676763851219473e+00 1.808340606324402439e-03 6.665297619047619264e+02 7.263813261606455285e+01
1.342102166253144047e+00 1.916040745002256648e-03 6.724591549295774939e+02 7.990174629940266016e+01
1.348432554966731090e+00 1.804515701739407276e-03 6.717129909365559115e+02 8.603988829627790835e+01
1.354697325729501189e+00 1.895450207138361931e-03 6.737818696883853136e+02 9.189990221900758627e+01
1.361035554581970564e+00 1.836151892644552735e-03 6.712296511627906739e+02 9.449750961418430961e+01
1.367445372286436589e+00 1.911657172750392099e-03 6.723342465753424904e+02 9.208069058457672895e+01
1.373833054624600258e+00 1.794265400870382644e-03 6.666666666666666288e+02 9.141539738592756237e+01
1.380048052911932777e+00 1.791287036868802413e-03 6.651566951566951502e+02 8.950117442546296331e+01
1.386332670155489666e+00 1.806335848089170130e-03 6.602247191011235827e+02 8.868626445704846617e+01
1.392624520144640332e+00 1.796075039907524609e-03 6.561694444444444798e+02 8.591899986054910698e+01
1.398923000198597277e+00 1.771229759338340285e-03 6.529887640449437640e+02 8.379792681696162049e+01
1.405184482923453881e+00 1.808998902686751115e-03 6.462336956521738784e+02 8.079462920480054322e+01
1.411475199677901360e+00 1.734371386327675756e-03 6.396067415730336734e+02 7.698359212607751090e+01
1.417706081410672780e+00 1.817237095201347432e-03 6.334758064516129252e+02 7.187930927828931260e+01
1.424046144262549829e+00 1.816956160244514703e-03 6.247940379403794395e+02 6.811116254478152143e+01
1.430457268966005335e+00 1.925855730949348329e-03 6.192904884318766108e+02 6.403155282002801130e+01
1.436865665354877475e+00 1.843763745384080412e-03 6.146720430107526454e+02 6.283629227703146114e+01
1.443084111958556903e+00 1.831535442318516687e-03 6.087284946236559335e+02 6.457441956769210378e+01
1.449466238371406979e+00 1.910439897345804971e-03 6.077392405063291108e+02 5.986203295834067717e+01
1.455780432464144347e+00 1.769262236301017126e-03 6.082135135135134760e+02 6.024720125709880136e+01
1.462109939136078340e+00 1.873282905934200038e-03 6.085939849624060116e+02 6.011081703557097455e+01
1.468414112563870999e+00 1.734923018383166060e-03 6.074293333333333749e+02 6.052035044328295044e+01
1.474680891373796765e+00 1.804015195942032307e-03 6.114187817258883797e+02 5.933470662817983765e+01
1.480924591063775386e+00 1.742163032935032654e-03 6.094543080939947686e+02 5.870282739686174267e+01
1.487138550370334267e+00 1.742602934721402272e-03 6.127917737789202874e+02 5.929359059354769812e+01
1.493462591150057195e+00 1.833511633313982111e-03 6.117698019801980536e+02 5.869701869286920015e+01
1.499809278721849770e+00 1.805357266360340307e-03 6.126750629722921531e+02 5.931888290828771204e+01
1.506175762378094918e+00 1.888906516140883814e-03 6.134009779951099972e+02 5.683802836506009726e+01
1.512543466733061504e+00 1.879653113941155348e-03 6.115955882352941444e+02 5.954990220039093174e+01
1.518927121842702510e+00 1.865813122140227640e-03 6.119387254901961342e+02 5.884454026314791975e+01
1.525176469146275027e+00 1.826629940430822378e-03 6.135359801488833682e+02 5.843873940882265572e+01
1.531416651941075235e+00 1.798854978931840659e-03 6.171262376237623357e+02 5.946992933696486716e+01
1.537728221615372926e+00 1.856986876758172280e-03 6.211063829787234454e+02 5.904634792823166123e+01
1.544096010846849332e+00 1.769518617434322075e-03 6.295182481751825208e+02 6.068907098240745768e+01
1.550405005344789089e+00 1.809055686031393537e-03 6.429432624113475185e+02 6.272661199513630947e+01
1.556696834359960313e+00 1.740139413919524446e-03 6.620995145631068226e+02 6.980077438955976277e+01
1.562969221032702194e+00 1.804120915253569534e-03 6.859292452830188722e+02 7.871967530246730860e+01
1.569251838380229191e+00 1.803338776033149233e-03 7.099284009546539664e+02 8.833808699757108229e+01
1.575556094315494926e+00 1.863019847936644557e-03 7.348554778554778295e+02 9.728392943159953177e+01
1.581892448177514066e+00 1.865480693804838323e-03 7.474861111111110858e+02 1.082677301660976639e+02
1.588269483401412163e+00 1.861295980786164313e-03 7.562580645161290249e+02 1.127690367800948934e+02
1.594574325321363339e+00 1.830133252637398044e-03 7.623657407407407618e+02 1.138130022789138849e+02
1.600916934751582588e+00 1.832077894544300927e-03 7.632164009111617133e+02 1.138025671003092327e+02
1.607201343968552854e+00 1.780442356845074459e-03 7.632615740740740193e+02 1.095770562598456763e+02
1.613445462524496721e+00 1.775524639999344866e-03 7.633188073394495632e+02 1.071848485264604420e+02
1.619730849749851931e+00 1.787630240083115185e-03 7.611851015801354379e+02 1.019202317972158909e+02
1.625979803600224649e+00 1.755895091839796123e-03 7.587057471264367905e+02 1.007983424578563643e+02
1.632226613292544926e+00 1.821174808670054370e-03 7.559977628635347173e+02 9.902955285662827123e+01
1.638606704061473573e+00 1.894452323361247963e-03 7.535618221258134781e+02 9.859440623684692184e+01
1.645050487946952522e+00 1.887301666918968484e-03 7.425260869565217945e+02 9.799045220840427817e+01
1.651415996904310735e+00 1.851783837096881687e-03 7.282763157894736423e+02 9.633696186019385266e+01
1.657788871265904573e+00 1.852242853945953917e-03 7.111749460043196223e+02 9.013174907187362805e+01
1.664006124760511351e+00 1.741113674427757210e-03 6.944988662131519277e+02 8.405646450552464444e+01
1.670281873961185770e+00 1.842366346193471905e-03 6.765475687103594282e+02 7.640846237949142505e+01
1.676541801276667298e+00 1.721555322686186195e-03 6.611860986547085304e+02 7.111521536423238388e+01
1.682793682471841024e+00 1.824670227224382997e-03 6.491814345991560913e+02 6.413263514327151427e+01
1.689107465299970467e+00 1.791603935857043455e-03 6.409457700650759762e+02 6.169311408436652044e+01
1.695415952935033443e+00 1.877357617877282179e-03 6.363841336116910270e+02 5.925359856321933449e+01
1.701806617780016628e+00 1.875253898477295287e-03 6.314488517745302261e+02 6.309094647887039287e+01
1.708145235544118012e+00 1.851238026496159058e-03 6.269221052631578459e+02 6.703631443204182006e+01
1.714469347376187613e+00 1.845626368464784459e-03 6.255093167701863877e+02 6.584932008199855602e+01
1.720739519194126599e+00 1.771881702320935673e-03 6.227393162393162811e+02 6.762650279382134499e+01
1.726990948287859817e+00 1.820993782645452704e-03 6.212102040816326962e+02 6.725104595474702762e+01
1.733361150263370787e+00 1.784216608021570085e-03 6.193615702479338552e+02 6.744938547369157789e+01
1.739571674833123582e+00 1.760427731239605715e-03 6.168322851153039892e+02 6.720352103269209465e+01
1.745887440247851030e+00 1.853392121839796862e-03 6.128376753507013746e+02 6.824696825581143855e+01
1.752250177420427102e+00 1.860925844240075020e-03 6.080910931174089455e+02 6.176793109328010445e+01
1.758607387389414800e+00 1.864192030273802104e-03 6.034579999999999700e+02 6.326227273818100372e+01
1.764972322429467777e+00 1.851098948525789619e-03 6.014919999999999618e+02 5.902732350361144142e+01
1.771273520234028620e+00 1.808016239517707931e-03 6.002217741935484128e+02 5.814657207417844376e+01
1.777586992161852564e+00 1.807004964737956481e-03 6.016059405940594615e+02 5.430533748576830533e+01
1.783840233931820451e+00 1.746107465683986813e-03 5.996700610997963850e+02 5.419408096206020531e+01
1.790071520275328565e+00 1.795583184790444783e-03 5.996850393700786981e+02 5.165530232745247474e+01
1.796393698957722052e+00 1.819993601147859141e-03 5.950691699604742553e+02 5.191680880033518264e+01
1.802712928873270393e+00 1.883216042231023422e-03 5.935249042145593421e+02 5.062702058120676440e+01
1.809114577024696358e+00 1.850157529878445435e-03 5.879108527131783148e+02 5.281872264065594891e+01
1.815345782948464493e+00 1.803540499391122600e-03 5.831462450592885034e+02 5.237075799249841879e+01
1.821700705453981772e+00 1.863872113208649628e-03 5.800503731343283107e+02 5.105794356711976434e+01
1.828034416566336029e+00 1.759461126105644731e-03 5.754173228346456881e+02 5.190912230151802476e+01
1.834289862490237510e+00 1.817049905439401892e-03 5.731977401129943246e+02 5.066453747808858310e+01
1.840620947190598100e+00 1.780340576699249600e-03 5.706673076923076451e+02 4.974168101182002744e+01
1.846876290479544158e+00 1.833628160635640113e-03 5.676238185255198232e+02 5.049650952217085376e+01
1.853225331533147280e+00 1.864396810776891523e-03 5.642537037037036498e+02 5.103561748818708566e+01
1.859586416204100923e+00 1.843230203276794224e-03 5.609813084112149681e+02 5.216151756565734843e+01
1.865884580336470755e+00 1.827085395033201023e-03 5.584636871508380409e+02 5.158370835421584388e+01
1.872200528994375501e+00 1.799198018262535481e-03 5.557685185185184764e+02 5.114365811547017415e+01
1.878453452628845000e+00 1.760356359008985331e-03 5.511657250470809686e+02 5.255743127067709253e+01
1.884712324747962020e+00 1.805687576808031941e-03 5.475967153284670985e+02 5.281121643890767103e+01
1.891113706724730337e+00 1.861939656346446982e-03 5.442625899280575368e+02 5.432406631212569437e+01
1.897400945427566432e+00 1.833350088909791505e-03 5.409871323529412166e+02 5.615347759546165918e+01
1.903772875545957088e+00 1.875180743362649160e-03 5.382640845070422984e+02 5.927577366875073750e+01
1.910018917854334752e+00 1.739883276586547947e-03 5.354366729678638421e+02 5.873621086969827587e+01
1.916236012056648175e+00 1.833205283437960029e-03 5.347771929824560857e+02 5.615319710480247295e+01
1.922638163561010805e+00 1.793373418488206777e-03 5.318142857142856883e+02 5.635525865943149171e+01
1.928888348891847349e+00 1.792288115248428593e-03 5.295593525179856442e+02 5.615034098436834853e+01
1.935240631371640818e+00 1.865766417879262265e-03 5.297543252595155536e+02 5.434155834003770025e+01
1.941608872090050619e+00 1.856644915843207438e-03 5.253057996485061949e+02 5.580580968711466738e+01
1.947917338414854704e+00 1.837601359788319485e-03 5.233099824868651240e+02 5.384071082369312933e+01
1.954236834815996637e+00 1.805754229573221887e-03 5.196293706293706691e+02 5.337581259832552405e+01
1.960488135501994522e+00 1.772905664188001006e-03 5.162672566371680887e+02 5.265612120169725330e+01
1.966755922696415082e+00 1.810201296061439468e-03 5.136987951807228683e+02 5.070416353291727063e+01
1.973091583736556354e+00 1.814240900008777741e-03 5.109862068965517210e+02 4.956161048881428854e+01
1.979420480567132490e+00 1.865397302840512408e-03 5.097232597623089987e+02 4.739075749296741691e+01
1.985762243830389018e+00 1.849873766110382307e-03 5.062576271186440522e+02 4.907004848320624291e+01
1.992143605840229093e+00 1.840662096304069391e-03 5.052211055276382012e+02 4.497775432232243986e+01
1.998372952698491245e+00 1.738412627792555948e-03 5.034024604569419807e+02 4.119571016569464916e+01
2.004614638405731508e+00 1.821010887715033720e-03 5.037284768211920323e+02 3.498744331699722920e+01
2.010981699228176822e+00 1.807963355431743604e-03 5.039309764309764432e+02 3.063244964735070752e+01
2.017216781415232862e+00 1.822968187424302972e-03 5.050843170320404738e+02 2.650288311865451618e+01
2.023555507756473748e+00 1.866836436713831520e-03 5.032032520325203109e+02 2.839296823367796563e+01
2.029945947492921121e+00 1.842053164818473936e-03 5.014276315789473415e+02 2.681491887080369096e+01
2.036236367431154548e+00 1.802040352124230577e-03 4.991917355371900840e+02 2.626297240776980146e+01
2.042538823796997693e+00 1.786279422623429517e-03 4.969113300492610961e+02 2.693585773845442688e+01
2.048720173306640469e+00 1.747373060808409071e-03 4.953542372881356073e+02 2.609221971977853727e+01
2.055017041239767028e+00 1.892889576395914968e-03 4.938982785602503895e+02 2.601445025146066925e+01
2.061465280497128294e+00 1.850343878148330047e-03 4.904647435897435912e+02 2.926245321967378388e+01
2.067778354784032935e+00 1.826644103880053095e-03 4.885410628019323553e+02 2.958959058711845813e+01
2.074107962816127415e+00 1.810449409964311413e-03 4.861634920634920718e+02 2.850765210025345908e+01
2.080392027050733006e+00 1.757304311173108879e-03 4.833843648208468835e+02 2.811645959414671836e+01
2.086560915145909245e+00 1.789004268885935290e-03 4.817552674230145726e+02 2.812595543194870373e+01
2.092907509218693285e+00 1.897916204239676529e-03 4.800091463414634063e+02 2.744523244473561263e+01
2.099341076602548206e+00 1.841856996552926774e-03 4.752171875000000227e+02 3.097357815857432684e+01
2.105598503643897335e+00 1.780460926307301031e-03 4.744696485623003355e+02 2.731283659902532435e+01
2.111872942412509335e+00 1.813036870717739954e-03 4.723117283950617207e+02 2.759057314053364607e+01
2.118179840511383194e+00 1.773074262998883873e-03 4.700472440944881782e+02 2.668122197679882390e+01
2.124489700938873238e+00 1.854176769044688739e-03 4.665871559633027346e+02 2.969032625088307142e+01
2.130866139955553962e+00 1.876679961187130126e-03 4.606701966717095047e+02 3.620100158825158587e+01
2.137196345481136905e+00 1.803165093871285981e-03 4.552275541795665390e+02 3.851558281181826260e+01
2.143477781291089013e+00 1.808033309626025679e-03 4.512717557251908147e+02 3.963576338728171322e+01
2.149749346762158453e+00 1.787076492040512573e-03 4.487726574500767924e+02 3.992837531235874593e+01
2.156014428448592479e+00 1.811767013668930289e-03 4.477442922374429486e+02 3.920971180498171549e+01
2.162388958755252943e+00 1.899773100682969557e-03 4.471386861313868621e+02 3.923180155549830772e+01
2.168776559916051561e+00 1.828625003914755194e-03 4.452627627627627476e+02 3.969312236246728531e+01
2.175079146577416189e+00 1.799027495536281414e-03 4.441268656716417809e+02 3.864075536334819816e+01
2.181358965593887422e+00 1.775037425494343461e-03 4.435301204819277245e+02 3.793409249024548302e+01
2.187625576602315824e+00 1.830837683859201127e-03 4.435813609467455763e+02 3.700999598119300771e+01
2.193923842198696850e+00 1.837507381709080519e-03 4.443303964757708968e+02 3.642926062448614744e+01
2.200310743338333541e+00 1.859271066102410235e-03 4.433385939741750121e+02 4.021437229993601647e+01
2.206637920896229677e+00 1.789161753318371274e-03 4.445807407407407368e+02 3.949298916442374008e+01
2.212855268310565560e+00 1.778695396750237757e-03 4.459293078055964656e+02 3.972798778413336862e+01
2.219155297956861617e+00 1.826812665150635666e-03 4.488892086330935172e+02 4.232830504033440633e+01
2.225534449623195243e+00 1.883537061579874895e-03 4.529026798307475588e+02 4.768241179241609018e+01
2.231816049321749151e+00 1.789850136339156059e-03 4.553054331864904611e+02 5.500302722052690285e+01
2.238124350048766420e+00 1.838516226422660244e-03 4.592667597765363325e+02 6.018499548114035491e+01
2.244461256680506001e+00 1.769483755913013904e-03 4.654052098408104143e+02 6.822597960445547471e+01
2.250672411056880762e+00 1.815340560525242463e-03 4.740961262553802271e+02 7.937579883050982232e+01
2.256976265699253581e+00 1.875232856265233962e-03 4.772596685082872909e+02 8.697945748765407359e+01
2.263404067221236105e+00 1.844596500685106652e-03 4.771322314049587021e+02 9.242488155280652506e+01
2.269740131332425914e+00 1.784620609829179342e-03 4.765714285714285552e+02 9.462508252934631514e+01
2.275928662030326066e+00 1.770462641505800294e-03 4.744871794871795032e+02 9.617703784892944441e+01
2.282234771450446509e+00 1.859120215862977580e-03 4.751490514905149212e+02 9.975517967403411035e+01
2.288651494096741512e+00 1.861574731480084791e-03 4.683514246947082711e+02 1.013381722045791804e+02
2.294929189507614264e+00 1.787386468760323059e-03 4.645730337078651928e+02 1.023297899945970784e+02
2.301123790424945526e+00 1.773889529887621910e-03 4.597805555555555657e+02 9.901552283139281485e+01
2.307427473574251042e+00 1.823767960867003161e-03 4.472070365358592881e+02 8.680546532221281097e+01
2.313824548022820782e+00 1.807223345639351721e-03 4.390713224368499255e+02 8.678553477298385133e+01
2.320154992066300714e+00 1.861695907969135875e-03 4.307189349112426271e+02 8.715183747912737999e+01
2.326479049872378635e+00 1.797363522119922990e-03 4.244437596302003044e+02 8.472499372901917525e+01
2.332811122143054305e+00 1.834923033436536115e-03 4.178617021276595551e+02 8.328887617516764408e+01
2.339146829363451641e+00 1.809933127175767861e-03 4.120675039246467577e+02 8.252906024347173286e+01
2.345346999874724947e+00 1.788822558822959720e-03 4.036463022508038421e+02 8.217131575625909079e+01
2.351591514044208964e+00 1.821961582186779451e-03 3.980283464566929297e+02 7.846619732730931673e+01
2.357940827546205931e+00 1.821480796874143165e-03 3.902658227848101546e+02 7.538770683029977704e+01
2.364269371024037891e+00 1.822839816105960298e-03 3.830721153846153584e+02 6.992043127593407803e+01
2.370575565839220911e+00 1.828742917233826173e-03 3.733745980707395233e+02 6.609616268939524275e+01
2.376891771469677561e+00 1.815523241845057745e-03 3.650048543689320582e+02 6.011620341549071611e+01
2.383240749019818416e+00 1.833462819707767054e-03 3.584405144694533760e+02 5.529333846874353497e+01
2.389601619010945921e+00 1.828185711102788165e-03 3.537833876221498599e+02 5.102892412763939944e+01
2.395961259100775731e+00 1.812604844355751544e-03 3.468616852146263909e+02 4.798446072494109416e+01
2.402160007896914973e+00 1.807533258736503850e-03 3.480880597014925115e+02 4.868157107156660857e+01
2.408453972146052724e+00 1.793232887210479852e-03 3.496959064327485294e+02 4.840615271360462657e+01
2.414771780432101167e+00 1.830638750947721858e-03 3.496743185078909733e+02 4.680379303535265478e+01
2.421058800843912895e+00 1.849123668637423033e-03 3.494073550212164037e+02 4.592589949962815155e+01
2.427397847212681370e+00 1.833909450969152099e-03 3.468916666666666515e+02 4.329511843259690096e+01
2.433701938443864954e+00 1.777285794113256248e-03 3.457496483825597693e+02 4.190890239488994951e+01
2.440001432560962691e+00 1.835928632076300280e-03 3.466155950752394119e+02 3.978866191146433096e+01
2.446276920633820851e+00 1.825543246774167941e-03 3.462090784044016232e+02 3.953078352579920107e+01
2.452612917458465880e+00 1.850886418197054181e-03 3.460901856763925935e+02 3.813357713336522181e+01
2.458937188373468086e+00 1.764090576915684772e-03 3.463301369863013974e+02 3.557415113444044152e+01
2.465235494564519847e+00 1.842465198645606636e-03 3.483791281373843844e+02 3.504857111669374348e+01
2.471581205305689810e+00 1.856761058240425245e-03 3.506447368421052602e+02 3.590419861982517347e+01
2.477865992864338285e+00 1.798850075022648308e-03 3.527350199733688214e+02 3.729996812103809134e+01
2.484122936716935737e+00 1.780971833254360159e-03 3.566301188903566981e+02 3.788310364992349122e+01
2.490467721662181333e+00 1.849468727863495983e-03 3.625427841634738115e+02 4.124308618114615399e+01
2.496849546734450254e+00 1.852734310658727887e-03 3.653154533844189018e+02 4.673730830744945308e+01
2.503105859710241798e+00 1.772860352036017325e-03 3.671675461741425011e+02 4.997515067447773163e+01
2.509322203788900918e+00 1.804578376445024500e-03 3.690717948717948502e+02 5.335052268604706427e+01
2.515643032193938478e+00 1.830400595634155535e-03 3.734571788413098261e+02 5.705457749093692144e+01
2.522012436559997628e+00 1.844427975373299751e-03 3.707580645161290249e+02 5.986841009125795665e+01
2.528376527697731913e+00 1.805263014170996501e-03 3.697927135678392006e+02 6.185613669068582254e+01
2.534662305746367750e+00 1.817191430107880853e-03 3.701838790931989820e+02 6.481758299181724681e+01
2.540923642722284104e+00 1.847774197163838152e-03 3.700655940594059530e+02 6.725807019475738002e+01
2.547222087144660030e+00 1.810867478977307979e-03 3.651336633663366342e+02 6.786520837255456229e+01
2.553540685742163419e+00 1.807658101810726481e-03 3.614381884944920671e+02 6.679930817358335560e+01
2.559925401613222018e+00 1.856915584780679824e-03 3.608730538922155802e+02 6.869004771297031198e+01
2.566280305514876403e+00 1.838802799104265022e-03 3.549273607748183963e+02 7.111846483129660612e+01
2.572544852388987113e+00 1.785952156998167010e-03 3.490392638036809672e+02 7.007039215120335029e+01
2.578799894204640619e+00 1.806472379669163885e-03 3.454377267230955226e+02 6.954026767187056635e+01
2.585123793491197919e+00 1.855120447360665906e-03 3.434359576968272449e+02 7.124203376128718901e+01
2.591472256141813091e+00 1.805120360344933915e-03 3.366889153754469817e+02 7.166769174683851418e+01
2.597744265483155957e+00 1.788819714346394623e-03 3.333081534772182408e+02 7.102702488940448688e+01
2.604038454996993934e+00 1.850630787333012181e-03 3.332762237762237874e+02 7.311271761403783387e+01
2.610374414453144443e+00 1.837105816396599096e-03 3.258754365541327047e+02 7.360218991234374641e+01
2.616634120485421100e+00 1.761050173804210722e-03 3.206789976133651408e+02 7.213327403892542122e+01
2.622940397920966227e+00 1.848634675493098997e-03 3.171717861205916051e+02 7.052338248248753416e+01
2.629323187355575353e+00 1.839581463337864892e-03 3.108892694063927138e+02 6.908836533167504967e+01
2.635681273538560632e+00 1.815290224604702678e-03 3.032268041237113607e+02 6.645587223755397588e+01
2.641934789831782204e+00 1.778405014700361417e-03 2.986161971830985635e+02 6.332506227814214128e+01
2.648176773767660031e+00 1.853093332118325998e-03 2.955186020293122624e+02 6.117473597868234947e+01
2.654514065851063087e+00 1.823524830511773481e-03 2.877050847457626901e+02 5.862913924484478656e+01
2.660817448321032508e+00 1.798052776896779401e-03 2.832070534698520987e+02 5.618111783779256285e+01
2.667123571907564994e+00 1.844852426740933296e-03 2.817066666666666492e+02 5.399317103596080614e+01
2.673472329675100401e+00 1.839448802019330543e-03 2.755725359911406258e+02 5.340155421635843425e+01
2.679761377760365715e+00 1.786299887381436651e-03 2.719660633484162986e+02 5.074747779172374607e+01
2.686129035698236578e+00 1.877272974428747035e-03 2.629851537645811277e+02 5.920921778881010056e+01
2.692300573720700196e+00 1.798376592015874225e-03 2.633019079685746533e+02 4.677312398770791901e+01
2.698561328278970439e+00 1.798779619418457414e-03 2.633717217787913114e+02 3.819872705320985062e+01
2.704947056964875252e+00 1.860594623228957294e-03 2.596775280898876304e+02 3.540754899655856747e+01
2.711339925705444909e+00 1.826229981736538378e-03 2.567824074074073906e+02 3.520541366921244730e+01
2.717643416720191052e+00 1.774618570520191145e-03 2.535668257756563264e+02 3.517218682754753445e+01
2.723934694222051256e+00 1.823763048442502126e-03 2.473648170011806258e+02 3.736415199131739229e+01
2.730274673678132036e+00 1.841398355898408350e-03 2.442609208972845352e+02 3.830126026210371037e+01
2.736591263199737778e+00 1.788312012670147501e-03 2.406487804878048848e+02 3.978493245795593936e+01
2.742885231028380222e+00 1.844652457607765493e-03 2.331630695443645038e+02 4.312250389831098119e+01
2.749161241756704843e+00 1.804773587711254630e-03 2.302506142506142623e+02 4.300641523065544902e+01
2.755398232824302962e+00 1.776157869081165970e-03 2.272490706319702554e+02 4.348322449785219845e+01
2.761751565609168679e+00 1.857903093933079139e-03 2.205089605734767133e+02 4.657337951574536561e+01
2.768124311574730267e+00 1.813883183384283311e-03 2.172723926380368198e+02 4.696228484459132346e+01
2.774423663616722546e+00 1.776295681999270643e-03 2.147690387016229749e+02 4.692077740519375340e+01
2.780754869867226198e+00 1.842436817654598789e-03 2.084872107186358221e+02 5.067557728010066853e+01
2.787077464795406190e+00 1.805278297034774168e-03 2.070825000000000102e+02 5.006455379682316931e+01
2.793346642012575654e+00 1.793644434711254678e-03 2.048411097099621827e+02 5.034271976871562515e+01
2.799634253246212179e+00 1.838111547031318375e-03 1.982593052109181144e+02 5.289791967882626267e+01
2.805924842988945844e+00 1.808245895551135627e-03 1.987171717171717091e+02 5.190788465580011035e+01
2.812167973206011862e+00 1.789098639402584082e-03 1.963465473145780038e+02 5.192848013259348505e+01
2.818496662748549042e+00 1.874446068014908040e-03 1.895183374083129593e+02 5.421984749329292441e+01
2.824858807967614460e+00 1.791571154666717633e-03 1.905872611464968145e+02 5.294673275464563744e+01
2.831150482550185643e+00 1.815112775054883139e-03 1.864860759493670912e+02 5.397160332721850295e+01
2.837475400148095517e+00 1.850316795954077458e-03 1.839476961394769603e+02 5.442549205539604884e+01
2.843805018276897911e+00 1.786824753329564535e-03 1.839088575096277225e+02 5.407379113753248134e+01
2.850131561922547352e+00 1.845583173970813699e-03 1.790324594257178603e+02 5.467502663438862953e+01
2.856484494638581229e+00 1.841115527677602507e-03 1.787708592777085812e+02 5.396621110868925086e+01
2.862782859862781137e+00 1.780809355167121575e-03 1.790127551020408134e+02 5.391095839631573483e+01
2.869068523143336158e+00 1.847699945098150954e-03 1.739496932515337448e+02 5.540497737509181064e+01
2.875378514069953706e+00 1.802909528894259443e-03 1.746254681647940004e+02 5.489067861803193438e+01
2.881671995666307051e+00 1.819305449905813353e-03 1.731987577639751521e+02 5.596815196324404695e+01
2.887980092673573917e+00 1.848812746508326317e-03 1.700980392156862706e+02 5.653966002300607130e+01
2.894292086458025270e+00 1.795011172749967111e-03 1.702185929648241256e+02 5.577172361552572255e+01
2.900588101801901963e+00 1.834444505730529681e-03 1.663312731767614423e+02 5.644165796726473872e+01
2.906894294921833044e+00 1.834235081131648307e-03 1.651338289962825172e+02 5.665658500919231955e+01
2.913143215321425394e+00 1.775388414920497622e-03 1.645083226632522440e+02 5.678458186695179677e+01
2.919469846096636179e+00 1.902110692867622259e-03 1.599736211031174946e+02 5.787580137876504693e+01
2.925831071463227850e+00 1.799019204260941503e-03 1.609619289340101602e+02 5.710618637752801874e+01
2.932125236913744715e+00 1.849572311535908030e-03 1.573399258343634131e+02 5.741939973915327755e+01
2.938426190430696305e+00 1.829943172517629413e-03 1.561235955056179705e+02 5.786135315833806914e+01
2.944698497868602605e+00 1.792371922793937686e-03 1.563692893401015169e+02 5.804055017470932398e+01
2.951032364443879619e+00 1.872648010744969562e-03 1.523106796116504995e+02 5.852261591610433555e+01
2.957349976869245278e+00 1.772646084934545842e-03 1.538938618925831179e+02 5.832592177930271760e+01
2.963641534615172990e+00 1.843499637433317897e-03 1.507617283950617377e+02 5.920977329349825879e+01
2.969974563050315375e+00 1.835483252247156055e-03 1.509788819875776369e+02 5.960367677886969773e+01
2.976261971728969780e+00 1.784595762971840369e-03 1.514400510204081627e+02 6.018848606805554624e+01
2.982555079221103078e+00 1.856376802478345786e-03 1.479853121175030708e+02 6.098485685040418502e+01
2.988860230475899549e+00 1.767956570045068222e-03 1.494673495518565858e+02 6.075331498269738262e+01
2.995178874680174186e+00 1.856934622757372335e-03 1.464400977995109940e+02 6.134048632593061967e+01
3.001496400543723020e+00 1.797819739674591305e-03 1.481267427122940319e+02 6.097078454805156866e+01
3.007822553902104179e+00 1.849516356328991537e-03 1.450940594059405839e+02 6.075182784139087744e+01
3.014155913686516808e+00 1.844070628166239031e-03 1.439192546583850856e+02 6.106564709934244917e+01
3.020427983220980828e+00 1.780401570183770890e-03 1.444141025641025635e+02 6.150034040946405156e+01
3.026726854870708916e+00 1.864734463497724846e-03 1.629633251833740815e+02 3.334923668644040049e+02
3.033042693621903041e+00 1.790509691971886499e-03 2.902627551020408418e+02 1.873918968003109967e+03
3.039417687211595442e+00 1.892848977299335135e-03 3.184396135265700423e+02 2.467462366378280876e+03
3.045771113053035606e+00 1.809002971513908259e-03 1.827693282636248284e+02 7.551441068013751874e+02
3.052089874155329063e+00 1.844438578281415919e-03 1.368089330024813819e+02 7.122896175938087993e+01
3.058386304167925118e+00 1.824217551217444024e-03 1.329624060150376010e+02 5.921417134820195116e+01
3.064635661305841197e+00 1.781811879387494579e-03 1.316166666666666742e+02 5.855770767546427891e+01
3.070942258104439215e+00 1.879278577764203085e-03 1.289454545454545382e+02 5.836343283264805848e+01
3.077306102136554866e+00 1.789896323379901438e-03 1.282642947903430866e+02 5.849392382543725688e+01
3.083610248093582751e+00 1.842323938384468965e-03 1.255387453874538721e+02 5.783987278232564222e+01
3.089899276602742884e+00 1.781295098450355954e-03 1.257859872611465022e+02 5.748242414125891031e+01
3.096219282790054539e+00 1.849962857272845727e-03 1.215232843137254832e+02 5.677899493463400660e+01
3.102516781183005889e+00 1.793151767743564459e-03 1.228136882129277581e+02 5.678032766239831375e+01
3.108846425703184035e+00 1.844538984569745127e-03 1.210664206642066461e+02 5.611768822738710583e+01
3.115155056293756886e+00 1.812510444856532069e-03 1.203663739021329917e+02 5.575559888494983340e+01
3.121484332076036150e+00 1.832521331068808152e-03 1.193684863523573227e+02 5.570997799040974030e+01
3.127777573742708483e+00 1.818133687887086257e-03 1.195710723192019884e+02 5.576431097924716340e+01
3.134074710556275623e+00 1.800750836428910992e-03 1.216330390920554834e+02 5.589536982151638256e+01
3.140350968701055567e+00 1.840082388152106639e-03 1.200295566502463060e+02 5.533867201995656870e+01
3.146669598331559570e+00 1.795769837056059460e-03 1.209810606060606091e+02 5.461943285744376197e+01
3.152959210157879166e+00 1.842768641532451131e-03 1.206122699386503001e+02 5.362331799321921721e+01
3.159264892205651432e+00 1.791857333635609589e-03 1.226189873417721543e+02 5.373329512776612660e+01
3.165581888857809112e+00 1.858342078644047027e-03 1.200958737864077648e+02 5.248489752546045395e+01
3.171905560319084216e+00 1.782720971754531017e-03 1.228111533586818780e+02 5.283923141407977653e+01
3.178180461481988406e+00 1.828434529921516482e-03 1.209361179361179381e+02 5.225431120606144475e+01
3.184506679420991304e+00 1.810619157308176325e-03 1.226264009962640102e+02 5.284815234566890751e+01
3.190846230582273346e+00 1.831490456789015321e-03 1.209682151589242096e+02 5.168245319237484381e+01
3.197132365687451294e+00 1.780884113596707067e-03 1.232835443037974699e+02 5.220812499961095199e+01
3.203454230992797136e+00 1.862619862555806765e-03 1.215802171290711726e+02 5.151227494664335183e+01
3.209790152929830498e+00 1.796864404628749357e-03 1.235962264150943355e+02 5.243460119422152843e+01
3.216105270782768422e+00 1.849581865447865814e-03 1.211504854368932058e+02 5.190018531556867032e+01
3.222383723154825574e+00 1.773184836801974633e-03 1.220926395939086291e+02 5.244030120328172018e+01
3.228652903688512765e+00 1.829814433570467642e-03 1.185310596833130319e+02 5.217782053897064287e+01
3.234977992221026444e+00 1.801123950508762587e-03 1.191430348258706431e+02 5.290009468280813110e+01
3.241301441286830176e+00 1.830570155328411054e-03 1.160583232077764251e+02 5.215663923968966742e+01
3.247581817024004280e+00 1.774748969754167847e-03 1.164955752212389370e+02 5.248784375653557532e+01
3.253885986942128827e+00 1.868811343678552150e-03 1.150431137724550865e+02 5.291359458813093397e+01
3.260235987169183947e+00 1.804603356501592029e-03 1.144487500000000040e+02 5.250364686738436149e+01
3.266546856392692710e+00 1.857627301288636550e-03 1.105336538461538396e+02 5.127266843124399998e+01
3.272886904023045052e+00 1.792569475559808913e-03 1.102574999999999932e+02 5.131416973531774062e+01
3.279153478698136670e+00 1.837211362056317054e-03 1.065733333333333377e+02 4.997801197334768375e+01
3.285516195699416553e+00 1.819318898053023329e-03 1.047800982800982865e+02 4.906579869507149283e+01
3.291677990232397821e+00 1.824817096246810931e-03 1.059698558322411515e+02 4.953667739159194383e+01
3.298068987764390059e+00 1.863784166448585874e-03 1.047054794520547887e+02 4.857168665596235968e+01
3.304430978840338096e+00 1.814787339162488022e-03 1.030392441860465169e+02 4.778271099909679265e+01
3.310737564052387061e+00 1.817945227602999880e-03 1.017187500000000000e+02 4.703585199364265179e+01
3.317033906120231190e+00 1.800198345421728579e-03 9.996610169491525255e+01 4.627364211186919363e+01
3.323313479518194669e+00 1.810036704891648416e-03 9.908307210031347267e+01 4.584972182018870512e+01
3.329645772824664451e+00 1.853775369266378323e-03 9.985803432137285540e+01 4.678506533905186870e+01
3.335990548707715053e+00 1.826590486813650920e-03 9.680898876404494047e+01 4.605578093689611308e+01
3.342268739174953929e+00 1.807641793864574143e-03 9.520391517128874170e+01 4.507479219638993584e+01
3.348554594221377023e+00 1.807536448754866812e-03 9.328125000000000000e+01 4.399432131978124261e+01
3.354810866618635590e+00 1.798386852034845364e-03 9.078224455611390908e+01 4.255292249413717087e+01
3.361143554435736203e+00 1.860575678898459748e-03 9.159672131147540597e+01 4.339442417464567114e+01
3.367505271257411170e+00 1.829077091643749146e-03 8.945608108108108070e+01 4.299627408019252783e+01
3.373804785089639324e+00 1.803149868685275390e-03 8.797746967071057611e+01 4.247190292721657556e+01
3.380079784639911100e+00 1.805631642174917659e-03 8.568014059753954825e+01 4.131480297717507000e+01
3.386416571036835244e+00 1.843579116849991192e-03 8.543133802816900868e+01 4.100478230270374524e+01
3.392732849186819166e+00 1.821713749179523084e-03 8.468784029038113204e+01 4.062338638694561155e+01
3.399077842768783331e+00 1.840157085703132342e-03 8.140942028985507761e+01 3.891054587766399209e+01
3.405368445234043140e+00 1.771416845865005909e-03 8.013931297709923740e+01 3.823623260355380182e+01
3.411642977450664915e+00 1.840004348347408980e-03 8.035902255639098257e+01 3.845226475614247619e+01
3.417946432239648225e+00 1.816648589106147462e-03 7.999611650485437053e+01 3.748713665073530166e+01
3.424268333461439884e+00 1.838339958730071926e-03 7.829593810444873725e+01 3.571318199620755252e+01
3.430601598134079389e+00 1.799761940178920376e-03 7.769539078156311973e+01 3.529393876867205648e+01
3.436922606236269218e+00 1.844213366763177700e-03 7.867199999999999704e+01 3.568940683171968686e+01
3.443269856433799347e+00 1.834668830692703879e-03 7.744989775051124070e+01 3.456851979952480747e+01
3.449516618902171317e+00 1.769622948488585408e-03 7.557905982905982967e+01 3.324570706321054558e+01
3.455771942280530862e+00 1.817195070858158281e-03 7.383932346723044304e+01 3.135662791130828708e+01
3.462154010515302804e+00 1.866018191136946868e-03 7.724050632911392711e+01 3.374419227369713070e+01
3.468478914699885340e+00 1.799468636805881495e-03 7.388248337028824153e+01 2.996201046624860709e+01
3.474737530089159865e+00 1.798535080277152308e-03 7.261883408071749102e+01 2.808722083976624972e+01
3.481027808853469629e+00 1.828779808500339806e-03 7.456787330316741702e+01 3.084727492508274338e+01
3.487370903609774420e+00 1.855504762412056021e-03 7.186651583710407465e+01 2.771040409958869688e+01
3.493710577164840458e+00 1.791815171782784382e-03 6.987470449172576537e+01 2.507323712564363660e+01
3.499981309375833849e+00 1.817721919481020843e-03 7.033174224343675007e+01 2.594722105732378736e+01
3.506294281862427642e+00 1.840208171226962808e-03 6.952278177458033781e+01 2.418759399959010992e+01
3.512643170548069183e+00 1.819719049123772565e-03 6.725798525798525418e+01 2.036202863555612552e+01
3.518887929185086527e+00 1.780316295825717758e-03 6.616923076923076508e+01 1.821122505348604648e+01
3.525201780775713889e+00 1.871585280235478531e-03 6.608684863523572517e+01 1.726152990772660090e+01
3.531587235286628879e+00 1.812415240060859375e-03 6.367447916666666430e+01 1.077975344383608025e+01
3.537791204901774123e+00 1.765649031450039182e-03 6.308174386920980936e+01 8.112732521078443781e+00
3.544104483213670331e+00 1.881636984785636617e-03 6.307812500000000000e+01 6.767864934248406072e+00
3.550526160049383151e+00 1.823753900979235669e-03 6.200000000000000000e+01 4.764394353106443880e+00
3.556826252644191833e+00 1.805941154371571225e-03 6.100563380281690229e+01 4.135383002919696516e+00
3.563110991539715666e+00 1.831382697511484874e-03 6.035795454545454675e+01 3.729205863022535095e+00
3.569418747584309326e+00 1.819035597463529485e-03 5.977325581395349019e+01 3.174245565604931318e+00
3.575721219182565580e+00 1.815191134896390569e-03 5.959643916913946526e+01 3.134337523259025371e+00
3.582041784633743120e+00 1.836067019019354488e-03 5.899699699699699806e+01 3.440613288613495246e+00
3.588351193306853926e+00 1.816205673054769026e-03 5.832817337461300156e+01 3.287814915953365169e+00
3.594644124218077774e+00 1.816162507538995278e-03 5.705362776025236826e+01 2.647027948185110890e+00
3.600965899690116157e+00 1.832434222657099978e-03 5.626198083067092881e+01 2.361011556045766735e+00
3.607301933810233674e+00 1.823864462282996299e-03 5.584918032786885078e+01 2.435335150739150745e+00
3.613589615564896995e+00 1.801875725405921403e-03 5.529491525423728859e+01 1.952518832249805714e+00
3.619872304563952703e+00 1.819848024125704684e-03 5.482817869415807621e+01 2.495519774796192358e+00
3.626184481674183946e+00 1.827760715362539709e-03 5.395087719298245332e+01 2.451825784354107807e+00
3.632455309189269510e+00 1.797655079431180383e-03 5.297080291970802790e+01 2.177135017453898591e+00
3.638754857574894697e+00 1.841922947680418475e-03 5.229562043795620241e+01 2.085184412159633460e+00
3.645110863435991444e+00 1.833895812584415653e-03 5.146992481203007230e+01 2.029601727022285029e+00
3.651399341121458253e+00 1.797724079201825547e-03 5.095686274509803582e+01 2.102736175391179074e+00
3.657684783062496781e+00 1.823089633617003442e-03 5.027777777777777857e+01 2.311834059697345900e+00
3.663989311092172851e+00 1.817352227903809700e-03 4.984016393442622928e+01 2.278378915161717977e+00
3.670338462676961733e+00 1.852037082036360515e-03 4.959917355371900527e+01 2.519116177380948507e+00
3.676667454351053799e+00 1.802731285318214709e-03 4.877292576419213788e+01 2.392642530195872919e+00
3.682957402673964431e+00 1.831301914300888494e-03 4.857079646017699304e+01 2.179894100189582407e+00
3.689264510226057059e+00 1.810576500315507495e-03 4.794009216589861921e+01 2.249589097474764987e+00
3.695607159299667099e+00 1.851070780809128090e-03 4.715813953488372334e+01 2.500029204805076954e+00
3.701906411334345837e+00 1.786914693256676148e-03 4.669651741293532154e+01 2.271589707454866769e+00
3.708163258087520564e+00 1.825159420261267002e-03 4.622110552763819413e+01 2.167012233852434022e+00
3.714507337749332283e+00 1.833043865117713490e-03 4.583937823834197189e+01 2.380686651096602713e+00
3.720870273368275249e+00 1.842023606415223082e-03 4.541711229946523787e+01 2.657732491116788331e+00
3.727157013165883104e+00 1.785929560704693081e-03 4.471428571428571530e+01 2.138662561279924379e+00
3.733414267292576749e+00 1.823616893326991065e-03 4.409302325581395365e+01 2.060995259637629751e+00
3.739747614563589284e+00 1.832601406324968355e-03 4.327710843373493788e+01 2.030683487053048353e+00
3.746091684029914770e+00 1.828992002129592063e-03 4.300000000000000000e+01 2.230435555512778834e+00
3.752406222021260618e+00 1.812401454337024109e-03 4.270860927152317998e+01 2.180417690737963543e+00
3.758712131096641595e+00 1.823143945980814458e-03 4.284137931034482705e+01 2.559893725499199579e+00
3.765000355804634324e+00 1.809969724265664184e-03 4.280291970802919366e+01 2.577955042878145697e+00
3.771324791207556704e+00 1.846593531196991230e-03 4.257142857142856940e+01 2.404792922701270985e+00
3.777640884128447674e+00 1.800430178895984180e-03 4.253658536585366079e+01 2.192229349796653182e+00
3.783890033752419058e+00 1.812352582976840126e-03 4.228205128205128460e+01 1.930356592039517372e+00
3.790205950757557840e+00 1.839564216382759279e-03 4.182142857142856940e+01 1.946264737534806111e+00
3.796547481197723339e+00 1.823144808823023381e-03 4.150961538461538680e+01 2.234992686272664120e+00
3.802839460639445335e+00 1.822115437231795494e-03 4.091752577319587658e+01 2.302526026490829825e+00
3.809162628389719529e+00 1.835235423465040759e-03 4.100000000000000000e+01 2.582698137671081362e+00
3.815477698903783743e+00 1.813833779597889004e-03 4.081927710843373802e+01 2.273759250522493947e+00
3.821777178949230969e+00 1.830898415393102585e-03 4.059740259740259916e+01 1.997130679141930321e+00
3.828076951026545771e+00 1.795694771849016581e-03 4.152173913043478137e+01 2.182735720075267505e+00
3.834316772867639944e+00 1.791896653628349866e-03 4.167741935483871174e+01 2.413756964713605679e+00
3.840583618544390898e+00 1.820001018717854217e-03 4.121428571428571530e+01 2.190249729494565756e+00
3.846911872181034475e+00 1.824281646184678762e-03 3.938775510204081343e+01 2.065362586950978852e+00
3.853313008086272973e+00 1.880829953221405115e-03 3.913953488372092693e+01 2.431873263897680992e+00
3.859656947796285653e+00 1.787945514535103963e-03 3.991176470588235503e+01 1.945183031033700605e+00
3.865825284683709118e+00 1.773175751446867720e-03 4.022222222222222143e+01 2.235147595498460316e+00
3.872064552013789740e+00 1.858490478498285668e-03 4.004761904761905100e+01 3.047247001100220398e+00
3.878243048288448236e+00 1.738115315901965106e-03 4.092307692307691980e+01 3.593221758192819415e+00
3.884441558101385361e+00 1.990091083924331716e-03 4.357142857142856940e+01 3.191186843384096417e+00
