# q qerr I(q) I(q)err
6.111313073595031620e-02 3.154100855865873791e-03 4.225000000000000000e+02 1.576210459699245519e+02
6.800242608866982619e-02 2.110752812487300123e-03 9.335000000000000000e+02 3.650801281910589182e+02
7.478812129850326285e-02 1.894856213165734514e-03 1.076111111111111086e+03 5.119751513067363362e+02
8.081736842982174818e-02 1.577734731020807597e-03 1.040000000000000000e+03 4.703686497489673002e+02
8.706192866790804508e-02 2.018057842609979804e-03 1.078076923076923094e+03 3.888674878116233913e+02
9.311361532868518698e-02 1.734318039620741251e-03 9.611666666666666288e+02 3.205912289990340582e+02
9.924832822165428892e-02 1.939409616079583844e-03 8.731250000000000000e+02 2.987589826055444178e+02
1.056867454532435108e-01 2.068262530006435406e-03 7.965833333333333712e+02 2.886172795031124565e+02
1.120935416356093062e-01 1.699923986068800717e-03 6.792692307692307168e+02 2.456182454240871209e+02
1.177168722532570266e-01 1.903764278506084144e-03 6.921562500000000000e+02 2.499992734364442128e+02
1.242406998858587575e-01 2.007415885574503726e-03 7.060000000000000000e+02 1.931008248854172109e+02
1.307844605212421796e-01 1.948859987027574741e-03 7.278928571428571104e+02 1.704245299484885265e+02
1.372938405551752672e-01 1.976444694498947011e-03 7.131612903225806122e+02 1.610715484015550771e+02
1.433626874055373979e-01 1.479129257371093872e-03 6.593600000000000136e+02 1.453518654851047813e+02
1.497414395840910573e-01 2.132896554945924294e-03 6.461081081081081265e+02 1.197350313023060266e+02
1.562016171858009728e-01 1.470810848565314282e-03 6.102222222222221717e+02 1.135698331243150534e+02
1.620883487451751925e-01 1.817360580555445800e-03 6.072424242424242493e+02 1.088615054303156171e+02
1.684939590642719198e-01 1.975568076388520972e-03 5.941081081081081265e+02 1.098081466573202931e+02
1.749358117034872373e-01 1.810730169671130639e-03 5.904857142857142662e+02 1.063024295611922980e+02
1.813634234827302405e-01 1.982290824745188643e-03 5.977073170731707705e+02 1.066766478574217842e+02
1.877608813777307539e-01 1.710969833005861022e-03 5.922162162162162531e+02 1.135113384605002125e+02
1.936838392192468117e-01 1.708352888559126238e-03 5.879736842105263577e+02 1.100775979131397406e+02
1.998200724089964908e-01 1.901042836663710675e-03 5.880930232558139323e+02 1.061659211438915094e+02
2.064988844748374130e-01 2.083185659227047067e-03 5.765416666666666288e+02 1.258925185039912549e+02
2.131062600015138364e-01 1.923054290541973939e-03 5.936170212765957785e+02 1.077059356909787908e+02
2.193208008558340527e-01 1.649587748772136844e-03 5.930232558139534831e+02 1.102901037117301115e+02
2.255197753110727010e-01 1.943898002345461392e-03 6.014509803921569073e+02 1.045021885905888155e+02
2.319084130262620835e-01 1.853433278599466881e-03 6.043400000000000318e+02 1.034297404038122750e+02
2.380456302514551703e-01 1.717913041466973250e-03 6.079791666666666288e+02 1.036929520199473842e+02
2.441826744061198484e-01 1.910984005326162374e-03 6.116727272727272293e+02 9.789602850317378113e+01
2.508567628905887248e-01 1.865639566994751813e-03 5.646935483870968255e+02 1.483361413211910076e+02
2.571616352083493928e-01 2.042758540577210586e-03 5.495853658536585726e+02 1.463682079220190246e+02
2.636090936505812721e-01 1.759536909171210452e-03 5.578571428571428896e+02 1.273884174694871518e+02
2.696276322290375727e-01 1.767913466712890637e-03 5.681499999999999773e+02 1.163709773740858537e+02
2.756934411426098519e-01 1.847457432374286813e-03 5.803571428571428896e+02 1.064658252153032976e+02
2.820483295007140123e-01 1.942127748479487680e-03 5.841797752808988662e+02 1.043413425647335799e+02
2.885873542857223528e-01 1.999902870285049771e-03 5.909368421052631675e+02 1.023031901490928135e+02
2.950059364807982032e-01 1.753155416080761590e-03 5.928372093023256184e+02 1.005183402297945179e+02
3.012776628394395750e-01 1.916275679195857595e-03 6.007473684210526699e+02 9.786223852197463202e+01
3.076468654533095481e-01 1.858480647863890167e-03 6.040752688172043463e+02 9.581616293418949226e+01
3.139397285054469910e-01 1.849733180513128640e-03 6.114574468085106673e+02 9.395884042483271514e+01
3.202097007249891103e-01 1.889977811219999311e-03 6.144591836734693970e+02 9.218220621152521232e+01
3.264390569218261762e-01 1.757358001834326191e-03 6.198602150537634543e+02 9.097116658949283874e+01
3.326951465344144543e-01 1.930481388006281569e-03 6.323846153846153584e+02 8.860896160616643158e+01
3.390239669727912464e-01 1.785238221274862988e-03 6.335000000000000000e+02 8.940004109025217360e+01
3.452290355408559885e-01 1.822729964848564038e-03 6.423431372549019898e+02 8.987078596482083981e+01
3.515217579766085620e-01 1.894166946962649433e-03 6.507619047619048160e+02 8.758602897526139941e+01
3.581115149106128270e-01 1.984833837990382030e-03 6.640973451327433850e+02 8.765863125314068327e+01
3.646365217867122976e-01 1.807385512883236643e-03 6.781495327102803685e+02 8.913560796653591467e+01
3.707522342694583029e-01 1.646676631311451595e-03 6.871699999999999591e+02 9.216665774562946467e+01
3.768404479121448269e-01 1.835047814059704218e-03 7.072342342342342363e+02 9.108124994414978914e+01
3.831651369708888866e-01 1.834489868729198949e-03 7.222882882882882996e+02 9.401404260947053615e+01
3.894643253735652899e-01 1.853753096359237081e-03 7.466283185840708256e+02 9.975975644610838344e+01
3.958807651630259494e-01 1.912159574900255954e-03 7.988583333333333485e+02 1.279743935975735241e+02
4.022473572087105209e-01 1.746533598099251966e-03 9.490000000000000000e+02 2.438115318500399837e+02
4.083991683103055381e-01 1.862831917861469243e-03 1.389722689075630342e+03 6.040699606891265603e+02
4.147868792651558945e-01 1.850918924272050396e-03 2.433008264462810075e+03 1.287579483224175192e+03
4.211381020132339281e-01 1.813003092898375071e-03 3.921033057851239846e+03 1.855111626814061538e+03
4.273404438934948479e-01 1.765577699919095717e-03 5.240563025210083651e+03 2.032442757295638103e+03
4.337195733954657406e-01 1.911235613422362228e-03 5.663646153846153538e+03 1.723614028204937540e+03
4.400834723796714920e-01 1.795304431444431784e-03 4.926572580645160997e+03 1.192029737259488911e+03
4.463380503116383125e-01 1.781136916513354146e-03 3.477333333333333485e+03 7.499299402903683358e+02
4.525475293404462862e-01 1.782735370135076804e-03 2.095779527559055168e+03 4.735387769527924320e+02
4.588781844142776345e-01 1.863542184770878652e-03 1.235507462686567123e+03 2.232561777320447902e+02
4.652813857520213814e-01 1.809454061223974295e-03 8.779022556390976888e+02 8.440413129872756315e+01
4.715886271752884884e-01 1.786725641485754782e-03 7.600597014925373287e+02 5.967959113200446808e+01
4.778700308571910971e-01 1.749120838384908864e-03 7.175413533834586133e+02 5.361773384599780456e+01
4.841075358786299798e-01 1.812598873705853009e-03 6.946666666666666288e+02 4.902035464051770930e+01
4.904685449060671165e-01 1.813034819841214708e-03 6.764785714285713993e+02 4.700573021951034036e+01
4.967988078032400945e-01 1.775169993053363985e-03 6.673262411347517400e+02 4.527193791697470715e+01
5.030461340587593089e-01 1.710738770771227935e-03 6.584927536231883778e+02 4.232594242573249943e+01
5.093789740337634209e-01 1.844995629980458740e-03 6.555771812080537302e+02 3.799663881260826059e+01
5.157895609665918979e-01 1.772173611217854692e-03 6.514657534246575779e+02 3.663498164702318149e+01
5.220653538623039047e-01 1.710912446064493482e-03 6.498041958041958424e+02 3.651901714360773354e+01
5.282420832211931483e-01 1.776221308977217429e-03 6.484864864864864558e+02 3.661426574174549842e+01
5.345849814872509764e-01 1.797460663252185451e-03 6.468947368421053170e+02 3.514923171713301286e+01
5.409400198384390901e-01 1.769240412124692928e-03 6.482549019607843093e+02 3.269019897946370179e+01
5.471612929737256215e-01 1.671871176479489780e-03 6.480067567567567721e+02 3.164958050189522254e+01
5.535187503546902255e-01 1.843477994232445120e-03 6.515308641975308319e+02 3.198532423340601838e+01
5.599303633336802921e-01 1.774845713676194252e-03 6.556751592356688434e+02 3.597452285685930917e+01
5.661980099607780703e-01 1.715649351238413218e-03 6.648181818181818699e+02 3.042573748935194899e+01
5.724333289920446877e-01 1.764199560704661452e-03 6.729437500000000227e+02 3.159662140759671800e+01
5.786575496797814466e-01 1.687338640378493104e-03 6.816363636363636260e+02 3.127561523965042767e+01
5.849918082512260975e-01 1.882166412490617838e-03 6.953662790697674154e+02 3.140964252568199555e+01
5.913559560974818163e-01 1.673563701773732749e-03 7.081910828025477258e+02 3.377637762315853109e+01
5.976003341774964728e-01 1.789272139650604403e-03 7.225384615384615472e+02 3.464072051103867267e+01
6.039710484280985670e-01 1.760471037718898532e-03 7.342023809523809632e+02 3.513319226855982436e+01
6.103455122609070527e-01 1.778153705054047679e-03 7.428771929824561084e+02 3.698848392347012037e+01
6.165941547084902163e-01 1.709282904712068618e-03 7.443772455089820141e+02 3.906417342501823953e+01
6.227886440901039267e-01 1.708031916550016484e-03 7.411726190476190368e+02 3.972698245425437591e+01
6.292222757675741684e-01 1.895555695838723603e-03 7.303743315508021396e+02 3.688022027749494214e+01
6.355837393651907474e-01 1.609918394456906487e-03 7.106303030303030255e+02 3.396531910264821619e+01
6.417201133152361514e-01 1.735489606861494215e-03 6.938988764044943309e+02 3.164551538702745503e+01
6.480234646877054416e-01 1.746502386866512820e-03 6.741348314606741496e+02 2.885598674825997634e+01
6.543745591304535036e-01 1.808595843625667669e-03 6.578043478260869961e+02 2.606771709013114702e+01
6.607410482875138991e-01 1.776914150084337417e-03 6.427554347826087451e+02 2.434698780583321565e+01
6.669765730033264672e-01 1.670208017253243388e-03 6.305738636363636260e+02 2.342148557564716427e+01
6.731673103258457580e-01 1.796482171393593615e-03 6.214255319148936678e+02 2.179612777667261270e+01
6.795850853652600776e-01 1.822834825668488831e-03 6.137068062827224821e+02 2.063409570443711161e+01
6.858902177354958551e-01 1.747430487391250960e-03 6.098763440860215042e+02 2.060822889434308536e+01
6.921278880332987216e-01 1.765781770802452586e-03 6.045238095238095184e+02 2.053564028818813370e+01
6.985070946107704293e-01 1.847715388967816497e-03 6.013030303030302548e+02 2.020864916493231078e+01
7.048037128132643714e-01 1.757666077632949074e-03 5.970317460317460245e+02 1.983674657435651767e+01
7.109847861020758275e-01 1.767854622430342420e-03 5.952760416666666288e+02 1.978868124413409646e+01
7.172345948602801835e-01 1.822657136245004524e-03 5.934191919191919169e+02 1.896056863447288521e+01
7.236608500653414211e-01 1.906739358311473767e-03 5.917951219512194712e+02 1.826808362249714435e+01
7.299519259881649402e-01 1.814756391122580772e-03 5.897346938775509670e+02 1.832806740977053295e+01
7.362298620906445601e-01 1.872001608046580190e-03 5.873872549019607732e+02 1.791589749160344169e+01
7.427109241448597299e-01 1.961252361706546793e-03 5.861915887850467470e+02 1.847470314516204226e+01
7.489749171607754663e-01 1.795506848231544564e-03 5.824461538461538339e+02 1.953781747373745858e+01
7.553119902396251417e-01 1.968290517240121971e-03 5.814748858447488828e+02 1.899989026139792259e+01
7.617428847945948434e-01 1.878647625832918257e-03 5.770821256038647107e+02 2.618908261590129172e+01
7.679897535333021219e-01 1.889655825210407886e-03 5.769330143540670406e+02 1.370746927586768393e+01
7.742716946001383382e-01 1.890740870187222538e-03 5.731690140845070118e+02 2.072727948999908065e+01
7.806130493972306406e-01 1.874127862848933099e-03 5.722264150943395862e+02 1.833485165832706087e+01
7.869955317179381238e-01 1.962138593108325030e-03 5.717098214285714448e+02 1.870325699938927855e+01
7.933337815560531636e-01 1.823456314192357453e-03 5.711857142857143117e+02 1.839680909924364016e+01
7.995722808394026826e-01 1.873920736445982161e-03 5.714751131221719334e+02 1.796711277128778761e+01
8.059029702364099990e-01 1.855844282913126459e-03 5.720182648401826100e+02 1.799263487135948480e+01
8.122482529694946551e-01 1.899897789708842157e-03 5.791409691629955887e+02 1.819093906655495019e+01
8.185971333973350861e-01 1.831057107996742058e-03 6.004663677130045016e+02 3.213982652401137585e+01
8.248840800988579414e-01 1.805078930334647752e-03 6.457713004484304520e+02 6.431861231935532430e+01
8.311527541867054225e-01 1.843524136775542745e-03 7.142751091703056545e+02 1.003133941439466099e+02
8.375116084758876811e-01 1.829773299230467044e-03 7.825260869565217945e+02 1.114800405135028996e+02
8.438261475186588090e-01 1.817550564165925373e-03 8.337500000000000000e+02 1.102566607965251109e+02
8.500843452560248314e-01 1.755513946144033992e-03 8.557123893805310217e+02 1.046121792284074132e+02
8.563647400134730692e-01 1.844487251387733453e-03 8.590165975103734581e+02 9.858780761326168829e+01
8.626696591174244366e-01 1.710203360544058351e-03 8.516710526315789593e+02 9.323640016532959862e+01
8.689830853488446083e-01 1.844123492424595270e-03 8.281422764227642119e+02 8.061496770889260688e+01
8.753179752476163422e-01 1.741457950302257533e-03 7.817829787234041987e+02 6.406285858913209097e+01
8.815756228481118617e-01 1.752464905610253906e-03 7.129004149377593649e+02 5.176007971566472321e+01
8.877944678552249780e-01 1.716242394594354789e-03 6.432236286919830945e+02 4.630172424398811160e+01
8.941407927930166144e-01 1.839522330085644050e-03 5.920671936758893708e+02 3.484964457325436626e+01
9.005003621585947471e-01 1.752218829319661820e-03 5.627673469387755176e+02 2.616872304500001079e+01
9.067627482844141662e-01 1.720498064613873055e-03 5.507581967213114922e+02 2.344958769633682039e+01
9.130278025298368405e-01 1.789374596252915357e-03 5.464563492063491594e+02 2.254527862008906425e+01
9.193563827426239898e-01 1.786117629316656989e-03 5.440674603174603590e+02 2.270024828852751142e+01
9.256709965929463824e-01 1.773964252230773864e-03 5.432588235294117567e+02 2.180395507121138721e+01
9.319487846442510159e-01 1.740175819907428248e-03 5.428319999999999936e+02 2.204720172720338667e+01
9.382375230166524194e-01 1.835219923763222079e-03 5.424083969465648352e+02 2.212677818132909024e+01
9.445114335627492475e-01 1.754301698834087597e-03 5.435573122529643797e+02 2.314654946450947648e+01
9.507739483173833772e-01 1.796477233495237351e-03 5.436858237547892259e+02 2.368971868847072670e+01
9.571000001339345920e-01 1.844157663989784944e-03 5.446452830188678718e+02 2.488094685806659001e+01
9.634651872700409347e-01 1.860525514413665987e-03 5.466240601503759535e+02 2.734814739056734112e+01
9.697902983397413967e-01 1.869026222830578836e-03 5.527593984962405784e+02 2.392464367175632489e+01
9.761731987705594138e-01 1.898719003246270758e-03 5.599040590405903686e+02 2.481409919375277440e+01
9.824546988499620603e-01 1.850375251942234242e-03 5.716150943396226012e+02 2.385572631837662527e+01
9.887603507672997338e-01 1.885371791598095068e-03 5.954963235294117112e+02 2.322899847229646042e+01
9.951547945742836854e-01 1.923480157877882840e-03 6.434092526690391196e+02 3.033955788963543299e+01
1.001497743307979915e+00 1.816985016266823736e-03 7.272883895131086547e+02 3.873979664613037244e+01
1.007730073445106012e+00 1.872875193246743668e-03 8.468741007194244048e+02 5.153693470650037511e+01
1.014110590476311025e+00 1.881534321868284657e-03 9.990673758865248146e+02 6.302292691102798017e+01
1.020442888611849064e+00 1.823625195420996601e-03 1.148734767025089695e+03 7.613605788410768582e+01
1.026691701700078063e+00 1.782759485576686145e-03 1.281844202898550748e+03 1.016645190720108189e+02
1.033057845114525142e+00 1.884320384582664851e-03 1.374013605442176868e+03 1.334847944050536341e+02
1.039437792018165441e+00 1.793463056649077922e-03 1.425272084805653776e+03 1.606261084608441081e+02
1.045681248368910410e+00 1.745618337461533540e-03 1.436163120567375927e+03 1.761161635061825450e+02
1.051944871571292683e+00 1.801987856022948175e-03 1.420913793103448370e+03 1.889925537542527252e+02
1.058324809813473877e+00 1.829265674919061668e-03 1.370831649831649884e+03 1.991809188437802334e+02
1.064596602572098316e+00 1.714864743882408334e-03 1.287563380281690115e+03 2.061680688529642396e+02
1.070868750588993112e+00 1.792957436204007347e-03 1.172090909090909008e+03 2.022590651005927214e+02
1.077195490251847465e+00 1.798916779777443367e-03 1.038709030100334530e+03 1.857217179110785708e+02
1.083505800573759448e+00 1.740543057611223946e-03 9.111672354948805150e+02 1.552331503411355982e+02
1.089676915900379850e+00 1.748165881083384946e-03 8.084557823129251801e+02 1.175208098659072107e+02
1.096052400832523421e+00 1.863573573199493825e-03 7.378274760383386592e+02 8.357936121070873980e+01
1.102364289960501065e+00 1.744372504095847640e-03 7.006101694915254257e+02 6.270822343988464809e+01
1.108625070827478076e+00 1.829094711995288541e-03 6.829804560260586186e+02 4.883265525104122418e+01
1.114924075445366869e+00 1.842999932655674591e-03 6.559188311688311614e+02 4.726771260151253529e+01
1.121282665432693726e+00 1.762017027877181303e-03 6.597557251908397120e+02 3.999571170416796662e+01
1.127553932619258736e+00 1.851826979229859085e-03 6.580111524163568220e+02 3.922705697432312633e+01
1.133905639228342421e+00 1.803927404845938115e-03 6.520352941176470267e+02 3.872237624611032203e+01
1.140144523104706709e+00 1.820967272376473748e-03 6.452874015748031979e+02 4.220027741291315238e+01
1.146455214771981312e+00 1.831860927088285957e-03 6.374382470119521713e+02 4.004276752894684677e+01
1.152869066430118439e+00 1.902391342003174283e-03 6.322586872586872460e+02 3.863770572423938887e+01
1.159252377890596986e+00 1.791659613503928782e-03 6.246390041493775698e+02 3.846517163488312718e+01
1.165575291556828930e+00 1.872439892399787795e-03 6.240278884462151154e+02 3.654909009442464196e+01
1.171828433925186763e+00 1.747387590499659572e-03 6.198181818181818699e+02 3.959547515679742702e+01
1.178029580193284076e+00 1.845903894892485285e-03 6.219382716049382225e+02 3.668080604739684958e+01
1.184400904434957269e+00 1.829516060217846983e-03 6.204644351464435204e+02 3.672252122899202931e+01
1.190737654720273042e+00 1.816225366119703435e-03 6.202320675105485179e+02 3.825378657269755678e+01
1.196977477342464180e+00 1.780548390738201196e-03 6.173930131004366331e+02 3.754613010335764045e+01
1.203312963818603976e+00 1.874247930763579166e-03 6.149214876033057635e+02 3.810926167510675810e+01
1.209645773529357093e+00 1.750259837788138012e-03 6.094955752212389370e+02 3.855096564280987792e+01
1.215952225700388523e+00 1.837678281197498587e-03 6.089194915254237230e+02 3.585353857146286316e+01
1.222254898926581568e+00 1.775628514659025698e-03 5.848876404494382086e+02 6.088601485313665762e+01
1.228537298751265050e+00 1.780223345631782141e-03 6.004347826086956275e+02 4.202614183283420601e+01
1.234759587745337228e+00 1.795376270296014523e-03 6.064767025089605568e+02 4.081438336974346015e+01
1.241110555825225781e+00 1.895169703334604900e-03 6.151845637583892312e+02 4.226482637902527983e+01
1.247523323486311897e+00 1.874537877840588536e-03 6.237128378378378102e+02 4.791448971351922381e+01
1.253854431820907944e+00 1.857283623330970761e-03 6.285671140939597308e+02 5.222967235139051922e+01
1.260138295168494293e+00 1.856490137450314505e-03 6.261196013289036273e+02 5.469947535851363085e+01
1.266501421045549414e+00 1.881588491645209797e-03 6.248617363344051228e+02 5.183066406690582539e+01
1.272807251993681055e+00 1.824447191781883651e-03 6.218786885245901885e+02 5.223322195640746202e+01
1.279100636071537789e+00 1.831925956271344968e-03 6.180923566878981319e+02 5.051393242925482951e+01
1.285385940199903265e+00 1.796864974607813087e-03 6.156089743589743648e+02 5.321039227125420012e+01
1.291734086560349049e+00 1.833790085687247952e-03 6.123957055214723368e+02 5.152307094447935754e+01
1.297999116585571544e+00 1.712347548001254965e-03 6.053592233009708252e+02 5.075381553201598450e+01
1.304332283077917598e+00 1.862331657852500611e-03 5.973480825958702098e+02 4.845124284417663318e+01
1.310629912671008812e+00 1.689758514739712848e-03 5.806955128205128176e+02 4.755653751436315702e+01
1.316859893871710430e+00 1.807323329610554348e-03 5.618089552238806164e+02 4.409554017079150157e+01
1.323169508333509325e+00 1.772103529485381237e-03 5.416048632218844432e+02 4.019678936966712968e+01
1.329416719622044551e+00 1.761213072716576004e-03 5.259577039274925028e+02 3.809097733792935259e+01
1.335676763851219473e+00 1.808340606324402439e-03 5.151547619047619264e+02 3.470784129629758041e+01
1.342102166253144047e+00 1.916040745002256648e-03 5.115633802816901152e+02 3.539495019779045748e+01
1.348432554966731090e+00 1.804515701739407276e-03 5.088096676737160351e+02 3.476037169357197598e+01
1.354697325729501189e+00 1.895450207138361931e-03 5.092322946175637526e+02 3.875579767049599411e+01
1.361035554581970564e+00 1.836151892644552735e-03 5.096715116279069662e+02 3.747493551220777874e+01
1.367445372286436589e+00 1.911657172750392099e-03 5.127013698630137242e+02 3.588700496230071479e+01
1.373833054624600258e+00 1.794265400870382644e-03 5.130956521739130949e+02 3.577704466575952580e+01
1.380048052911932777e+00 1.791287036868802413e-03 5.172051282051281760e+02 3.713509777672978629e+01
1.386332670155489666e+00 1.806335848089170130e-03 5.183567415730336734e+02 3.622673800553817358e+01
1.392624520144640332e+00 1.796075039907524609e-03 5.234972222222222626e+02 3.640350618203800792e+01
1.398923000198597277e+00 1.771229759338340285e-03 5.300028089887640590e+02 3.553780231328924089e+01
1.405184482923453881e+00 1.808998902686751115e-03 5.423396739130434980e+02 3.696027834168079096e+01
1.411475199677901360e+00 1.734371386327675756e-03 5.624887640449437640e+02 4.066046874540597855e+01
1.417706081410672780e+00 1.817237095201347432e-03 5.950806451612903629e+02 4.610421403576580701e+01
1.424046144262549829e+00 1.816956160244514703e-03 6.375745257452574606e+02 5.369561343929903785e+01
1.430457268966005335e+00 1.925855730949348329e-03 6.883984575835476107e+02 5.669867218994789937e+01
1.436865665354877475e+00 1.843763745384080412e-03 7.392500000000000000e+02 5.765104052069034424e+01
1.443084111958556903e+00 1.831535442318516687e-03 7.755887096774193878e+02 6.271572793446896554e+01
1.449466238371406979e+00 1.910439897345804971e-03 8.040455696202532181e+02 6.152486839629078474e+01
1.455780432464144347e+00 1.769262236301017126e-03 8.199729729729730252e+02 6.480072786341928293e+01
1.462109939136078340e+00 1.873282905934200038e-03 8.288922305764410794e+02 6.655220609192954839e+01
1.468414112563870999e+00 1.734923018383166060e-03 8.305199999999999818e+02 6.654057649284382592e+01
1.474680891373796765e+00 1.804015195942032307e-03 8.359771573604060677e+02 6.643990398516068296e+01
1.480924591063775386e+00 1.742163032935032654e-03 8.298093994778067781e+02 6.710521133182326992e+01
1.487138550370334267e+00 1.742602934721402272e-03 8.253213367609254192e+02 6.861782979790235970e+01
1.493462591150057195e+00 1.833511633313982111e-03 8.091509900990098458e+02 6.934147353471438180e+01
1.499809278721849770e+00 1.805357266360340307e-03 7.851259445843828644e+02 7.176744609627877480e+01
1.506175762378094918e+00 1.888906516140883814e-03 7.498068459657702078e+02 6.901156041630670757e+01
1.512543466733061504e+00 1.879653113941155348e-03 7.051004901960784537e+02 6.952570374583291368e+01
1.518927121842702510e+00 1.865813122140227640e-03 6.610661764705882888e+02 6.113325768055124598e+01
1.525176469146275027e+00 1.826629940430822378e-03 6.268486352357319902e+02 5.059160218724541380e+01
1.531416651941075235e+00 1.798854978931840659e-03 6.023787128712871208e+02 4.446740478402855246e+01
1.537728221615372926e+00 1.856986876758172280e-03 5.888061465721040122e+02 4.030495192066834420e+01
1.544096010846849332e+00 1.769518617434322075e-03 5.849002433090024624e+02 4.003775013728803600e+01
1.550405005344789089e+00 1.809055686031393537e-03 5.877825059101654688e+02 3.904219009843551902e+01
1.556696834359960313e+00 1.740139413919524446e-03 5.934368932038835283e+02 4.131922834892660035e+01
1.562969221032702194e+00 1.804120915253569534e-03 6.021933962264150750e+02 4.288582733372711431e+01
1.569251838380229191e+00 1.803338776033149233e-03 6.106849642004773386e+02 4.098346777227619953e+01
1.575556094315494926e+00 1.863019847936644557e-03 6.236596736596736719e+02 4.000337899562403265e+01
1.581892448177514066e+00 1.865480693804838323e-03 6.370439814814815236e+02 4.277815318197471584e+01
1.588269483401412163e+00 1.861295980786164313e-03 6.544216589861750890e+02 4.102747921625089589e+01
1.594574325321363339e+00 1.830133252637398044e-03 6.712129629629629335e+02 4.121599665769308984e+01
1.600916934751582588e+00 1.832077894544300927e-03 6.866605922551252661e+02 4.131574870128538635e+01
1.607201343968552854e+00 1.780442356845074459e-03 7.006018518518518476e+02 4.266444548174446538e+01
1.613445462524496721e+00 1.775524639999344866e-03 7.122201834862385113e+02 4.317999139958121191e+01
1.619730849749851931e+00 1.787630240083115185e-03 7.209458239277652183e+02 4.473946767106510691e+01
1.625979803600224649e+00 1.755895091839796123e-03 7.282137931034483245e+02 4.409481245154288587e+01
1.632226613292544926e+00 1.821174808670054370e-03 7.370805369127516542e+02 4.298150534078929752e+01
1.638606704061473573e+00 1.894452323361247963e-03 7.505509761388286734e+02 4.117358110476978084e+01
1.645050487946952522e+00 1.887301666918968484e-03 7.713956521739130494e+02 4.754259844914650301e+01
1.651415996904310735e+00 1.851783837096881687e-03 7.990679824561403848e+02 5.774387566307615316e+01
1.657788871265904573e+00 1.852242853945953917e-03 8.327170626349892473e+02 7.129248992263448770e+01
1.664006124760511351e+00 1.741113674427757210e-03 8.624829931972789154e+02 7.589891543239906468e+01
1.670281873961185770e+00 1.842366346193471905e-03 8.857441860465115724e+02 7.804936626529190846e+01
1.676541801276667298e+00 1.721555322686186195e-03 8.960000000000000000e+02 7.665676806183586223e+01
1.682793682471841024e+00 1.824670227224382997e-03 8.977763713080169055e+02 7.682768916357630928e+01
1.689107465299970467e+00 1.791603935857043455e-03 8.930412147505422809e+02 7.618796339329735190e+01
1.695415952935033443e+00 1.877357617877282179e-03 8.882734864300625759e+02 7.518155404353534266e+01
1.701806617780016628e+00 1.875253898477295287e-03 8.821398747390396693e+02 7.777401243986510337e+01
1.708145235544118012e+00 1.851238026496159058e-03 8.787515789473684436e+02 7.922805773468117252e+01
1.714469347376187613e+00 1.845626368464784459e-03 8.787598343685300506e+02 7.965979553112276790e+01
1.720739519194126599e+00 1.771881702320935673e-03 8.795619658119658197e+02 7.931666983148339511e+01
1.726990948287859817e+00 1.820993782645452704e-03 8.788428571428571558e+02 7.949721780341727140e+01
1.733361150263370787e+00 1.784216608021570085e-03 8.788491735537189697e+02 7.719743442567876457e+01
1.739571674833123582e+00 1.760427731239605715e-03 8.774297693920335632e+02 8.071286590973424779e+01
1.745887440247851030e+00 1.853392121839796862e-03 8.667074148296593421e+02 8.568025555718546116e+01
1.752250177420427102e+00 1.860925844240075020e-03 8.490506072874493384e+02 6.249671708665596270e+01
1.758607387389414800e+00 1.864192030273802104e-03 8.282259999999999991e+02 5.522614757522020312e+01
1.764972322429467777e+00 1.851098948525789619e-03 8.174679999999999609e+02 4.774926085291791367e+01
1.771273520234028620e+00 1.808016239517707931e-03 8.116653225806451246e+02 4.773486309796845006e+01
1.777586992161852564e+00 1.807004964737956481e-03 8.146118811881187867e+02 4.399402616049158610e+01
1.783840233931820451e+00 1.746107465683986813e-03 8.169755600814663694e+02 4.621654252555478593e+01
1.790071520275328565e+00 1.795583184790444783e-03 8.224921259842519703e+02 4.395437551853347458e+01
1.796393698957722052e+00 1.819993601147859141e-03 8.226996047430830004e+02 4.601501386546478756e+01
1.802712928873270393e+00 1.883216042231023422e-03 8.236206896551724412e+02 4.441942460311263829e+01
1.809114577024696358e+00 1.850157529878445435e-03 8.181763565891473036e+02 5.036431476124847251e+01
1.815345782948464493e+00 1.803540499391122600e-03 8.109505928853754995e+02 4.830937673233672314e+01
1.821700705453981772e+00 1.863872113208649628e-03 8.028563432835820777e+02 4.663975137331247112e+01
1.828034416566336029e+00 1.759461126105644731e-03 7.904173228346456881e+02 4.816045084255389241e+01
1.834289862490237510e+00 1.817049905439401892e-03 7.760282485875706016e+02 4.723620584066630101e+01
1.840620947190598100e+00 1.780340576699249600e-03 7.590980769230769738e+02 4.563755825384155429e+01
1.846876290479544158e+00 1.833628160635640113e-03 7.399413988657845493e+02 4.714313010396575265e+01
1.853225331533147280e+00 1.864396810776891523e-03 7.195796296296296077e+02 4.797470698491097352e+01
1.859586416204100923e+00 1.843230203276794224e-03 6.980485981308411283e+02 4.836332094853964492e+01
1.865884580336470755e+00 1.827085395033201023e-03 6.788808193668528475e+02 4.510330070169803207e+01
1.872200528994375501e+00 1.799198018262535481e-03 6.603518518518518476e+02 4.188532625580891278e+01
1.878453452628845000e+00 1.760356359008985331e-03 6.426214689265536890e+02 3.880371040375181479e+01
1.884712324747962020e+00 1.805687576808031941e-03 6.282773722627737243e+02 3.665488378222167398e+01
1.891113706724730337e+00 1.861939656346446982e-03 6.167068345323740459e+02 3.517116217918777465e+01
1.897400945427566432e+00 1.833350088909791505e-03 6.082371323529412166e+02 3.464071492655481421e+01
1.903772875545957088e+00 1.875180743362649160e-03 6.014612676056337932e+02 3.657354661353588199e+01
1.910018917854334752e+00 1.739883276586547947e-03 5.979489603024575217e+02 3.399515062960905709e+01
1.916236012056648175e+00 1.833205283437960029e-03 5.961035087719297962e+02 3.233153358595442484e+01
1.922638163561010805e+00 1.793373418488206777e-03 5.945857142857142890e+02 3.116953845585495131e+01
1.928888348891847349e+00 1.792288115248428593e-03 5.932517985611510767e+02 3.172776511411874978e+01
1.935240631371640818e+00 1.865766417879262265e-03 5.925536332179930241e+02 3.094591193362882109e+01
1.941608872090050619e+00 1.856644915843207438e-03 5.904288224956063686e+02 3.530026352315462645e+01
1.947917338414854704e+00 1.837601359788319485e-03 5.914676007005253950e+02 3.227920060918301459e+01
1.954236834815996637e+00 1.805754229573221887e-03 5.909125874125874134e+02 3.142831064051735623e+01
1.960488135501994522e+00 1.772905664188001006e-03 5.926548672566372034e+02 3.130829724010663639e+01
1.966755922696415082e+00 1.810201296061439468e-03 5.945851979345954987e+02 3.047624333387503981e+01
1.973091583736556354e+00 1.814240900008777741e-03 5.996068965517241622e+02 3.011993209082262624e+01
1.979420480567132490e+00 1.865397302840512408e-03 6.089032258064515872e+02 2.944703706105825347e+01
1.985762243830389018e+00 1.849873766110382307e-03 6.236491525423729172e+02 3.370193435400079096e+01
1.992143605840229093e+00 1.840662096304069391e-03 6.510670016750418654e+02 3.435099122122278459e+01
1.998372952698491245e+00 1.738412627792555948e-03 6.850193321616872026e+02 3.653334193922692208e+01
2.004614638405731508e+00 1.821010887715033720e-03 7.256639072847682428e+02 3.717184091170430804e+01
2.010981699228176822e+00 1.807963355431743604e-03 7.669478114478114321e+02 4.212512086658178134e+01
2.017216781415232862e+00 1.822968187424302972e-03 8.025666104553120022e+02 4.634816159751750320e+01
2.023555507756473748e+00 1.866836436713831520e-03 8.336373983739837286e+02 5.660540606254247820e+01
2.029945947492921121e+00 1.842053164818473936e-03 8.635904605263158373e+02 5.936304748297894207e+01
2.036236367431154548e+00 1.802040352124230577e-03 8.900925619834711142e+02 6.258261196859253062e+01
2.042538823796997693e+00 1.786279422623429517e-03 9.139983579638751507e+02 6.684841805345486421e+01
2.048720173306640469e+00 1.747373060808409071e-03 9.379881355932203633e+02 6.903313997927281775e+01
2.055017041239767028e+00 1.892889576395914968e-03 9.632222222222221717e+02 7.148104213324589296e+01
2.061465280497128294e+00 1.850343878148330047e-03 9.847724358974359120e+02 7.365421265753136026e+01
2.067778354784032935e+00 1.826644103880053095e-03 1.010280193236714922e+03 7.032124958094017586e+01
2.074107962816127415e+00 1.810449409964311413e-03 1.029765079365079373e+03 7.018068513764679039e+01
2.080392027050733006e+00 1.757304311173108879e-03 1.045449511400651545e+03 7.188940774008071344e+01
2.086560915145909245e+00 1.789004268885935290e-03 1.056875202593192853e+03 7.732230914015325141e+01
2.092907509218693285e+00 1.897916204239676529e-03 1.054460365853658459e+03 8.169507021090879562e+01
2.099341076602548206e+00 1.841856996552926774e-03 1.036165625000000091e+03 9.141029251210410678e+01
2.105598503643897335e+00 1.780460926307301031e-03 1.015276357827476090e+03 8.966074206951637393e+01
2.111872942412509335e+00 1.813036870717739954e-03 9.782422839506173204e+02 8.874696311708765961e+01
2.118179840511383194e+00 1.773074262998883873e-03 9.393133858267716505e+02 7.994632007708790411e+01
2.124489700938873238e+00 1.854176769044688739e-03 9.018195718654434359e+02 7.302027837249261211e+01
2.130866139955553962e+00 1.876679961187130126e-03 8.601301059001513067e+02 7.017819270050173941e+01
2.137196345481136905e+00 1.803165093871285981e-03 8.267012383900928398e+02 6.257725924803998652e+01
2.143477781291089013e+00 1.808033309626025679e-03 7.953068702290075862e+02 5.905133781414269833e+01
2.149749346762158453e+00 1.787076492040512573e-03 7.650814132104454757e+02 5.497417025808913849e+01
2.156014428448592479e+00 1.811767013668930289e-03 7.350943683409436744e+02 5.203551128410752824e+01
2.162388958755252943e+00 1.899773100682969557e-03 7.055153284671532674e+02 5.108625315941630873e+01
2.168776559916051561e+00 1.828625003914755194e-03 6.760840840840841111e+02 4.852072055716453036e+01
2.175079146577416189e+00 1.799027495536281414e-03 6.474850746268656394e+02 4.671981962723461379e+01
2.181358965593887422e+00 1.775037425494343461e-03 6.183870481927710898e+02 4.376470347867424238e+01
2.187625576602315824e+00 1.830837683859201127e-03 5.894156804733727313e+02 4.146698996320641584e+01
2.193923842198696850e+00 1.837507381709080519e-03 5.620190895741556005e+02 3.750592260474801520e+01
2.200310743338333541e+00 1.859271066102410235e-03 5.364605451936872669e+02 3.490979615155217175e+01
2.206637920896229677e+00 1.789161753318371274e-03 5.199481481481481069e+02 2.827303736734539186e+01
2.212855268310565560e+00 1.778695396750237757e-03 5.111472754050073490e+02 2.444278642363739706e+01
2.219155297956861617e+00 1.826812665150635666e-03 5.105568345323741255e+02 2.367508060261449288e+01
2.225534449623195243e+00 1.883537061579874895e-03 5.178660084626234266e+02 2.483713201387732283e+01
2.231816049321749151e+00 1.789850136339156059e-03 5.344508076358296194e+02 2.751897097244793855e+01
2.238124350048766420e+00 1.838516226422660244e-03 5.605851955307263097e+02 2.913560062600747713e+01
2.244461256680506001e+00 1.769483755913013904e-03 5.932402315484804376e+02 3.084824350030759987e+01
2.250672411056880762e+00 1.815340560525242463e-03 6.261205164992826440e+02 3.190026596477639487e+01
2.256976265699253581e+00 1.875232856265233962e-03 6.585290055248618728e+02 3.524337091166997737e+01
2.263404067221236105e+00 1.844596500685106652e-03 6.873140495867768323e+02 3.922650392069050440e+01
2.269740131332425914e+00 1.784620609829179342e-03 7.114639321074964755e+02 4.294381866825150951e+01
2.275928662030326066e+00 1.770462641505800294e-03 7.321153846153846416e+02 4.766899416394513622e+01
2.282234771450446509e+00 1.859120215862977580e-03 7.474376693766937478e+02 5.229819998328306951e+01
2.288651494096741512e+00 1.861574731480084791e-03 7.586024423337855751e+02 5.937632801395523074e+01
2.294929189507614264e+00 1.787386468760323059e-03 7.677612359550562360e+02 6.101601340913005345e+01
2.301123790424945526e+00 1.773889529887621910e-03 7.720208333333333712e+02 6.079931364211156364e+01
2.307427473574251042e+00 1.823767960867003161e-03 7.631001353179973421e+02 7.653866588199491616e+01
2.313824548022820782e+00 1.807223345639351721e-03 7.713818722139673127e+02 7.170096644725141743e+01
2.320154992066300714e+00 1.861695907969135875e-03 7.697026627218934891e+02 7.350819036068897105e+01
2.326479049872378635e+00 1.797363522119922990e-03 7.667349768875192240e+02 7.239217741795090433e+01
2.332811122143054305e+00 1.834923033436536115e-03 7.605775075987842229e+02 7.443690464399240625e+01
2.339146829363451641e+00 1.809933127175767861e-03 7.520926216640502844e+02 7.638590395683073098e+01
2.345346999874724947e+00 1.788822558822959720e-03 7.356189710610932480e+02 8.149868634761374153e+01
2.351591514044208964e+00 1.821961582186779451e-03 7.152582677165354426e+02 8.152305023890752977e+01
2.357940827546205931e+00 1.821480796874143165e-03 6.849193037974683875e+02 8.193664390004992981e+01
2.364269371024037891e+00 1.822839816105960298e-03 6.507516025641025408e+02 7.703675914532870195e+01
2.370575565839220911e+00 1.828742917233826173e-03 6.120723472668810246e+02 7.153246532878112873e+01
2.376891771469677561e+00 1.815523241845057745e-03 5.770873786407767057e+02 6.149378857958431155e+01
2.383240749019818416e+00 1.833462819707767054e-03 5.452508038585209533e+02 5.333604147836508247e+01
2.389601619010945921e+00 1.828185711102788165e-03 5.172003257328990458e+02 4.483944503496113043e+01
2.395961259100775731e+00 1.812604844355751544e-03 4.869713831478537145e+02 4.334052793096951461e+01
2.402160007896914973e+00 1.807533258736503850e-03 4.704850746268656962e+02 3.658124949558247607e+01
2.408453972146052724e+00 1.793232887210479852e-03 4.574239766081871608e+02 3.291368453647242376e+01
2.414771780432101167e+00 1.830638750947721858e-03 4.438938307030128954e+02 3.071678461301416974e+01
2.421058800843912895e+00 1.849123668637423033e-03 4.330381895332390627e+02 2.824230896475584984e+01
2.427397847212681370e+00 1.833909450969152099e-03 4.227472222222222058e+02 2.577538505118860002e+01
2.433701938443864954e+00 1.777285794113256248e-03 4.139803094233474212e+02 2.540589498913204736e+01
2.440001432560962691e+00 1.835928632076300280e-03 4.075088919288645570e+02 2.305629229421356641e+01
2.446276920633820851e+00 1.825543246774167941e-03 3.995048143053645049e+02 2.376909897273275973e+01
2.452612917458465880e+00 1.850886418197054181e-03 3.932122015915119277e+02 2.258820787951439257e+01
2.458937188373468086e+00 1.764090576915684772e-03 3.872890410958904113e+02 2.169140039719872703e+01
2.465235494564519847e+00 1.842465198645606636e-03 3.809749009247027516e+02 2.173752084396627637e+01
2.471581205305689810e+00 1.856761058240425245e-03 3.745486842105262895e+02 2.123046307377373054e+01
2.477865992864338285e+00 1.798850075022648308e-03 3.677949400798934789e+02 2.119644393059303411e+01
2.484122936716935737e+00 1.780971833254360159e-03 3.614253632760898540e+02 2.014473581266794966e+01
2.490467721662181333e+00 1.849468727863495983e-03 3.557611749680715434e+02 1.968065938001520365e+01
2.496849546734450254e+00 1.852734310658727887e-03 3.491596424010216992e+02 2.066500439311346682e+01
2.503105859710241798e+00 1.772860352036017325e-03 3.431094986807387954e+02 1.938687574959028481e+01
2.509322203788900918e+00 1.804578376445024500e-03 3.375487179487179219e+02 1.895902117442184931e+01
2.515643032193938478e+00 1.830400595634155535e-03 3.336989924433249257e+02 1.781760224769103118e+01
2.522012436559997628e+00 1.844427975373299751e-03 3.291141439205955521e+02 1.846049409717124590e+01
2.528376527697731913e+00 1.805263014170996501e-03 3.263567839195980014e+02 1.827116485102988364e+01
2.534662305746367750e+00 1.817191430107880853e-03 3.247594458438287006e+02 1.764389611247263545e+01
2.540923642722284104e+00 1.847774197163838152e-03 3.227388613861386375e+02 1.827521446197052057e+01
2.547222087144660030e+00 1.810867478977307979e-03 3.220334158415841443e+02 1.787726760483823440e+01
2.553540685742163419e+00 1.807658101810726481e-03 3.218298653610771112e+02 1.801071288544806848e+01
2.559925401613222018e+00 1.856915584780679824e-03 3.232035928143712340e+02 1.764712637340052126e+01
2.566280305514876403e+00 1.838802799104265022e-03 3.249116222760290498e+02 1.912383057712037626e+01
2.572544852388987113e+00 1.785952156998167010e-03 3.274711656441717764e+02 1.801541751305451911e+01
2.578799894204640619e+00 1.806472379669163885e-03 3.306106408706166917e+02 1.832361375497107758e+01
2.585123793491197919e+00 1.855120447360665906e-03 3.352326674500587274e+02 1.941806627600545099e+01
2.591472256141813091e+00 1.805120360344933915e-03 3.397353992848629218e+02 1.970754573275754851e+01
2.597744265483155957e+00 1.788819714346394623e-03 3.436582733812949755e+02 1.950125330126769896e+01
2.604038454996993934e+00 1.850630787333012181e-03 3.483216783216783483e+02 1.923458237254144620e+01
2.610374414453144443e+00 1.837105816396599096e-03 3.515157159487776539e+02 2.063486130855007161e+01
2.616634120485421100e+00 1.761050173804210722e-03 3.543591885441527438e+02 2.108396792316731094e+01
2.622940397920966227e+00 1.848634675493098997e-03 3.577497155858930569e+02 2.309323948825677064e+01
2.629323187355575353e+00 1.839581463337864892e-03 3.585799086757990608e+02 2.545745816343643853e+01
2.635681273538560632e+00 1.815290224604702678e-03 3.587903780068728565e+02 2.586575240070545689e+01
2.641934789831782204e+00 1.778405014700361417e-03 3.600880281690140805e+02 2.625923682592765829e+01
2.648176773767660031e+00 1.853093332118325998e-03 3.615140924464487284e+02 2.802775013860132702e+01
2.654514065851063087e+00 1.823524830511773481e-03 3.605288135593220318e+02 2.829871019934764576e+01
2.660817448321032508e+00 1.798052776896779401e-03 3.602969283276450483e+02 2.797133667439687343e+01
2.667123571907564994e+00 1.844852426740933296e-03 3.602844444444444321e+02 2.943353089149755064e+01
2.673472329675100401e+00 1.839448802019330543e-03 3.579778516057585875e+02 3.002556192050358064e+01
2.679761377760365715e+00 1.786299887381436651e-03 3.555893665158371277e+02 2.978846100148238207e+01
2.686129035698236578e+00 1.877272974428747035e-03 3.483011664899257767e+02 5.272885050311651867e+01
2.692300573720700196e+00 1.798376592015874225e-03 3.513075196408530019e+02 3.373171112963196094e+01
2.698561328278970439e+00 1.798779619418457414e-03 3.490570125427594235e+02 2.948173015971530830e+01
2.704947056964875252e+00 1.860594623228957294e-03 3.457146067415730499e+02 2.933202461855827181e+01
2.711339925705444909e+00 1.826229981736538378e-03 3.396076388888889142e+02 2.930762757068570323e+01
2.717643416720191052e+00 1.774618570520191145e-03 3.330501193317422235e+02 2.772772806180573468e+01
2.723934694222051256e+00 1.823763048442502126e-03 3.270377804014167396e+02 2.662614113506608504e+01
2.730274673678132036e+00 1.841398355898408350e-03 3.201192443919716766e+02 2.614280723644006343e+01
2.736591263199737778e+00 1.788312012670147501e-03 3.141390243902438897e+02 2.553869112150975695e+01
2.742885231028380222e+00 1.844652457607765493e-03 3.071750599520383957e+02 2.416112025099248584e+01
2.749161241756704843e+00 1.804773587711254630e-03 3.022493857493857377e+02 2.393589473171299176e+01
2.755398232824302962e+00 1.776157869081165970e-03 2.972366790582403837e+02 2.304338430163913642e+01
2.761751565609168679e+00 1.857903093933079139e-03 2.932771804062126648e+02 2.331855577432779114e+01
2.768124311574730267e+00 1.813883183384283311e-03 2.911803680981595335e+02 2.329015870149230949e+01
2.774423663616722546e+00 1.776295681999270643e-03 2.894519350811485765e+02 2.376192391220921252e+01
2.780754869867226198e+00 1.842436817654598789e-03 2.872484774665042551e+02 2.526879997590003768e+01
2.787077464795406190e+00 1.805278297034774168e-03 2.874787499999999909e+02 2.556792711337781299e+01
2.793346642012575654e+00 1.793644434711254678e-03 2.867099621689785636e+02 2.612671617201840846e+01
2.799634253246212179e+00 1.838111547031318375e-03 2.842146401985111765e+02 2.754247975265443316e+01
2.805924842988945844e+00 1.808245895551135627e-03 2.860239898989898961e+02 2.665990842822393958e+01
2.812167973206011862e+00 1.789098639402584082e-03 2.875728900255754752e+02 2.663922357988957401e+01
2.818496662748549042e+00 1.874446068014908040e-03 2.870953545232273996e+02 2.762116356884622093e+01
2.824858807967614460e+00 1.791571154666717633e-03 2.915694267515923457e+02 2.689105256136938848e+01
2.831150482550185643e+00 1.815112775054883139e-03 2.943974683544303730e+02 2.789291440366995545e+01
2.837475400148095517e+00 1.850316795954077458e-03 2.987559153175591291e+02 2.881038874733905786e+01
2.843805018276897911e+00 1.786824753329564535e-03 3.057406931964056298e+02 2.952167587108356273e+01
2.850131561922547352e+00 1.845583173970813699e-03 3.103071161048688964e+02 3.061901436431423917e+01
2.856484494638581229e+00 1.841115527677602507e-03 3.177957658779576491e+02 3.044506518688950436e+01
2.862782859862781137e+00 1.780809355167121575e-03 3.249426020408163254e+02 3.072743405641235981e+01
2.869068523143336158e+00 1.847699945098150954e-03 3.294711656441717764e+02 3.201902317149584576e+01
2.875378514069953706e+00 1.802909528894259443e-03 3.365767790262172525e+02 3.136240791613856871e+01
2.881671995666307051e+00 1.819305449905813353e-03 3.410633540372670609e+02 3.254784976913157379e+01
2.887980092673573917e+00 1.848812746508326317e-03 3.451188725490196134e+02 3.389590083513942176e+01
2.894292086458025270e+00 1.795011172749967111e-03 3.499924623115578015e+02 3.294909937758840357e+01
2.900588101801901963e+00 1.834444505730529681e-03 3.508825710754017564e+02 3.397517320184657308e+01
2.906894294921833044e+00 1.834235081131648307e-03 3.546009913258984056e+02 3.459305142922438137e+01
2.913143215321425394e+00 1.775388414920497622e-03 3.568412291933418601e+02 3.480700684550613033e+01
2.919469846096636179e+00 1.902110692867622259e-03 3.563357314148681212e+02 3.557082189697001695e+01
2.925831071463227850e+00 1.799019204260941503e-03 3.594302030456852890e+02 3.476316884046472921e+01
2.932125236913744715e+00 1.849572311535908030e-03 3.587948084054388005e+02 3.626251513219767730e+01
2.938426190430696305e+00 1.829943172517629413e-03 3.606704119850187453e+02 3.680826691557726349e+01
2.944698497868602605e+00 1.792371922793937686e-03 3.630850253807106469e+02 3.749071608132403099e+01
2.951032364443879619e+00 1.872648010744969562e-03 3.608313106796116472e+02 3.983546840538755163e+01
2.957349976869245278e+00 1.772646084934545842e-03 3.626048593350383840e+02 3.957913996282325542e+01
2.963641534615172990e+00 1.843499637433317897e-03 3.593296296296296077e+02 4.269470025974856497e+01
2.969974563050315375e+00 1.835483252247156055e-03 3.586347826086956729e+02 4.369043076247520219e+01
2.976261971728969780e+00 1.784595762971840369e-03 3.561492346938775313e+02 4.406803773676294611e+01
2.982555079221103078e+00 1.856376802478345786e-03 3.477906976744185954e+02 4.714239218324495084e+01
2.988860230475899549e+00 1.767956570045068222e-03 3.453866837387964210e+02 4.583291773955313175e+01
2.995178874680174186e+00 1.856934622757372335e-03 3.377176039119804614e+02 4.723200662696073948e+01
3.001496400543723020e+00 1.797819739674591305e-03 3.352750316856780728e+02 4.651966608073933429e+01
3.007822553902104179e+00 1.849516356328991537e-03 3.304405940594059530e+02 4.724233906552802154e+01
3.014155913686516808e+00 1.844070628166239031e-03 3.253677018633540570e+02 4.698505812377798918e+01
3.020427983220980828e+00 1.780401570183770890e-03 3.224576923076922981e+02 4.579245349229700679e+01
3.026726854870708916e+00 1.864734463497724846e-03 3.347799511002444888e+02 2.776965177220449164e+02
3.033042693621903041e+00 1.790509691971886499e-03 4.400535714285714448e+02 1.569994522528617381e+03
3.039417687211595442e+00 1.892848977299335135e-03 4.616799516908212695e+02 2.067602881640489159e+03
3.045771113053035606e+00 1.809002971513908259e-03 3.471153358681875716e+02 6.311971180221416944e+02
3.052089874155329063e+00 1.844438578281415919e-03 3.063101736972704998e+02 5.675333820976599952e+01
3.058386304167925118e+00 1.824217551217444024e-03 3.011867167919799613e+02 4.799676740778983230e+01
3.064635661305841197e+00 1.781811879387494579e-03 2.987397435897435685e+02 4.679369489211985211e+01
3.070942258104439215e+00 1.879278577764203085e-03 2.933999999999999773e+02 4.851915460554077697e+01
3.077306102136554866e+00 1.789896323379901438e-03 2.911092757306226417e+02 4.823702216079907146e+01
3.083610248093582751e+00 1.842323938384468965e-03 2.853997539975399604e+02 4.908950180872462710e+01
3.089899276602742884e+00 1.781295098450355954e-03 2.834331210191082846e+02 4.826268582745520064e+01
3.096219282790054539e+00 1.849962857272845727e-03 2.767879901960784537e+02 4.884686342578108764e+01
3.102516781183005889e+00 1.793151767743564459e-03 2.752370088719898717e+02 4.836288047977920002e+01
3.108846425703184035e+00 1.844538984569745127e-03 2.694464944649446352e+02 4.870114158709688468e+01
3.115155056293756886e+00 1.812510444856532069e-03 2.657352572145545651e+02 4.875201471922770935e+01
3.121484332076036150e+00 1.832521331068808152e-03 2.609057071960297662e+02 4.927211800020294419e+01
3.127777573742708483e+00 1.818133687887086257e-03 2.558167082294264389e+02 4.964884009436328682e+01
3.134074710556275623e+00 1.800750836428910992e-03 2.521361916771752760e+02 5.014256381096427617e+01
3.140350968701055567e+00 1.840082388152106639e-03 2.453756157635467900e+02 5.049074212569860265e+01
3.146669598331559570e+00 1.795769837056059460e-03 2.424065656565656468e+02 5.006971771289293116e+01
3.152959210157879166e+00 1.842768641532451131e-03 2.358355828220858825e+02 5.135806940355235639e+01
3.159264892205651432e+00 1.791857333635609589e-03 2.345417721518987264e+02 5.090811607835247088e+01
3.165581888857809112e+00 1.858342078644047027e-03 2.280279126213592349e+02 5.125974198105168966e+01
3.171905560319084216e+00 1.782720971754531017e-03 2.298377693282636187e+02 5.126069794362058474e+01
3.178180461481988406e+00 1.828434529921516482e-03 2.272002457002456879e+02 5.170711745328170394e+01
3.184506679420991304e+00 1.810619157308176325e-03 2.319427148194271524e+02 5.043419578128757763e+01
3.190846230582273346e+00 1.831490456789015321e-03 2.313471882640586728e+02 4.963705367423381176e+01
3.197132365687451294e+00 1.780884113596707067e-03 2.367544303797468217e+02 4.741434801167486768e+01
3.203454230992797136e+00 1.862619862555806765e-03 2.356948130277442601e+02 4.600505403752108435e+01
3.209790152929830498e+00 1.796864404628749357e-03 2.389220125786163464e+02 4.419835346249380592e+01
3.216105270782768422e+00 1.849581865447865814e-03 2.362815533980582643e+02 4.234094969212863901e+01
3.222383723154825574e+00 1.773184836801974633e-03 2.372220812182740985e+02 4.028838551551459091e+01
3.228652903688512765e+00 1.829814433570467642e-03 2.326735688185140134e+02 3.934981919166570208e+01
3.234977992221026444e+00 1.801123950508762587e-03 2.320572139303482686e+02 3.855679124306909245e+01
3.241301441286830176e+00 1.830570155328411054e-03 2.272041312272174878e+02 3.912175141634388353e+01
3.247581817024004280e+00 1.774748969754167847e-03 2.255145385587863416e+02 3.890727895500851474e+01
3.253885986942128827e+00 1.868811343678552150e-03 2.203161676646706724e+02 3.980170681960164103e+01
3.260235987169183947e+00 1.804603356501592029e-03 2.168887499999999875e+02 4.075573560095563153e+01
3.266546856392692710e+00 1.857627301288636550e-03 2.078665865384615472e+02 4.324296932756576695e+01
3.272886904023045052e+00 1.792569475559808913e-03 2.027962499999999864e+02 4.575948788229606379e+01
3.279153478698136670e+00 1.837211362056317054e-03 1.936533333333333360e+02 4.912695374067462240e+01
3.285516195699416553e+00 1.819318898053023329e-03 1.878083538083538144e+02 5.084359492018391791e+01
3.291677990232397821e+00 1.824817096246810931e-03 1.851939711664482218e+02 5.251394979418593323e+01
3.298068987764390059e+00 1.863784166448585874e-03 1.823136986301369973e+02 5.274297300092015917e+01
3.304430978840338096e+00 1.814787339162488022e-03 1.768648255813953369e+02 5.340127945734239745e+01
3.310737564052387061e+00 1.817945227602999880e-03 1.722351190476190368e+02 5.323120457346004741e+01
3.317033906120231190e+00 1.800198345421728579e-03 1.672496147919876819e+02 5.251676395377395323e+01
3.323313479518194669e+00 1.810036704891648416e-03 1.627460815047022038e+02 5.167828517621627782e+01
3.329645772824664451e+00 1.853775369266378323e-03 1.595210608424336840e+02 4.984076808597665575e+01
3.335990548707715053e+00 1.826590486813650920e-03 1.538523274478330620e+02 4.687499626885205828e+01
3.342268739174953929e+00 1.807641793864574143e-03 1.505986949429037622e+02 4.496371344036550255e+01
3.348554594221377023e+00 1.807536448754866812e-03 1.468947368421052602e+02 4.282849361066121929e+01
3.354810866618635590e+00 1.798386852034845364e-03 1.437705192629815656e+02 4.051633522251405850e+01
3.361143554435736203e+00 1.860575678898459748e-03 1.433524590163934533e+02 3.994091073627926392e+01
3.367505271257411170e+00 1.829077091643749146e-03 1.404239864864864842e+02 3.861134748173610376e+01
3.373804785089639324e+00 1.803149868685275390e-03 1.385181975736568347e+02 3.732401982663645157e+01
3.380079784639911100e+00 1.805631642174917659e-03 1.362565905096660686e+02 3.627019271241336185e+01
3.386416571036835244e+00 1.843579116849991192e-03 1.349471830985915517e+02 3.621787947193708845e+01
3.392732849186819166e+00 1.821713749179523084e-03 1.332014519056261292e+02 3.531650617646781143e+01
3.399077842768783331e+00 1.840157085703132342e-03 1.303025362318840621e+02 3.405852749699553073e+01
3.405368445234043140e+00 1.771416845865005909e-03 1.288492366412213812e+02 3.434251418290805447e+01
3.411642977450664915e+00 1.840004348347408980e-03 1.275958646616541330e+02 3.390038776939369569e+01
3.417946432239648225e+00 1.816648589106147462e-03 1.258097087378640708e+02 3.335723560654830777e+01
3.424268333461439884e+00 1.838339958730071926e-03 1.234255319148936110e+02 3.184390751559820743e+01
3.430601598134079389e+00 1.799761940178920376e-03 1.211663326653306569e+02 3.170601305700271766e+01
3.436922606236269218e+00 1.844213366763177700e-03 1.207399999999999949e+02 3.226561451452614904e+01
3.443269856433799347e+00 1.834668830692703879e-03 1.194948875255623761e+02 3.188533046380372937e+01
3.449516618902171317e+00 1.769622948488585408e-03 1.172927350427350461e+02 3.116540474732365595e+01
3.455771942280530862e+00 1.817195070858158281e-03 1.143298097251585688e+02 3.022407086769125684e+01
3.462154010515302804e+00 1.866018191136946868e-03 1.160864978902953624e+02 3.194785902655396015e+01
3.468478914699885340e+00 1.799468636805881495e-03 1.123370288248337090e+02 2.988333222170577486e+01
3.474737530089159865e+00 1.798535080277152308e-03 1.103385650224215198e+02 2.882217846390197735e+01
3.481027808853469629e+00 1.828779808500339806e-03 1.121108597285067816e+02 2.965555195641178088e+01
3.487370903609774420e+00 1.855504762412056021e-03 1.097669683257918507e+02 2.841183731008208468e+01
3.493710577164840458e+00 1.791815171782784382e-03 1.081489361702127638e+02 2.689379189427539885e+01
3.499981309375833849e+00 1.817721919481020843e-03 1.075322195704057293e+02 2.623848069809984551e+01
3.506294281862427642e+00 1.840208171226962808e-03 1.059976019184652216e+02 2.555452135415368531e+01
3.512643170548069183e+00 1.819719049123772565e-03 1.035945945945945965e+02 2.300612581080016028e+01
3.518887929185086527e+00 1.780316295825717758e-03 1.027641025641025578e+02 2.202370875975516640e+01
3.525201780775713889e+00 1.871585280235478531e-03 1.030769230769230802e+02 2.320219102277414436e+01
3.531587235286628879e+00 1.812415240060859375e-03 1.005911458333333286e+02 1.933122750575711635e+01
3.537791204901774123e+00 1.765649031450039182e-03 1.002425068119891023e+02 1.750123852375154598e+01
3.544104483213670331e+00 1.881636984785636617e-03 9.915104166666667140e+01 1.641775514250566559e+01
3.550526160049383151e+00 1.823753900979235669e-03 9.748360655737704406e+01 1.481496854608841929e+01
3.556826252644191833e+00 1.805941154371571225e-03 9.579999999999999716e+01 1.354872271928035055e+01
3.563110991539715666e+00 1.831382697511484874e-03 9.572159090909090651e+01 1.379233539416004461e+01
3.569418747584309326e+00 1.819035597463529485e-03 9.487209302325581461e+01 1.366790972880589372e+01
3.575721219182565580e+00 1.815191134896390569e-03 9.417804154302670838e+01 1.360261533905153186e+01
3.582041784633743120e+00 1.836067019019354488e-03 9.416216216216216139e+01 1.333551844768266825e+01
3.588351193306853926e+00 1.816205673054769026e-03 9.383591331269349212e+01 1.279199383405180512e+01
3.594644124218077774e+00 1.816162507538995278e-03 9.339116719242902320e+01 1.223416203163039562e+01
3.600965899690116157e+00 1.832434222657099978e-03 9.317891373801917609e+01 1.250369399020416061e+01
3.607301933810233674e+00 1.823864462282996299e-03 9.314754098360656087e+01 1.246417925815470795e+01
3.613589615564896995e+00 1.801875725405921403e-03 9.276610169491524971e+01 1.189496790324094810e+01
3.619872304563952703e+00 1.819848024125704684e-03 9.372508591065292194e+01 1.153624677046279778e+01
3.626184481674183946e+00 1.827760715362539709e-03 9.550175438596491517e+01 1.203281345193624041e+01
3.632455309189269510e+00 1.797655079431180383e-03 9.625547445255475054e+01 1.224094664156559276e+01
3.638754857574894697e+00 1.841922947680418475e-03 9.703649635036497045e+01 1.175210363726002782e+01
3.645110863435991444e+00 1.833895812584415653e-03 9.825187969924812137e+01 1.169929885757403554e+01
3.651399341121458253e+00 1.797724079201825547e-03 9.941568627450980955e+01 1.202046505595670745e+01
3.657684783062496781e+00 1.823089633617003442e-03 9.989285714285713880e+01 1.189737866286599299e+01
3.663989311092172851e+00 1.817352227903809700e-03 1.003893442622950829e+02 1.189716897709046073e+01
3.670338462676961733e+00 1.852037082036360515e-03 1.004710743801652910e+02 1.117567617623374510e+01
3.676667454351053799e+00 1.802731285318214709e-03 1.006113537117903860e+02 1.041811946798342525e+01
3.682957402673964431e+00 1.831301914300888494e-03 1.003141592920353986e+02 1.128179064773323326e+01
3.689264510226057059e+00 1.810576500315507495e-03 9.924884792626727403e+01 1.137662958599348784e+01
3.695607159299667099e+00 1.851070780809128090e-03 9.781395348837209269e+01 1.165040613984612250e+01
3.701906411334345837e+00 1.786914693256676148e-03 9.758706467661691875e+01 1.211970014095422599e+01
3.708163258087520564e+00 1.825159420261267002e-03 9.621105527638191290e+01 1.279395011189547127e+01
3.714507337749332283e+00 1.833043865117713490e-03 9.377202072538860023e+01 1.370029706055202112e+01
3.720870273368275249e+00 1.842023606415223082e-03 9.296256684491979172e+01 1.376341359045112078e+01
3.727157013165883104e+00 1.785929560704693081e-03 9.074285714285714732e+01 1.335411577616673284e+01
3.733414267292576749e+00 1.823616893326991065e-03 8.720930232558139039e+01 1.299634886531971212e+01
3.739747614563589284e+00 1.832601406324968355e-03 8.631927710843373802e+01 1.225443062004328532e+01
3.746091684029914770e+00 1.828992002129592063e-03 8.495597484276729006e+01 1.102873542268266327e+01
3.752406222021260618e+00 1.812401454337024109e-03 8.320529801324502728e+01 1.045831873956305280e+01
3.758712131096641595e+00 1.823143945980814458e-03 8.191034482758620072e+01 9.783781381515236575e+00
3.765000355804634324e+00 1.809969724265664184e-03 8.089051094890510285e+01 8.519727290443166012e+00
3.771324791207556704e+00 1.846593531196991230e-03 8.040601503759398838e+01 7.239449779183471101e+00
3.777640884128447674e+00 1.800430178895984180e-03 7.931707317073170316e+01 7.245941515863807858e+00
3.783890033752419058e+00 1.812352582976840126e-03 7.835042735042735274e+01 6.846911404248755773e+00
3.790205950757557840e+00 1.839564216382759279e-03 7.891071428571429180e+01 6.917897245255842265e+00
3.796547481197723339e+00 1.823144808823023381e-03 7.806730769230769340e+01 6.700025942721124395e+00
3.802839460639445335e+00 1.822115437231795494e-03 7.780412371134021043e+01 6.399969776206667404e+00
3.809162628389719529e+00 1.835235423465040759e-03 7.698901098901099260e+01 5.428838361546826086e+00
3.815477698903783743e+00 1.813833779597889004e-03 7.601204819277108982e+01 4.627055062803645313e+00
3.821777178949230969e+00 1.830898415393102585e-03 7.497402597402597735e+01 4.072272536235463924e+00
3.828076951026545771e+00 1.795694771849016581e-03 7.430434782608695343e+01 4.315313217641518762e+00
3.834316772867639944e+00 1.791896653628349866e-03 7.291935483870967971e+01 4.237916653856752092e+00
3.840583618544390898e+00 1.820001018717854217e-03 7.194642857142856940e+01 3.435075675725234312e+00
3.846911872181034475e+00 1.824281646184678762e-03 7.091836734693877986e+01 3.649411014079892546e+00
3.853313008086272973e+00 1.880829953221405115e-03 7.013953488372092693e+01 4.240728123037461827e+00
3.859656947796285653e+00 1.787945514535103963e-03 6.982352941176471006e+01 2.811555493078064849e+00
3.865825284683709118e+00 1.773175751446867720e-03 6.803703703703703809e+01 3.144660377352201053e+00
3.872064552013789740e+00 1.858490478498285668e-03 6.866666666666667140e+01 3.246487723630345101e+00
3.878243048288448236e+00 1.738115315901965106e-03 6.730769230769230660e+01 3.329090001289599865e+00
3.884441558101385361e+00 1.990091083924331716e-03 7.157142857142856940e+01 6.428571428571429713e+00
