# q qerr I(q) I(q)err
6.111313073595031620e-02 3.154100855865873791e-03 7.475000000000000000e+01 3.123593050625892076e+01
6.800242608866982619e-02 2.110752812487300123e-03 1.178333333333333286e+02 3.071554076431741365e+01
7.478812129850326285e-02 1.894856213165734514e-03 1.105555555555555571e+02 3.356383268039469669e+01
8.081736842982174818e-02 1.577734731020807597e-03 1.128888888888888857e+02 2.809463724583943645e+01
8.706192866790804508e-02 2.018057842609979804e-03 1.126923076923076934e+02 2.053413956254228978e+01
9.311361532868518698e-02 1.734318039620741251e-03 1.110833333333333286e+02 1.860107523773827509e+01
9.924832822165428892e-02 1.939409616079583844e-03 1.066250000000000000e+02 2.709055993330517964e+01
1.056867454532435108e-01 2.068262530006435406e-03 9.975000000000000000e+01 3.105522634490583300e+01
1.120935416356093062e-01 1.699923986068800717e-03 9.211538461538461320e+01 3.114776768811310248e+01
1.177168722532570266e-01 1.903764278506084144e-03 9.246875000000000000e+01 3.206167762103224561e+01
1.242406998858587575e-01 2.007415885574503726e-03 8.978571428571429180e+01 2.673714644460025269e+01
1.307844605212421796e-01 1.948859987027574741e-03 9.289285714285713880e+01 2.340144335335767778e+01
1.372938405551752672e-01 1.976444694498947011e-03 9.374193548387096087e+01 2.363272568293794507e+01
1.433626874055373979e-01 1.479129257371093872e-03 8.968000000000000682e+01 2.158436471152208824e+01
1.497414395840910573e-01 2.132896554945924294e-03 9.062162162162162815e+01 2.029999622175728291e+01
1.562016171858009728e-01 1.470810848565314282e-03 8.770370370370370949e+01 1.934992902019073924e+01
1.620883487451751925e-01 1.817360580555445800e-03 8.736363636363635976e+01 1.891848542851913706e+01
1.684939590642719198e-01 1.975568076388520972e-03 8.662162162162162815e+01 1.870635411942150839e+01
1.749358117034872373e-01 1.810730169671130639e-03 8.802857142857142492e+01 1.796106901050157489e+01
1.813634234827302405e-01 1.982290824745188643e-03 8.943902439024390105e+01 1.762172757052777783e+01
1.877608813777307539e-01 1.710969833005861022e-03 8.948648648648648418e+01 1.931861567541310620e+01
1.936838392192468117e-01 1.708352888559126238e-03 9.007894736842105488e+01 1.978492388907267951e+01
1.998200724089964908e-01 1.901042836663710675e-03 9.174418604651162923e+01 2.048932236531321394e+01
2.064988844748374130e-01 2.083185659227047067e-03 9.172916666666667140e+01 2.490281457207420246e+01
2.131062600015138364e-01 1.923054290541973939e-03 9.497872340425531945e+01 2.284357419159684710e+01
2.193208008558340527e-01 1.649587748772136844e-03 9.767441860465116577e+01 2.519187589563661689e+01
2.255197753110727010e-01 1.943898002345461392e-03 1.003333333333333286e+02 2.571093711986592112e+01
2.319084130262620835e-01 1.853433278599466881e-03 1.053199999999999932e+02 2.922197803024292284e+01
2.380456302514551703e-01 1.717913041466973250e-03 1.125625000000000000e+02 3.467419038949095267e+01
2.441826744061198484e-01 1.910984005326162374e-03 1.223818181818181756e+02 4.165472005042572334e+01
2.508567628905887248e-01 1.865639566994751813e-03 1.206612903225806406e+02 5.945838181058932292e+01
2.571616352083493928e-01 2.042758540577210586e-03 1.249756097560975547e+02 6.951161745587954499e+01
2.636090936505812721e-01 1.759536909171210452e-03 1.390259740259740227e+02 7.893964273508287022e+01
2.696276322290375727e-01 1.767913466712890637e-03 1.542624999999999886e+02 8.535482924240430691e+01
2.756934411426098519e-01 1.847457432374286813e-03 1.704523809523809632e+02 8.908377958180996359e+01
2.820483295007140123e-01 1.942127748479487680e-03 1.731123595505617914e+02 8.631364212900261634e+01
2.885873542857223528e-01 1.999902870285049771e-03 1.628526315789473813e+02 7.158908983870040288e+01
2.950059364807982032e-01 1.753155416080761590e-03 1.396511627906976685e+02 5.326537184466223351e+01
3.012776628394395750e-01 1.916275679195857595e-03 1.215368421052631618e+02 3.845614835446196622e+01
3.076468654533095481e-01 1.858480647863890167e-03 1.061290322580645125e+02 2.827335472812484340e+01
3.139397285054469910e-01 1.849733180513128640e-03 9.932978723404255561e+01 2.413263579589309060e+01
3.202097007249891103e-01 1.889977811219999311e-03 9.580612244897959329e+01 2.268396953730055188e+01
3.264390569218261762e-01 1.757358001834326191e-03 9.543010752688172715e+01 2.178048495329144529e+01
3.326951465344144543e-01 1.930481388006281569e-03 9.719230769230769340e+01 2.074092622594418245e+01
3.390239669727912464e-01 1.785238221274862988e-03 9.654081632653061718e+01 2.071942733011613669e+01
3.452290355408559885e-01 1.822729964848564038e-03 9.804901960784313530e+01 2.029990918591891713e+01
3.515217579766085620e-01 1.894166946962649433e-03 9.876190476190475920e+01 1.977246992394789160e+01
3.581115149106128270e-01 1.984833837990382030e-03 1.000265486725663777e+02 1.951150033073412260e+01
3.646365217867122976e-01 1.807385512883236643e-03 1.017570093457943869e+02 1.949201591937773870e+01
3.707522342694583029e-01 1.646676631311451595e-03 1.023799999999999955e+02 1.996345160537125096e+01
3.768404479121448269e-01 1.835047814059704218e-03 1.043063063063063112e+02 1.918752689158356262e+01
3.831651369708888866e-01 1.834489868729198949e-03 1.034504504504504467e+02 1.798170439764807327e+01
3.894643253735652899e-01 1.853753096359237081e-03 1.036548672566371749e+02 1.641691192822165490e+01
3.958807651630259494e-01 1.912159574900255954e-03 1.035999999999999943e+02 1.598186472224064758e+01
4.022473572087105209e-01 1.746533598099251966e-03 1.046036036036036023e+02 1.573174966133348640e+01
4.083991683103055381e-01 1.862831917861469243e-03 1.062436974789915922e+02 1.491944094931969467e+01
4.147868792651558945e-01 1.850918924272050396e-03 1.066198347107438025e+02 1.483884009840920015e+01
4.211381020132339281e-01 1.813003092898375071e-03 1.075950413223140458e+02 1.432755885331381052e+01
4.273404438934948479e-01 1.765577699919095717e-03 1.081092436974789877e+02 1.373815427881378426e+01
4.337195733954657406e-01 1.911235613422362228e-03 1.091076923076923038e+02 1.304949159045021112e+01
4.400834723796714920e-01 1.795304431444431784e-03 1.095241935483871032e+02 1.314511181467039869e+01
4.463380503116383125e-01 1.781136916513354146e-03 1.098888888888888857e+02 1.320123050221026695e+01
4.525475293404462862e-01 1.782735370135076804e-03 1.093779527559055111e+02 1.265385199217773327e+01
4.588781844142776345e-01 1.863542184770878652e-03 1.080149253731343322e+02 1.201242673564775210e+01
4.652813857520213814e-01 1.809454061223974295e-03 1.078421052631578902e+02 1.138576023851474517e+01
4.715886271752884884e-01 1.786725641485754782e-03 1.068059701492537243e+02 1.198561363818327052e+01
4.778700308571910971e-01 1.749120838384908864e-03 1.072255639097744364e+02 1.257891141476779140e+01
4.841075358786299798e-01 1.812598873705853009e-03 1.081159420289855007e+02 1.358234704418692829e+01
4.904685449060671165e-01 1.813034819841214708e-03 1.088928571428571388e+02 1.509784414938715003e+01
4.967988078032400945e-01 1.775169993053363985e-03 1.103333333333333286e+02 1.617362941383521147e+01
5.030461340587593089e-01 1.710738770771227935e-03 1.111956521739130466e+02 1.778431833318132149e+01
5.093789740337634209e-01 1.844995629980458740e-03 1.127583892617449663e+02 1.832079179780596334e+01
5.157895609665918979e-01 1.772173611217854692e-03 1.141369863013698591e+02 1.946007455748046766e+01
5.220653538623039047e-01 1.710912446064493482e-03 1.156573426573426531e+02 1.984694356220394340e+01
5.282420832211931483e-01 1.776221308977217429e-03 1.183445945945945965e+02 2.011080291082487648e+01
5.345849814872509764e-01 1.797460663252185451e-03 1.220789473684210549e+02 2.189134826384305299e+01
5.409400198384390901e-01 1.769240412124692928e-03 1.268169934640522882e+02 2.426941548890135891e+01
5.471612929737256215e-01 1.671871176479489780e-03 1.306689189189189051e+02 2.644007067828313851e+01
5.535187503546902255e-01 1.843477994232445120e-03 1.342592592592592666e+02 2.694775127134977311e+01
5.599303633336802921e-01 1.774845713676194252e-03 1.335859872611464993e+02 2.679786035275162348e+01
5.661980099607780703e-01 1.715649351238413218e-03 1.312792207792207932e+02 2.383632945998917663e+01
5.724333289920446877e-01 1.764199560704661452e-03 1.263937499999999972e+02 1.973679740674763039e+01
5.786575496797814466e-01 1.687338640378493104e-03 1.205259740259740227e+02 1.524069272676612208e+01
5.849918082512260975e-01 1.882166412490617838e-03 1.165872093023255758e+02 1.166297038976784073e+01
5.913559560974818163e-01 1.673563701773732749e-03 1.120063694267515899e+02 9.228521284341354658e+00
5.976003341774964728e-01 1.789272139650604403e-03 1.105443786982248469e+02 8.183712189342760013e+00
6.039710484280985670e-01 1.760471037718898532e-03 1.103214285714285694e+02 7.386024562884789368e+00
6.103455122609070527e-01 1.778153705054047679e-03 1.105438596491228083e+02 7.344873261650722185e+00
6.165941547084902163e-01 1.709282904712068618e-03 1.101676646706586808e+02 7.014729180261236152e+00
6.227886440901039267e-01 1.708031916550016484e-03 1.098690476190476204e+02 7.391673281485507729e+00
6.292222757675741684e-01 1.895555695838723603e-03 1.090000000000000000e+02 7.069176899193113428e+00
6.355837393651907474e-01 1.609918394456906487e-03 1.069818181818181841e+02 6.672388728923263734e+00
6.417201133152361514e-01 1.735489606861494215e-03 1.050000000000000000e+02 6.058237960910023645e+00
6.480234646877054416e-01 1.746502386866512820e-03 1.021404494382022534e+02 5.790164662366781734e+00
6.543745591304535036e-01 1.808595843625667669e-03 9.947826086956521863e+01 5.329058620854068451e+00
6.607410482875138991e-01 1.776914150084337417e-03 9.763586956521739069e+01 5.163752811685415445e+00
6.669765730033264672e-01 1.670208017253243388e-03 9.650000000000000000e+01 5.433743477734128469e+00
6.731673103258457580e-01 1.796482171393593615e-03 9.532446808510638903e+01 5.053191489361704924e+00
6.795850853652600776e-01 1.822834825668488831e-03 9.434554973821990131e+01 4.592014048435028251e+00
6.858902177354958551e-01 1.747430487391250960e-03 9.380645161290323131e+01 4.306058940657481848e+00
6.921278880332987216e-01 1.765781770802452586e-03 9.347089947089946804e+01 4.430868658824192785e+00
6.985070946107704293e-01 1.847715388967816497e-03 9.300000000000000000e+01 4.173630544165584766e+00
7.048037128132643714e-01 1.757666077632949074e-03 9.267195767195767075e+01 4.236608739961746473e+00
7.109847861020758275e-01 1.767854622430342420e-03 9.246354166666667140e+01 4.026092199984717013e+00
7.172345948602801835e-01 1.822657136245004524e-03 9.224747474747475451e+01 4.361864819968966245e+00
7.236608500653414211e-01 1.906739358311473767e-03 9.191707317073171168e+01 4.541143789019683297e+00
7.299519259881649402e-01 1.814756391122580772e-03 9.138265306122448806e+01 4.329351458164746091e+00
7.362298620906445601e-01 1.872001608046580190e-03 9.095588235294117396e+01 4.474085964013148065e+00
7.427109241448597299e-01 1.961252361706546793e-03 9.083177570093458542e+01 4.756095793886923495e+00
7.489749171607754663e-01 1.795506848231544564e-03 9.083589743589743648e+01 5.276743661448698219e+00
7.553119902396251417e-01 1.968290517240121971e-03 9.080365296803653052e+01 5.027486427072681785e+00
7.617428847945948434e-01 1.878647625832918257e-03 9.045410628019322985e+01 5.875424998891086936e+00
7.679897535333021219e-01 1.889655825210407886e-03 9.060287081339713211e+01 4.752557180376992818e+00
7.742716946001383382e-01 1.890740870187222538e-03 9.024413145539905656e+01 5.181924749706237066e+00
7.806130493972306406e-01 1.874127862848933099e-03 8.979716981132075659e+01 4.857437145369717157e+00
7.869955317179381238e-01 1.962138593108325030e-03 8.912500000000000000e+01 4.801239144369771061e+00
7.933337815560531636e-01 1.823456314192357453e-03 8.923809523809524080e+01 4.784565130925016341e+00
7.995722808394026826e-01 1.873920736445982161e-03 9.011312217194570451e+01 4.829343316456697899e+00
8.059029702364099990e-01 1.855844282913126459e-03 9.079452054794521132e+01 5.449036589140937359e+00
8.122482529694946551e-01 1.899897789708842157e-03 9.145814977973567750e+01 6.254447077857759218e+00
8.185971333973350861e-01 1.831057107996742058e-03 9.202690582959641574e+01 6.813948194976292783e+00
8.248840800988579414e-01 1.805078930334647752e-03 9.231838565022421506e+01 7.318112245398568305e+00
8.311527541867054225e-01 1.843524136775542745e-03 9.200436681222707591e+01 7.646959038255087826e+00
8.375116084758876811e-01 1.829773299230467044e-03 9.124782608695652186e+01 7.151199880813688736e+00
8.438261475186588090e-01 1.817550564165925373e-03 9.062068965517241281e+01 6.531502368267390501e+00
8.500843452560248314e-01 1.755513946144033992e-03 8.902654867256637772e+01 5.958880951781934776e+00
8.563647400134730692e-01 1.844487251387733453e-03 8.713692946058091593e+01 5.266987240771110912e+00
8.626696591174244366e-01 1.710203360544058351e-03 8.455701754385964364e+01 4.486243979271662852e+00
8.689830853488446083e-01 1.844123492424595270e-03 8.291869918699187281e+01 4.046122646087516372e+00
8.753179752476163422e-01 1.741457950302257533e-03 8.128085106382978609e+01 3.698616579123366055e+00
8.815756228481118617e-01 1.752464905610253906e-03 8.032780082987551395e+01 3.683219509542705605e+00
8.877944678552249780e-01 1.716242394594354789e-03 7.981856540084388030e+01 3.813708826211978931e+00
8.941407927930166144e-01 1.839522330085644050e-03 7.920553359683793815e+01 3.597604487662487305e+00
9.005003621585947471e-01 1.752218829319661820e-03 7.867755102040815984e+01 3.588077810473293106e+00
9.067627482844141662e-01 1.720498064613873055e-03 7.783196721311475130e+01 3.382659870424272519e+00
9.130278025298368405e-01 1.789374596252915357e-03 7.725396825396825307e+01 3.149073937948533075e+00
9.193563827426239898e-01 1.786117629316656989e-03 7.683333333333332860e+01 3.125568731315933935e+00
9.256709965929463824e-01 1.773964252230773864e-03 7.630196078431372086e+01 3.299465779927170939e+00
9.319487846442510159e-01 1.740175819907428248e-03 7.576000000000000512e+01 3.391377301333486027e+00
9.382375230166524194e-01 1.835219923763222079e-03 7.568320610687023020e+01 3.328336191741468664e+00
9.445114335627492475e-01 1.754301698834087597e-03 7.525691699604743690e+01 3.331225671627212392e+00
9.507739483173833772e-01 1.796477233495237351e-03 7.498467432950191380e+01 3.447984236284818316e+00
9.571000001339345920e-01 1.844157663989784944e-03 7.456603773584905070e+01 3.618433090132785690e+00
9.634651872700409347e-01 1.860525514413665987e-03 7.446992481203007230e+01 3.869453014184104589e+00
9.697902983397413967e-01 1.869026222830578836e-03 7.456015037593985539e+01 3.121654747447101919e+00
9.761731987705594138e-01 1.898719003246270758e-03 7.446494464944649394e+01 3.083034111299472801e+00
9.824546988499620603e-01 1.850375251942234242e-03 7.393584905660377160e+01 3.224812577861750906e+00
9.887603507672997338e-01 1.885371791598095068e-03 7.368750000000000000e+01 3.268682163844519817e+00
9.951547945742836854e-01 1.923480157877882840e-03 7.330249110320283989e+01 3.404304762468918444e+00
1.001497743307979915e+00 1.816985016266823736e-03 7.315730337078652212e+01 3.192072672544919332e+00
1.007730073445106012e+00 1.872875193246743668e-03 7.329136690647482055e+01 3.085525879809025263e+00
1.014110590476311025e+00 1.881534321868284657e-03 7.312765957446808329e+01 3.287916796593989499e+00
1.020442888611849064e+00 1.823625195420996601e-03 7.264516129032257652e+01 3.494243155463899075e+00
1.026691701700078063e+00 1.782759485576686145e-03 7.197826086956521863e+01 3.562001465797572042e+00
1.033057845114525142e+00 1.884320384582664851e-03 7.161224489795918657e+01 3.711266246709287842e+00
1.039437792018165441e+00 1.793463056649077922e-03 7.134275618374557837e+01 3.666819712902079420e+00
1.045681248368910410e+00 1.745618337461533540e-03 7.094680851063829152e+01 3.633545899259019052e+00
1.051944871571292683e+00 1.801987856022948175e-03 7.033103448275862490e+01 3.484226389244835520e+00
1.058324809813473877e+00 1.829265674919061668e-03 7.000336700336700346e+01 3.323723521464749808e+00
1.064596602572098316e+00 1.714864743882408334e-03 7.026760563380281610e+01 3.216336806968747464e+00
1.070868750588993112e+00 1.792957436204007347e-03 7.036363636363635976e+01 3.307521735470399626e+00
1.077195490251847465e+00 1.798916779777443367e-03 7.062207357859531953e+01 3.340696855167592183e+00
1.083505800573759448e+00 1.740543057611223946e-03 7.054948805460750805e+01 3.512572208463228929e+00
1.089676915900379850e+00 1.748165881083384946e-03 7.024149659863945772e+01 3.428618669364640770e+00
1.096052400832523421e+00 1.863573573199493825e-03 7.011182108626198328e+01 3.417301442246381882e+00
1.102364289960501065e+00 1.744372504095847640e-03 7.027457627118644723e+01 3.776391380492933880e+00
1.108625070827478076e+00 1.829094711995288541e-03 6.997068403908794210e+01 3.889645002094094473e+00
1.114924075445366869e+00 1.842999932655674591e-03 6.756168831168831446e+01 6.770205355320696228e+00
1.121282665432693726e+00 1.762017027877181303e-03 6.870610687022900720e+01 5.069394898876513622e+00
1.127553932619258736e+00 1.851826979229859085e-03 6.896654275092936359e+01 4.816971787610635936e+00
1.133905639228342421e+00 1.803927404845938115e-03 6.940392156862745310e+01 4.666442571650248894e+00
1.140144523104706709e+00 1.820967272376473748e-03 6.984645669291339232e+01 5.196477557611309805e+00
1.146455214771981312e+00 1.831860927088285957e-03 7.049402390438247323e+01 4.164560718148223373e+00
1.152869066430118439e+00 1.902391342003174283e-03 7.171814671814671271e+01 4.069921146126387335e+00
1.159252377890596986e+00 1.791659613503928782e-03 7.304564315352696724e+01 4.240460892738100895e+00
1.165575291556828930e+00 1.872439892399787795e-03 7.441832669322708682e+01 4.019620219471286227e+00
1.171828433925186763e+00 1.747387590499659572e-03 7.516450216450216715e+01 4.605151181255899395e+00
1.178029580193284076e+00 1.845903894892485285e-03 7.574074074074074758e+01 4.215592947474402052e+00
1.184400904434957269e+00 1.829516060217846983e-03 7.575732217573221305e+01 4.499968390576200683e+00
1.190737654720273042e+00 1.816225366119703435e-03 7.600000000000000000e+01 4.294044546275789465e+00
1.196977477342464180e+00 1.780548390738201196e-03 7.645414847161572425e+01 4.428580611583211812e+00
1.203312963818603976e+00 1.874247930763579166e-03 7.704545454545454675e+01 4.672561658961752684e+00
1.209645773529357093e+00 1.750259837788138012e-03 7.711504424778760836e+01 4.960964389280064779e+00
1.215952225700388523e+00 1.837678281197498587e-03 7.651271186440678207e+01 4.564729639213608969e+00
1.222254898926581568e+00 1.775628514659025698e-03 7.308988764044943309e+01 7.535914654433963911e+00
1.228537298751265050e+00 1.780223345631782141e-03 7.430434782608695343e+01 5.424962141868432397e+00
1.234759587745337228e+00 1.795376270296014523e-03 7.383512544802867694e+01 5.230271310238139293e+00
1.241110555825225781e+00 1.895169703334604900e-03 7.337919463087249028e+01 5.051921755859158480e+00
1.247523323486311897e+00 1.874537877840588536e-03 7.269932432432432279e+01 4.626940494738977172e+00
1.253854431820907944e+00 1.857283623330970761e-03 7.239597315436242297e+01 4.664470571013501043e+00
1.260138295168494293e+00 1.856490137450314505e-03 7.212292358803986758e+01 4.815042442563678193e+00
1.266501421045549414e+00 1.881588491645209797e-03 7.225401929260449663e+01 4.441541147602029227e+00
1.272807251993681055e+00 1.824447191781883651e-03 7.219016393442622359e+01 4.283081721751943682e+00
1.279100636071537789e+00 1.831925956271344968e-03 7.257961783439490944e+01 4.152004033038110720e+00
1.285385940199903265e+00 1.796864974607813087e-03 7.334935897435897800e+01 4.948539421517384795e+00
1.291734086560349049e+00 1.833790085687247952e-03 7.606441717791410895e+01 5.924295318412131195e+00
1.297999116585571544e+00 1.712347548001254965e-03 7.966990291262135315e+01 8.083704492196146063e+00
1.304332283077917598e+00 1.862331657852500611e-03 8.387315634218289517e+01 1.155433730499882117e+01
1.310629912671008812e+00 1.689758514739712848e-03 8.871474358974359120e+01 1.667989797775524252e+01
1.316859893871710430e+00 1.807323329610554348e-03 9.280298507462686075e+01 2.124328164209506298e+01
1.323169508333509325e+00 1.772103529485381237e-03 9.584498480243161112e+01 2.510433784733164586e+01
1.329416719622044551e+00 1.761213072716576004e-03 9.791540785498489186e+01 2.745518440180549291e+01
1.335676763851219473e+00 1.808340606324402439e-03 1.001279761904761898e+02 2.918045379922271465e+01
1.342102166253144047e+00 1.916040745002256648e-03 1.023859154929577500e+02 3.062984439375748025e+01
1.348432554966731090e+00 1.804515701739407276e-03 1.037613293051359449e+02 3.169577374900428524e+01
1.354697325729501189e+00 1.895450207138361931e-03 1.019433427762039628e+02 3.054401969898454539e+01
1.361035554581970564e+00 1.836151892644552735e-03 1.023575581395348877e+02 3.052588388464592484e+01
1.367445372286436589e+00 1.911657172750392099e-03 1.011287671232876733e+02 2.978875749648619475e+01
1.373833054624600258e+00 1.794265400870382644e-03 9.944927536231884346e+01 2.921895412199411979e+01
1.380048052911932777e+00 1.791287036868802413e-03 9.523076923076922640e+01 2.675314708231168481e+01
1.386332670155489666e+00 1.806335848089170130e-03 8.955617977528089568e+01 2.259731965463583947e+01
1.392624520144640332e+00 1.796075039907524609e-03 8.327222222222222570e+01 1.816717082209039091e+01
1.398923000198597277e+00 1.771229759338340285e-03 7.787359550561797050e+01 1.379333675167498718e+01
1.405184482923453881e+00 1.808998902686751115e-03 7.356250000000000000e+01 1.049923974990984732e+01
1.411475199677901360e+00 1.734371386327675756e-03 7.012359550561797050e+01 8.142806398808628998e+00
1.417706081410672780e+00 1.817237095201347432e-03 6.751881720430107237e+01 6.579208677286763063e+00
1.424046144262549829e+00 1.816956160244514703e-03 6.542005420054201181e+01 5.881234604158425583e+00
1.430457268966005335e+00 1.925855730949348329e-03 6.368894601542416467e+01 5.161915960697159633e+00
1.436865665354877475e+00 1.843763745384080412e-03 6.235215053763440807e+01 4.862966380350379758e+00
1.443084111958556903e+00 1.831535442318516687e-03 6.087903225806451957e+01 5.056783872055972573e+00
1.449466238371406979e+00 1.910439897345804971e-03 5.994430379746835769e+01 4.618268344260586744e+00
1.455780432464144347e+00 1.769262236301017126e-03 5.932432432432432279e+01 4.415086361802765147e+00
1.462109939136078340e+00 1.873282905934200038e-03 5.868671679197994706e+01 4.182708861853912552e+00
1.468414112563870999e+00 1.734923018383166060e-03 5.832533333333333303e+01 4.104187996560480833e+00
1.474680891373796765e+00 1.804015195942032307e-03 5.847969543147208071e+01 3.951744862601143549e+00
1.480924591063775386e+00 1.742163032935032654e-03 5.814621409921671358e+01 4.112630429032541279e+00
1.487138550370334267e+00 1.742602934721402272e-03 5.786375321336760891e+01 3.899654810879424449e+00
1.493462591150057195e+00 1.833511633313982111e-03 5.776485148514851176e+01 3.888427149817934136e+00
1.499809278721849770e+00 1.805357266360340307e-03 5.786649874055415665e+01 3.899167040154540853e+00
1.506175762378094918e+00 1.888906516140883814e-03 5.797555012224938764e+01 3.807639679635961727e+00
1.512543466733061504e+00 1.879653113941155348e-03 5.776960784313725839e+01 4.265718552295398425e+00
1.518927121842702510e+00 1.865813122140227640e-03 5.763970588235294201e+01 4.179101974140531972e+00
1.525176469146275027e+00 1.826629940430822378e-03 5.763275434243175965e+01 4.056450427042455509e+00
1.531416651941075235e+00 1.798854978931840659e-03 5.747772277227722526e+01 4.102727065690749519e+00
1.537728221615372926e+00 1.856986876758172280e-03 5.723404255319148604e+01 4.063056131721619835e+00
1.544096010846849332e+00 1.769518617434322075e-03 5.697810218978101915e+01 4.190645654572151102e+00
1.550405005344789089e+00 1.809055686031393537e-03 5.691725768321513357e+01 4.005026769520552143e+00
1.556696834359960313e+00 1.740139413919524446e-03 5.680582524271844846e+01 4.080284067263403536e+00
1.562969221032702194e+00 1.804120915253569534e-03 5.680188679245283367e+01 4.052765296729356592e+00
1.569251838380229191e+00 1.803338776033149233e-03 5.692124105011933466e+01 4.032482134068898105e+00
1.575556094315494926e+00 1.863019847936644557e-03 5.745454545454545325e+01 3.983596371478697051e+00
1.581892448177514066e+00 1.865480693804838323e-03 5.789814814814814525e+01 4.366702890717718333e+00
1.588269483401412163e+00 1.861295980786164313e-03 5.822811059907834164e+01 4.485163756210444497e+00
1.594574325321363339e+00 1.830133252637398044e-03 5.908101851851851904e+01 4.599528299680419430e+00
1.600916934751582588e+00 1.832077894544300927e-03 5.977676537585421102e+01 4.660672415292038018e+00
1.607201343968552854e+00 1.780442356845074459e-03 6.089351851851851904e+01 4.883360677390823135e+00
1.613445462524496721e+00 1.775524639999344866e-03 6.211009174311926273e+01 5.102802272055153132e+00
1.619730849749851931e+00 1.787630240083115185e-03 6.339954853273138013e+01 5.503473038123541272e+00
1.625979803600224649e+00 1.755895091839796123e-03 6.483218390804597675e+01 5.637228798522015083e+00
1.632226613292544926e+00 1.821174808670054370e-03 6.621923937360179480e+01 5.819187151728921314e+00
1.638606704061473573e+00 1.894452323361247963e-03 6.711062906724511379e+01 5.869230872433059965e+00
1.645050487946952522e+00 1.887301666918968484e-03 6.763043478260870245e+01 6.353842443720330024e+00
1.651415996904310735e+00 1.851783837096881687e-03 6.793859649122806843e+01 6.387388083656757587e+00
1.657788871265904573e+00 1.852242853945953917e-03 6.844060475161987256e+01 6.391570656299855990e+00
1.664006124760511351e+00 1.741113674427757210e-03 6.882539682539682246e+01 6.490596888159256395e+00
1.670281873961185770e+00 1.842366346193471905e-03 6.886046511627907307e+01 6.077312184556906693e+00
1.676541801276667298e+00 1.721555322686186195e-03 6.874215246636771326e+01 5.989169913006137769e+00
1.682793682471841024e+00 1.824670227224382997e-03 6.829535864978902282e+01 5.748407438175624939e+00
1.689107465299970467e+00 1.791603935857043455e-03 6.806941431670281872e+01 5.920633458989822628e+00
1.695415952935033443e+00 1.877357617877282179e-03 6.774321503131524480e+01 5.499508170054009604e+00
1.701806617780016628e+00 1.875253898477295287e-03 6.716075156576199845e+01 5.462298735513832604e+00
1.708145235544118012e+00 1.851238026496159058e-03 6.567368421052631788e+01 5.101515716321777916e+00
1.714469347376187613e+00 1.845626368464784459e-03 6.433333333333332860e+01 4.843228964718980123e+00
1.720739519194126599e+00 1.771881702320935673e-03 6.273931623931623847e+01 4.619481206634871384e+00
1.726990948287859817e+00 1.820993782645452704e-03 6.156122448979591866e+01 4.651140849691088874e+00
1.733361150263370787e+00 1.784216608021570085e-03 6.024173553719008112e+01 4.370013965805441991e+00
1.739571674833123582e+00 1.760427731239605715e-03 5.902306079664570149e+01 4.166294170024654520e+00
1.745887440247851030e+00 1.853392121839796862e-03 5.763927855711423121e+01 4.395002951029096216e+00
1.752250177420427102e+00 1.860925844240075020e-03 5.673684210526315752e+01 4.484459516761029718e+00
1.758607387389414800e+00 1.864192030273802104e-03 5.592199999999999704e+01 4.722685676603938454e+00
1.764972322429467777e+00 1.851098948525789619e-03 5.521800000000000352e+01 4.344756840146519750e+00
1.771273520234028620e+00 1.808016239517707931e-03 5.439919354838709609e+01 4.225822803772844694e+00
1.777586992161852564e+00 1.807004964737956481e-03 5.382178217821782340e+01 4.182893540685510558e+00
1.783840233931820451e+00 1.746107465683986813e-03 5.296945010183299729e+01 4.262160320066545438e+00
1.790071520275328565e+00 1.795583184790444783e-03 5.256299212598425186e+01 4.141100704816302880e+00
1.796393698957722052e+00 1.819993601147859141e-03 5.183794466403161749e+01 4.091963928086864044e+00
1.802712928873270393e+00 1.883216042231023422e-03 5.115134099616858521e+01 3.851206558784781464e+00
1.809114577024696358e+00 1.850157529878445435e-03 5.060465116279069520e+01 3.914778570562460480e+00
1.815345782948464493e+00 1.803540499391122600e-03 5.030237154150197654e+01 3.874778975130076297e+00
1.821700705453981772e+00 1.863872113208649628e-03 5.013246268656716609e+01 3.846331750216617440e+00
1.828034416566336029e+00 1.759461126105644731e-03 4.980511811023622215e+01 3.889596413243990192e+00
1.834289862490237510e+00 1.817049905439401892e-03 4.966854990583804152e+01 3.709136003610963961e+00
1.840620947190598100e+00 1.780340576699249600e-03 4.941153846153846274e+01 3.532634206632470519e+00
1.846876290479544158e+00 1.833628160635640113e-03 4.921928166351607103e+01 3.625102204072717882e+00
1.853225331533147280e+00 1.864396810776891523e-03 4.898888888888888715e+01 3.603219296741667854e+00
1.859586416204100923e+00 1.843230203276794224e-03 4.865981308411215167e+01 3.463223552226494473e+00
1.865884580336470755e+00 1.827085395033201023e-03 4.857541899441341116e+01 3.504126577637503903e+00
1.872200528994375501e+00 1.799198018262535481e-03 4.868148148148148380e+01 3.512911712076607351e+00
1.878453452628845000e+00 1.760356359008985331e-03 4.876271186440678207e+01 3.486013054826020419e+00
1.884712324747962020e+00 1.805687576808031941e-03 4.877372262773722866e+01 3.430412322386681812e+00
1.891113706724730337e+00 1.861939656346446982e-03 4.875899280575539763e+01 3.623579857959385642e+00
1.897400945427566432e+00 1.833350088909791505e-03 4.854779411764705799e+01 3.801921231396107714e+00
1.903772875545957088e+00 1.875180743362649160e-03 4.846478873239436780e+01 3.945884057073483220e+00
1.910018917854334752e+00 1.739883276586547947e-03 4.819470699432892502e+01 3.807548935617731889e+00
1.916236012056648175e+00 1.833205283437960029e-03 4.800877192982456165e+01 3.596529738775417595e+00
1.922638163561010805e+00 1.793373418488206777e-03 4.794464285714285978e+01 3.678418859526799256e+00
1.928888348891847349e+00 1.792288115248428593e-03 4.787230215827337787e+01 3.741129978615915785e+00
1.935240631371640818e+00 1.865766417879262265e-03 4.765916955017301149e+01 3.586671687030150046e+00
1.941608872090050619e+00 1.856644915843207438e-03 4.753251318101933265e+01 3.546126136898000603e+00
1.947917338414854704e+00 1.837601359788319485e-03 4.760595446584938628e+01 3.225865720776330825e+00
1.954236834815996637e+00 1.805754229573221887e-03 4.724300699300699335e+01 3.225896372139846591e+00
1.960488135501994522e+00 1.772905664188001006e-03 4.674513274336283075e+01 3.450803227719344335e+00
1.966755922696415082e+00 1.810201296061439468e-03 4.630464716006884629e+01 3.536235368990826800e+00
1.973091583736556354e+00 1.814240900008777741e-03 4.611551724137930819e+01 3.407743682198998592e+00
1.979420480567132490e+00 1.865397302840512408e-03 4.583022071307300394e+01 3.253534656699325289e+00
1.985762243830389018e+00 1.849873766110382307e-03 4.523220338983050937e+01 3.306496004652784926e+00
1.992143605840229093e+00 1.840662096304069391e-03 4.496482412060301215e+01 3.276541188799290794e+00
1.998372952698491245e+00 1.738412627792555948e-03 4.427416520210896067e+01 3.259568688966353101e+00
2.004614638405731508e+00 1.821010887715033720e-03 4.372516556291390799e+01 3.242950237064575969e+00
2.010981699228176822e+00 1.807963355431743604e-03 4.370538720538720412e+01 3.482797587757066715e+00
2.017216781415232862e+00 1.822968187424302972e-03 4.361382799325463822e+01 3.346282435130616850e+00
2.023555507756473748e+00 1.866836436713831520e-03 4.346829268292682968e+01 3.774669532727442878e+00
2.029945947492921121e+00 1.842053164818473936e-03 4.327467105263158231e+01 4.045466233715241167e+00
2.036236367431154548e+00 1.802040352124230577e-03 4.310413223140496086e+01 4.369984738451869966e+00
2.042538823796997693e+00 1.786279422623429517e-03 4.250574712643678055e+01 3.331379303829486105e+00
2.048720173306640469e+00 1.747373060808409071e-03 4.218135593220338819e+01 2.912793600880940748e+00
2.055017041239767028e+00 1.892889576395914968e-03 4.200000000000000000e+01 2.927394756878171744e+00
2.061465280497128294e+00 1.850343878148330047e-03 4.157852564102564230e+01 3.131654650201108225e+00
2.067778354784032935e+00 1.826644103880053095e-03 4.155716586151368830e+01 3.250858372407532393e+00
2.074107962816127415e+00 1.810449409964311413e-03 4.149206349206349387e+01 3.240358686042352776e+00
2.080392027050733006e+00 1.757304311173108879e-03 4.129153094462540707e+01 3.318124026485624878e+00
2.086560915145909245e+00 1.789004268885935290e-03 4.109886547811993296e+01 3.216163612346579104e+00
2.092907509218693285e+00 1.897916204239676529e-03 4.081402439024390105e+01 3.110790866817177314e+00
2.099341076602548206e+00 1.841856996552926774e-03 4.055312500000000142e+01 3.196371691807367466e+00
2.105598503643897335e+00 1.780460926307301031e-03 4.059904153354632683e+01 3.025176166933143840e+00
2.111872942412509335e+00 1.813036870717739954e-03 4.033641975308641747e+01 2.970793247763494183e+00
2.118179840511383194e+00 1.773074262998883873e-03 4.018582677165354511e+01 2.821251821253055514e+00
2.124489700938873238e+00 1.854176769044688739e-03 4.006269113149846817e+01 2.851174004329876333e+00
2.130866139955553962e+00 1.876679961187130126e-03 3.975642965204235679e+01 2.932302643862930935e+00
2.137196345481136905e+00 1.803165093871285981e-03 3.979256965944272650e+01 2.870798020686954999e+00
2.143477781291089013e+00 1.808033309626025679e-03 3.967022900763358706e+01 2.787770373607572516e+00
2.149749346762158453e+00 1.787076492040512573e-03 3.933333333333333570e+01 2.643137362152669034e+00
2.156014428448592479e+00 1.811767013668930289e-03 3.896042617960426213e+01 2.637953725564217144e+00
2.162388958755252943e+00 1.899773100682969557e-03 3.870364963503649847e+01 2.767260239727341808e+00
2.168776559916051561e+00 1.828625003914755194e-03 3.842492492492492318e+01 2.809564095578516607e+00
2.175079146577416189e+00 1.799027495536281414e-03 3.802686567164179365e+01 2.851431503172870752e+00
2.181358965593887422e+00 1.775037425494343461e-03 3.782680722891566205e+01 2.788992357701360447e+00
2.187625576602315824e+00 1.830837683859201127e-03 3.766715976331360594e+01 2.662410402556365074e+00
2.193923842198696850e+00 1.837507381709080519e-03 3.728340675477239330e+01 2.771150384563676017e+00
2.200310743338333541e+00 1.859271066102410235e-03 3.688091822094691707e+01 2.940343515043028155e+00
2.206637920896229677e+00 1.789161753318371274e-03 3.671111111111110858e+01 2.851738333479026277e+00
2.212855268310565560e+00 1.778695396750237757e-03 3.647569955817378684e+01 2.628669604840244034e+00
2.219155297956861617e+00 1.826812665150635666e-03 3.612661870503597328e+01 2.522127733876362132e+00
2.225534449623195243e+00 1.883537061579874895e-03 3.594358251057828113e+01 2.564179549121350821e+00
2.231816049321749151e+00 1.789850136339156059e-03 3.599706314243758953e+01 2.674179355758603549e+00
2.238124350048766420e+00 1.838516226422660244e-03 3.606005586592178958e+01 2.787761975972942619e+00
2.244461256680506001e+00 1.769483755913013904e-03 3.597684515195368959e+01 2.696303512286115645e+00
2.250672411056880762e+00 1.815340560525242463e-03 3.571736011477761963e+01 2.516812136902939478e+00
2.256976265699253581e+00 1.875232856265233962e-03 3.555248618784530379e+01 2.481021335275207740e+00
2.263404067221236105e+00 1.844596500685106652e-03 3.546418732782369432e+01 2.481899504120872457e+00
2.269740131332425914e+00 1.784620609829179342e-03 3.542574257425742701e+01 2.485680981180395932e+00
2.275928662030326066e+00 1.770462641505800294e-03 3.534472934472934469e+01 2.335139785441159965e+00
2.282234771450446509e+00 1.859120215862977580e-03 3.551355013550135453e+01 2.329229273641316045e+00
2.288651494096741512e+00 1.861574731480084791e-03 3.559158751696065082e+01 2.509590675734092446e+00
2.294929189507614264e+00 1.787386468760323059e-03 3.578792134831460459e+01 2.445692166950472313e+00
2.301123790424945526e+00 1.773889529887621910e-03 3.589999999999999858e+01 2.475631232635425505e+00
2.307427473574251042e+00 1.823767960867003161e-03 3.567253044654938776e+01 3.316507467831693035e+00
2.313824548022820782e+00 1.807223345639351721e-03 3.627637444279346113e+01 2.847503723665707032e+00
2.320154992066300714e+00 1.861695907969135875e-03 3.619082840236686138e+01 3.058738080598873754e+00
2.326479049872378635e+00 1.797363522119922990e-03 3.616795069337442214e+01 2.977796965720336697e+00
2.332811122143054305e+00 1.834923033436536115e-03 3.635562310030395139e+01 2.725858337149691391e+00
2.339146829363451641e+00 1.809933127175767861e-03 3.643956043956043800e+01 2.795871209486505471e+00
2.345346999874724947e+00 1.788822558822959720e-03 3.627009646302251156e+01 3.056513231794330654e+00
2.351591514044208964e+00 1.821961582186779451e-03 3.637637795275590236e+01 2.881770575393415079e+00
2.357940827546205931e+00 1.821480796874143165e-03 3.650474683544303645e+01 2.865798568299081861e+00
2.364269371024037891e+00 1.822839816105960298e-03 3.649358974358974450e+01 2.942958771045499411e+00
2.370575565839220911e+00 1.828742917233826173e-03 3.640353697749196016e+01 3.080932897205851173e+00
2.376891771469677561e+00 1.815523241845057745e-03 3.618932038834951470e+01 2.840711553071373796e+00
2.383240749019818416e+00 1.833462819707767054e-03 3.600803858520900036e+01 2.685847105007609148e+00
2.389601619010945921e+00 1.828185711102788165e-03 3.568403908794788038e+01 2.625478899125918364e+00
2.395961259100775731e+00 1.812604844355751544e-03 3.481875993640699818e+01 2.933864929132823818e+00
2.402160007896914973e+00 1.807533258736503850e-03 3.479701492537313356e+01 3.111171743743638363e+00
2.408453972146052724e+00 1.793232887210479852e-03 3.486549707602339510e+01 2.993777960000841620e+00
2.414771780432101167e+00 1.830638750947721858e-03 3.443472022955523926e+01 3.109598803896897135e+00
2.421058800843912895e+00 1.849123668637423033e-03 3.393635077793493338e+01 2.885870601956649573e+00
2.427397847212681370e+00 1.833909450969152099e-03 3.328888888888889142e+01 2.795631512834900079e+00
2.433701938443864954e+00 1.777285794113256248e-03 3.262728551336146410e+01 2.818179367238194732e+00
2.440001432560962691e+00 1.835928632076300280e-03 3.222571819425444772e+01 2.822128267180457950e+00
2.446276920633820851e+00 1.825543246774167941e-03 3.173727647867950452e+01 3.009054900570005575e+00
2.452612917458465880e+00 1.850886418197054181e-03 3.126127320954907063e+01 2.961465703437593966e+00
2.458937188373468086e+00 1.764090576915684772e-03 3.075890410958903942e+01 2.647905873890262551e+00
2.465235494564519847e+00 1.842465198645606636e-03 3.031968295904887611e+01 2.581039596513475143e+00
2.471581205305689810e+00 1.856761058240425245e-03 2.984736842105263221e+01 2.582364814126965946e+00
2.477865992864338285e+00 1.798850075022648308e-03 2.928229027962716202e+01 2.542170757139185167e+00
2.484122936716935737e+00 1.780971833254360159e-03 2.892470277410832225e+01 2.418454139302192107e+00
2.490467721662181333e+00 1.849468727863495983e-03 2.884418901660280810e+01 2.476411126558393239e+00
2.496849546734450254e+00 1.852734310658727887e-03 2.850702426564495440e+01 2.583526353141179399e+00
2.503105859710241798e+00 1.772860352036017325e-03 2.808047493403693906e+01 2.500177171547320221e+00
2.509322203788900918e+00 1.804578376445024500e-03 2.787179487179487225e+01 2.397394761747738023e+00
2.515643032193938478e+00 1.830400595634155535e-03 2.779345088161209176e+01 2.266256524334381517e+00
2.522012436559997628e+00 1.844427975373299751e-03 2.747642679900744511e+01 2.429279763368117795e+00
2.528376527697731913e+00 1.805263014170996501e-03 2.737060301507537829e+01 2.366283983679236869e+00
2.534662305746367750e+00 1.817191430107880853e-03 2.715617128463475893e+01 2.167364687274560886e+00
2.540923642722284104e+00 1.847774197163838152e-03 2.698514851485148469e+01 2.098681496353122622e+00
2.547222087144660030e+00 1.810867478977307979e-03 2.696163366336633516e+01 1.936099310759502146e+00
2.553540685742163419e+00 1.807658101810726481e-03 2.710036719706242181e+01 2.008205400725480594e+00
2.559925401613222018e+00 1.856915584780679824e-03 2.727664670658682766e+01 2.093151438165868239e+00
2.566280305514876403e+00 1.838802799104265022e-03 2.736198547215496291e+01 2.174062467861033632e+00
2.572544852388987113e+00 1.785952156998167010e-03 2.755460122699386361e+01 2.138996624653020984e+00
2.578799894204640619e+00 1.806472379669163885e-03 2.778839177750906941e+01 2.190381566324972606e+00
2.585123793491197919e+00 1.855120447360665906e-03 2.806345475910693210e+01 2.256375455712413380e+00
2.591472256141813091e+00 1.805120360344933915e-03 2.828963051251489702e+01 2.258320442906695202e+00
2.597744265483155957e+00 1.788819714346394623e-03 2.845083932853717101e+01 2.292448046896616187e+00
2.604038454996993934e+00 1.850630787333012181e-03 2.852564102564102555e+01 2.305982272401755573e+00
2.610374414453144443e+00 1.837105816396599096e-03 2.844935972060535434e+01 2.342847959843259886e+00
2.616634120485421100e+00 1.761050173804210722e-03 2.856324582338902118e+01 2.338510025090935862e+00
2.622940397920966227e+00 1.848634675493098997e-03 2.857679180887372183e+01 2.284424021752592626e+00
2.629323187355575353e+00 1.839581463337864892e-03 2.829109589041095774e+01 2.285316850986179649e+00
2.635681273538560632e+00 1.815290224604702678e-03 2.813172966781214157e+01 2.337008107243364385e+00
2.641934789831782204e+00 1.778405014700361417e-03 2.814436619718309984e+01 2.552129582072543368e+00
2.648176773767660031e+00 1.853093332118325998e-03 2.795039458850056491e+01 2.689444009984942596e+00
2.654514065851063087e+00 1.823524830511773481e-03 2.776949152542372801e+01 2.529095272171383968e+00
2.660817448321032508e+00 1.798052776896779401e-03 2.755176336746302468e+01 2.596695749795415065e+00
2.667123571907564994e+00 1.844852426740933296e-03 2.717111111111110944e+01 2.812041567576448742e+00
2.673472329675100401e+00 1.839448802019330543e-03 2.704761904761904745e+01 2.844045283916146083e+00
2.679761377760365715e+00 1.786299887381436651e-03 2.687330316742081493e+01 2.921422524692582900e+00
2.686129035698236578e+00 1.877272974428747035e-03 2.613785790031813505e+01 4.414885686093289685e+00
2.692300573720700196e+00 1.798376592015874225e-03 2.634006734006733907e+01 3.270158867096366162e+00
2.698561328278970439e+00 1.798779619418457414e-03 2.606385404789053695e+01 3.011662626488552430e+00
2.704947056964875252e+00 1.860594623228957294e-03 2.559887640449438351e+01 3.152562316665532993e+00
2.711339925705444909e+00 1.826229981736538378e-03 2.533449074074074048e+01 3.189186494049408793e+00
2.717643416720191052e+00 1.774618570520191145e-03 2.501312649164677637e+01 3.132680296708946877e+00
2.723934694222051256e+00 1.823763048442502126e-03 2.427508854781581960e+01 3.109033844867585827e+00
2.730274673678132036e+00 1.841398355898408350e-03 2.362101534828807559e+01 3.062699178815296630e+00
2.736591263199737778e+00 1.788312012670147501e-03 2.315975609756097597e+01 3.151312484470070174e+00
2.742885231028380222e+00 1.844652457607765493e-03 2.252877697841726601e+01 3.220203407768796655e+00
2.749161241756704843e+00 1.804773587711254630e-03 2.226044226044226093e+01 3.271695058239900700e+00
2.755398232824302962e+00 1.776157869081165970e-03 2.191449814126394102e+01 3.229168270594188428e+00
2.761751565609168679e+00 1.857903093933079139e-03 2.132497013142174325e+01 3.233067848241322650e+00
2.768124311574730267e+00 1.813883183384283311e-03 2.094601226993864884e+01 3.284200989221572886e+00
2.774423663616722546e+00 1.776295681999270643e-03 2.057927590511860316e+01 3.170910866810360940e+00
2.780754869867226198e+00 1.842436817654598789e-03 2.016321559074299685e+01 3.287353008237605678e+00
2.787077464795406190e+00 1.805278297034774168e-03 1.982124999999999915e+01 3.222820969275208114e+00
2.793346642012575654e+00 1.793644434711254678e-03 1.947162673392181631e+01 3.132847418660741567e+00
2.799634253246212179e+00 1.838111547031318375e-03 1.908560794044664988e+01 3.065087699482775374e+00
2.805924842988945844e+00 1.808245895551135627e-03 1.903409090909091006e+01 3.050731332332510259e+00
2.812167973206011862e+00 1.789098639402584082e-03 1.885294117647058698e+01 2.982674004217614527e+00
2.818496662748549042e+00 1.874446068014908040e-03 1.850611246943765309e+01 3.085769758123483086e+00
2.824858807967614460e+00 1.791571154666717633e-03 1.845350318471337658e+01 3.065527743018942708e+00
2.831150482550185643e+00 1.815112775054883139e-03 1.802405063291139342e+01 3.010649261026766332e+00
2.837475400148095517e+00 1.850316795954077458e-03 1.775840597758406147e+01 2.967001825524139491e+00
2.843805018276897911e+00 1.786824753329564535e-03 1.768035943517329756e+01 2.979409410421467452e+00
2.850131561922547352e+00 1.845583173970813699e-03 1.739076154806491914e+01 2.989804230143914054e+00
2.856484494638581229e+00 1.841115527677602507e-03 1.732627646326276505e+01 2.910846689055190506e+00
2.862782859862781137e+00 1.780809355167121575e-03 1.727423469387755262e+01 2.968652930853497018e+00
2.869068523143336158e+00 1.847699945098150954e-03 1.704171779141104182e+01 2.986600610391678234e+00
2.875378514069953706e+00 1.802909528894259443e-03 1.697378277153558201e+01 2.958603953645041251e+00
2.881671995666307051e+00 1.819305449905813353e-03 1.655031055900620984e+01 3.038421201040228947e+00
2.887980092673573917e+00 1.848812746508326317e-03 1.632965686274509665e+01 3.085515648102703068e+00
2.894292086458025270e+00 1.795011172749967111e-03 1.618090452261306567e+01 2.954455508778166983e+00
2.900588101801901963e+00 1.834444505730529681e-03 1.578368355995055694e+01 2.970586817488499065e+00
2.906894294921833044e+00 1.834235081131648307e-03 1.573234200743494426e+01 3.050162653475385177e+00
2.913143215321425394e+00 1.775388414920497622e-03 1.571702944942381563e+01 3.057741489876855567e+00
2.919469846096636179e+00 1.902110692867622259e-03 1.547721822541966397e+01 3.056530604123398387e+00
2.925831071463227850e+00 1.799019204260941503e-03 1.546319796954314718e+01 3.144852360508972655e+00
2.932125236913744715e+00 1.849572311535908030e-03 1.518046971569839343e+01 3.182312033396984763e+00
2.938426190430696305e+00 1.829943172517629413e-03 1.516978776529338369e+01 3.157552160305582056e+00
2.944698497868602605e+00 1.792371922793937686e-03 1.510025380710659881e+01 3.114193029857863504e+00
2.951032364443879619e+00 1.872648010744969562e-03 1.462378640776699079e+01 3.072347220406133950e+00
2.957349976869245278e+00 1.772646084934545842e-03 1.464194373401534577e+01 2.995816816927577619e+00
2.963641534615172990e+00 1.843499637433317897e-03 1.448024691358024718e+01 3.080537109959976316e+00
2.969974563050315375e+00 1.835483252247156055e-03 1.425962732919254705e+01 3.090558154885677755e+00
2.976261971728969780e+00 1.784595762971840369e-03 1.402678571428571352e+01 3.083544269568810670e+00
2.982555079221103078e+00 1.856376802478345786e-03 1.386291309669522676e+01 3.270450988691428140e+00
2.988860230475899549e+00 1.767956570045068222e-03 1.401920614596670944e+01 3.423338426825389913e+00
2.995178874680174186e+00 1.856934622757372335e-03 1.379217603911980383e+01 3.387461076687837913e+00
3.001496400543723020e+00 1.797819739674591305e-03 1.382256020278834008e+01 3.322729837401984909e+00
3.007822553902104179e+00 1.849516356328991537e-03 1.352846534653465405e+01 3.320517107970836435e+00
3.014155913686516808e+00 1.844070628166239031e-03 1.345093167701863379e+01 3.327424671983697291e+00
3.020427983220980828e+00 1.780401570183770890e-03 1.341153846153846096e+01 3.356644327894183544e+00
3.026726854870708916e+00 1.864734463497724846e-03 1.437408312958435275e+01 1.816603350776465220e+01
3.033042693621903041e+00 1.790509691971886499e-03 2.128316326530612201e+01 1.013511426098110348e+02
3.039417687211595442e+00 1.892848977299335135e-03 2.275241545893719675e+01 1.333283015245486922e+02
3.045771113053035606e+00 1.809002971513908259e-03 1.542332065906210481e+01 4.075395327454558014e+01
3.052089874155329063e+00 1.844438578281415919e-03 1.287841191066997482e+01 3.970262096584881828e+00
3.058386304167925118e+00 1.824217551217444024e-03 1.254887218045112718e+01 3.189138611622097219e+00
3.064635661305841197e+00 1.781811879387494579e-03 1.244102564102564124e+01 3.066094192342795566e+00
3.070942258104439215e+00 1.879278577764203085e-03 1.242787878787878775e+01 3.164650713967364748e+00
3.077306102136554866e+00 1.789896323379901438e-03 1.245743329097839869e+01 3.197000947031832574e+00
3.083610248093582751e+00 1.842323938384468965e-03 1.220295202952029534e+01 3.216982127141089887e+00
3.089899276602742884e+00 1.781295098450355954e-03 1.209426751592356730e+01 3.270621684867501155e+00
3.096219282790054539e+00 1.849962857272845727e-03 1.188112745098039191e+01 3.188011875507608117e+00
3.102516781183005889e+00 1.793151767743564459e-03 1.196451204055766837e+01 3.137929950075277752e+00
3.108846425703184035e+00 1.844538984569745127e-03 1.185116851168511687e+01 3.032996593724900158e+00
3.115155056293756886e+00 1.812510444856532069e-03 1.168632371392722646e+01 3.053530620434635523e+00
3.121484332076036150e+00 1.832521331068808152e-03 1.146029776674937928e+01 3.033659360330276833e+00
3.127777573742708483e+00 1.818133687887086257e-03 1.118204488778054895e+01 3.026607586124901328e+00
3.134074710556275623e+00 1.800750836428910992e-03 1.110718789407314055e+01 2.987784338703196596e+00
3.140350968701055567e+00 1.840082388152106639e-03 1.095935960591132918e+01 3.024248924915646786e+00
3.146669598331559570e+00 1.795769837056059460e-03 1.096212121212121282e+01 3.061620056551185076e+00
3.152959210157879166e+00 1.842768641532451131e-03 1.066012269938650370e+01 2.965137746089995030e+00
3.159264892205651432e+00 1.791857333635609589e-03 1.056582278481012693e+01 2.911053364958955836e+00
3.165581888857809112e+00 1.858342078644047027e-03 1.032645631067961212e+01 2.882721734400124802e+00
3.171905560319084216e+00 1.782720971754531017e-03 1.028390367553865659e+01 2.908989057877808815e+00
3.178180461481988406e+00 1.828434529921516482e-03 1.002825552825552791e+01 2.852727988416495108e+00
3.184506679420991304e+00 1.810619157308176325e-03 9.896637608966376121e+00 2.835093537490035676e+00
3.190846230582273346e+00 1.831490456789015321e-03 9.720048899755500571e+00 2.762084195647053431e+00
3.197132365687451294e+00 1.780884113596707067e-03 9.746835443037975111e+00 2.778104700447115771e+00
3.203454230992797136e+00 1.862619862555806765e-03 9.493365500603136553e+00 2.730939400085765190e+00
3.209790152929830498e+00 1.796864404628749357e-03 9.537106918238993813e+00 2.691984947865576849e+00
3.216105270782768422e+00 1.849581865447865814e-03 9.348300970873786753e+00 2.856687334501212927e+00
3.222383723154825574e+00 1.773184836801974633e-03 9.357868020304568546e+00 2.870389502543637672e+00
3.228652903688512765e+00 1.829814433570467642e-03 9.047503045066990879e+00 2.747204289082455730e+00
3.234977992221026444e+00 1.801123950508762587e-03 8.995024875621890459e+00 2.889975624451357916e+00
3.241301441286830176e+00 1.830570155328411054e-03 9.021871202916161181e+00 2.835855349706647210e+00
3.247581817024004280e+00 1.774748969754167847e-03 9.123893805309734262e+00 2.739647171743960996e+00
3.253885986942128827e+00 1.868811343678552150e-03 9.179640718562874113e+00 2.696245678347015229e+00
3.260235987169183947e+00 1.804603356501592029e-03 9.116250000000000853e+00 2.473182413409897418e+00
3.266546856392692710e+00 1.857627301288636550e-03 8.859375000000000000e+00 2.519015721333815350e+00
3.272886904023045052e+00 1.792569475559808913e-03 8.773749999999999716e+00 2.550201585169297402e+00
3.279153478698136670e+00 1.837211362056317054e-03 8.698181818181817349e+00 2.376283182427000540e+00
3.285516195699416553e+00 1.819318898053023329e-03 8.733415233415232848e+00 2.388517916810434460e+00
3.291677990232397821e+00 1.824817096246810931e-03 8.858453473132371414e+00 2.492865686256184876e+00
3.298068987764390059e+00 1.863784166448585874e-03 8.852054794520547887e+00 2.544097108888697445e+00
3.304430978840338096e+00 1.814787339162488022e-03 8.696220930232557933e+00 2.530685630551816168e+00
3.310737564052387061e+00 1.817945227602999880e-03 8.755952380952381375e+00 2.395659561873213050e+00
3.317033906120231190e+00 1.800198345421728579e-03 8.702619414483821814e+00 2.311060084804717807e+00
3.323313479518194669e+00 1.810036704891648416e-03 8.514106583072100776e+00 2.290051794507907523e+00
3.329645772824664451e+00 1.853775369266378323e-03 8.567862714508580169e+00 2.517293024777803367e+00
3.335990548707715053e+00 1.826590486813650920e-03 8.540930979133225520e+00 2.548800489290488525e+00
3.342268739174953929e+00 1.807641793864574143e-03 8.499184339314844294e+00 2.588640253682160441e+00
3.348554594221377023e+00 1.807536448754866812e-03 8.394736842105263719e+00 2.538408216626757863e+00
3.354810866618635590e+00 1.798386852034845364e-03 8.403685092127302525e+00 2.421330246779427320e+00
3.361143554435736203e+00 1.860575678898459748e-03 8.580327868852458906e+00 2.467209302322631359e+00
3.367505271257411170e+00 1.829077091643749146e-03 8.337837837837838606e+00 2.379803204967894548e+00
3.373804785089639324e+00 1.803149868685275390e-03 8.171577123050260738e+00 2.395904015583875779e+00
3.380079784639911100e+00 1.805631642174917659e-03 8.056239015817222793e+00 2.364149560997711674e+00
3.386416571036835244e+00 1.843579116849991192e-03 8.144366197183098066e+00 2.546851943178503497e+00
3.392732849186819166e+00 1.821713749179523084e-03 8.027223230490017514e+00 2.601346459526698851e+00
3.399077842768783331e+00 1.840157085703132342e-03 7.842391304347826164e+00 2.248643083102759288e+00
3.405368445234043140e+00 1.771416845865005909e-03 7.795801526717557550e+00 2.179426076881397556e+00
3.411642977450664915e+00 1.840004348347408980e-03 7.772556390977443996e+00 2.274098962151878123e+00
3.417946432239648225e+00 1.816648589106147462e-03 7.629126213592233086e+00 2.214599498302780134e+00
3.424268333461439884e+00 1.838339958730071926e-03 7.344294003868472309e+00 2.152799428585972397e+00
3.430601598134079389e+00 1.799761940178920376e-03 7.232464929859719227e+00 2.056451080922841790e+00
3.436922606236269218e+00 1.844213366763177700e-03 7.354000000000000092e+00 2.148346340793309661e+00
3.443269856433799347e+00 1.834668830692703879e-03 7.220858895705521086e+00 2.058136676973446821e+00
3.449516618902171317e+00 1.769622948488585408e-03 7.076923076923076650e+00 1.928368787380837945e+00
3.455771942280530862e+00 1.817195070858158281e-03 6.911205073995771997e+00 1.659861820952274858e+00
3.462154010515302804e+00 1.866018191136946868e-03 6.761603375527426074e+00 1.585018724223631548e+00
3.468478914699885340e+00 1.799468636805881495e-03 6.616407982261640619e+00 1.449256242397303884e+00
3.474737530089159865e+00 1.798535080277152308e-03 6.349775784753362906e+00 1.442301935453088158e+00
3.481027808853469629e+00 1.828779808500339806e-03 6.255656108597285048e+00 1.444576779555052370e+00
3.487370903609774420e+00 1.855504762412056021e-03 6.110859728506786936e+00 1.234568762557770372e+00
3.493710577164840458e+00 1.791815171782784382e-03 6.096926713947990351e+00 9.786406013327977327e-01
3.499981309375833849e+00 1.817721919481020843e-03 6.085918854415274026e+00 9.684680717275933048e-01
3.506294281862427642e+00 1.840208171226962808e-03 5.930455635491607147e+00 9.328968691664671908e-01
3.512643170548069183e+00 1.819719049123772565e-03 5.874692874692875044e+00 9.306202912554530915e-01
3.518887929185086527e+00 1.780316295825717758e-03 5.838461538461538147e+00 1.055706761030729579e+00
3.525201780775713889e+00 1.871585280235478531e-03 5.679900744416873870e+00 1.007893285705488751e+00
3.531587235286628879e+00 1.812415240060859375e-03 5.596354166666666963e+00 9.214335101035059372e-01
3.537791204901774123e+00 1.765649031450039182e-03 5.607629427792915955e+00 9.266068112435724702e-01
3.544104483213670331e+00 1.881636984785636617e-03 5.533854166666666963e+00 8.525295541064837890e-01
3.550526160049383151e+00 1.823753900979235669e-03 5.363387978142076129e+00 8.932546049721503678e-01
3.556826252644191833e+00 1.805941154371571225e-03 5.363380281690140805e+00 9.184912980698496376e-01
3.563110991539715666e+00 1.831382697511484874e-03 5.488636363636363313e+00 9.067975333716600250e-01
3.569418747584309326e+00 1.819035597463529485e-03 5.386627906976744207e+00 8.507266324365475585e-01
3.575721219182565580e+00 1.815191134896390569e-03 5.281899109792284719e+00 7.770855611677822683e-01
3.582041784633743120e+00 1.836067019019354488e-03 5.270270270270270174e+00 7.729393722090671659e-01
3.588351193306853926e+00 1.816205673054769026e-03 5.133126934984519885e+00 6.686446453122900646e-01
3.594644124218077774e+00 1.816162507538995278e-03 5.246056782334385105e+00 7.536527825158307881e-01
3.600965899690116157e+00 1.832434222657099978e-03 5.140575079872204078e+00 8.248443973028890541e-01
3.607301933810233674e+00 1.823864462282996299e-03 5.019672131147540739e+00 8.156293744946703228e-01
3.613589615564896995e+00 1.801875725405921403e-03 4.996610169491525255e+00 8.025240274960112608e-01
3.619872304563952703e+00 1.819848024125704684e-03 5.082474226804123418e+00 8.018515788987946591e-01
3.626184481674183946e+00 1.827760715362539709e-03 5.129824561403508731e+00 7.616379297956595851e-01
3.632455309189269510e+00 1.797655079431180383e-03 4.912408759124087254e+00 7.802540737657909231e-01
3.638754857574894697e+00 1.841922947680418475e-03 4.718978102189780977e+00 8.672472853275726701e-01
3.645110863435991444e+00 1.833895812584415653e-03 4.864661654135338686e+00 7.803808622953728458e-01
3.651399341121458253e+00 1.797724079201825547e-03 4.949019607843137436e+00 7.065138787191368452e-01
3.657684783062496781e+00 1.823089633617003442e-03 4.849206349206348854e+00 7.483289522065198485e-01
3.663989311092172851e+00 1.817352227903809700e-03 4.844262295081967373e+00 7.864795743916256354e-01
3.670338462676961733e+00 1.852037082036360515e-03 4.752066115702479721e+00 7.710571069788061394e-01
3.676667454351053799e+00 1.802731285318214709e-03 4.672489082969431884e+00 8.694453643038786428e-01
3.682957402673964431e+00 1.831301914300888494e-03 4.831858407079645978e+00 7.655250898361285472e-01
3.689264510226057059e+00 1.810576500315507495e-03 4.829493087557604092e+00 7.544666909035139257e-01
3.695607159299667099e+00 1.851070780809128090e-03 4.679069767441860428e+00 7.330563090175080676e-01
3.701906411334345837e+00 1.786914693256676148e-03 4.616915422885572440e+00 9.570877338436647452e-01
3.708163258087520564e+00 1.825159420261267002e-03 4.562814070351758566e+00 8.129839515526646743e-01
3.714507337749332283e+00 1.833043865117713490e-03 4.538860103626943143e+00 7.966816194237136273e-01
3.720870273368275249e+00 1.842023606415223082e-03 4.513368983957219527e+00 7.642757101277346532e-01
3.727157013165883104e+00 1.785929560704693081e-03 4.377142857142857224e+00 7.909694387656366343e-01
3.733414267292576749e+00 1.823616893326991065e-03 4.389534883720930480e+00 7.749369729601067736e-01
3.739747614563589284e+00 1.832601406324968355e-03 4.397590361445782747e+00 7.844752159846234418e-01
3.746091684029914770e+00 1.828992002129592063e-03 4.427672955974842672e+00 8.216638739144715986e-01
3.752406222021260618e+00 1.812401454337024109e-03 4.311258278145695400e+00 7.663542279416822867e-01
3.758712131096641595e+00 1.823143945980814458e-03 4.131034482758620285e+00 7.818694630900501208e-01
3.765000355804634324e+00 1.809969724265664184e-03 4.065693430656934559e+00 6.860148992590716643e-01
3.771324791207556704e+00 1.846593531196991230e-03 4.030075187969925032e+00 7.751292612848045271e-01
3.777640884128447674e+00 1.800430178895984180e-03 3.975609756097560954e+00 7.803607620181080007e-01
3.783890033752419058e+00 1.812352582976840126e-03 4.068376068376068133e+00 7.927091248326109119e-01
3.790205950757557840e+00 1.839564216382759279e-03 3.955357142857142794e+00 7.833772060372803381e-01
3.796547481197723339e+00 1.823144808823023381e-03 3.769230769230769162e+00 7.086740681803181952e-01
3.802839460639445335e+00 1.822115437231795494e-03 3.783505154639175139e+00 8.509371026101609781e-01
3.809162628389719529e+00 1.835235423465040759e-03 3.956043956043956200e+00 8.756800796983096324e-01
3.815477698903783743e+00 1.813833779597889004e-03 3.915662650602409478e+00 7.630416401720009345e-01
3.821777178949230969e+00 1.830898415393102585e-03 3.935064935064934932e+00 7.438962852789449132e-01
3.828076951026545771e+00 1.795694771849016581e-03 3.826086956521739246e+00 6.782237076404399323e-01
3.834316772867639944e+00 1.791896653628349866e-03 3.500000000000000000e+00 7.295601856708801014e-01
3.840583618544390898e+00 1.820001018717854217e-03 3.160714285714285587e+00 8.314604804873440003e-01
3.846911872181034475e+00 1.824281646184678762e-03 3.040816326530612290e+00 7.417461977708672549e-01
3.853313008086272973e+00 1.880829953221405115e-03 3.348837209302325757e+00 6.309144170349086922e-01
3.859656947796285653e+00 1.787945514535103963e-03 3.323529411764706065e+00 7.814900150344957774e-01
3.865825284683709118e+00 1.773175751446867720e-03 3.444444444444444642e+00 7.229341220719680550e-01
3.872064552013789740e+00 1.858490478498285668e-03 3.619047619047619069e+00 6.388765649999399443e-01
3.878243048288448236e+00 1.738115315901965106e-03 3.538461538461538325e+00 7.216024245882199928e-01
3.884441558101385361e+00 1.990091083924331716e-03 3.714285714285714413e+00 1.010152544552210818e+00
