# q qerr I(q) I(q)err
6.111313073595031620e-02 3.154100855865873791e-03 6.450000000000000000e+01 3.276448503474205864e+01
6.800242608866982619e-02 2.110752812487300123e-03 1.431666666666666572e+02 5.791372894228103974e+01
7.478812129850326285e-02 1.894856213165734514e-03 1.386666666666666572e+02 6.021504672298985383e+01
8.081736842982174818e-02 1.577734731020807597e-03 1.367777777777777715e+02 5.413802661647288517e+01
8.706192866790804508e-02 2.018057842609979804e-03 1.387692307692307736e+02 4.379943529937776248e+01
9.311361532868518698e-02 1.734318039620741251e-03 1.306666666666666572e+02 4.088941726711747293e+01
9.924832822165428892e-02 1.939409616079583844e-03 1.218125000000000000e+02 4.314093908342746886e+01
1.056867454532435108e-01 2.068262530006435406e-03 1.092083333333333286e+02 3.913606960905048027e+01
1.120935416356093062e-01 1.699923986068800717e-03 9.723076923076922640e+01 3.665737734221404054e+01
1.177168722532570266e-01 1.903764278506084144e-03 1.000937500000000000e+02 3.634849227443966413e+01
1.242406998858587575e-01 2.007415885574503726e-03 1.012857142857142918e+02 3.109719785263158087e+01
1.307844605212421796e-01 1.948859987027574741e-03 1.011785714285714306e+02 2.336915374887964347e+01
1.372938405551752672e-01 1.976444694498947011e-03 9.732258064516129537e+01 2.204108829801927527e+01
1.433626874055373979e-01 1.479129257371093872e-03 9.264000000000000057e+01 2.180678793403558302e+01
1.497414395840910573e-01 2.132896554945924294e-03 9.378378378378378954e+01 2.012666246553215288e+01
1.562016171858009728e-01 1.470810848565314282e-03 9.181481481481480955e+01 2.030680317391274770e+01
1.620883487451751925e-01 1.817360580555445800e-03 9.281818181818181301e+01 1.997553600200738444e+01
1.684939590642719198e-01 1.975568076388520972e-03 9.148648648648648418e+01 2.023826301817167916e+01
1.749358117034872373e-01 1.810730169671130639e-03 9.174285714285714732e+01 1.945282100102602385e+01
1.813634234827302405e-01 1.982290824745188643e-03 9.256097560975609895e+01 1.912899633781987419e+01
1.877608813777307539e-01 1.710969833005861022e-03 9.245945945945945255e+01 2.114023232929217144e+01
1.936838392192468117e-01 1.708352888559126238e-03 9.315789473684210975e+01 2.205150103872617606e+01
1.998200724089964908e-01 1.901042836663710675e-03 9.572093023255814614e+01 2.266662955065413598e+01
2.064988844748374130e-01 2.083185659227047067e-03 9.591666666666667140e+01 2.710380636450246428e+01
2.131062600015138364e-01 1.923054290541973939e-03 1.004680851063829721e+02 2.575505329997168502e+01
2.193208008558340527e-01 1.649587748772136844e-03 1.046046511627907023e+02 2.972700742177374167e+01
2.255197753110727010e-01 1.943898002345461392e-03 1.120392156862745168e+02 3.372668716526137445e+01
2.319084130262620835e-01 1.853433278599466881e-03 1.266800000000000068e+02 4.663036778752661604e+01
2.380456302514551703e-01 1.717913041466973250e-03 1.480625000000000000e+02 6.581585342833442098e+01
2.441826744061198484e-01 1.910984005326162374e-03 1.784181818181818073e+02 9.218931115324103587e+01
2.508567628905887248e-01 1.865639566994751813e-03 1.956290322580645125e+02 1.325181726292779842e+02
2.571616352083493928e-01 2.042758540577210586e-03 2.167560975609756042e+02 1.612170131904765640e+02
2.636090936505812721e-01 1.759536909171210452e-03 2.498311688311688386e+02 1.807107409669565072e+02
2.696276322290375727e-01 1.767913466712890637e-03 2.828500000000000227e+02 1.843737050801984481e+02
2.756934411426098519e-01 1.847457432374286813e-03 3.155000000000000000e+02 1.791484652991691746e+02
2.820483295007140123e-01 1.942127748479487680e-03 3.145056179775281180e+02 1.580382812680788902e+02
2.885873542857223528e-01 1.999902870285049771e-03 2.771263157894736651e+02 1.190666160524088610e+02
2.950059364807982032e-01 1.753155416080761590e-03 2.088953488372092977e+02 7.722956969912044656e+01
3.012776628394395750e-01 1.916275679195857595e-03 1.531789473684210634e+02 4.686566882193641703e+01
3.076468654533095481e-01 1.858480647863890167e-03 1.138064516129032313e+02 2.578578473530599524e+01
3.139397285054469910e-01 1.849733180513128640e-03 9.669148936170212494e+01 1.967197614732614497e+01
3.202097007249891103e-01 1.889977811219999311e-03 8.871428571428570820e+01 1.786020381928695500e+01
3.264390569218261762e-01 1.757358001834326191e-03 8.611827956989247923e+01 1.670419984672616209e+01
3.326951465344144543e-01 1.930481388006281569e-03 8.631730769230769340e+01 1.531930850325012194e+01
3.390239669727912464e-01 1.785238221274862988e-03 8.535714285714286120e+01 1.473433347967864826e+01
3.452290355408559885e-01 1.822729964848564038e-03 8.546078431372548323e+01 1.456116373876564118e+01
3.515217579766085620e-01 1.894166946962649433e-03 8.572380952380952124e+01 1.430774491755602895e+01
3.581115149106128270e-01 1.984833837990382030e-03 8.666371681415928663e+01 1.379941160594804295e+01
3.646365217867122976e-01 1.807385512883236643e-03 8.751401869158878810e+01 1.304852302690554389e+01
3.707522342694583029e-01 1.646676631311451595e-03 8.757999999999999829e+01 1.252355380872378632e+01
3.768404479121448269e-01 1.835047814059704218e-03 8.854054054054054745e+01 1.202928412872614139e+01
3.831651369708888866e-01 1.834489868729198949e-03 8.852252252252252163e+01 1.247636187161535659e+01
3.894643253735652899e-01 1.853753096359237081e-03 8.920353982300885320e+01 1.248770089579251064e+01
3.958807651630259494e-01 1.912159574900255954e-03 8.970000000000000284e+01 1.248495761573368767e+01
4.022473572087105209e-01 1.746533598099251966e-03 8.972972972972972627e+01 1.268879821712006795e+01
4.083991683103055381e-01 1.862831917861469243e-03 9.050420168067226712e+01 1.273064591390448186e+01
4.147868792651558945e-01 1.850918924272050396e-03 9.020661157024792942e+01 1.236966474766141744e+01
4.211381020132339281e-01 1.813003092898375071e-03 9.085123966942148854e+01 1.178112145587203052e+01
4.273404438934948479e-01 1.765577699919095717e-03 9.182352941176471006e+01 1.174559371951983167e+01
4.337195733954657406e-01 1.911235613422362228e-03 9.366153846153845564e+01 1.157210479849951845e+01
4.400834723796714920e-01 1.795304431444431784e-03 9.484677419354838435e+01 1.220884643697102234e+01
4.463380503116383125e-01 1.781136916513354146e-03 9.526984126984126533e+01 1.250844008332838442e+01
4.525475293404462862e-01 1.782735370135076804e-03 9.463779527559054827e+01 1.205563754750420991e+01
4.588781844142776345e-01 1.863542184770878652e-03 9.419402985074627566e+01 1.254042694104418310e+01
4.652813857520213814e-01 1.809454061223974295e-03 9.431578947368420529e+01 1.339819666677744259e+01
4.715886271752884884e-01 1.786725641485754782e-03 9.513432835820896116e+01 1.619487582906193879e+01
4.778700308571910971e-01 1.749120838384908864e-03 9.835338345864661846e+01 1.922497286502426306e+01
4.841075358786299798e-01 1.812598873705853009e-03 1.029347826086956559e+02 2.453736397056168173e+01
4.904685449060671165e-01 1.813034819841214708e-03 1.093642857142857139e+02 3.212117522693065297e+01
4.967988078032400945e-01 1.775169993053363985e-03 1.142695035460992870e+02 3.681639593588379711e+01
5.030461340587593089e-01 1.710738770771227935e-03 1.197318840579710155e+02 4.161894179216983503e+01
5.093789740337634209e-01 1.844995629980458740e-03 1.239932885906040241e+02 4.338070787751435375e+01
5.157895609665918979e-01 1.772173611217854692e-03 1.265890410958904084e+02 4.448040445166724766e+01
5.220653538623039047e-01 1.710912446064493482e-03 1.297132867132867204e+02 4.359965339904881887e+01
5.282420832211931483e-01 1.776221308977217429e-03 1.348986486486486456e+02 4.368548357898288970e+01
5.345849814872509764e-01 1.797460663252185451e-03 1.429802631578947398e+02 4.675467335581993211e+01
5.409400198384390901e-01 1.769240412124692928e-03 1.547516339869281126e+02 4.871279802081046029e+01
5.471612929737256215e-01 1.671871176479489780e-03 1.634729729729729684e+02 5.067546216171235329e+01
5.535187503546902255e-01 1.843477994232445120e-03 1.696851851851851904e+02 4.941950867036150896e+01
5.599303633336802921e-01 1.774845713676194252e-03 1.657388535031847141e+02 4.523808439004802295e+01
5.661980099607780703e-01 1.715649351238413218e-03 1.577337662337662323e+02 3.784622149832289750e+01
5.724333289920446877e-01 1.764199560704661452e-03 1.426875000000000000e+02 2.960311032011670207e+01
5.786575496797814466e-01 1.687338640378493104e-03 1.259285714285714306e+02 2.066588613444163869e+01
5.849918082512260975e-01 1.882166412490617838e-03 1.137500000000000000e+02 1.464661243475615038e+01
5.913559560974818163e-01 1.673563701773732749e-03 1.036560509554140168e+02 9.641035835985162450e+00
5.976003341774964728e-01 1.789272139650604403e-03 9.948520710059172245e+01 8.272610481022436346e+00
6.039710484280985670e-01 1.760471037718898532e-03 9.742261904761905100e+01 7.706837049113427263e+00
6.103455122609070527e-01 1.778153705054047679e-03 9.660818713450292705e+01 6.945635478042119892e+00
6.165941547084902163e-01 1.709282904712068618e-03 9.594011976047903545e+01 6.602186771355674999e+00
6.227886440901039267e-01 1.708031916550016484e-03 9.504761904761905100e+01 6.260546656997650672e+00
6.292222757675741684e-01 1.895555695838723603e-03 9.350267379679144142e+01 6.091218952365751171e+00
6.355837393651907474e-01 1.609918394456906487e-03 9.096969696969696884e+01 5.903167193982413963e+00
6.417201133152361514e-01 1.735489606861494215e-03 8.941011235955056691e+01 5.657088578094435327e+00
6.480234646877054416e-01 1.746502386866512820e-03 8.723595505617977608e+01 4.753074606756849896e+00
6.543745591304535036e-01 1.808595843625667669e-03 8.537500000000000000e+01 4.408798022137099260e+00
6.607410482875138991e-01 1.776914150084337417e-03 8.333695652173912549e+01 4.365406034811800673e+00
6.669765730033264672e-01 1.670208017253243388e-03 8.223295454545454675e+01 4.282417686268987111e+00
6.731673103258457580e-01 1.796482171393593615e-03 8.147340425531915287e+01 3.965503124374645694e+00
6.795850853652600776e-01 1.822834825668488831e-03 8.027748691099476730e+01 3.775486294136965792e+00
6.858902177354958551e-01 1.747430487391250960e-03 7.966129032258064058e+01 3.703618240043747623e+00
6.921278880332987216e-01 1.765781770802452586e-03 7.949735449735449322e+01 3.675131665744918674e+00
6.985070946107704293e-01 1.847715388967816497e-03 7.916161616161616621e+01 3.573181460893672945e+00
7.048037128132643714e-01 1.757666077632949074e-03 7.917989417989417689e+01 3.971501316798306647e+00
7.109847861020758275e-01 1.767854622430342420e-03 7.942708333333332860e+01 4.372264769973337017e+00
7.172345948602801835e-01 1.822657136245004524e-03 8.027272727272726627e+01 4.994717135672559927e+00
7.236608500653414211e-01 1.906739358311473767e-03 8.109268292682926926e+01 6.300728454717222426e+00
7.299519259881649402e-01 1.814756391122580772e-03 8.195918367346938282e+01 8.046304974341220273e+00
7.362298620906445601e-01 1.872001608046580190e-03 8.301470588235294201e+01 9.920757251950771405e+00
7.427109241448597299e-01 1.961252361706546793e-03 8.447196261682242380e+01 1.092408034973499298e+01
7.489749171607754663e-01 1.795506848231544564e-03 8.569743589743589496e+01 1.222205785556802304e+01
7.553119902396251417e-01 1.968290517240121971e-03 8.574885844748858688e+01 1.224464025382030741e+01
7.617428847945948434e-01 1.878647625832918257e-03 8.529951690821256705e+01 1.232426800965916946e+01
7.679897535333021219e-01 1.889655825210407886e-03 8.514832535885167886e+01 1.179399535795711706e+01
7.742716946001383382e-01 1.890740870187222538e-03 8.498122065727699237e+01 1.110574569037904702e+01
7.806130493972306406e-01 1.874127862848933099e-03 8.483490566037735903e+01 1.031806818885567090e+01
7.869955317179381238e-01 1.962138593108325030e-03 8.474553571428570820e+01 9.699788535855104143e+00
7.933337815560531636e-01 1.823456314192357453e-03 8.553333333333333144e+01 9.968474115453988205e+00
7.995722808394026826e-01 1.873920736445982161e-03 8.749773755656109131e+01 1.073471692873066097e+01
8.059029702364099990e-01 1.855844282913126459e-03 8.984474885844748826e+01 1.256155005450752071e+01
8.122482529694946551e-01 1.899897789708842157e-03 9.340528634361233173e+01 1.376807885445273349e+01
8.185971333973350861e-01 1.831057107996742058e-03 9.529596412556054474e+01 1.453706602047266472e+01
8.248840800988579414e-01 1.805078930334647752e-03 9.665022421524663798e+01 1.428903554581681945e+01
8.311527541867054225e-01 1.843524136775542745e-03 9.586899563318777950e+01 1.338283115467486972e+01
8.375116084758876811e-01 1.829773299230467044e-03 9.435217391304347245e+01 1.222769950402284600e+01
8.438261475186588090e-01 1.817550564165925373e-03 9.214224137931034875e+01 1.089100551781425530e+01
8.500843452560248314e-01 1.755513946144033992e-03 8.847345132743362228e+01 9.236042844773708183e+00
8.563647400134730692e-01 1.844487251387733453e-03 8.484647302904564015e+01 7.800459071261263588e+00
8.626696591174244366e-01 1.710203360544058351e-03 7.983771929824561653e+01 6.131895807890934691e+00
8.689830853488446083e-01 1.844123492424595270e-03 7.622357723577235333e+01 4.877743892910991086e+00
8.753179752476163422e-01 1.741457950302257533e-03 7.297872340425531945e+01 3.768781246890982484e+00
8.815756228481118617e-01 1.752464905610253906e-03 7.119917012448132709e+01 3.539720670315150475e+00
8.877944678552249780e-01 1.716242394594354789e-03 6.999578059071730252e+01 3.509475757057334278e+00
8.941407927930166144e-01 1.839522330085644050e-03 6.886956521739129755e+01 3.383034408319071318e+00
9.005003621585947471e-01 1.752218829319661820e-03 6.849387755102040387e+01 3.128365742669543703e+00
9.067627482844141662e-01 1.720498064613873055e-03 6.795901639344262435e+01 3.065907976873279761e+00
9.130278025298368405e-01 1.789374596252915357e-03 6.744444444444444287e+01 3.296021330901336199e+00
9.193563827426239898e-01 1.786117629316656989e-03 6.677380952380951840e+01 3.201488339634130931e+00
9.256709965929463824e-01 1.773964252230773864e-03 6.659215686274509949e+01 3.205495569400158562e+00
9.319487846442510159e-01 1.740175819907428248e-03 6.632399999999999807e+01 3.037815004242359951e+00
9.382375230166524194e-01 1.835219923763222079e-03 6.630152671755725180e+01 2.944448078785931067e+00
9.445114335627492475e-01 1.754301698834087597e-03 6.603162055335968716e+01 2.979361589126236165e+00
9.507739483173833772e-01 1.796477233495237351e-03 6.585823754789271334e+01 2.731687917150254385e+00
9.571000001339345920e-01 1.844157663989784944e-03 6.572075471698113347e+01 2.679803290284066275e+00
9.634651872700409347e-01 1.860525514413665987e-03 6.559398496240601162e+01 3.027284671879236999e+00
9.697902983397413967e-01 1.869026222830578836e-03 6.565413533834586701e+01 2.563358483715888703e+00
9.761731987705594138e-01 1.898719003246270758e-03 6.604797047970480151e+01 2.574659619421610923e+00
9.824546988499620603e-01 1.850375251942234242e-03 6.618867924528301216e+01 2.645576384023409666e+00
9.887603507672997338e-01 1.885371791598095068e-03 6.628676470588234793e+01 2.666457716907462583e+00
9.951547945742836854e-01 1.923480157877882840e-03 6.648042704626334398e+01 3.125274522205760519e+00
1.001497743307979915e+00 1.816985016266823736e-03 6.673033707865168651e+01 2.897315434910252119e+00
1.007730073445106012e+00 1.872875193246743668e-03 6.684172661870503873e+01 2.782187495195729277e+00
1.014110590476311025e+00 1.881534321868284657e-03 6.669503546099291214e+01 2.834981634715043164e+00
1.020442888611849064e+00 1.823625195420996601e-03 6.634767025089605852e+01 3.014673586183568510e+00
1.026691701700078063e+00 1.782759485576686145e-03 6.586956521739129755e+01 3.138802222996069258e+00
1.033057845114525142e+00 1.884320384582664851e-03 6.581632653061224403e+01 3.080494901920924011e+00
1.039437792018165441e+00 1.793463056649077922e-03 6.557950530035336101e+01 2.867227170419697213e+00
1.045681248368910410e+00 1.745618337461533540e-03 6.542553191489361097e+01 3.269438161836023315e+00
1.051944871571292683e+00 1.801987856022948175e-03 6.498620689655172100e+01 3.247774322507728240e+00
1.058324809813473877e+00 1.829265674919061668e-03 6.508080808080808310e+01 3.207284120262117177e+00
1.064596602572098316e+00 1.714864743882408334e-03 6.576408450704225572e+01 3.065573118348295267e+00
1.070868750588993112e+00 1.792957436204007347e-03 6.635690235690235284e+01 3.232060174480898329e+00
1.077195490251847465e+00 1.798916779777443367e-03 6.687290969899665072e+01 3.358234266022526615e+00
1.083505800573759448e+00 1.740543057611223946e-03 6.733105802047781197e+01 3.524762926229693338e+00
1.089676915900379850e+00 1.748165881083384946e-03 6.747278911564626469e+01 3.462508185132796790e+00
1.096052400832523421e+00 1.863573573199493825e-03 6.816613418530351964e+01 3.521511781691597509e+00
1.102364289960501065e+00 1.744372504095847640e-03 6.833898305084746028e+01 3.647353662433646448e+00
1.108625070827478076e+00 1.829094711995288541e-03 6.838436482084691193e+01 3.773311610245831282e+00
1.114924075445366869e+00 1.842999932655674591e-03 6.637987012987012747e+01 7.401065004297768368e+00
1.121282665432693726e+00 1.762017027877181303e-03 6.824045801526717980e+01 5.595149072314814731e+00
1.127553932619258736e+00 1.851826979229859085e-03 6.905947955390334414e+01 4.618577247048821555e+00
1.133905639228342421e+00 1.803927404845938115e-03 6.960392156862745594e+01 4.415036695159830771e+00
1.140144523104706709e+00 1.820967272376473748e-03 7.113385826771653342e+01 4.768079012469795153e+00
1.146455214771981312e+00 1.831860927088285957e-03 7.403187250996016644e+01 4.077817209848103808e+00
1.152869066430118439e+00 1.902391342003174283e-03 7.800386100386100452e+01 4.482914799159702923e+00
1.159252377890596986e+00 1.791659613503928782e-03 8.166804979253112151e+01 4.529805411626337985e+00
1.165575291556828930e+00 1.872439892399787795e-03 8.547808764940239712e+01 4.544646853035912315e+00
1.171828433925186763e+00 1.747387590499659572e-03 8.788311688311688386e+01 5.358864999332457302e+00
1.178029580193284076e+00 1.845903894892485285e-03 8.992181069958847672e+01 5.489772088934430805e+00
1.184400904434957269e+00 1.829516060217846983e-03 9.143096234309624037e+01 5.554613537620664232e+00
1.190737654720273042e+00 1.816225366119703435e-03 9.246835443037974755e+01 5.435265768797407304e+00
1.196977477342464180e+00 1.780548390738201196e-03 9.355021834061135166e+01 5.174771985113890693e+00
1.203312963818603976e+00 1.874247930763579166e-03 9.371900826446281485e+01 5.603500813300636985e+00
1.209645773529357093e+00 1.750259837788138012e-03 9.357079646017699304e+01 5.442758464599595669e+00
1.215952225700388523e+00 1.837678281197498587e-03 9.319491525423728717e+01 5.073288645895613236e+00
1.222254898926581568e+00 1.775628514659025698e-03 8.909363295880149280e+01 8.149757655685220925e+00
1.228537298751265050e+00 1.780223345631782141e-03 9.047101449275362484e+01 5.522430916382110588e+00
1.234759587745337228e+00 1.795376270296014523e-03 9.001433691756272992e+01 5.787131004748328422e+00
1.241110555825225781e+00 1.895169703334604900e-03 8.971812080536912504e+01 5.339494568134910857e+00
1.247523323486311897e+00 1.874537877840588536e-03 8.977027027027027373e+01 5.312577073733003807e+00
1.253854431820907944e+00 1.857283623330970761e-03 8.942281879194631244e+01 5.234804679922191895e+00
1.260138295168494293e+00 1.856490137450314505e-03 8.919933554817275478e+01 5.359265334518662272e+00
1.266501421045549414e+00 1.881588491645209797e-03 8.987459807073955176e+01 5.698757105658325273e+00
1.272807251993681055e+00 1.824447191781883651e-03 9.037049180327868214e+01 5.806583295477694584e+00
1.279100636071537789e+00 1.831925956271344968e-03 9.200318471337580206e+01 5.686334047913347511e+00
1.285385940199903265e+00 1.796864974607813087e-03 9.498717948717948900e+01 6.925643517595124088e+00
1.291734086560349049e+00 1.833790085687247952e-03 1.006779141104294411e+02 1.046259168817423379e+01
1.297999116585571544e+00 1.712347548001254965e-03 1.102071197411003283e+02 1.785241106306819248e+01
1.304332283077917598e+00 1.862331657852500611e-03 1.221179941002949789e+02 2.834029403809093850e+01
1.310629912671008812e+00 1.689758514739712848e-03 1.368717948717948616e+02 4.136422582585409202e+01
1.316859893871710430e+00 1.807323329610554348e-03 1.481402985074626883e+02 5.232757174741691841e+01
1.323169508333509325e+00 1.772103529485381237e-03 1.573465045592705280e+02 6.069911455328316663e+01
1.329416719622044551e+00 1.761213072716576004e-03 1.634078549848942714e+02 6.638966148703131864e+01
1.335676763851219473e+00 1.808340606324402439e-03 1.696636904761904816e+02 7.104522915340044165e+01
1.342102166253144047e+00 1.916040745002256648e-03 1.756929577464788679e+02 7.540279117171209577e+01
1.348432554966731090e+00 1.804515701739407276e-03 1.799003021148036225e+02 7.794191055370043841e+01
1.354697325729501189e+00 1.895450207138361931e-03 1.759830028328611888e+02 7.536723841377298072e+01
1.361035554581970564e+00 1.836151892644552735e-03 1.756337209302325562e+02 7.456754161999981534e+01
1.367445372286436589e+00 1.911657172750392099e-03 1.704684931506849352e+02 7.126730227147022845e+01
1.373833054624600258e+00 1.794265400870382644e-03 1.641478260869565133e+02 6.798383458098862775e+01
1.380048052911932777e+00 1.791287036868802413e-03 1.518660968660968535e+02 6.063812075304050353e+01
1.386332670155489666e+00 1.806335848089170130e-03 1.383398876404494331e+02 5.073804208164225571e+01
1.392624520144640332e+00 1.796075039907524609e-03 1.239722222222222285e+02 4.004163438931908559e+01
1.398923000198597277e+00 1.771229759338340285e-03 1.112050561797752835e+02 3.017464315880792469e+01
1.405184482923453881e+00 1.808998902686751115e-03 1.007527173913043441e+02 2.331758817884604795e+01
1.411475199677901360e+00 1.734371386327675756e-03 9.247191011235955216e+01 1.783658585535308916e+01
1.417706081410672780e+00 1.817237095201347432e-03 8.590053763440860735e+01 1.400203714346436712e+01
1.424046144262549829e+00 1.816956160244514703e-03 8.042276422764227561e+01 1.151862772529894841e+01
1.430457268966005335e+00 1.925855730949348329e-03 7.553213367609254192e+01 8.892442194459977856e+00
1.436865665354877475e+00 1.843763745384080412e-03 7.138978494623655990e+01 7.174452691227471313e+00
1.443084111958556903e+00 1.831535442318516687e-03 6.827688172043011150e+01 6.466779887155143847e+00
1.449466238371406979e+00 1.910439897345804971e-03 6.618734177215189618e+01 5.261352776575335177e+00
1.455780432464144347e+00 1.769262236301017126e-03 6.486216216216216424e+01 4.654794805600974250e+00
1.462109939136078340e+00 1.873282905934200038e-03 6.380952380952381020e+01 4.267770847098247167e+00
1.468414112563870999e+00 1.734923018383166060e-03 6.304266666666666907e+01 4.201066531251319347e+00
1.474680891373796765e+00 1.804015195942032307e-03 6.280710659898477388e+01 3.894597067095651788e+00
1.480924591063775386e+00 1.742163032935032654e-03 6.243864229765013363e+01 4.142610123173226633e+00
1.487138550370334267e+00 1.742602934721402272e-03 6.223136246786632597e+01 3.935668002135488841e+00
1.493462591150057195e+00 1.833511633313982111e-03 6.196534653465346310e+01 3.672037836990057258e+00
1.499809278721849770e+00 1.805357266360340307e-03 6.209068010075566946e+01 3.684273267895290083e+00
1.506175762378094918e+00 1.888906516140883814e-03 6.215647921760390915e+01 3.893490840795923003e+00
1.512543466733061504e+00 1.879653113941155348e-03 6.200000000000000000e+01 4.306857277394171568e+00
1.518927121842702510e+00 1.865813122140227640e-03 6.176960784313725839e+01 4.246715208430488886e+00
1.525176469146275027e+00 1.826629940430822378e-03 6.161042183622829072e+01 4.039951431458809417e+00
1.531416651941075235e+00 1.798854978931840659e-03 6.159653465346534773e+01 3.999019583798601563e+00
1.537728221615372926e+00 1.856986876758172280e-03 6.182978723404255561e+01 3.907794982682528229e+00
1.544096010846849332e+00 1.769518617434322075e-03 6.191727493917274927e+01 4.098277076384667872e+00
1.550405005344789089e+00 1.809055686031393537e-03 6.205437352245862570e+01 4.237010125663910998e+00
1.556696834359960313e+00 1.740139413919524446e-03 6.218689320388349273e+01 4.804123460583245908e+00
1.562969221032702194e+00 1.804120915253569534e-03 6.262264150943396146e+01 4.791463833474831624e+00
1.569251838380229191e+00 1.803338776033149233e-03 6.350357995226730168e+01 4.796142097721531883e+00
1.575556094315494926e+00 1.863019847936644557e-03 6.496037296037296471e+01 5.048779933691917243e+00
1.581892448177514066e+00 1.865480693804838323e-03 6.645370370370370949e+01 5.359209747269304103e+00
1.588269483401412163e+00 1.861295980786164313e-03 6.844009216589861921e+01 5.568877988175647609e+00
1.594574325321363339e+00 1.830133252637398044e-03 7.059953703703703809e+01 5.934113448333749652e+00
1.600916934751582588e+00 1.832077894544300927e-03 7.330296127562642994e+01 6.434532603185076916e+00
1.607201343968552854e+00 1.780442356845074459e-03 7.663194444444444287e+01 6.929725141373169528e+00
1.613445462524496721e+00 1.775524639999344866e-03 8.048853211009173947e+01 7.346507500862608175e+00
1.619730849749851931e+00 1.787630240083115185e-03 8.435214446952595324e+01 8.088033912335923503e+00
1.625979803600224649e+00 1.755895091839796123e-03 8.794712643678161612e+01 8.326074682556033224e+00
1.632226613292544926e+00 1.821174808670054370e-03 9.148545861297539261e+01 8.617024528321490351e+00
1.638606704061473573e+00 1.894452323361247963e-03 9.403253796095444272e+01 8.726321474868298012e+00
1.645050487946952522e+00 1.887301666918968484e-03 9.614130434782609314e+01 9.493471042698942597e+00
1.651415996904310735e+00 1.851783837096881687e-03 9.748245614035087669e+01 9.953107390261010323e+00
1.657788871265904573e+00 1.852242853945953917e-03 9.814254859611230586e+01 9.853432851853641594e+00
1.664006124760511351e+00 1.741113674427757210e-03 9.873922902494331311e+01 9.974315151263258628e+00
1.670281873961185770e+00 1.842366346193471905e-03 9.831712473572939359e+01 9.533378372940061851e+00
1.676541801276667298e+00 1.721555322686186195e-03 9.780941704035873840e+01 9.647208507405686362e+00
1.682793682471841024e+00 1.824670227224382997e-03 9.671729957805906963e+01 8.976626404712670038e+00
1.689107465299970467e+00 1.791603935857043455e-03 9.549023861171366434e+01 8.516246603347831012e+00
1.695415952935033443e+00 1.877357617877282179e-03 9.420041753653444516e+01 8.103835574004412123e+00
1.701806617780016628e+00 1.875253898477295287e-03 9.193110647181627826e+01 7.686261585506877658e+00
1.708145235544118012e+00 1.851238026496159058e-03 8.927578947368421325e+01 6.925794253281072343e+00
1.714469347376187613e+00 1.845626368464784459e-03 8.634989648033126741e+01 5.937252536641837608e+00
1.720739519194126599e+00 1.771881702320935673e-03 8.285683760683760113e+01 5.344592473903376550e+00
1.726990948287859817e+00 1.820993782645452704e-03 7.950816326530612344e+01 5.471629147797639980e+00
1.733361150263370787e+00 1.784216608021570085e-03 7.666735537190082539e+01 5.773999782840990136e+00
1.739571674833123582e+00 1.760427731239605715e-03 7.431865828092243476e+01 6.040027663101286137e+00
1.745887440247851030e+00 1.853392121839796862e-03 7.215831663326653711e+01 6.631837236805607994e+00
1.752250177420427102e+00 1.860925844240075020e-03 7.022469635627530238e+01 6.139782566276536180e+00
1.758607387389414800e+00 1.864192030273802104e-03 6.864199999999999591e+01 6.388984269819423467e+00
1.764972322429467777e+00 1.851098948525789619e-03 6.726800000000000068e+01 6.409267664874045423e+00
1.771273520234028620e+00 1.808016239517707931e-03 6.557661290322580783e+01 6.298787857432951220e+00
1.777586992161852564e+00 1.807004964737956481e-03 6.426138613861385807e+01 6.054171038388539650e+00
1.783840233931820451e+00 1.746107465683986813e-03 6.273523421588594573e+01 5.883858218914464366e+00
1.790071520275328565e+00 1.795583184790444783e-03 6.178937007874015563e+01 5.555775169431840688e+00
1.796393698957722052e+00 1.819993601147859141e-03 6.032608695652174191e+01 5.285060183623881969e+00
1.802712928873270393e+00 1.883216042231023422e-03 5.923180076628352708e+01 4.945330222703264056e+00
1.809114577024696358e+00 1.850157529878445435e-03 5.824806201550387641e+01 4.807636069988597605e+00
1.815345782948464493e+00 1.803540499391122600e-03 5.743280632411067188e+01 4.480887877269835506e+00
1.821700705453981772e+00 1.863872113208649628e-03 5.693283582089551942e+01 4.274297298747969265e+00
1.828034416566336029e+00 1.759461126105644731e-03 5.628543307086614078e+01 4.183746587386838911e+00
1.834289862490237510e+00 1.817049905439401892e-03 5.584557438794726636e+01 3.888072124824018871e+00
1.840620947190598100e+00 1.780340576699249600e-03 5.576153846153846416e+01 3.603468496754286488e+00
1.846876290479544158e+00 1.833628160635640113e-03 5.582230623818525572e+01 3.750518324009218141e+00
1.853225331533147280e+00 1.864396810776891523e-03 5.593518518518518334e+01 3.812422838725340046e+00
1.859586416204100923e+00 1.843230203276794224e-03 5.615514018691588660e+01 3.700537597891321973e+00
1.865884580336470755e+00 1.827085395033201023e-03 5.664990689013035308e+01 3.373914723703101082e+00
1.872200528994375501e+00 1.799198018262535481e-03 5.710370370370370097e+01 3.377840723909914633e+00
1.878453452628845000e+00 1.760356359008985331e-03 5.737664783427495507e+01 3.336734728130485106e+00
1.884712324747962020e+00 1.805687576808031941e-03 5.784671532846715536e+01 3.530619660599210174e+00
1.891113706724730337e+00 1.861939656346446982e-03 5.823021582733812807e+01 3.552980962922851482e+00
1.897400945427566432e+00 1.833350088909791505e-03 5.827941176470588402e+01 3.768534788882448527e+00
1.903772875545957088e+00 1.875180743362649160e-03 5.820774647887323994e+01 4.091319749445638365e+00
1.910018917854334752e+00 1.739883276586547947e-03 5.831379962192816890e+01 3.895182197578006544e+00
1.916236012056648175e+00 1.833205283437960029e-03 5.866491228070175623e+01 3.668658906432314737e+00
1.922638163561010805e+00 1.793373418488206777e-03 5.889821428571428896e+01 3.642530622621408476e+00
1.928888348891847349e+00 1.792288115248428593e-03 5.870143884892086561e+01 3.631184946363081423e+00
1.935240631371640818e+00 1.865766417879262265e-03 5.875605536332179923e+01 3.423246365293372673e+00
1.941608872090050619e+00 1.856644915843207438e-03 5.859753954305799795e+01 3.936989227038800720e+00
1.947917338414854704e+00 1.837601359788319485e-03 5.843957968476357223e+01 3.664833849340702887e+00
1.954236834815996637e+00 1.805754229573221887e-03 5.796503496503496677e+01 3.545721773077093353e+00
1.960488135501994522e+00 1.772905664188001006e-03 5.759292035398230070e+01 3.328600812047675550e+00
1.966755922696415082e+00 1.810201296061439468e-03 5.692943201376936457e+01 3.409775393640253061e+00
1.973091583736556354e+00 1.814240900008777741e-03 5.624655172413793025e+01 3.477511410817546889e+00
1.979420480567132490e+00 1.865397302840512408e-03 5.563157894736841769e+01 3.421366055905110226e+00
1.985762243830389018e+00 1.849873766110382307e-03 5.486271186440677639e+01 3.623076315499646149e+00
1.992143605840229093e+00 1.840662096304069391e-03 5.437520938023450867e+01 3.453526905563368388e+00
1.998372952698491245e+00 1.738412627792555948e-03 5.374692442882249566e+01 3.561980463070468783e+00
2.004614638405731508e+00 1.821010887715033720e-03 5.326158940397350960e+01 3.547205425461585460e+00
2.010981699228176822e+00 1.807963355431743604e-03 5.278282828282828376e+01 3.738904500417902010e+00
2.017216781415232862e+00 1.822968187424302972e-03 5.247217537942664478e+01 3.697285606845028827e+00
2.023555507756473748e+00 1.866836436713831520e-03 5.202276422764227704e+01 3.827946883321332816e+00
2.029945947492921121e+00 1.842053164818473936e-03 5.208388157894736992e+01 4.044734621656411733e+00
2.036236367431154548e+00 1.802040352124230577e-03 5.185289256198347374e+01 4.880008184957663531e+00
2.042538823796997693e+00 1.786279422623429517e-03 5.122988505747126453e+01 4.198882871411747431e+00
2.048720173306640469e+00 1.747373060808409071e-03 5.095593220338982832e+01 3.515054829837694239e+00
2.055017041239767028e+00 1.892889576395914968e-03 5.098904538341157888e+01 3.402087263912995763e+00
2.061465280497128294e+00 1.850343878148330047e-03 5.078365384615384670e+01 3.434034248938075073e+00
2.067778354784032935e+00 1.826644103880053095e-03 5.096457326892109307e+01 3.325639716694811732e+00
2.074107962816127415e+00 1.810449409964311413e-03 5.067460317460317754e+01 3.253561724508651221e+00
2.080392027050733006e+00 1.757304311173108879e-03 5.036156351791530739e+01 3.343059917688957050e+00
2.086560915145909245e+00 1.789004268885935290e-03 5.042949756888168622e+01 3.479882596851378018e+00
2.092907509218693285e+00 1.897916204239676529e-03 5.032317073170731447e+01 3.383471971920406940e+00
2.099341076602548206e+00 1.841856996552926774e-03 5.013750000000000284e+01 3.518264287081060537e+00
2.105598503643897335e+00 1.780460926307301031e-03 5.017731629392971371e+01 3.161139643564421231e+00
2.111872942412509335e+00 1.813036870717739954e-03 4.987500000000000000e+01 3.183859273985458760e+00
2.118179840511383194e+00 1.773074262998883873e-03 5.004881889763779412e+01 2.952520725542375324e+00
2.124489700938873238e+00 1.854176769044688739e-03 5.025535168195718683e+01 3.156133686698103791e+00
2.130866139955553962e+00 1.876679961187130126e-03 4.978668683812405504e+01 3.399454777636346403e+00
2.137196345481136905e+00 1.803165093871285981e-03 4.958823529411764497e+01 3.262522629253669315e+00
2.143477781291089013e+00 1.808033309626025679e-03 4.953587786259542014e+01 3.322475566534115465e+00
2.149749346762158453e+00 1.787076492040512573e-03 4.947926267281106050e+01 3.169543355528384954e+00
2.156014428448592479e+00 1.811767013668930289e-03 4.918417047184170343e+01 3.042044179582406915e+00
2.162388958755252943e+00 1.899773100682969557e-03 4.875182481751824781e+01 3.176226021990143256e+00
2.168776559916051561e+00 1.828625003914755194e-03 4.855255255255255520e+01 3.035627588271409660e+00
2.175079146577416189e+00 1.799027495536281414e-03 4.819552238805970035e+01 3.169251074381143951e+00
2.181358965593887422e+00 1.775037425494343461e-03 4.784638554216867590e+01 3.336584744509606626e+00
2.187625576602315824e+00 1.830837683859201127e-03 4.745710059171597806e+01 3.524893094554041539e+00
2.193923842198696850e+00 1.837507381709080519e-03 4.706020558002936838e+01 3.380342191055904610e+00
2.200310743338333541e+00 1.859271066102410235e-03 4.688378766140602494e+01 3.310014929776713632e+00
2.206637920896229677e+00 1.789161753318371274e-03 4.688444444444444770e+01 3.153803373732199766e+00
2.212855268310565560e+00 1.778695396750237757e-03 4.669366715758468445e+01 3.150841212672342184e+00
2.219155297956861617e+00 1.826812665150635666e-03 4.649640287769783953e+01 3.172325795019138361e+00
2.225534449623195243e+00 1.883537061579874895e-03 4.636107193229901213e+01 3.020831916647661153e+00
2.231816049321749151e+00 1.789850136339156059e-03 4.634214390602056000e+01 2.877229101701116676e+00
2.238124350048766420e+00 1.838516226422660244e-03 4.635055865921787444e+01 2.879653226134538446e+00
2.244461256680506001e+00 1.769483755913013904e-03 4.631693198263386080e+01 2.785612411857886439e+00
2.250672411056880762e+00 1.815340560525242463e-03 4.610760401721664437e+01 2.606425484436417417e+00
2.256976265699253581e+00 1.875232856265233962e-03 4.607320441988949966e+01 2.568184369017847857e+00
2.263404067221236105e+00 1.844596500685106652e-03 4.626170798898071723e+01 2.772488114395885273e+00
2.269740131332425914e+00 1.784620609829179342e-03 4.679773691654879997e+01 2.670726137024516778e+00
2.275928662030326066e+00 1.770462641505800294e-03 4.719800569800570145e+01 2.604695303930571360e+00
2.282234771450446509e+00 1.859120215862977580e-03 4.772899728997290225e+01 2.783889106501216570e+00
2.288651494096741512e+00 1.861574731480084791e-03 4.867299864314789914e+01 2.973164843750914166e+00
2.294929189507614264e+00 1.787386468760323059e-03 4.952528089887640306e+01 3.115084319182502171e+00
2.301123790424945526e+00 1.773889529887621910e-03 5.019444444444444287e+01 3.300036241851120877e+00
2.307427473574251042e+00 1.823767960867003161e-03 5.019756427604871618e+01 4.116594553408041257e+00
2.313824548022820782e+00 1.807223345639351721e-03 5.149479940564636138e+01 3.742000203569570971e+00
2.320154992066300714e+00 1.861695907969135875e-03 5.225000000000000000e+01 3.856716265818576961e+00
2.326479049872378635e+00 1.797363522119922990e-03 5.307241910631741177e+01 3.822863003370828849e+00
2.332811122143054305e+00 1.834923033436536115e-03 5.368541033434650700e+01 4.022271838648895148e+00
2.339146829363451641e+00 1.809933127175767861e-03 5.430769230769230660e+01 4.219637131273640485e+00
2.345346999874724947e+00 1.788822558822959720e-03 5.468971061093247243e+01 4.246391291536551371e+00
2.351591514044208964e+00 1.821961582186779451e-03 5.494803149606299542e+01 4.269325320735980256e+00
2.357940827546205931e+00 1.821480796874143165e-03 5.486392405063291022e+01 4.065749458447822207e+00
2.364269371024037891e+00 1.822839816105960298e-03 5.467307692307691980e+01 3.947163207493169512e+00
2.370575565839220911e+00 1.828742917233826173e-03 5.469292604501607968e+01 4.033828378063520681e+00
2.376891771469677561e+00 1.815523241845057745e-03 5.462783171521035541e+01 3.978304660432557149e+00
2.383240749019818416e+00 1.833462819707767054e-03 5.430064308681672003e+01 3.888121986480846726e+00
2.389601619010945921e+00 1.828185711102788165e-03 5.363029315960911703e+01 3.892427049977793985e+00
2.395961259100775731e+00 1.812604844355751544e-03 5.262162162162162105e+01 4.190717194021373437e+00
2.402160007896914973e+00 1.807533258736503850e-03 5.256567164179104168e+01 4.397620815273850958e+00
2.408453972146052724e+00 1.793232887210479852e-03 5.212280701754386314e+01 4.548601580863998350e+00
2.414771780432101167e+00 1.830638750947721858e-03 5.116642754662840531e+01 4.826971810672789687e+00
2.421058800843912895e+00 1.849123668637423033e-03 5.036067892503535859e+01 4.887907248962158668e+00
2.427397847212681370e+00 1.833909450969152099e-03 4.928333333333333144e+01 4.710137314189309699e+00
2.433701938443864954e+00 1.777285794113256248e-03 4.818565400843881719e+01 4.641535605554417465e+00
2.440001432560962691e+00 1.835928632076300280e-03 4.728043775649794611e+01 4.323573074222939461e+00
2.446276920633820851e+00 1.825543246774167941e-03 4.622558459422283050e+01 4.367761996393717538e+00
2.452612917458465880e+00 1.850886418197054181e-03 4.510344827586207117e+01 3.923511811801470461e+00
2.458937188373468086e+00 1.764090576915684772e-03 4.427808219178082538e+01 3.728238666970071780e+00
2.465235494564519847e+00 1.842465198645606636e-03 4.359445178335535331e+01 3.776463847732133949e+00
2.471581205305689810e+00 1.856761058240425245e-03 4.273815789473684390e+01 3.496169253051599757e+00
2.477865992864338285e+00 1.798850075022648308e-03 4.183488681757656735e+01 3.289688698638641995e+00
2.484122936716935737e+00 1.780971833254360159e-03 4.140819022457067433e+01 3.020904142354552402e+00
2.490467721662181333e+00 1.849468727863495983e-03 4.110089399744572347e+01 2.904202765201469916e+00
2.496849546734450254e+00 1.852734310658727887e-03 4.063218390804597391e+01 2.947107409139156697e+00
2.503105859710241798e+00 1.772860352036017325e-03 4.029683377308707293e+01 2.988215472186871224e+00
2.509322203788900918e+00 1.804578376445024500e-03 4.004358974358974166e+01 3.076495162552201457e+00
2.515643032193938478e+00 1.830400595634155535e-03 3.976574307304785805e+01 2.960741013401583022e+00
2.522012436559997628e+00 1.844427975373299751e-03 3.946526054590570709e+01 2.888325211233186973e+00
2.528376527697731913e+00 1.805263014170996501e-03 3.954396984924623126e+01 2.636000526419418843e+00
2.534662305746367750e+00 1.817191430107880853e-03 3.985138539042821293e+01 2.570985869150486991e+00
2.540923642722284104e+00 1.847774197163838152e-03 4.005074257425742701e+01 2.768048401269283865e+00
2.547222087144660030e+00 1.810867478977307979e-03 4.007178217821782340e+01 2.481592733478531709e+00
2.553540685742163419e+00 1.807658101810726481e-03 4.020073439412484362e+01 2.514408976586613775e+00
2.559925401613222018e+00 1.856915584780679824e-03 4.073652694610778724e+01 2.482217584707697267e+00
2.566280305514876403e+00 1.838802799104265022e-03 4.129297820823244791e+01 2.389036766753643182e+00
2.572544852388987113e+00 1.785952156998167010e-03 4.203680981595091737e+01 2.340083506280264736e+00
2.578799894204640619e+00 1.806472379669163885e-03 4.276783555018138117e+01 2.482390766822981654e+00
2.585123793491197919e+00 1.855120447360665906e-03 4.345240893066979737e+01 2.500828293014762504e+00
2.591472256141813091e+00 1.805120360344933915e-03 4.437783075089392071e+01 2.570949255577152925e+00
2.597744265483155957e+00 1.788819714346394623e-03 4.500599520383693175e+01 2.630747907986867862e+00
2.604038454996993934e+00 1.850630787333012181e-03 4.546736596736596425e+01 2.639809454223533081e+00
2.610374414453144443e+00 1.837105816396599096e-03 4.597322467986030148e+01 2.714244190880034324e+00
2.616634120485421100e+00 1.761050173804210722e-03 4.641766109785202588e+01 2.670942437529092217e+00
2.622940397920966227e+00 1.848634675493098997e-03 4.690671217292377548e+01 2.740015925140912412e+00
2.629323187355575353e+00 1.839581463337864892e-03 4.716210045662100470e+01 2.913937503759794101e+00
2.635681273538560632e+00 1.815290224604702678e-03 4.711340206185567325e+01 3.029614539641402260e+00
2.641934789831782204e+00 1.778405014700361417e-03 4.707159624413145593e+01 3.101132654156578017e+00
2.648176773767660031e+00 1.853093332118325998e-03 4.705749718151071193e+01 3.301997130794487312e+00
2.654514065851063087e+00 1.823524830511773481e-03 4.707005649717514473e+01 3.198644937966346635e+00
2.660817448321032508e+00 1.798052776896779401e-03 4.689647326507395064e+01 3.098033348134112686e+00
2.667123571907564994e+00 1.844852426740933296e-03 4.660111111111110915e+01 3.236321643127860970e+00
2.673472329675100401e+00 1.839448802019330543e-03 4.652048726467331363e+01 3.443241968312098500e+00
2.679761377760365715e+00 1.786299887381436651e-03 4.624773755656108420e+01 3.421550218349153738e+00
2.686129035698236578e+00 1.877272974428747035e-03 4.473488865323435704e+01 6.979021514971010198e+00
2.692300573720700196e+00 1.798376592015874225e-03 4.494163860830527568e+01 4.005034268358977911e+00
2.698561328278970439e+00 1.798779619418457414e-03 4.470923603192702700e+01 3.292568672847988598e+00
2.704947056964875252e+00 1.860594623228957294e-03 4.409325842696629394e+01 3.212922085066249434e+00
2.711339925705444909e+00 1.826229981736538378e-03 4.334259259259259522e+01 3.195036512496610914e+00
2.717643416720191052e+00 1.774618570520191145e-03 4.229952267303102786e+01 3.141097077349635391e+00
2.723934694222051256e+00 1.823763048442502126e-03 4.124911452184179694e+01 3.100003037362495828e+00
2.730274673678132036e+00 1.841398355898408350e-03 4.047107438016529102e+01 3.222836240293991850e+00
2.736591263199737778e+00 1.788312012670147501e-03 3.945853658536585584e+01 3.100560291712787020e+00
2.742885231028380222e+00 1.844652457607765493e-03 3.848681055155875441e+01 3.135401963953265536e+00
2.749161241756704843e+00 1.804773587711254630e-03 3.775921375921375756e+01 3.268223358280944790e+00
2.755398232824302962e+00 1.776157869081165970e-03 3.692812887236679131e+01 3.228351711795868439e+00
2.761751565609168679e+00 1.857903093933079139e-03 3.605376344086021589e+01 3.234859856291655511e+00
2.768124311574730267e+00 1.813883183384283311e-03 3.535705521472392832e+01 3.083391883367614827e+00
2.774423663616722546e+00 1.776295681999270643e-03 3.464169787765293052e+01 3.017388017457348859e+00
2.780754869867226198e+00 1.842436817654598789e-03 3.408282582216808976e+01 3.105229307126169402e+00
2.787077464795406190e+00 1.805278297034774168e-03 3.352000000000000313e+01 3.074735761004510515e+00
2.793346642012575654e+00 1.793644434711254678e-03 3.291677175283732737e+01 2.966271879285722335e+00
2.799634253246212179e+00 1.838111547031318375e-03 3.214764267990074131e+01 3.084737535390619012e+00
2.805924842988945844e+00 1.808245895551135627e-03 3.186363636363636331e+01 3.163702034033376798e+00
2.812167973206011862e+00 1.789098639402584082e-03 3.157672634271099810e+01 3.056265449603482232e+00
2.818496662748549042e+00 1.874446068014908040e-03 3.087897310513447380e+01 3.047283713803576877e+00
2.824858807967614460e+00 1.791571154666717633e-03 3.059363057324840796e+01 2.873990940825733809e+00
2.831150482550185643e+00 1.815112775054883139e-03 3.011265822784810098e+01 2.934967292412444362e+00
2.837475400148095517e+00 1.850316795954077458e-03 2.976089663760896542e+01 3.042221170892382531e+00
2.843805018276897911e+00 1.786824753329564535e-03 2.955070603337612312e+01 3.059172074920447404e+00
2.850131561922547352e+00 1.845583173970813699e-03 2.907865168539325751e+01 3.043407068755235922e+00
2.856484494638581229e+00 1.841115527677602507e-03 2.882814445828144301e+01 3.013690653839157907e+00
2.862782859862781137e+00 1.780809355167121575e-03 2.858290816326530503e+01 2.851600400444464167e+00
2.869068523143336158e+00 1.847699945098150954e-03 2.812760736196318945e+01 2.815569430298539455e+00
2.875378514069953706e+00 1.802909528894259443e-03 2.789513108614232095e+01 2.897130644351340045e+00
2.881671995666307051e+00 1.819305449905813353e-03 2.742111801242236169e+01 2.897774282282425951e+00
2.887980092673573917e+00 1.848812746508326317e-03 2.695833333333333215e+01 2.979410897708745676e+00
2.894292086458025270e+00 1.795011172749967111e-03 2.682286432160804068e+01 3.137719688132110107e+00
2.900588101801901963e+00 1.834444505730529681e-03 2.647342398022249554e+01 3.445523786753838635e+00
2.906894294921833044e+00 1.834235081131648307e-03 2.614374225526641737e+01 3.587716487109389618e+00
2.913143215321425394e+00 1.775388414920497622e-03 2.592573623559539087e+01 3.500067392418699797e+00
2.919469846096636179e+00 1.902110692867622259e-03 2.545443645083932793e+01 3.494466853044917887e+00
2.925831071463227850e+00 1.799019204260941503e-03 2.544543147208121781e+01 3.391183512461739546e+00
2.932125236913744715e+00 1.849572311535908030e-03 2.501730531520395573e+01 3.620907396212109219e+00
2.938426190430696305e+00 1.829943172517629413e-03 2.488139825218476986e+01 3.642346007001359798e+00
2.944698497868602605e+00 1.792371922793937686e-03 2.471954314720812107e+01 3.676261235746450584e+00
2.951032364443879619e+00 1.872648010744969562e-03 2.422451456310679774e+01 3.586261764996142354e+00
2.957349976869245278e+00 1.772646084934545842e-03 2.420460358056266159e+01 3.529464583169770631e+00
2.963641534615172990e+00 1.843499637433317897e-03 2.379876543209876516e+01 3.837115289095137438e+00
2.969974563050315375e+00 1.835483252247156055e-03 2.352298136645962856e+01 3.873199493715813624e+00
2.976261971728969780e+00 1.784595762971840369e-03 2.335841836734693899e+01 3.743300624139371369e+00
2.982555079221103078e+00 1.856376802478345786e-03 2.284088127294981518e+01 3.868106328535622307e+00
2.988860230475899549e+00 1.767956570045068222e-03 2.289372599231754180e+01 3.987026493563510243e+00
2.995178874680174186e+00 1.856934622757372335e-03 2.253422982885085446e+01 4.003372019184149089e+00
3.001496400543723020e+00 1.797819739674591305e-03 2.253231939163498154e+01 3.903291999659649569e+00
3.007822553902104179e+00 1.849516356328991537e-03 2.221039603960396036e+01 3.888362153181049496e+00
3.014155913686516808e+00 1.844070628166239031e-03 2.203726708074534102e+01 4.084042458253565933e+00
3.020427983220980828e+00 1.780401570183770890e-03 2.211153846153846203e+01 4.224987891396348338e+00
3.026726854870708916e+00 1.864734463497724846e-03 2.280562347188264027e+01 1.617519077992952958e+01
3.033042693621903041e+00 1.790509691971886499e-03 2.870280612244897966e+01 8.826534422185687845e+01
3.039417687211595442e+00 1.892848977299335135e-03 2.981038647342995063e+01 1.160984872651015394e+02
3.045771113053035606e+00 1.809002971513908259e-03 2.341571609632446282e+01 3.570117955463831549e+01
3.052089874155329063e+00 1.844438578281415919e-03 2.115384615384615330e+01 4.823185952598759485e+00
3.058386304167925118e+00 1.824217551217444024e-03 2.079824561403508909e+01 4.471759869185869540e+00
3.064635661305841197e+00 1.781811879387494579e-03 2.065897435897435841e+01 4.379723992276309374e+00
3.070942258104439215e+00 1.879278577764203085e-03 2.044606060606060538e+01 4.482733981464513739e+00
3.077306102136554866e+00 1.789896323379901438e-03 2.034561626429479020e+01 4.427639019142413979e+00
3.083610248093582751e+00 1.842323938384468965e-03 2.015621156211562237e+01 4.384547020460502154e+00
3.089899276602742884e+00 1.781295098450355954e-03 2.011210191082802723e+01 4.212545281656941754e+00
3.096219282790054539e+00 1.849962857272845727e-03 1.970833333333333215e+01 4.093318872922655949e+00
3.102516781183005889e+00 1.793151767743564459e-03 1.967807351077313172e+01 4.069720135812373130e+00
3.108846425703184035e+00 1.844538984569745127e-03 1.946002460024600111e+01 3.967489473631963026e+00
3.115155056293756886e+00 1.812510444856532069e-03 1.935884567126725386e+01 3.953736378055938250e+00
3.121484332076036150e+00 1.832521331068808152e-03 1.894789081885856064e+01 3.913259147164565466e+00
3.127777573742708483e+00 1.818133687887086257e-03 1.867331670822942513e+01 3.944294514837983101e+00
3.134074710556275623e+00 1.800750836428910992e-03 1.843757881462799375e+01 4.017866424543163006e+00
3.140350968701055567e+00 1.840082388152106639e-03 1.803571428571428470e+01 4.115033114926999858e+00
3.146669598331559570e+00 1.795769837056059460e-03 1.797348484848484773e+01 4.038704266826450784e+00
3.152959210157879166e+00 1.842768641532451131e-03 1.766134969325153392e+01 3.960261791097319684e+00
3.159264892205651432e+00 1.791857333635609589e-03 1.756455696202531769e+01 4.139921749382597937e+00
3.165581888857809112e+00 1.858342078644047027e-03 1.700849514563106624e+01 4.185322978385988435e+00
3.171905560319084216e+00 1.782720971754531017e-03 1.688593155893536135e+01 4.081026575643267762e+00
3.178180461481988406e+00 1.828434529921516482e-03 1.648402948402948454e+01 4.063346137591244300e+00
3.184506679420991304e+00 1.810619157308176325e-03 1.661145703611456881e+01 4.027827557722584828e+00
3.190846230582273346e+00 1.831490456789015321e-03 1.614058679706601396e+01 4.213288604169266094e+00
3.197132365687451294e+00 1.780884113596707067e-03 1.608607594936708907e+01 4.232220130098466093e+00
3.203454230992797136e+00 1.862619862555806765e-03 1.571652593486127891e+01 4.281993059367003696e+00
3.209790152929830498e+00 1.796864404628749357e-03 1.570566037735849108e+01 4.309537497792486072e+00
3.216105270782768422e+00 1.849581865447865814e-03 1.547936893203883457e+01 4.372399177116542468e+00
3.222383723154825574e+00 1.773184836801974633e-03 1.557614213197969555e+01 4.323529005768590672e+00
3.228652903688512765e+00 1.829814433570467642e-03 1.522411693057247284e+01 4.184535447130178554e+00
3.234977992221026444e+00 1.801123950508762587e-03 1.530348258706467668e+01 4.146756469590258121e+00
3.241301441286830176e+00 1.830570155328411054e-03 1.499027946537059464e+01 4.010453005744607502e+00
3.247581817024004280e+00 1.774748969754167847e-03 1.508975979772439935e+01 3.968223467681164962e+00
3.253885986942128827e+00 1.868811343678552150e-03 1.495688622754490993e+01 4.150954697260088366e+00
3.260235987169183947e+00 1.804603356501592029e-03 1.493875000000000064e+01 3.995456403841751047e+00
3.266546856392692710e+00 1.857627301288636550e-03 1.479807692307692335e+01 4.054744816735833979e+00
3.272886904023045052e+00 1.792569475559808913e-03 1.510249999999999915e+01 4.217033539705361989e+00
3.279153478698136670e+00 1.837211362056317054e-03 1.501818181818181763e+01 4.146958791407357126e+00
3.285516195699416553e+00 1.819318898053023329e-03 1.504054054054054035e+01 4.095407433044035095e+00
3.291677990232397821e+00 1.824817096246810931e-03 1.524246395806028787e+01 4.114257190587071733e+00
3.298068987764390059e+00 1.863784166448585874e-03 1.542876712328767042e+01 4.024960589874997829e+00
3.304430978840338096e+00 1.814787339162488022e-03 1.549127906976744207e+01 4.022725948943438823e+00
3.310737564052387061e+00 1.817945227602999880e-03 1.527529761904761862e+01 3.998017596202708912e+00
3.317033906120231190e+00 1.800198345421728579e-03 1.504160246533127854e+01 3.982418668705320020e+00
3.323313479518194669e+00 1.810036704891648416e-03 1.498746081504702232e+01 3.960005214234441961e+00
3.329645772824664451e+00 1.853775369266378323e-03 1.517160686427457073e+01 4.005903376177851527e+00
3.335990548707715053e+00 1.826590486813650920e-03 1.496629213483146081e+01 4.051288051317173178e+00
3.342268739174953929e+00 1.807641793864574143e-03 1.499021207177814041e+01 4.130207718570079400e+00
3.348554594221377023e+00 1.807536448754866812e-03 1.493092105263157876e+01 4.081817353017324734e+00
3.354810866618635590e+00 1.798386852034845364e-03 1.484254606365159113e+01 4.000008768006909854e+00
3.361143554435736203e+00 1.860575678898459748e-03 1.499344262295081975e+01 4.086556772027988060e+00
3.367505271257411170e+00 1.829077091643749146e-03 1.481756756756756843e+01 4.033456967610909771e+00
3.373804785089639324e+00 1.803149868685275390e-03 1.445407279029462799e+01 4.001188515312172456e+00
3.380079784639911100e+00 1.805631642174917659e-03 1.410544815465729407e+01 3.816479519229025286e+00
3.386416571036835244e+00 1.843579116849991192e-03 1.417077464788732399e+01 3.885374715420678804e+00
3.392732849186819166e+00 1.821713749179523084e-03 1.405081669691470125e+01 3.877111379396466884e+00
3.399077842768783331e+00 1.840157085703132342e-03 1.369746376811594146e+01 3.594524296055578549e+00
3.405368445234043140e+00 1.771416845865005909e-03 1.358587786259541907e+01 3.559398207467670439e+00
3.411642977450664915e+00 1.840004348347408980e-03 1.364473684210526372e+01 3.643280971953919423e+00
3.417946432239648225e+00 1.816648589106147462e-03 1.339805825242718385e+01 3.621080704560646346e+00
3.424268333461439884e+00 1.838339958730071926e-03 1.303094777562862738e+01 3.417028634261190856e+00
3.430601598134079389e+00 1.799761940178920376e-03 1.272945891783567163e+01 3.326943030095687703e+00
3.436922606236269218e+00 1.844213366763177700e-03 1.274399999999999977e+01 3.399404653759237949e+00
3.443269856433799347e+00 1.834668830692703879e-03 1.259509202453987697e+01 3.170809897276970712e+00
3.449516618902171317e+00 1.769622948488585408e-03 1.235470085470085522e+01 2.913083644970527519e+00
3.455771942280530862e+00 1.817195070858158281e-03 1.218181818181818166e+01 2.872390057013668230e+00
3.462154010515302804e+00 1.866018191136946868e-03 1.234388185654008474e+01 2.965800544135765549e+00
3.468478914699885340e+00 1.799468636805881495e-03 1.202882483370288291e+01 2.765263667895617061e+00
3.474737530089159865e+00 1.798535080277152308e-03 1.171524663677130107e+01 2.574692096836599386e+00
3.481027808853469629e+00 1.828779808500339806e-03 1.173303167420814397e+01 2.672226336885543230e+00
3.487370903609774420e+00 1.855504762412056021e-03 1.133936651583710464e+01 2.355524165250173940e+00
3.493710577164840458e+00 1.791815171782784382e-03 1.121985815602836922e+01 2.239645493754751193e+00
3.499981309375833849e+00 1.817721919481020843e-03 1.103818615751790055e+01 2.245349055491323575e+00
3.506294281862427642e+00 1.840208171226962808e-03 1.082494004796163090e+01 2.109158721411999338e+00
3.512643170548069183e+00 1.819719049123772565e-03 1.069287469287469250e+01 1.944754307165522222e+00
3.518887929185086527e+00 1.780316295825717758e-03 1.055641025641025621e+01 1.928740378519555154e+00
3.525201780775713889e+00 1.871585280235478531e-03 1.028784119106699713e+01 1.951584113846392299e+00
3.531587235286628879e+00 1.812415240060859375e-03 1.007291666666666607e+01 1.797010864428760346e+00
3.537791204901774123e+00 1.765649031450039182e-03 1.003269754768392374e+01 1.824478072488242120e+00
3.544104483213670331e+00 1.881636984785636617e-03 9.966145833333333925e+00 1.834653436893993739e+00
3.550526160049383151e+00 1.823753900979235669e-03 9.806010928961748974e+00 1.746998039483640408e+00
3.556826252644191833e+00 1.805941154371571225e-03 9.569014084507042384e+00 1.646702354741164998e+00
3.563110991539715666e+00 1.831382697511484874e-03 9.383522727272726627e+00 1.727623132818494556e+00
3.569418747584309326e+00 1.819035597463529485e-03 9.081395348837208559e+00 1.739421787767382543e+00
3.575721219182565580e+00 1.815191134896390569e-03 9.059347181008902794e+00 1.766715341140069562e+00
3.582041784633743120e+00 1.836067019019354488e-03 9.195195195195195126e+00 1.621465902878231669e+00
3.588351193306853926e+00 1.816205673054769026e-03 8.919504643962849144e+00 1.611516818499422632e+00
3.594644124218077774e+00 1.816162507538995278e-03 8.794952681388013005e+00 1.616619986181404345e+00
3.600965899690116157e+00 1.832434222657099978e-03 8.728434504792332405e+00 1.491879368193041344e+00
3.607301933810233674e+00 1.823864462282996299e-03 8.747540983606556964e+00 1.402933924248600306e+00
3.613589615564896995e+00 1.801875725405921403e-03 8.722033898305085131e+00 1.237724557347922749e+00
3.619872304563952703e+00 1.819848024125704684e-03 8.694158075601373881e+00 1.417216461098541158e+00
3.626184481674183946e+00 1.827760715362539709e-03 8.547368421052631504e+00 1.398191682686168669e+00
3.632455309189269510e+00 1.797655079431180383e-03 8.562043795620438047e+00 1.208255210735850405e+00
3.638754857574894697e+00 1.841922947680418475e-03 8.602189781021897019e+00 1.162430244218130682e+00
3.645110863435991444e+00 1.833895812584415653e-03 8.605263157894736281e+00 1.150609342875739793e+00
3.651399341121458253e+00 1.797724079201825547e-03 8.568627450980391913e+00 1.335954747177159563e+00
3.657684783062496781e+00 1.823089633617003442e-03 8.484126984126984183e+00 1.233495219299317380e+00
3.663989311092172851e+00 1.817352227903809700e-03 8.487704918032786594e+00 1.179487975310547831e+00
3.670338462676961733e+00 1.852037082036360515e-03 8.904958677685950619e+00 1.320091106711365869e+00
3.676667454351053799e+00 1.802731285318214709e-03 8.820960698689956914e+00 1.302467174057651667e+00
3.682957402673964431e+00 1.831301914300888494e-03 8.455752212389381128e+00 1.172157216976882355e+00
3.689264510226057059e+00 1.810576500315507495e-03 8.410138248847927045e+00 1.153851163443381234e+00
3.695607159299667099e+00 1.851070780809128090e-03 8.320930232558138684e+00 1.167738311290688502e+00
3.701906411334345837e+00 1.786914693256676148e-03 8.427860696517413430e+00 1.059502936108241311e+00
3.708163258087520564e+00 1.825159420261267002e-03 8.462311557788945393e+00 9.973070479775824060e-01
3.714507337749332283e+00 1.833043865117713490e-03 8.025906735751295429e+00 7.979779272110444355e-01
3.720870273368275249e+00 1.842023606415223082e-03 7.684491978609625740e+00 9.366841011975405307e-01
3.727157013165883104e+00 1.785929560704693081e-03 7.651428571428571246e+00 1.034790721225646637e+00
3.733414267292576749e+00 1.823616893326991065e-03 7.662790697674418894e+00 9.648010132314874809e-01
3.739747614563589284e+00 1.832601406324968355e-03 7.650602409638554313e+00 1.117725590201824160e+00
3.746091684029914770e+00 1.828992002129592063e-03 7.603773584905660243e+00 1.020671592425628660e+00
3.752406222021260618e+00 1.812401454337024109e-03 7.245033112582781598e+00 8.809191765852453226e-01
3.758712131096641595e+00 1.823143945980814458e-03 7.117241379310344840e+00 7.970814778195488559e-01
3.765000355804634324e+00 1.809969724265664184e-03 6.890510948905109068e+00 8.205756177206805502e-01
3.771324791207556704e+00 1.846593531196991230e-03 7.180451127819549306e+00 1.036367369112193515e+00
3.777640884128447674e+00 1.800430178895984180e-03 6.991869918699187281e+00 1.255827844855261777e+00
3.783890033752419058e+00 1.812352582976840126e-03 6.547008547008546842e+00 9.675878084160618453e-01
3.790205950757557840e+00 1.839564216382759279e-03 6.321428571428571175e+00 8.800872521679719007e-01
3.796547481197723339e+00 1.823144808823023381e-03 6.307692307692307487e+00 1.002216478522721665e+00
3.802839460639445335e+00 1.822115437231795494e-03 5.948453608247422864e+00 1.008677411315321404e+00
3.809162628389719529e+00 1.835235423465040759e-03 5.857142857142856762e+00 9.664708656063742964e-01
3.815477698903783743e+00 1.813833779597889004e-03 6.253012048192770678e+00 1.063862926197111980e+00
3.821777178949230969e+00 1.830898415393102585e-03 6.493506493506493449e+00 1.115069503047568134e+00
3.828076951026545771e+00 1.795694771849016581e-03 5.855072463768116187e+00 1.264944273856771328e+00
3.834316772867639944e+00 1.791896653628349866e-03 5.548387096774193949e+00 1.023145259816368391e+00
3.840583618544390898e+00 1.820001018717854217e-03 5.250000000000000000e+00 8.838834764831844382e-01
3.846911872181034475e+00 1.824281646184678762e-03 5.326530612244898322e+00 7.298593772345985942e-01
3.853313008086272973e+00 1.880829953221405115e-03 5.395348837209302140e+00 8.582624226626016650e-01
3.859656947796285653e+00 1.787945514535103963e-03 5.911764705882353255e+00 9.179109726074842213e-01
3.865825284683709118e+00 1.773175751446867720e-03 5.962962962962962798e+00 1.035051008332008804e+00
3.872064552013789740e+00 1.858490478498285668e-03 5.904761904761905100e+00 8.650429583135689215e-01
3.878243048288448236e+00 1.738115315901965106e-03 6.692307692307692513e+00 1.017596658101765694e+00
3.884441558101385361e+00 1.990091083924331716e-03 6.285714285714285587e+00 1.049781318335647695e+00
