# q qerr I(q) I(q)err
6.111313073595031620e-02 3.154100855865873791e-03 4.362500000000000000e+02 1.466022130283029696e+02
6.800242608866982619e-02 2.110752812487300123e-03 6.133333333333333712e+02 1.261458591384504189e+02
7.478812129850326285e-02 1.894856213165734514e-03 7.052222222222221717e+02 1.889728898186714900e+02
8.081736842982174818e-02 1.577734731020807597e-03 8.520000000000000000e+02 2.085335038362474336e+02
8.706192866790804508e-02 2.018057842609979804e-03 8.514615384615384528e+02 2.601941127915097809e+02
9.311361532868518698e-02 1.734318039620741251e-03 9.739166666666666288e+02 2.535361304517453505e+02
9.924832822165428892e-02 1.939409616079583844e-03 1.005250000000000000e+03 3.241554652092110018e+02
1.056867454532435108e-01 2.068262530006435406e-03 9.025833333333333712e+02 3.881872624062315253e+02
1.120935416356093062e-01 1.699923986068800717e-03 9.733076923076922640e+02 4.092644831398924339e+02
1.177168722532570266e-01 1.903764278506084144e-03 9.601562500000000000e+02 3.798707993762484421e+02
1.242406998858587575e-01 2.007415885574503726e-03 8.623214285714285552e+02 3.879874090635374841e+02
1.307844605212421796e-01 1.948859987027574741e-03 8.770357142857143344e+02 3.271828890042125408e+02
1.372938405551752672e-01 1.976444694498947011e-03 8.979354838709676869e+02 3.262766393252923081e+02
1.433626874055373979e-01 1.479129257371093872e-03 8.732000000000000455e+02 2.903966390990088371e+02
1.497414395840910573e-01 2.132896554945924294e-03 9.069459459459459367e+02 3.071030656221720960e+02
1.562016171858009728e-01 1.470810848565314282e-03 9.227407407407407618e+02 2.827973967823716634e+02
1.620883487451751925e-01 1.817360580555445800e-03 9.595454545454545041e+02 2.828858709408468712e+02
1.684939590642719198e-01 1.975568076388520972e-03 9.741081081081081265e+02 2.906970967266245225e+02
1.749358117034872373e-01 1.810730169671130639e-03 9.934285714285714448e+02 2.884457859435139540e+02
1.813634234827302405e-01 1.982290824745188643e-03 1.020707317073170771e+03 2.776638253014302222e+02
1.877608813777307539e-01 1.710969833005861022e-03 1.039405405405405418e+03 2.997512628436002160e+02
1.936838392192468117e-01 1.708352888559126238e-03 1.058078947368421041e+03 2.976148536414694377e+02
1.998200724089964908e-01 1.901042836663710675e-03 1.082046511627906966e+03 2.965317330165122485e+02
2.064988844748374130e-01 2.083185659227047067e-03 1.084020833333333258e+03 3.411369165501344014e+02
2.131062600015138364e-01 1.923054290541973939e-03 1.124553191489361780e+03 3.080749484043033135e+02
2.193208008558340527e-01 1.649587748772136844e-03 1.137000000000000000e+03 3.251449408466007753e+02
2.255197753110727010e-01 1.943898002345461392e-03 1.157666666666666742e+03 3.136803981074729677e+02
2.319084130262620835e-01 1.853433278599466881e-03 1.175460000000000036e+03 3.222130934645580282e+02
2.380456302514551703e-01 1.717913041466973250e-03 1.191791666666666742e+03 3.294555391201436123e+02
2.441826744061198484e-01 1.910984005326162374e-03 1.207327272727272657e+03 3.247192755810537506e+02
2.508567628905887248e-01 1.865639566994751813e-03 1.079354838709677324e+03 4.592391946221612216e+02
2.571616352083493928e-01 2.042758540577210586e-03 1.021060975609756042e+03 4.801716887573824692e+02
2.636090936505812721e-01 1.759536909171210452e-03 1.018857142857142890e+03 4.673880765490124531e+02
2.696276322290375727e-01 1.767913466712890637e-03 1.036974999999999909e+03 4.481355671696904324e+02
2.756934411426098519e-01 1.847457432374286813e-03 1.076261904761904816e+03 4.260563412887794925e+02
2.820483295007140123e-01 1.942127748479487680e-03 1.094898876404494331e+03 4.122881204397912143e+02
2.885873542857223528e-01 1.999902870285049771e-03 1.127705263157894706e+03 4.023090387491683373e+02
2.950059364807982032e-01 1.753155416080761590e-03 1.141058139534883821e+03 3.933389532954453216e+02
3.012776628394395750e-01 1.916275679195857595e-03 1.170326315789473711e+03 3.795556017866755383e+02
3.076468654533095481e-01 1.858480647863890167e-03 1.184365591397849357e+03 3.694617697492911930e+02
3.139397285054469910e-01 1.849733180513128640e-03 1.208212765957446891e+03 3.590915541030692566e+02
3.202097007249891103e-01 1.889977811219999311e-03 1.216897959183673493e+03 3.487843594009993353e+02
3.264390569218261762e-01 1.757358001834326191e-03 1.233311827956989191e+03 3.384683601867341167e+02
3.326951465344144543e-01 1.930481388006281569e-03 1.271961538461538566e+03 3.233805481474084331e+02
3.390239669727912464e-01 1.785238221274862988e-03 1.272918367346938794e+03 3.225714327677166580e+02
3.452290355408559885e-01 1.822729964848564038e-03 1.302117647058823422e+03 3.128057830360675666e+02
3.515217579766085620e-01 1.894166946962649433e-03 1.319961904761904862e+03 3.080158593555086100e+02
3.581115149106128270e-01 1.984833837990382030e-03 1.352433628318584169e+03 3.008554497505538734e+02
3.646365217867122976e-01 1.807385512883236643e-03 1.383598130841121474e+03 2.930226509977155729e+02
3.707522342694583029e-01 1.646676631311451595e-03 1.389670000000000073e+03 2.901890035821481320e+02
3.768404479121448269e-01 1.835047814059704218e-03 1.420369369369369451e+03 2.788486984435298837e+02
3.831651369708888866e-01 1.834489868729198949e-03 1.414432432432432506e+03 2.715782314856954258e+02
3.894643253735652899e-01 1.853753096359237081e-03 1.410920353982300867e+03 2.599163787165617236e+02
3.958807651630259494e-01 1.912159574900255954e-03 1.399758333333333439e+03 2.491533287957437608e+02
4.022473572087105209e-01 1.746533598099251966e-03 1.395621621621621671e+03 2.395331369377915678e+02
4.083991683103055381e-01 1.862831917861469243e-03 1.401899159663865476e+03 2.302008383099826005e+02
4.147868792651558945e-01 1.850918924272050396e-03 1.396148760330578625e+03 2.261720889290543539e+02
4.211381020132339281e-01 1.813003092898375071e-03 1.407479338842975267e+03 2.169376967665976395e+02
4.273404438934948479e-01 1.765577699919095717e-03 1.411697478991596654e+03 2.116536493504989096e+02
4.337195733954657406e-01 1.911235613422362228e-03 1.424846153846153811e+03 2.011439547501848040e+02
4.400834723796714920e-01 1.795304431444431784e-03 1.424846774193548299e+03 1.956150131014395583e+02
4.463380503116383125e-01 1.781136916513354146e-03 1.423484126984126988e+03 1.893645378456579067e+02
4.525475293404462862e-01 1.782735370135076804e-03 1.426960629921259851e+03 1.831838232503793336e+02
4.588781844142776345e-01 1.863542184770878652e-03 1.420873134328358219e+03 1.794537673054919082e+02
4.652813857520213814e-01 1.809454061223974295e-03 1.419225563909774337e+03 1.723966500609283514e+02
4.715886271752884884e-01 1.786725641485754782e-03 1.405888059701492466e+03 1.706108693007173258e+02
4.778700308571910971e-01 1.749120838384908864e-03 1.406345864661654105e+03 1.636508394840560641e+02
4.841075358786299798e-01 1.812598873705853009e-03 1.403086956521739239e+03 1.591677640939083744e+02
4.904685449060671165e-01 1.813034819841214708e-03 1.393285714285714221e+03 1.578205549065786784e+02
4.967988078032400945e-01 1.775169993053363985e-03 1.397085106382978665e+03 1.496578619050749523e+02
5.030461340587593089e-01 1.710738770771227935e-03 1.389253623188405754e+03 1.463816576181610856e+02
5.093789740337634209e-01 1.844995629980458740e-03 1.390120805369127538e+03 1.376598752374639503e+02
5.157895609665918979e-01 1.772173611217854692e-03 1.384404109589041127e+03 1.342828634209124345e+02
5.220653538623039047e-01 1.710912446064493482e-03 1.382650349650349654e+03 1.288534476211688684e+02
5.282420832211931483e-01 1.776221308977217429e-03 1.381641891891891873e+03 1.259006918320880004e+02
5.345849814872509764e-01 1.797460663252185451e-03 1.376381578947368325e+03 1.217538027613187523e+02
5.409400198384390901e-01 1.769240412124692928e-03 1.378405228758169869e+03 1.178328627176932173e+02
5.471612929737256215e-01 1.671871176479489780e-03 1.374898648648648759e+03 1.164919199836432000e+02
5.535187503546902255e-01 1.843477994232445120e-03 1.380074074074074133e+03 1.144029910141993298e+02
5.599303633336802921e-01 1.774845713676194252e-03 1.380980891719745159e+03 1.179301294696640099e+02
5.661980099607780703e-01 1.715649351238413218e-03 1.391928571428571331e+03 1.100629142058665479e+02
5.724333289920446877e-01 1.764199560704661452e-03 1.396768749999999955e+03 1.078279072324275205e+02
5.786575496797814466e-01 1.687338640378493104e-03 1.401558441558441473e+03 1.047308713113441456e+02
5.849918082512260975e-01 1.882166412490617838e-03 1.415290697674418652e+03 1.004167118669704166e+02
5.913559560974818163e-01 1.673563701773732749e-03 1.420242038216560559e+03 9.878533132637186043e+01
5.976003341774964728e-01 1.789272139650604403e-03 1.434526627218934891e+03 9.750262192817298512e+01
6.039710484280985670e-01 1.760471037718898532e-03 1.446547619047619037e+03 9.748028392433133149e+01
6.103455122609070527e-01 1.778153705054047679e-03 1.451596491228070136e+03 9.701548542172960765e+01
6.165941547084902163e-01 1.709282904712068618e-03 1.447395209580838355e+03 9.628747225696704959e+01
6.227886440901039267e-01 1.708031916550016484e-03 1.439250000000000000e+03 9.351816572959808127e+01
6.292222757675741684e-01 1.895555695838723603e-03 1.424534759358288738e+03 9.019281362765188703e+01
6.355837393651907474e-01 1.609918394456906487e-03 1.400284848484848453e+03 8.777367234764707860e+01
6.417201133152361514e-01 1.735489606861494215e-03 1.380898876404494331e+03 8.066622445426646948e+01
6.480234646877054416e-01 1.746502386866512820e-03 1.355870786516853968e+03 7.548933620934887756e+01
6.543745591304535036e-01 1.808595843625667669e-03 1.335565217391304259e+03 7.161683911352463383e+01
6.607410482875138991e-01 1.776914150084337417e-03 1.315896739130434753e+03 6.904916863392286075e+01
6.669765730033264672e-01 1.670208017253243388e-03 1.296926136363636260e+03 6.580372700782103834e+01
6.731673103258457580e-01 1.796482171393593615e-03 1.283845744680851112e+03 6.094671427184715640e+01
6.795850853652600776e-01 1.822834825668488831e-03 1.268005235602094217e+03 5.820423510616039664e+01
6.858902177354958551e-01 1.747430487391250960e-03 1.259333333333333258e+03 5.519645591448526289e+01
6.921278880332987216e-01 1.765781770802452586e-03 1.248830687830687793e+03 5.369980307464965108e+01
6.985070946107704293e-01 1.847715388967816497e-03 1.244853535353535335e+03 5.134020054718605763e+01
7.048037128132643714e-01 1.757666077632949074e-03 1.235148148148148039e+03 5.147080129785611291e+01
7.109847861020758275e-01 1.767854622430342420e-03 1.227281250000000000e+03 4.944747285367153466e+01
7.172345948602801835e-01 1.822657136245004524e-03 1.219530303030303003e+03 4.660357469299860611e+01
7.236608500653414211e-01 1.906739358311473767e-03 1.210068292682926767e+03 4.494490460254981201e+01
7.299519259881649402e-01 1.814756391122580772e-03 1.202454081632653015e+03 4.622786512882692023e+01
7.362298620906445601e-01 1.872001608046580190e-03 1.193808823529411711e+03 4.444942890638536426e+01
7.427109241448597299e-01 1.961252361706546793e-03 1.189453271028037307e+03 4.250643084833231455e+01
7.489749171607754663e-01 1.795506848231544564e-03 1.180051282051281987e+03 4.048649907679187976e+01
7.553119902396251417e-01 1.968290517240121971e-03 1.174164383561643945e+03 3.933570807253599355e+01
7.617428847945948434e-01 1.878647625832918257e-03 1.160405797101449252e+03 5.322181814600178740e+01
7.679897535333021219e-01 1.889655825210407886e-03 1.157789473684210634e+03 3.275883505618334368e+01
7.742716946001383382e-01 1.890740870187222538e-03 1.147046948356807434e+03 4.203422356293635431e+01
7.806130493972306406e-01 1.874127862848933099e-03 1.140924528301886767e+03 3.758949804291813734e+01
7.869955317179381238e-01 1.962138593108325030e-03 1.133651785714285779e+03 3.609205066014664709e+01
7.933337815560531636e-01 1.823456314192357453e-03 1.123485714285714266e+03 3.585658887828559216e+01
7.995722808394026826e-01 1.873920736445982161e-03 1.116000000000000000e+03 3.637947310432652159e+01
8.059029702364099990e-01 1.855844282913126459e-03 1.105675799086757934e+03 3.740947414578478458e+01
8.122482529694946551e-01 1.899897789708842157e-03 1.100237885462555141e+03 3.618244226228804905e+01
8.185971333973350861e-01 1.831057107996742058e-03 1.091264573991031284e+03 3.470042547060334215e+01
8.248840800988579414e-01 1.805078930334647752e-03 1.085529147982062796e+03 3.503253386618849419e+01
8.311527541867054225e-01 1.843524136775542745e-03 1.077493449781659365e+03 3.535279051909057557e+01
8.375116084758876811e-01 1.829773299230467044e-03 1.069121739130434889e+03 3.594256971309008009e+01
8.438261475186588090e-01 1.817550564165925373e-03 1.061176724137930933e+03 3.584755384301616488e+01
8.500843452560248314e-01 1.755513946144033992e-03 1.051796460176991104e+03 3.611096673739675111e+01
8.563647400134730692e-01 1.844487251387733453e-03 1.046763485477178392e+03 3.530109270096994578e+01
8.626696591174244366e-01 1.710203360544058351e-03 1.038214912280701810e+03 3.600467100608884152e+01
8.689830853488446083e-01 1.844123492424595270e-03 1.031524390243902417e+03 3.614564474932817006e+01
8.753179752476163422e-01 1.741457950302257533e-03 1.024251063829787199e+03 3.609965157478301023e+01
8.815756228481118617e-01 1.752464905610253906e-03 1.016929460580912860e+03 3.598309482574294549e+01
8.877944678552249780e-01 1.716242394594354789e-03 1.007734177215189902e+03 3.507364087377440143e+01
8.941407927930166144e-01 1.839522330085644050e-03 1.000557312252964380e+03 3.445068516930719937e+01
9.005003621585947471e-01 1.752218829319661820e-03 9.931020408163265074e+02 3.484517072037786534e+01
9.067627482844141662e-01 1.720498064613873055e-03 9.860614754098360208e+02 3.558942439068229646e+01
9.130278025298368405e-01 1.789374596252915357e-03 9.785000000000000000e+02 3.563179759709015570e+01
9.193563827426239898e-01 1.786117629316656989e-03 9.691507936507936165e+02 3.559624894602607981e+01
9.256709965929463824e-01 1.773964252230773864e-03 9.633215686274510290e+02 3.492686773768008379e+01
9.319487846442510159e-01 1.740175819907428248e-03 9.557440000000000282e+02 3.386912222068945511e+01
9.382375230166524194e-01 1.835219923763222079e-03 9.494847328244275104e+02 3.450981294585235304e+01
9.445114335627492475e-01 1.754301698834087597e-03 9.420197628458497547e+02 3.580949379210359496e+01
9.507739483173833772e-01 1.796477233495237351e-03 9.364521072796934504e+02 3.601899793783138648e+01
9.571000001339345920e-01 1.844157663989784944e-03 9.292792452830188950e+02 3.539196236938549589e+01
9.634651872700409347e-01 1.860525514413665987e-03 9.221842105263158373e+02 3.768518974239167818e+01
9.697902983397413967e-01 1.869026222830578836e-03 9.145676691729323693e+02 3.182410832634817410e+01
9.761731987705594138e-01 1.898719003246270758e-03 9.075424354243542666e+02 3.380827233580956914e+01
9.824546988499620603e-01 1.850375251942234242e-03 8.987320754716980673e+02 3.510269083025383452e+01
9.887603507672997338e-01 1.885371791598095068e-03 8.907426470588235361e+02 3.687203267927312567e+01
9.951547945742836854e-01 1.923480157877882840e-03 8.840249110320285126e+02 4.089100391513919419e+01
1.001497743307979915e+00 1.816985016266823736e-03 8.766404494382022676e+02 3.752582749017160069e+01
1.007730073445106012e+00 1.872875193246743668e-03 8.717338129496403099e+02 3.609579759768486440e+01
1.014110590476311025e+00 1.881534321868284657e-03 8.650496453900709639e+02 3.433813682279138391e+01
1.020442888611849064e+00 1.823625195420996601e-03 8.607275985663081883e+02 3.519551255861774308e+01
1.026691701700078063e+00 1.782759485576686145e-03 8.527717391304347530e+02 3.533080681958734459e+01
1.033057845114525142e+00 1.884320384582664851e-03 8.470340136054421691e+02 3.531253529900353527e+01
1.039437792018165441e+00 1.793463056649077922e-03 8.388021201413428116e+02 3.439644780164405802e+01
1.045681248368910410e+00 1.745618337461533540e-03 8.343120567375887049e+02 3.520038135793527800e+01
1.051944871571292683e+00 1.801987856022948175e-03 8.267034482758621152e+02 3.430256851748205094e+01
1.058324809813473877e+00 1.829265674919061668e-03 8.197407407407407618e+02 3.403804455849741117e+01
1.064596602572098316e+00 1.714864743882408334e-03 8.133732394366197695e+02 3.478028672358077955e+01
1.070868750588993112e+00 1.792957436204007347e-03 8.097441077441077368e+02 3.557816340728314231e+01
1.077195490251847465e+00 1.798916779777443367e-03 8.036488294314381164e+02 3.544819461416599182e+01
1.083505800573759448e+00 1.740543057611223946e-03 7.965870307167235751e+02 3.525797746960588341e+01
1.089676915900379850e+00 1.748165881083384946e-03 7.899217687074830110e+02 3.476711258033085983e+01
1.096052400832523421e+00 1.863573573199493825e-03 7.833003194888178768e+02 3.328601344430577313e+01
1.102364289960501065e+00 1.744372504095847640e-03 7.766440677966102157e+02 3.148388186963537549e+01
1.108625070827478076e+00 1.829094711995288541e-03 7.680781758957655256e+02 3.399703962751049602e+01
1.114924075445366869e+00 1.842999932655674591e-03 7.405551948051947875e+02 7.651870616050469209e+01
1.121282665432693726e+00 1.762017027877181303e-03 7.533435114503816976e+02 5.191509611014539161e+01
1.127553932619258736e+00 1.851826979229859085e-03 7.506617100371747711e+02 4.392181619657000624e+01
1.133905639228342421e+00 1.803927404845938115e-03 7.446705882352940762e+02 4.169821550702845059e+01
1.140144523104706709e+00 1.820967272376473748e-03 7.400472440944881782e+02 4.333569205590712414e+01
1.146455214771981312e+00 1.831860927088285957e-03 7.354382470119521713e+02 3.893201915954824699e+01
1.152869066430118439e+00 1.902391342003174283e-03 7.313397683397682840e+02 3.924467551886308314e+01
1.159252377890596986e+00 1.791659613503928782e-03 7.234481327800830286e+02 4.008161020115780104e+01
1.165575291556828930e+00 1.872439892399787795e-03 7.190916334661354767e+02 3.672325620190422768e+01
1.171828433925186763e+00 1.747387590499659572e-03 7.100043290043289517e+02 3.803751850282578317e+01
1.178029580193284076e+00 1.845903894892485285e-03 7.042263374485596614e+02 3.524556871880269426e+01
1.184400904434957269e+00 1.829516060217846983e-03 6.982175732217573341e+02 3.432681373618937215e+01
1.190737654720273042e+00 1.816225366119703435e-03 6.938565400843881434e+02 3.438016421679285628e+01
1.196977477342464180e+00 1.780548390738201196e-03 6.885545851528383992e+02 3.175211867708344116e+01
1.203312963818603976e+00 1.874247930763579166e-03 6.834173553719008396e+02 3.366315054167949228e+01
1.209645773529357093e+00 1.750259837788138012e-03 6.758451327433627966e+02 3.336135122650512130e+01
1.215952225700388523e+00 1.837678281197498587e-03 6.719322033898305335e+02 2.975541878136404605e+01
1.222254898926581568e+00 1.775628514659025698e-03 6.365955056179775511e+02 7.479402202554628332e+01
1.228537298751265050e+00 1.780223345631782141e-03 6.456413043478261216e+02 4.655319267195442023e+01
1.234759587745337228e+00 1.795376270296014523e-03 6.411756272401433989e+02 4.276792293985657523e+01
1.241110555825225781e+00 1.895169703334604900e-03 6.362248322147651152e+02 3.903552680055348389e+01
1.247523323486311897e+00 1.874537877840588536e-03 6.293006756756756204e+02 3.666233525227867318e+01
1.253854431820907944e+00 1.857283623330970761e-03 6.253859060402684236e+02 3.660014333742650194e+01
1.260138295168494293e+00 1.856490137450314505e-03 6.184053156146179617e+02 3.580887605080659597e+01
1.266501421045549414e+00 1.881588491645209797e-03 6.144565916398713625e+02 3.430343230784590247e+01
1.272807251993681055e+00 1.824447191781883651e-03 6.080459016393442653e+02 3.439392832800239574e+01
1.279100636071537789e+00 1.831925956271344968e-03 6.030732484076432911e+02 3.188016917171704279e+01
1.285385940199903265e+00 1.796864974607813087e-03 5.968782051282050816e+02 3.305299988324889426e+01
1.291734086560349049e+00 1.833790085687247952e-03 5.923374233128834021e+02 3.156166526486033064e+01
1.297999116585571544e+00 1.712347548001254965e-03 5.857378640776698830e+02 3.248019086891967078e+01
1.304332283077917598e+00 1.862331657852500611e-03 5.813834808259587135e+02 3.113153799186275705e+01
1.310629912671008812e+00 1.689758514739712848e-03 5.756089743589743648e+02 3.093261409728442146e+01
1.316859893871710430e+00 1.807323329610554348e-03 5.714238805970148860e+02 2.990797990832012232e+01
1.323169508333509325e+00 1.772103529485381237e-03 5.658996960486322223e+02 2.843494092213217783e+01
1.329416719622044551e+00 1.761213072716576004e-03 5.606404833836858188e+02 2.973279075263040738e+01
1.335676763851219473e+00 1.808340606324402439e-03 5.552232142857143344e+02 2.750646472405435006e+01
1.342102166253144047e+00 1.916040745002256648e-03 5.503183098591549651e+02 2.807180678268564122e+01
1.348432554966731090e+00 1.804515701739407276e-03 5.443383685800604326e+02 2.740026909517965947e+01
1.354697325729501189e+00 1.895450207138361931e-03 5.394844192634560613e+02 3.035137235371973574e+01
1.361035554581970564e+00 1.836151892644552735e-03 5.352994186046511231e+02 2.779092725165463662e+01
1.367445372286436589e+00 1.911657172750392099e-03 5.325808219178081799e+02 2.546571407514626983e+01
1.373833054624600258e+00 1.794265400870382644e-03 5.257478260869564792e+02 2.568453031823936072e+01
1.380048052911932777e+00 1.791287036868802413e-03 5.218917378917378755e+02 2.563505533532063652e+01
1.386332670155489666e+00 1.806335848089170130e-03 5.168061797752809525e+02 2.485635318738528454e+01
1.392624520144640332e+00 1.796075039907524609e-03 5.126805555555555429e+02 2.561688594812047270e+01
1.398923000198597277e+00 1.771229759338340285e-03 5.076741573033708050e+02 2.470488035785178482e+01
1.405184482923453881e+00 1.808998902686751115e-03 5.021548913043478137e+02 2.304133372916818701e+01
1.411475199677901360e+00 1.734371386327675756e-03 4.980028089887640590e+02 2.283631299074427545e+01
1.417706081410672780e+00 1.817237095201347432e-03 4.946102150537634543e+02 2.249152118606112083e+01
1.424046144262549829e+00 1.816956160244514703e-03 4.901111111111110858e+02 2.375966815369826080e+01
1.430457268966005335e+00 1.925855730949348329e-03 4.861722365038560270e+02 2.219669214979254335e+01
1.436865665354877475e+00 1.843763745384080412e-03 4.814731182795699169e+02 2.096875583432288437e+01
1.443084111958556903e+00 1.831535442318516687e-03 4.755672043010752645e+02 2.303987235212211715e+01
1.449466238371406979e+00 1.910439897345804971e-03 4.719341772151898908e+02 2.065853933743819937e+01
1.455780432464144347e+00 1.769262236301017126e-03 4.676405405405405418e+02 2.176687493444981669e+01
1.462109939136078340e+00 1.873282905934200038e-03 4.628245614035087669e+02 2.235185390704375763e+01
1.468414112563870999e+00 1.734923018383166060e-03 4.575146666666666420e+02 2.150579357599559671e+01
1.474680891373796765e+00 1.804015195942032307e-03 4.551167512690355466e+02 2.002015140848118335e+01
1.480924591063775386e+00 1.742163032935032654e-03 4.494177545691906062e+02 2.034612869968056614e+01
1.487138550370334267e+00 1.742602934721402272e-03 4.456066838046272665e+02 1.898940506288832353e+01
1.493462591150057195e+00 1.833511633313982111e-03 4.410074257425742417e+02 1.834514970487686014e+01
1.499809278721849770e+00 1.805357266360340307e-03 4.375566750629723174e+02 1.946316882655927571e+01
1.506175762378094918e+00 1.888906516140883814e-03 4.341051344743276559e+02 1.867640957731056872e+01
1.512543466733061504e+00 1.879653113941155348e-03 4.287107843137254690e+02 2.059153305754893637e+01
1.518927121842702510e+00 1.865813122140227640e-03 4.246593137254902217e+02 1.888823577754572725e+01
1.525176469146275027e+00 1.826629940430822378e-03 4.211315136476426915e+02 1.761028075623598710e+01
1.531416651941075235e+00 1.798854978931840659e-03 4.168737623762376074e+02 1.827088765636187873e+01
1.537728221615372926e+00 1.856986876758172280e-03 4.123380614657210685e+02 1.748413636080933387e+01
1.544096010846849332e+00 1.769518617434322075e-03 4.092676399026764216e+02 1.841689608585016202e+01
1.550405005344789089e+00 1.809055686031393537e-03 4.065130023640662102e+02 1.688314668001264351e+01
1.556696834359960313e+00 1.740139413919524446e-03 4.027742718446601771e+02 1.822704578216505666e+01
1.562969221032702194e+00 1.804120915253569534e-03 3.992830188679245111e+02 1.815793661618388199e+01
1.569251838380229191e+00 1.803338776033149233e-03 3.959403341288783054e+02 1.722416079941992706e+01
1.575556094315494926e+00 1.863019847936644557e-03 3.925081585081584876e+02 1.606685693750291222e+01
1.581892448177514066e+00 1.865480693804838323e-03 3.876759259259259238e+02 1.897222052762857913e+01
1.588269483401412163e+00 1.861295980786164313e-03 3.844124423963133381e+02 1.685158754800710312e+01
1.594574325321363339e+00 1.830133252637398044e-03 3.816388888888889142e+02 1.639001683186967284e+01
1.600916934751582588e+00 1.832077894544300927e-03 3.781412300683371086e+02 1.639471725613161723e+01
1.607201343968552854e+00 1.780442356845074459e-03 3.746666666666666856e+02 1.676600028128649100e+01
1.613445462524496721e+00 1.775524639999344866e-03 3.717247706422018609e+02 1.549494570210729094e+01
1.619730849749851931e+00 1.787630240083115185e-03 3.681805869074491966e+02 1.607135146075057008e+01
1.625979803600224649e+00 1.755895091839796123e-03 3.653379310344827786e+02 1.555225984754106250e+01
1.632226613292544926e+00 1.821174808670054370e-03 3.624787472035794167e+02 1.546649889346521256e+01
1.638606704061473573e+00 1.894452323361247963e-03 3.590607375271149522e+02 1.556717722311301877e+01
1.645050487946952522e+00 1.887301666918968484e-03 3.560065217391304486e+02 1.635363188996372230e+01
1.651415996904310735e+00 1.851783837096881687e-03 3.529627192982455881e+02 1.560162841164685155e+01
1.657788871265904573e+00 1.852242853945953917e-03 3.496393088552915742e+02 1.577654462956233949e+01
1.664006124760511351e+00 1.741113674427757210e-03 3.469591836734693970e+02 1.516098230097914090e+01
1.670281873961185770e+00 1.842366346193471905e-03 3.436279069767442138e+02 1.539172367147472542e+01
1.676541801276667298e+00 1.721555322686186195e-03 3.410067264573991110e+02 1.416969438254791136e+01
1.682793682471841024e+00 1.824670227224382997e-03 3.375991561181434690e+02 1.494077187344043089e+01
1.689107465299970467e+00 1.791603935857043455e-03 3.349522776572667908e+02 1.501654202738179933e+01
1.695415952935033443e+00 1.877357617877282179e-03 3.319185803757828808e+02 1.453508771831764967e+01
1.701806617780016628e+00 1.875253898477295287e-03 3.286367432150312879e+02 1.574081765420806001e+01
1.708145235544118012e+00 1.851238026496159058e-03 3.261115789473684003e+02 1.419393479770677224e+01
1.714469347376187613e+00 1.845626368464784459e-03 3.234016563146997782e+02 1.381326816859206374e+01
1.720739519194126599e+00 1.771881702320935673e-03 3.197435897435897232e+02 1.359856188655344056e+01
1.726990948287859817e+00 1.820993782645452704e-03 3.167469387755102161e+02 1.428666906430384209e+01
1.733361150263370787e+00 1.784216608021570085e-03 3.166880165289256297e+02 3.810372366655284537e+01
1.739571674833123582e+00 1.760427731239605715e-03 3.256771488469601650e+02 1.623686436231308505e+02
1.745887440247851030e+00 1.853392121839796862e-03 3.299318637274549246e+02 2.576035527924323674e+02
1.752250177420427102e+00 1.860925844240075020e-03 3.175647773279352464e+02 1.560554569748370000e+02
1.758607387389414800e+00 1.864192030273802104e-03 3.028960000000000150e+02 3.389216688262938248e+01
1.764972322429467777e+00 1.851098948525789619e-03 2.979639999999999986e+02 1.455646358151594377e+01
1.771273520234028620e+00 1.808016239517707931e-03 2.953508064516129252e+02 1.460517407792574573e+01
1.777586992161852564e+00 1.807004964737956481e-03 2.929920792079207672e+02 1.365740363508245991e+01
1.783840233931820451e+00 1.746107465683986813e-03 2.893584521384928507e+02 1.366356527558791711e+01
1.790071520275328565e+00 1.795583184790444783e-03 2.871456692913386064e+02 1.308650550235824106e+01
1.796393698957722052e+00 1.819993601147859141e-03 2.839150197628458727e+02 1.385820777254854441e+01
1.802712928873270393e+00 1.883216042231023422e-03 2.826053639846743408e+02 1.364950635184639083e+01
1.809114577024696358e+00 1.850157529878445435e-03 2.800600775193798313e+02 1.442685357311811778e+01
1.815345782948464493e+00 1.803540499391122600e-03 2.770039525691699396e+02 1.388013310294238423e+01
1.821700705453981772e+00 1.863872113208649628e-03 2.745485074626865867e+02 1.373994118596284331e+01
1.828034416566336029e+00 1.759461126105644731e-03 2.722362204724409480e+02 1.381684822275288660e+01
1.834289862490237510e+00 1.817049905439401892e-03 2.700451977401129966e+02 1.306891486279967474e+01
1.840620947190598100e+00 1.780340576699249600e-03 2.674519230769230944e+02 1.260587851269887416e+01
1.846876290479544158e+00 1.833628160635640113e-03 2.647107750472590055e+02 1.319917647637872982e+01
1.853225331533147280e+00 1.864396810776891523e-03 2.623129629629629562e+02 1.388993921954426369e+01
1.859586416204100923e+00 1.843230203276794224e-03 2.596785046728971906e+02 1.363505524072385811e+01
1.865884580336470755e+00 1.827085395033201023e-03 2.575381750465549544e+02 1.334829274310633096e+01
1.872200528994375501e+00 1.799198018262535481e-03 2.554333333333333371e+02 1.319048712585262884e+01
1.878453452628845000e+00 1.760356359008985331e-03 2.534538606403013148e+02 1.331913604635573734e+01
1.884712324747962020e+00 1.805687576808031941e-03 2.511003649635036368e+02 1.227487644637082909e+01
1.891113706724730337e+00 1.861939656346446982e-03 2.486223021582733850e+02 1.196602698134755016e+01
1.897400945427566432e+00 1.833350088909791505e-03 2.465661764705882320e+02 1.235684079291660353e+01
1.903772875545957088e+00 1.875180743362649160e-03 2.443133802816901436e+02 1.282400722965735973e+01
1.910018917854334752e+00 1.739883276586547947e-03 2.418941398865784436e+02 1.241012803450348478e+01
1.916236012056648175e+00 1.833205283437960029e-03 2.399824561403508767e+02 1.205643214931886575e+01
1.922638163561010805e+00 1.793373418488206777e-03 2.378660714285714164e+02 1.205380952145801388e+01
1.928888348891847349e+00 1.792288115248428593e-03 2.357607913669064885e+02 1.223782216918280774e+01
1.935240631371640818e+00 1.865766417879262265e-03 2.344584775086505317e+02 1.171740210127523518e+01
1.941608872090050619e+00 1.856644915843207438e-03 2.316309314586994788e+02 1.266994329740874825e+01
1.947917338414854704e+00 1.837601359788319485e-03 2.300630472854641084e+02 1.191444937593483999e+01
1.954236834815996637e+00 1.805754229573221887e-03 2.279527972027971998e+02 1.230922093971809339e+01
1.960488135501994522e+00 1.772905664188001006e-03 2.258831858407079665e+02 1.197727741392579581e+01
1.966755922696415082e+00 1.810201296061439468e-03 2.245283993115318424e+02 1.193869234419244485e+01
1.973091583736556354e+00 1.814240900008777741e-03 2.223000000000000114e+02 1.204475132506929391e+01
1.979420480567132490e+00 1.865397302840512408e-03 2.209303904923599191e+02 1.211595619702447912e+01
1.985762243830389018e+00 1.849873766110382307e-03 2.191576271186440579e+02 1.289655704317785379e+01
1.992143605840229093e+00 1.840662096304069391e-03 2.173199329983249584e+02 1.258932657459775228e+01
1.998372952698491245e+00 1.738412627792555948e-03 2.150632688927943832e+02 1.232845634427136083e+01
2.004614638405731508e+00 1.821010887715033720e-03 2.133923841059602751e+02 1.217187871184300008e+01
2.010981699228176822e+00 1.807963355431743604e-03 2.112474747474747403e+02 1.235569013035783570e+01
2.017216781415232862e+00 1.822968187424302972e-03 2.095075885328836307e+02 1.171958216569632683e+01
2.023555507756473748e+00 1.866836436713831520e-03 2.072065040650406615e+02 1.231774319999999889e+01
2.029945947492921121e+00 1.842053164818473936e-03 2.056233552631578902e+02 1.131199088055620194e+01
2.036236367431154548e+00 1.802040352124230577e-03 2.034115702479338950e+02 1.150651490477197392e+01
2.042538823796997693e+00 1.786279422623429517e-03 2.013185550082101827e+02 1.154953058020168122e+01
2.048720173306640469e+00 1.747373060808409071e-03 1.997966101694915153e+02 1.138311192077376610e+01
2.055017041239767028e+00 1.892889576395914968e-03 1.983661971830985919e+02 1.161987100957188801e+01
2.061465280497128294e+00 1.850343878148330047e-03 1.966666666666666572e+02 1.191175710233201634e+01
2.067778354784032935e+00 1.826644103880053095e-03 1.945893719806763329e+02 1.160660032300830657e+01
2.074107962816127415e+00 1.810449409964311413e-03 1.932174603174603078e+02 1.187009216187763450e+01
2.080392027050733006e+00 1.757304311173108879e-03 1.916791530944625492e+02 1.185440120254299146e+01
2.086560915145909245e+00 1.789004268885935290e-03 1.896936790923824958e+02 1.140323243344639081e+01
2.092907509218693285e+00 1.897916204239676529e-03 1.881067073170731589e+02 1.118569952095315934e+01
2.099341076602548206e+00 1.841856996552926774e-03 1.858265624999999943e+02 1.161959383702804161e+01
2.105598503643897335e+00 1.780460926307301031e-03 1.838434504792332405e+02 1.095929890931789785e+01
2.111872942412509335e+00 1.813036870717739954e-03 1.824475308641975175e+02 1.146860069151283490e+01
2.118179840511383194e+00 1.773074262998883873e-03 1.813370078740157396e+02 1.102204071897591930e+01
2.124489700938873238e+00 1.854176769044688739e-03 1.798562691131498354e+02 1.076865038620389825e+01
2.130866139955553962e+00 1.876679961187130126e-03 1.785068078668683711e+02 1.302619995561290267e+01
2.137196345481136905e+00 1.803165093871285981e-03 1.771068111455108465e+02 1.339566590657808121e+01
2.143477781291089013e+00 1.808033309626025679e-03 1.754778625954198503e+02 1.310153576862395397e+01
2.149749346762158453e+00 1.787076492040512573e-03 1.740614439324116631e+02 1.084123689148901448e+01
2.156014428448592479e+00 1.811767013668930289e-03 1.728036529680365163e+02 1.046676808881471388e+01
2.162388958755252943e+00 1.899773100682969557e-03 1.711503649635036481e+02 1.106851012819653235e+01
2.168776559916051561e+00 1.828625003914755194e-03 1.693048048048048031e+02 1.098309029447362484e+01
2.175079146577416189e+00 1.799027495536281414e-03 1.673716417910447660e+02 1.100541473486119060e+01
2.181358965593887422e+00 1.775037425494343461e-03 1.661445783132530210e+02 1.105451068189024433e+01
2.187625576602315824e+00 1.830837683859201127e-03 1.645813609467455763e+02 1.094304151310358719e+01
2.193923842198696850e+00 1.837507381709080519e-03 1.634229074889867945e+02 1.071699937941931680e+01
2.200310743338333541e+00 1.859271066102410235e-03 1.617618364418938199e+02 1.101363617333869804e+01
2.206637920896229677e+00 1.789161753318371274e-03 1.603807407407407482e+02 1.111992075447185968e+01
2.212855268310565560e+00 1.778695396750237757e-03 1.594138438880706872e+02 1.135231245615276308e+01
2.219155297956861617e+00 1.826812665150635666e-03 1.579050359712230147e+02 1.108681486719175702e+01
2.225534449623195243e+00 1.883537061579874895e-03 1.565923836389280552e+02 1.128098561594963556e+01
2.231816049321749151e+00 1.789850136339156059e-03 1.549309838472834144e+02 1.113174920087468145e+01
2.238124350048766420e+00 1.838516226422660244e-03 1.535391061452513952e+02 1.096320943342390208e+01
2.244461256680506001e+00 1.769483755913013904e-03 1.522865412445730726e+02 1.107816925836393906e+01
2.250672411056880762e+00 1.815340560525242463e-03 1.511578192252510746e+02 1.096582651159598143e+01
2.256976265699253581e+00 1.875232856265233962e-03 1.503825966850828593e+02 1.090360851332090064e+01
2.263404067221236105e+00 1.844596500685106652e-03 1.491115702479338836e+02 1.121718196886106256e+01
2.269740131332425914e+00 1.784620609829179342e-03 1.477637906647807711e+02 1.126743921511506663e+01
2.275928662030326066e+00 1.770462641505800294e-03 1.463333333333333428e+02 1.101361067647451542e+01
2.282234771450446509e+00 1.859120215862977580e-03 1.453523035230352320e+02 1.117547604143805096e+01
2.288651494096741512e+00 1.861574731480084791e-03 1.437096336499321581e+02 1.201139052540459851e+01
2.294929189507614264e+00 1.787386468760323059e-03 1.427668539325842687e+02 1.189974887651311697e+01
2.301123790424945526e+00 1.773889529887621910e-03 1.417138888888889028e+02 1.198197575759338562e+01
2.307427473574251042e+00 1.823767960867003161e-03 1.381732070365358709e+02 1.326313287967733601e+01
2.313824548022820782e+00 1.807223345639351721e-03 1.375943536404160454e+02 1.210674740323332443e+01
2.320154992066300714e+00 1.861695907969135875e-03 1.359156804733727881e+02 1.182541325368785579e+01
2.326479049872378635e+00 1.797363522119922990e-03 1.351340523882896889e+02 1.213816654395140482e+01
2.332811122143054305e+00 1.834923033436536115e-03 1.337112462006078886e+02 1.250123690076757121e+01
2.339146829363451641e+00 1.809933127175767861e-03 1.323579277864992036e+02 1.240288810193720970e+01
2.345346999874724947e+00 1.788822558822959720e-03 1.304324758842443828e+02 1.292391141547155264e+01
2.351591514044208964e+00 1.821961582186779451e-03 1.298015748031496059e+02 1.248588494399358773e+01
2.357940827546205931e+00 1.821480796874143165e-03 1.288813291139240391e+02 1.242770110546856088e+01
2.364269371024037891e+00 1.822839816105960298e-03 1.277660256410256352e+02 1.241571621959691996e+01
2.370575565839220911e+00 1.828742917233826173e-03 1.261045016077170402e+02 1.255907659739641602e+01
2.376891771469677561e+00 1.815523241845057745e-03 1.250614886731391522e+02 1.211746211954460861e+01
2.383240749019818416e+00 1.833462819707767054e-03 1.237347266881028958e+02 1.212561296426718016e+01
2.389601619010945921e+00 1.828185711102788165e-03 1.231482084690553762e+02 1.213997228569199649e+01
2.395961259100775731e+00 1.812604844355751544e-03 1.215643879173290998e+02 1.224071022319814439e+01
2.402160007896914973e+00 1.807533258736503850e-03 1.224164179104477626e+02 1.429931820840481294e+01
2.408453972146052724e+00 1.793232887210479852e-03 1.232543859649122737e+02 1.587169826732447753e+01
2.414771780432101167e+00 1.830638750947721858e-03 1.228708751793400324e+02 1.687370802286558202e+01
2.421058800843912895e+00 1.849123668637423033e-03 1.226958981612446991e+02 1.769137884494595880e+01
2.427397847212681370e+00 1.833909450969152099e-03 1.218499999999999943e+02 1.761666075370447615e+01
2.433701938443864954e+00 1.777285794113256248e-03 1.208354430379746844e+02 1.800931866451838559e+01
2.440001432560962691e+00 1.835928632076300280e-03 1.207072503419972662e+02 1.823197754579976149e+01
2.446276920633820851e+00 1.825543246774167941e-03 1.202778541953232434e+02 1.880604512641491155e+01
2.452612917458465880e+00 1.850886418197054181e-03 1.191763925729442946e+02 1.848085668738591991e+01
2.458937188373468086e+00 1.764090576915684772e-03 1.180150684931506788e+02 1.812327835243445051e+01
2.465235494564519847e+00 1.842465198645606636e-03 1.180951122853368531e+02 1.856628835941194566e+01
2.471581205305689810e+00 1.856761058240425245e-03 1.177776315789473642e+02 1.925921506600018063e+01
2.477865992864338285e+00 1.798850075022648308e-03 1.164167776298268961e+02 1.957290191021959558e+01
2.484122936716935737e+00 1.780971833254360159e-03 1.154068692206076605e+02 1.940141530025418604e+01
2.490467721662181333e+00 1.849468727863495983e-03 1.156653895274584869e+02 1.972376274094784421e+01
2.496849546734450254e+00 1.852734310658727887e-03 1.148671775223499338e+02 1.987448011769661704e+01
2.503105859710241798e+00 1.772860352036017325e-03 1.141002638522427475e+02 1.965012169428912969e+01
2.509322203788900918e+00 1.804578376445024500e-03 1.132743589743589752e+02 1.975031845048235368e+01
2.515643032193938478e+00 1.830400595634155535e-03 1.134282115869017673e+02 2.069186908392881108e+01
2.522012436559997628e+00 1.844427975373299751e-03 1.118498759305210939e+02 2.064886291137863594e+01
2.528376527697731913e+00 1.805263014170996501e-03 1.108932160804020128e+02 2.052394166910507423e+01
2.534662305746367750e+00 1.817191430107880853e-03 1.106599496221662520e+02 2.106906139449133519e+01
2.540923642722284104e+00 1.847774197163838152e-03 1.105618811881188179e+02 2.165204892271654913e+01
2.547222087144660030e+00 1.810867478977307979e-03 1.093242574257425730e+02 2.159856433198333292e+01
2.553540685742163419e+00 1.807658101810726481e-03 1.084602203182374609e+02 2.126959942516668889e+01
2.559925401613222018e+00 1.856915584780679824e-03 1.086191616766467121e+02 2.164624436938707674e+01
2.566280305514876403e+00 1.838802799104265022e-03 1.072990314769975839e+02 2.195605445400513034e+01
2.572544852388987113e+00 1.785952156998167010e-03 1.063300613496932527e+02 2.176834375054897919e+01
2.578799894204640619e+00 1.806472379669163885e-03 1.055078597339782362e+02 2.212081279820067792e+01
2.585123793491197919e+00 1.855120447360665906e-03 1.054265569917743761e+02 2.286674180058436079e+01
2.591472256141813091e+00 1.805120360344933915e-03 1.043015494636472056e+02 2.245384643989880757e+01
2.597744265483155957e+00 1.788819714346394623e-03 1.040863309352517945e+02 2.234817871171902581e+01
2.604038454996993934e+00 1.850630787333012181e-03 1.047902097902097864e+02 2.341475208820316922e+01
2.610374414453144443e+00 1.837105816396599096e-03 1.034190919674039577e+02 2.336904776540580997e+01
2.616634120485421100e+00 1.761050173804210722e-03 1.023544152744630082e+02 2.296235616852014161e+01
2.622940397920966227e+00 1.848634675493098997e-03 1.024584755403868002e+02 2.331094390220592061e+01
2.629323187355575353e+00 1.839581463337864892e-03 1.024691780821917746e+02 2.356315319180618673e+01
2.635681273538560632e+00 1.815290224604702678e-03 1.016643757159221053e+02 2.370359943040346806e+01
2.641934789831782204e+00 1.778405014700361417e-03 1.011173708920187835e+02 2.372404389109463807e+01
2.648176773767660031e+00 1.853093332118325998e-03 1.015343855693348303e+02 2.425331915419327089e+01
2.654514065851063087e+00 1.823524830511773481e-03 9.998079096045198355e+01 2.418335455548417912e+01
2.660817448321032508e+00 1.798052776896779401e-03 9.919908987485779051e+01 2.434739471761980667e+01
2.667123571907564994e+00 1.844852426740933296e-03 9.994333333333332803e+01 2.496312955214224516e+01
2.673472329675100401e+00 1.839448802019330543e-03 9.863565891472867975e+01 2.488885075615572617e+01
2.679761377760365715e+00 1.786299887381436651e-03 9.792873303167421284e+01 2.463903294516411435e+01
2.686129035698236578e+00 1.877272974428747035e-03 9.723860021208908222e+01 2.605334590864515931e+01
2.692300573720700196e+00 1.798376592015874225e-03 9.802693602693602770e+01 2.479893060199716004e+01
2.698561328278970439e+00 1.798779619418457414e-03 9.825085518814138652e+01 2.429942125042922996e+01
2.704947056964875252e+00 1.860594623228957294e-03 9.911910112359549885e+01 2.453881342840730184e+01
2.711339925705444909e+00 1.826229981736538378e-03 9.855092592592592382e+01 2.423563697845326459e+01
2.717643416720191052e+00 1.774618570520191145e-03 9.827804295942721069e+01 2.400473536302668620e+01
2.723934694222051256e+00 1.823763048442502126e-03 9.919952774498229076e+01 2.449134197158013748e+01
2.730274673678132036e+00 1.841398355898408350e-03 9.844273907910272214e+01 2.392129498377142838e+01
2.736591263199737778e+00 1.788312012670147501e-03 9.762926829268292295e+01 2.355344019275618095e+01
2.742885231028380222e+00 1.844652457607765493e-03 9.840167865707434203e+01 2.328899966057135984e+01
2.749161241756704843e+00 1.804773587711254630e-03 9.798894348894349093e+01 2.319919323755307872e+01
2.755398232824302962e+00 1.776157869081165970e-03 9.740644361833952303e+01 2.290273850762075725e+01
2.761751565609168679e+00 1.857903093933079139e-03 9.813500597371564993e+01 2.290445270685178869e+01
2.768124311574730267e+00 1.813883183384283311e-03 9.744662576687116484e+01 2.261132988295058865e+01
2.774423663616722546e+00 1.776295681999270643e-03 9.674157303370786565e+01 2.231625617966459885e+01
2.780754869867226198e+00 1.842436817654598789e-03 9.759926918392204698e+01 2.218828626318008546e+01
2.787077464795406190e+00 1.805278297034774168e-03 9.706000000000000227e+01 2.188413180823037152e+01
2.793346642012575654e+00 1.793644434711254678e-03 9.653341740226986190e+01 2.166411884236102736e+01
2.799634253246212179e+00 1.838111547031318375e-03 9.740818858560794524e+01 2.198556130476903903e+01
2.805924842988945844e+00 1.808245895551135627e-03 9.635858585858585457e+01 2.213926650698249787e+01
2.812167973206011862e+00 1.789098639402584082e-03 9.592838874680306560e+01 2.183827789174184986e+01
2.818496662748549042e+00 1.874446068014908040e-03 9.615403422982885218e+01 2.178851298156357785e+01
2.824858807967614460e+00 1.791571154666717633e-03 9.463312101910827323e+01 2.153394511751694651e+01
2.831150482550185643e+00 1.815112775054883139e-03 9.496329113924051057e+01 2.151857892389788063e+01
2.837475400148095517e+00 1.850316795954077458e-03 9.476089663760896542e+01 2.161905128917336683e+01
2.843805018276897911e+00 1.786824753329564535e-03 9.377663671373555587e+01 2.158545460148784656e+01
2.850131561922547352e+00 1.845583173970813699e-03 9.395505617977528345e+01 2.146141144291102520e+01
2.856484494638581229e+00 1.841115527677602507e-03 9.323536737235367866e+01 2.118764386900530639e+01
2.862782859862781137e+00 1.780809355167121575e-03 9.221428571428570820e+01 2.079799018589524451e+01
2.869068523143336158e+00 1.847699945098150954e-03 9.287116564417178211e+01 2.069742118307964418e+01
2.875378514069953706e+00 1.802909528894259443e-03 9.203495630461922872e+01 2.040480030239192288e+01
2.881671995666307051e+00 1.819305449905813353e-03 9.165341614906832035e+01 2.036962653364496489e+01
2.887980092673573917e+00 1.848812746508326317e-03 9.175245098039215463e+01 2.034288632316297907e+01
2.894292086458025270e+00 1.795011172749967111e-03 9.104899497487437543e+01 1.987713953563967451e+01
2.900588101801901963e+00 1.834444505730529681e-03 9.098022249690976082e+01 1.953516254733657931e+01
2.906894294921833044e+00 1.834235081131648307e-03 9.049814126394052494e+01 1.953924799815825608e+01
2.913143215321425394e+00 1.775388414920497622e-03 8.961459667093470216e+01 1.943842203496733134e+01
2.919469846096636179e+00 1.902110692867622259e-03 9.022062350119904295e+01 1.965077679523665566e+01
2.925831071463227850e+00 1.799019204260941503e-03 8.904314720812182316e+01 1.961674593281345835e+01
2.932125236913744715e+00 1.849572311535908030e-03 8.912113720642769010e+01 1.934666025199253525e+01
2.938426190430696305e+00 1.829943172517629413e-03 8.852309612983769682e+01 1.913909744367433419e+01
2.944698497868602605e+00 1.792371922793937686e-03 8.789086294416243561e+01 1.898645339533361920e+01
2.951032364443879619e+00 1.872648010744969562e-03 8.850728155339805880e+01 1.891961994656903556e+01
2.957349976869245278e+00 1.772646084934545842e-03 8.704475703324807512e+01 1.886858843394499985e+01
2.963641534615172990e+00 1.843499637433317897e-03 8.667160493827159939e+01 1.872455700966107983e+01
2.969974563050315375e+00 1.835483252247156055e-03 8.649813664596273100e+01 1.873674257077512095e+01
2.976261971728969780e+00 1.784595762971840369e-03 8.567474489795918657e+01 1.844993690513372542e+01
2.982555079221103078e+00 1.856376802478345786e-03 8.592900856793146147e+01 1.818172281942460700e+01
2.988860230475899549e+00 1.767956570045068222e-03 8.487323943661971271e+01 1.813307346593372316e+01
2.995178874680174186e+00 1.856934622757372335e-03 8.533740831295843066e+01 1.799932804756156912e+01
3.001496400543723020e+00 1.797819739674591305e-03 8.453865652724968527e+01 1.780953339897012100e+01
3.007822553902104179e+00 1.849516356328991537e-03 8.466089108910891525e+01 1.780677869901028032e+01
3.014155913686516808e+00 1.844070628166239031e-03 8.441118012422360550e+01 1.770445115660266211e+01
3.020427983220980828e+00 1.780401570183770890e-03 8.361923076923076792e+01 1.730412470353309473e+01
3.026726854870708916e+00 1.864734463497724846e-03 9.438997555012224439e+01 1.502122092541614791e+02
3.033042693621903041e+00 1.790509691971886499e-03 1.525778061224489761e+02 8.685322901717358945e+02
3.039417687211595442e+00 1.892848977299335135e-03 1.673864734299516783e+02 1.145360266358312629e+03
3.045771113053035606e+00 1.809002971513908259e-03 1.038504435994930333e+02 3.479017135411993991e+02
3.052089874155329063e+00 1.844438578281415919e-03 8.299379652605459512e+01 2.287255560653726860e+01
3.058386304167925118e+00 1.824217551217444024e-03 8.183082706766917624e+01 1.685274541942449389e+01
3.064635661305841197e+00 1.781811879387494579e-03 8.120256410256409652e+01 1.648609349615521324e+01
3.070942258104439215e+00 1.879278577764203085e-03 8.151878787878787591e+01 1.656280892499115609e+01
3.077306102136554866e+00 1.789896323379901438e-03 8.119822109275730782e+01 1.661578204980390083e+01
3.083610248093582751e+00 1.842323938384468965e-03 8.128413284132841454e+01 1.641589880684345459e+01
3.089899276602742884e+00 1.781295098450355954e-03 8.031974522292993868e+01 1.613656147297315613e+01
3.096219282790054539e+00 1.849962857272845727e-03 8.083210784313725128e+01 1.603927589323639680e+01
3.102516781183005889e+00 1.793151767743564459e-03 7.958428390367554073e+01 1.624203926695129496e+01
3.108846425703184035e+00 1.844538984569745127e-03 7.938622386223862293e+01 1.628551042656558678e+01
3.115155056293756886e+00 1.812510444856532069e-03 7.879046424090338974e+01 1.628543999482153737e+01
3.121484332076036150e+00 1.832521331068808152e-03 7.871588089330025184e+01 1.610182597591447617e+01
3.127777573742708483e+00 1.818133687887086257e-03 7.873566084788029684e+01 1.589737567391089712e+01
3.134074710556275623e+00 1.800750836428910992e-03 7.824842370744009656e+01 1.567474852841928268e+01
3.140350968701055567e+00 1.840082388152106639e-03 7.831403940886698933e+01 1.535801141965299443e+01
3.146669598331559570e+00 1.795769837056059460e-03 7.717424242424242209e+01 1.536743280101742393e+01
3.152959210157879166e+00 1.842768641532451131e-03 7.723558282208588821e+01 1.537267130076780042e+01
3.159264892205651432e+00 1.791857333635609589e-03 7.634683544303797476e+01 1.526629919276778047e+01
3.165581888857809112e+00 1.858342078644047027e-03 7.661529126213592633e+01 1.509113345665275041e+01
3.171905560319084216e+00 1.782720971754531017e-03 7.562230671736375598e+01 1.491790248614645087e+01
3.178180461481988406e+00 1.828434529921516482e-03 7.623710073710073232e+01 1.449347377738410358e+01
3.184506679420991304e+00 1.810619157308176325e-03 7.533125778331258005e+01 1.412174500731352822e+01
3.190846230582273346e+00 1.831490456789015321e-03 7.550733496332517802e+01 1.386028623901264645e+01
3.197132365687451294e+00 1.780884113596707067e-03 7.457721518987341369e+01 1.376389365210992111e+01
3.203454230992797136e+00 1.862619862555806765e-03 7.427985524728588018e+01 1.342716371755562221e+01
3.209790152929830498e+00 1.796864404628749357e-03 7.296729559748428073e+01 1.381641157852083701e+01
3.216105270782768422e+00 1.849581865447865814e-03 7.373786407766989726e+01 1.362354100609406693e+01
3.222383723154825574e+00 1.773184836801974633e-03 7.310279187817259583e+01 1.334022659082678430e+01
3.228652903688512765e+00 1.829814433570467642e-03 7.370401948842874162e+01 1.302685228039269383e+01
3.234977992221026444e+00 1.801123950508762587e-03 7.298134328358209189e+01 1.275094872543524005e+01
3.241301441286830176e+00 1.830570155328411054e-03 7.297691373025516270e+01 1.258823238192491267e+01
3.247581817024004280e+00 1.774748969754167847e-03 7.185587863463969427e+01 1.232972142409067828e+01
3.253885986942128827e+00 1.868811343678552150e-03 7.175329341317365106e+01 1.262403997590335081e+01
3.260235987169183947e+00 1.804603356501592029e-03 7.129250000000000398e+01 1.227898853224483666e+01
3.266546856392692710e+00 1.857627301288636550e-03 7.195192307692308020e+01 1.198366420373088914e+01
3.272886904023045052e+00 1.792569475559808913e-03 7.123375000000000057e+01 1.211221090986282611e+01
3.279153478698136670e+00 1.837211362056317054e-03 7.150666666666666060e+01 1.190323205408232177e+01
3.285516195699416553e+00 1.819318898053023329e-03 7.133415233415233558e+01 1.198885870581991142e+01
3.291677990232397821e+00 1.824817096246810931e-03 6.997509829619922073e+01 1.222251655075386800e+01
3.298068987764390059e+00 1.863784166448585874e-03 6.873835616438356055e+01 1.150376736287403823e+01
3.304430978840338096e+00 1.814787339162488022e-03 6.860029069767442422e+01 1.115311512906625424e+01
3.310737564052387061e+00 1.817945227602999880e-03 6.777529761904762040e+01 1.071108996652418988e+01
3.317033906120231190e+00 1.800198345421728579e-03 6.765639445300462285e+01 1.044510430491894581e+01
3.323313479518194669e+00 1.810036704891648416e-03 6.731661442006269169e+01 1.033539134555531547e+01
3.329645772824664451e+00 1.853775369266378323e-03 6.625897035881435215e+01 1.030874928602470852e+01
3.335990548707715053e+00 1.826590486813650920e-03 6.584911717495987205e+01 9.995959547430665282e+00
3.342268739174953929e+00 1.807641793864574143e-03 6.493964110929853462e+01 9.746183957463232517e+00
3.348554594221377023e+00 1.807536448754866812e-03 6.478947368421052033e+01 9.877193469352768318e+00
3.354810866618635590e+00 1.798386852034845364e-03 6.417587939698492505e+01 9.464268387912937897e+00
3.361143554435736203e+00 1.860575678898459748e-03 6.313114754098360493e+01 9.494661083417069491e+00
3.367505271257411170e+00 1.829077091643749146e-03 6.294087837837837895e+01 8.639736883430021663e+00
3.373804785089639324e+00 1.803149868685275390e-03 6.243674176776429618e+01 8.374507183440460523e+00
3.380079784639911100e+00 1.805631642174917659e-03 6.229173989455184568e+01 8.387146299750911638e+00
3.386416571036835244e+00 1.843579116849991192e-03 6.148415492957746409e+01 8.340608021256800342e+00
3.392732849186819166e+00 1.821713749179523084e-03 6.111615245009074471e+01 8.001325025891233622e+00
3.399077842768783331e+00 1.840157085703132342e-03 6.114855072463767982e+01 7.996712117763890681e+00
3.405368445234043140e+00 1.771416845865005909e-03 6.057061068702289930e+01 7.795692441330848155e+00
3.411642977450664915e+00 1.840004348347408980e-03 6.017105263157894512e+01 7.815976175588332353e+00
3.417946432239648225e+00 1.816648589106147462e-03 6.002912621359223522e+01 7.838242352140734504e+00
3.424268333461439884e+00 1.838339958730071926e-03 5.966731141199226585e+01 7.659136321798242442e+00
3.430601598134079389e+00 1.799761940178920376e-03 5.941282565130260451e+01 7.444432862498960191e+00
3.436922606236269218e+00 1.844213366763177700e-03 5.892999999999999972e+01 7.346765274595341566e+00
3.443269856433799347e+00 1.834668830692703879e-03 5.880163599182004219e+01 6.887729572582485638e+00
3.449516618902171317e+00 1.769622948488585408e-03 5.805341880341880056e+01 6.893220680017024371e+00
3.455771942280530862e+00 1.817195070858158281e-03 5.798942917547568499e+01 7.088229318614205354e+00
3.462154010515302804e+00 1.866018191136946868e-03 5.727637130801687704e+01 6.953442478333236920e+00
3.468478914699885340e+00 1.799468636805881495e-03 5.750997782705099581e+01 6.727877450102945467e+00
3.474737530089159865e+00 1.798535080277152308e-03 5.723318385650224371e+01 6.677547894300216669e+00
3.481027808853469629e+00 1.828779808500339806e-03 5.644117647058823195e+01 6.665812650471788281e+00
3.487370903609774420e+00 1.855504762412056021e-03 5.650904977375565608e+01 6.413181570189195213e+00
3.493710577164840458e+00 1.791815171782784382e-03 5.624349881796690198e+01 6.529830281114455737e+00
3.499981309375833849e+00 1.817721919481020843e-03 5.577565632458233580e+01 6.478657332913649647e+00
3.506294281862427642e+00 1.840208171226962808e-03 5.583453237410071779e+01 6.191085349807578631e+00
3.512643170548069183e+00 1.819719049123772565e-03 5.572727272727272663e+01 5.947446863176338638e+00
3.518887929185086527e+00 1.780316295825717758e-03 5.529999999999999716e+01 5.923270060121197389e+00
3.525201780775713889e+00 1.871585280235478531e-03 5.505707196029776895e+01 6.038081058635578202e+00
3.531587235286628879e+00 1.812415240060859375e-03 5.479427083333333570e+01 5.954152452164040987e+00
3.537791204901774123e+00 1.765649031450039182e-03 5.432697547683923744e+01 5.391255893040148628e+00
3.544104483213670331e+00 1.881636984785636617e-03 5.425000000000000000e+01 5.185177693033608648e+00
3.550526160049383151e+00 1.823753900979235669e-03 5.357650273224043502e+01 4.878001927419247430e+00
3.556826252644191833e+00 1.805941154371571225e-03 5.334366197183098279e+01 4.886721560473980652e+00
3.563110991539715666e+00 1.831382697511484874e-03 5.337215909090909349e+01 5.193313915666266212e+00
3.569418747584309326e+00 1.819035597463529485e-03 5.335174418604650981e+01 5.334124101959019093e+00
3.575721219182565580e+00 1.815191134896390569e-03 5.264985163204747920e+01 5.168189721524030666e+00
3.582041784633743120e+00 1.836067019019354488e-03 5.252552552552552356e+01 4.892710321484976532e+00
3.588351193306853926e+00 1.816205673054769026e-03 5.245510835913312775e+01 4.764599262129929791e+00
3.594644124218077774e+00 1.816162507538995278e-03 5.192113564668769499e+01 4.353087133572311807e+00
3.600965899690116157e+00 1.832434222657099978e-03 5.156230031948881987e+01 4.546036241416583579e+00
3.607301933810233674e+00 1.823864462282996299e-03 5.136065573770491710e+01 4.815851055846606776e+00
3.613589615564896995e+00 1.801875725405921403e-03 5.102711864406779796e+01 4.557285160287277037e+00
3.619872304563952703e+00 1.819848024125704684e-03 5.072852233676975686e+01 4.166748502402500165e+00
3.626184481674183946e+00 1.827760715362539709e-03 5.022456140350877263e+01 3.956718750264931472e+00
3.632455309189269510e+00 1.797655079431180383e-03 5.039051094890510996e+01 4.346995707002820453e+00
3.638754857574894697e+00 1.841922947680418475e-03 5.022262773722627571e+01 4.430996631959031262e+00
3.645110863435991444e+00 1.833895812584415653e-03 4.993609022556390897e+01 3.983919568470936312e+00
3.651399341121458253e+00 1.797724079201825547e-03 4.957647058823529562e+01 3.905669731987502669e+00
3.657684783062496781e+00 1.823089633617003442e-03 4.953571428571428470e+01 3.617755095005415367e+00
3.663989311092172851e+00 1.817352227903809700e-03 4.919672131147540739e+01 3.311526131732952294e+00
3.670338462676961733e+00 1.852037082036360515e-03 4.889256198347107585e+01 3.969979897503963073e+00
3.676667454351053799e+00 1.802731285318214709e-03 4.866375545851528273e+01 3.997691979197787848e+00
3.682957402673964431e+00 1.831301914300888494e-03 4.844247787610619582e+01 3.503597828595279129e+00
3.689264510226057059e+00 1.810576500315507495e-03 4.840552995391705338e+01 3.540886200882498613e+00
3.695607159299667099e+00 1.851070780809128090e-03 4.797674418604650981e+01 3.624760114029860425e+00
3.701906411334345837e+00 1.786914693256676148e-03 4.794527363184079860e+01 3.631223964520488234e+00
3.708163258087520564e+00 1.825159420261267002e-03 4.764321608040201284e+01 3.512584381066923278e+00
3.714507337749332283e+00 1.833043865117713490e-03 4.735233160621761783e+01 3.140405061480630255e+00
3.720870273368275249e+00 1.842023606415223082e-03 4.706951871657754083e+01 3.084518679377413086e+00
3.727157013165883104e+00 1.785929560704693081e-03 4.707999999999999829e+01 2.820293804350380462e+00
3.733414267292576749e+00 1.823616893326991065e-03 4.706976744186046346e+01 3.091842754263275150e+00
3.739747614563589284e+00 1.832601406324968355e-03 4.620481927710843451e+01 3.238734845077535951e+00
3.746091684029914770e+00 1.828992002129592063e-03 4.609433962264150608e+01 3.256033823479359768e+00
3.752406222021260618e+00 1.812401454337024109e-03 4.585430463576158644e+01 2.939397837399138513e+00
3.758712131096641595e+00 1.823143945980814458e-03 4.560689655172414092e+01 2.789388760135884660e+00
3.765000355804634324e+00 1.809969724265664184e-03 4.572262773722627571e+01 2.992914359475059349e+00
3.771324791207556704e+00 1.846593531196991230e-03 4.561654135338346094e+01 2.840443879290353024e+00
3.777640884128447674e+00 1.800430178895984180e-03 4.553658536585366079e+01 2.882695711094090285e+00
3.783890033752419058e+00 1.812352582976840126e-03 4.541025641025640880e+01 2.840064325619697794e+00
3.790205950757557840e+00 1.839564216382759279e-03 4.544642857142856940e+01 2.798476945462606391e+00
3.796547481197723339e+00 1.823144808823023381e-03 4.503846153846154010e+01 3.268269089324911558e+00
3.802839460639445335e+00 1.822115437231795494e-03 4.453608247422680222e+01 2.589948440784487271e+00
3.809162628389719529e+00 1.835235423465040759e-03 4.474725274725274460e+01 2.968579165697240452e+00
3.815477698903783743e+00 1.813833779597889004e-03 4.407228915662650337e+01 2.423873615479502863e+00
3.821777178949230969e+00 1.830898415393102585e-03 4.350649350649350566e+01 2.898170597976804874e+00
3.828076951026545771e+00 1.795694771849016581e-03 4.353623188405796895e+01 2.439694837694093454e+00
3.834316772867639944e+00 1.791896653628349866e-03 4.390322580645161565e+01 3.008918412055371583e+00
3.840583618544390898e+00 1.820001018717854217e-03 4.355357142857143060e+01 2.526265090231514687e+00
3.846911872181034475e+00 1.824281646184678762e-03 4.344897959183673208e+01 2.841282509251075172e+00
3.853313008086272973e+00 1.880829953221405115e-03 4.365116279069767558e+01 2.899152260419726179e+00
3.859656947796285653e+00 1.787945514535103963e-03 4.332352941176470296e+01 2.548152190269467710e+00
3.865825284683709118e+00 1.773175751446867720e-03 4.318518518518518334e+01 2.254700926699915176e+00
3.872064552013789740e+00 1.858490478498285668e-03 4.385714285714285410e+01 2.472983270971197189e+00
3.878243048288448236e+00 1.738115315901965106e-03 4.653846153846154010e+01 2.477114182785325802e+00
3.884441558101385361e+00 1.990091083924331716e-03 5.042857142857143060e+01 2.931183504097598647e+00
