# qr I
-5.271178094407882181e-02 4.863636363636363313e+00
-5.248459079068404365e-02 4.318181818181818343e+00
-5.225740044403379830e-02 4.784090909090909172e+00
-5.203020990501463355e-02 5.000000000000000000e+00
-5.180301917451375637e-02 5.181818181818181657e+00
-5.157582825341917171e-02 5.295454545454545858e+00
-5.134863714261945350e-02 5.250000000000000000e+00
-5.112144584300391120e-02 5.056818181818181657e+00
-5.089425435546268001e-02 5.318181818181818343e+00
-5.066706268088654735e-02 5.022727272727272485e+00
-5.043987082016702928e-02 5.409090909090909172e+00
-5.021267877419652303e-02 5.227272727272727515e+00
-4.998548654386813367e-02 5.227272727272727515e+00
-4.975829413007577806e-02 5.090909090909090828e+00
-4.953110153371438618e-02 5.352272727272727515e+00
-4.930390875567945003e-02 5.465909090909090828e+00
-4.907671579686758573e-02 5.295454545454545858e+00
-4.884952265817608247e-02 5.965909090909090828e+00
-4.862232934050334660e-02 5.579545454545454142e+00
-4.839513584474861713e-02 5.534090909090909172e+00
-4.816794217181204207e-02 6.159090909090909172e+00
-4.794074832259482416e-02 5.920454545454545858e+00
-4.771355429799914449e-02 5.897727272727272485e+00
-4.748636009892821114e-02 6.045454545454545858e+00
-4.725916572628627993e-02 6.193181818181818343e+00
-4.703197118097866142e-02 6.102272727272727515e+00
-4.680477646391174862e-02 6.454545454545454142e+00
-4.657758157599316967e-02 6.613636363636363313e+00
-4.635038651813159355e-02 6.477272727272727515e+00
-4.612319129123693823e-02 6.125000000000000000e+00
-4.589599589622025966e-02 6.306818181818181657e+00
-4.566880033399389749e-02 6.670454545454545858e+00
-4.544160460547155833e-02 6.295454545454545858e+00
-4.521440871156805902e-02 6.988636363636363313e+00
-4.498721265319971518e-02 7.568181818181818343e+00
-4.476001643128412616e-02 6.886363636363636687e+00
-4.453282004674034150e-02 6.818181818181818343e+00
-4.430562350048885406e-02 7.113636363636363313e+00
-4.407842679345163467e-02 7.545454545454545858e+00
-4.385122992655211133e-02 7.227272727272727515e+00
-4.362403290071537737e-02 7.329545454545454142e+00
-4.339683571686800412e-02 7.840909090909090828e+00
-4.316963837593831843e-02 8.056818181818181657e+00
-4.294244087885621536e-02 8.079545454545455030e+00
-4.271524322655341488e-02 8.238636363636363313e+00
-4.248804541996337863e-02 8.227272727272726627e+00
-4.226084746002132381e-02 7.750000000000000000e+00
-4.203364934766445904e-02 8.852272727272726627e+00
-4.180645108383181097e-02 8.965909090909091717e+00
-4.157925266946443932e-02 8.829545454545455030e+00
-4.135205410550542998e-02 8.488636363636363313e+00
-4.112485539289988806e-02 8.704545454545455030e+00
-4.089765653259513911e-02 9.272727272727273373e+00
-4.067045752554063892e-02 9.852272727272726627e+00
-4.044325837268816781e-02 9.636363636363636687e+00
-4.021605907499178900e-02 1.021590909090909172e+01
-3.998885963340800820e-02 9.295454545454544970e+00
-3.976166004889573197e-02 9.727272727272726627e+00
-3.953446032241642732e-02 1.051136363636363669e+01
-3.930726045493416337e-02 1.056818181818181834e+01
-3.908006044741568069e-02 1.079545454545454497e+01
-3.885286030083048153e-02 1.096590909090909172e+01
-3.862566001615095473e-02 1.151136363636363669e+01
-3.839845959435227857e-02 1.115909090909090828e+01
-3.817125903641280238e-02 1.150000000000000000e+01
-3.794405834331388699e-02 1.184090909090909172e+01
-3.771685751604009207e-02 1.203409090909090828e+01
-3.748965655557925936e-02 1.234090909090909172e+01
-3.726245546292267924e-02 1.264772727272727337e+01
-3.703525423906504910e-02 1.335227272727272663e+01
-3.680805288500473005e-02 1.339772727272727337e+01
-3.658085140174377470e-02 1.301136363636363669e+01
-3.635364979028807286e-02 1.306818181818181834e+01
-3.612644805164745565e-02 1.362500000000000000e+01
-3.589924618683584812e-02 1.414772727272727337e+01
-3.567204419687131089e-02 1.457954545454545503e+01
-3.544484208277631082e-02 1.457954545454545503e+01
-3.521763984557783889e-02 1.445454545454545503e+01
-3.499043748630737555e-02 1.460227272727272663e+01
-3.476323500600126543e-02 1.585227272727272663e+01
-3.453603240570076588e-02 1.546590909090909172e+01
-3.430882968645221354e-02 1.545454545454545503e+01
-3.408162684930725328e-02 1.726136363636363669e+01
-3.385442389532293539e-02 1.804545454545454675e+01
-3.362722082556191677e-02 1.807954545454545325e+01
-3.340001764109268995e-02 1.825000000000000000e+01
-3.317281434298981896e-02 1.887500000000000000e+01
-3.294561093233397409e-02 1.945454545454545325e+01
-3.271840741021235510e-02 1.881818181818181657e+01
-3.249120377771878843e-02 2.130681818181818343e+01
-3.226400003595400467e-02 2.244318181818181657e+01
-3.203679618602588847e-02 2.097727272727272663e+01
-3.180959222904967271e-02 2.247727272727272663e+01
-3.158238816614834799e-02 2.305681818181818343e+01
-3.135518399845272502e-02 2.354545454545454675e+01
-3.112797972710196551e-02 2.410227272727272663e+01
-3.090077535324365840e-02 2.463636363636363669e+01
-3.067357087803429180e-02 2.602272727272727337e+01
-3.044636630263951663e-02 2.578409090909091006e+01
-3.021916162823455598e-02 2.704545454545454675e+01
-2.999195685600445152e-02 2.756818181818181657e+01
-2.976475198714454568e-02 2.881818181818181657e+01
-2.953754702286080086e-02 2.950000000000000000e+01
-2.931034196437027131e-02 3.089772727272727337e+01
-2.908313681290155411e-02 3.156818181818181657e+01
-2.885593156969510145e-02 3.206818181818182012e+01
-2.862872623600385552e-02 3.307954545454545325e+01
-2.840152081309368567e-02 3.436363636363636687e+01
-2.817431530224391231e-02 3.568181818181817988e+01
-2.794710970474783771e-02 3.850000000000000000e+01
-2.771990402191327682e-02 3.810227272727272663e+01
-2.749269825506327203e-02 3.959090909090909349e+01
-2.726549240553669332e-02 4.120454545454545325e+01
-2.703828647468877605e-02 4.280681818181817988e+01
-2.681108046389199875e-02 4.606818181818182012e+01
-2.658387437453668331e-02 4.618181818181817988e+01
-2.635666820803186233e-02 4.737500000000000000e+01
-2.612946196580599734e-02 4.940909090909090651e+01
-2.590225564930791202e-02 5.112500000000000000e+01
-2.567504926000763188e-02 5.412500000000000000e+01
-2.544784279939742502e-02 5.661363636363636687e+01
-2.522063626899262098e-02 5.776136363636363313e+01
-2.499342967033286664e-02 5.880681818181817988e+01
-2.476622300498311155e-02 6.257954545454545325e+01
-2.453901627453487430e-02 6.512500000000000000e+01
-2.431180948060734578e-02 6.606818181818181301e+01
-2.408460262484881514e-02 6.997727272727273373e+01
-2.385739570893801939e-02 7.461363636363635976e+01
-2.363018873458560751e-02 7.595454545454545325e+01
-2.340298170353566354e-02 7.998863636363635976e+01
-2.317577461756738927e-02 8.456818181818181301e+01
-2.294856747849679385e-02 8.739772727272726627e+01
-2.272136028817861239e-02 8.996590909090909349e+01
-2.249415304850815867e-02 9.461363636363635976e+01
-2.226694576142346574e-02 9.997727272727273373e+01
-2.203973842890746479e-02 1.027272727272727337e+02
-2.181253105299033046e-02 1.075340909090909065e+02
-2.158532363575197191e-02 1.136818181818181870e+02
-2.135811617932466266e-02 1.182954545454545467e+02
-2.113090868589587515e-02 1.248750000000000000e+02
-2.090370115771121931e-02 1.310568181818181870e+02
-2.067649359707775247e-02 1.364204545454545325e+02
-2.044928600636728572e-02 1.420113636363636260e+02
-2.022207838802009966e-02 1.485340909090909065e+02
-1.999487074454872962e-02 1.597954545454545325e+02
-1.976766307854225038e-02 1.693409090909090935e+02
-1.954045539267062689e-02 1.802840909090909065e+02
-1.931324768968952638e-02 1.859090909090909065e+02
-1.908603997244537331e-02 1.976477272727272805e+02
-1.885883224388087975e-02 2.046250000000000000e+02
-1.863162450704083234e-02 2.169772727272727195e+02
-1.840441676507846569e-02 2.301363636363636260e+02
-1.817720902126221394e-02 2.451363636363636260e+02
-1.795000127898298270e-02 2.560568181818181870e+02
-1.772279354176205246e-02 2.713068181818181870e+02
-1.749558581325945730e-02 2.869090909090909349e+02
-1.726837809728320669e-02 3.023522727272727479e+02
-1.704117039779907972e-02 3.208636363636363740e+02
-1.681396271894133529e-02 3.461136363636363740e+02
-1.658675506502420294e-02 3.639886363636363740e+02
-1.635954744055442833e-02 3.862386363636363740e+02
-1.613233985024478678e-02 4.129318181818181870e+02
-1.590513229902882839e-02 4.375340909090909349e+02
-1.567792479207683748e-02 4.691590909090909349e+02
-1.545071733481332039e-02 4.930795454545454390e+02
-1.522350993293586884e-02 5.286704545454545041e+02
-1.499630259243591238e-02 5.590227272727272521e+02
-1.476909531962132364e-02 6.001250000000000000e+02
-1.454188812114108435e-02 6.491136363636363740e+02
-1.431468100401240943e-02 6.920795454545454959e+02
-1.408747397565043684e-02 7.389545454545454959e+02
-1.386026704390079696e-02 7.973863636363636260e+02
-1.363306021707552662e-02 8.491363636363636260e+02
-1.340585350399257046e-02 9.134886363636363740e+02
-1.317864691401940576e-02 9.795568181818181301e+02
-1.295144045712123305e-02 1.059965909090909008e+03
-1.272423414391432410e-02 1.143125000000000000e+03
-1.249702798572520715e-02 1.230636363636363740e+03
-1.226982199465645636e-02 1.328647727272727252e+03
-1.204261618365988322e-02 1.437295454545454504e+03
-1.181541056661813451e-02 1.563545454545454504e+03
-1.158820515843600983e-02 1.729250000000000000e+03
-1.136099997514259871e-02 1.843000000000000000e+03
-1.113379503400606027e-02 1.957045454545454504e+03
-1.090659035366259473e-02 2.130318181818181984e+03
-1.067938595426202661e-02 2.318363636363636488e+03
-1.045218185763224956e-02 2.517852272727272521e+03
-1.022497808746569183e-02 2.712125000000000000e+03
-9.997774669531151945e-03 2.949238636363636488e+03
-9.770571631915135266e-03 3.199284090909090992e+03
-9.543369005297813734e-03 3.463181818181818016e+03
-9.316166823269201799e-03 3.780590909090909008e+03
-9.088965122692823848e-03 4.109397727272727025e+03
-8.861763944125326461e-03 4.472284090909090992e+03
-8.634563332302258240e-03 4.857409090909090992e+03
-8.407363336702724024e-03 5.284443181818181984e+03
-8.180164012207986543e-03 5.738750000000000000e+03
-7.952965419873019373e-03 6.184738636363636033e+03
-7.725767627834150691e-03 6.690659090909090992e+03
-7.498570712381687903e-03 7.201386363636363967e+03
-7.271374759233556820e-03 7.746954545454545041e+03
-7.044179865055417294e-03 8.358431818181818016e+03
-6.816986139284564490e-03 8.969397727272727934e+03
-6.589793706331171542e-03 9.624261363636363967e+03
-6.362602708250898222e-03 1.030500000000000000e+04
-6.135413308011128906e-03 1.106805681818181802e+04
-5.908225693510649537e-03 1.181976136363636397e+04
-5.681040082563296525e-03 1.260876136363636397e+04
-5.453856729126944566e-03 1.351781818181818198e+04
-5.226675931156232920e-03 1.453405681818181802e+04
-4.999498040595345451e-03 1.566871590909090992e+04
-4.772323476223670063e-03 1.707022727272727207e+04
-4.545152740351606629e-03 1.868725000000000000e+04
-4.317986440783785559e-03 2.098325000000000000e+04
-4.090825320095253445e-03 2.424742045454545587e+04
-3.863670295228285867e-03 2.893603409090909190e+04
-3.636522511917923955e-03 3.594921590909091174e+04
-3.409383420854859847e-03 4.567579545454545587e+04
-3.182254886433494561e-03 5.785122727272727207e+04
-2.955139345592685835e-03 2.410335227272727207e+04
-2.728040045895731812e-03 2.887500000000000000e+01
-2.500961413125787815e-03 1.346590909090909172e+01
-2.273909638738676707e-03 1.022727272727272663e+01
-2.046893657450698199e-03 9.579545454545455030e+00
-1.819926854553398886e-03 8.659090909090908283e+00
-1.593030227895881256e-03 8.931818181818181657e+00
-1.366238687147781038e-03 8.511363636363636687e+00
-1.139614831505472714e-03 8.761363636363636687e+00
-9.132830732966105113e-04 8.670454545454544970e+00
-6.875303157291438915e-04 8.386363636363636687e+00
-4.631945436823249065e-04 8.602272727272726627e+00
-1.220460907669415466e-04 8.340909090909091717e+00
2.440921815338830932e-04 8.034090909090908283e+00
4.631945436823249065e-04 8.363636363636363313e+00
6.875303157291438915e-04 8.079545454545455030e+00
9.132830732966105113e-04 8.056818181818181657e+00
1.139614831505472714e-03 7.840909090909090828e+00
1.366238687147781038e-03 8.556818181818181657e+00
1.593030227895881256e-03 8.829545454545455030e+00
1.819926854553398886e-03 9.352272727272726627e+00
2.046893657450698199e-03 9.761363636363636687e+00
2.273909638738676707e-03 8.465454545454545041e+02
2.500961413125787815e-03 1.092980681818181802e+04
2.728040045895731812e-03 2.101270454545454413e+04
2.955139345592685835e-03 2.989250000000000000e+04
3.182254886433494561e-03 2.475082954545454413e+04
3.409383420854859847e-03 2.129671590909090810e+04
3.636522511917923955e-03 1.881859090909090810e+04
3.863670295228285867e-03 1.707805681818181984e+04
4.090825320095253445e-03 1.573614772727272793e+04
4.317986440783785559e-03 1.461157954545454595e+04
4.545152740351606629e-03 1.362328409090909008e+04
4.772323476223670063e-03 1.274725000000000000e+04
4.999498040595345451e-03 1.193326136363636397e+04
5.226675931156232920e-03 1.113395454545454595e+04
5.453856729126944566e-03 1.040802272727272793e+04
5.681040082563296525e-03 9.746931818181818016e+03
5.908225693510649537e-03 9.034272727272727934e+03
6.135413308011128906e-03 8.482147727272727934e+03
6.362602708250898222e-03 7.839386363636363967e+03
6.589793706331171542e-03 7.267806818181818016e+03
6.816986139284564490e-03 6.732738636363636033e+03
7.044179865055417294e-03 6.219454545454545041e+03
7.271374759233556820e-03 5.806636363636363967e+03
7.498570712381687903e-03 5.374147727272727025e+03
7.725767627834150691e-03 4.902363636363636033e+03
7.952965419873019373e-03 4.512250000000000000e+03
8.180164012207986543e-03 4.166875000000000000e+03
8.407363336702724024e-03 3.834602272727272521e+03
8.634563332302258240e-03 3.503352272727272521e+03
8.861763944125326461e-03 3.261886363636363512e+03
9.088965122692823848e-03 2.989090909090909008e+03
9.316166823269201799e-03 2.745352272727272521e+03
9.543369005297813734e-03 2.526352272727272521e+03
9.770571631915135266e-03 2.333613636363636488e+03
9.997774669531151945e-03 2.137215909090909008e+03
1.022497808746569183e-02 1.983931818181818244e+03
1.045218185763224956e-02 1.829511363636363740e+03
1.067938595426202661e-02 1.684318181818181756e+03
1.090659035366259473e-02 1.563284090909090992e+03
1.113379503400606027e-02 1.446681818181818244e+03
1.136099997514259871e-02 1.330193181818181756e+03
1.158820515843600983e-02 1.239931818181818244e+03
1.181541056661813451e-02 1.148545454545454504e+03
1.204261618365988322e-02 1.066534090909090992e+03
1.226982199465645636e-02 9.835795454545454959e+02
1.249702798572520715e-02 9.143068181818181301e+02
1.272423414391432410e-02 8.480795454545454959e+02
1.295144045712123305e-02 7.891363636363636260e+02
1.317864691401940576e-02 7.357613636363636260e+02
1.340585350399257046e-02 6.839886363636363740e+02
1.363306021707552662e-02 6.352727272727272521e+02
1.386026704390079696e-02 6.015113636363636260e+02
1.408747397565043684e-02 5.615795454545454959e+02
1.431468100401240943e-02 5.229090909090908781e+02
1.454188812114108435e-02 4.904204545454545610e+02
1.476909531962132364e-02 4.632954545454545610e+02
1.499630259243591238e-02 4.355227272727272521e+02
1.522350993293586884e-02 4.109659090909090651e+02
1.545071733481332039e-02 3.809431818181818130e+02
1.567792479207683748e-02 3.607386363636363740e+02
1.590513229902882839e-02 3.397272727272727479e+02
1.613233985024478678e-02 3.176818181818181870e+02
1.635954744055442833e-02 3.036136363636363740e+02
1.658675506502420294e-02 2.895795454545454390e+02
1.681396271894133529e-02 2.666818181818181870e+02
1.704117039779907972e-02 2.529886363636363740e+02
1.726837809728320669e-02 2.414318181818181870e+02
1.749558581325945730e-02 2.298409090909090935e+02
1.772279354176205246e-02 2.147840909090909065e+02
1.795000127898298270e-02 2.009886363636363740e+02
1.817720902126221394e-02 1.904772727272727195e+02
1.840441676507846569e-02 1.829431818181818130e+02
1.863162450704083234e-02 1.743295454545454675e+02
1.885883224388087975e-02 1.640000000000000000e+02
1.908603997244537331e-02 1.576931818181818130e+02
1.931324768968952638e-02 1.487613636363636260e+02
1.954045539267062689e-02 1.421704545454545325e+02
1.976766307854225038e-02 1.350227272727272805e+02
1.999487074454872962e-02 1.291136363636363740e+02
2.022207838802009966e-02 1.228409090909090935e+02
2.044928600636728572e-02 1.166250000000000000e+02
2.067649359707775247e-02 1.119204545454545467e+02
2.090370115771121931e-02 1.070795454545454533e+02
2.113090868589587515e-02 1.013863636363636402e+02
2.135811617932466266e-02 9.719318181818181301e+01
2.158532363575197191e-02 9.084090909090909349e+01
2.181253105299033046e-02 8.810227272727273373e+01
2.203973842890746479e-02 8.403409090909090651e+01
2.226694576142346574e-02 8.098863636363635976e+01
2.249415304850815867e-02 7.664772727272726627e+01
2.272136028817861239e-02 7.514772727272726627e+01
2.294856747849679385e-02 7.198863636363635976e+01
2.317577461756738927e-02 6.970454545454545325e+01
2.340298170353566354e-02 6.584090909090909349e+01
2.363018873458560751e-02 6.163636363636363313e+01
2.385739570893801939e-02 5.886363636363636687e+01
2.408460262484881514e-02 5.754545454545454675e+01
2.431180948060734578e-02 5.535227272727272663e+01
2.453901627453487430e-02 5.302272727272727337e+01
2.476622300498311155e-02 5.093181818181817988e+01
2.499342967033286664e-02 4.982954545454545325e+01
2.522063626899262098e-02 4.819318181818182012e+01
2.544784279939742502e-02 4.645454545454545325e+01
2.567504926000763188e-02 4.420454545454545325e+01
2.590225564930791202e-02 4.240909090909090651e+01
2.612946196580599734e-02 4.119318181818182012e+01
2.635666820803186233e-02 3.898863636363636687e+01
2.658387437453668331e-02 3.902272727272727337e+01
2.681108046389199875e-02 3.792045454545454675e+01
2.703828647468877605e-02 3.625000000000000000e+01
2.726549240553669332e-02 3.505681818181817988e+01
2.749269825506327203e-02 3.280681818181817988e+01
2.771990402191327682e-02 3.309090909090909349e+01
2.794710970474783771e-02 3.267045454545454675e+01
2.817431530224391231e-02 3.077272727272727337e+01
2.840152081309368567e-02 2.932954545454545325e+01
2.862872623600385552e-02 2.869318181818181657e+01
2.885593156969510145e-02 2.693181818181818343e+01
2.908313681290155411e-02 2.645454545454545325e+01
2.931034196437027131e-02 2.643181818181818343e+01
2.953754702286080086e-02 2.456818181818181657e+01
2.976475198714454568e-02 2.502272727272727337e+01
2.999195685600445152e-02 2.395454545454545325e+01
3.021916162823455598e-02 2.332954545454545325e+01
3.044636630263951663e-02 2.280681818181818343e+01
3.067357087803429180e-02 2.185227272727272663e+01
3.090077535324365840e-02 2.147727272727272663e+01
3.112797972710196551e-02 2.089772727272727337e+01
3.135518399845272502e-02 2.012500000000000000e+01
3.158238816614834799e-02 1.961363636363636331e+01
3.180959222904967271e-02 1.897727272727272663e+01
3.203679618602588847e-02 1.875000000000000000e+01
3.226400003595400467e-02 1.736363636363636331e+01
3.249120377771878843e-02 1.739772727272727337e+01
3.271840741021235510e-02 1.692045454545454675e+01
3.294561093233397409e-02 1.730681818181818343e+01
3.317281434298981896e-02 1.577272727272727337e+01
3.340001764109268995e-02 1.703409090909091006e+01
3.362722082556191677e-02 1.572727272727272663e+01
3.385442389532293539e-02 1.519318181818181834e+01
3.408162684930725328e-02 1.532954545454545503e+01
3.430882968645221354e-02 1.368181818181818166e+01
3.453603240570076588e-02 1.445454545454545503e+01
3.476323500600126543e-02 1.485227272727272663e+01
3.499043748630737555e-02 1.380681818181818166e+01
3.521763984557783889e-02 1.345454545454545503e+01
3.544484208277631082e-02 1.287500000000000000e+01
3.567204419687131089e-02 1.184090909090909172e+01
3.589924618683584812e-02 1.240909090909090828e+01
3.612644805164745565e-02 1.271590909090909172e+01
3.635364979028807286e-02 1.211363636363636331e+01
3.658085140174377470e-02 1.228409090909090828e+01
3.680805288500473005e-02 1.126136363636363669e+01
3.703525423906504910e-02 1.176136363636363669e+01
3.726245546292267924e-02 1.075000000000000000e+01
3.748965655557925936e-02 1.096590909090909172e+01
3.771685751604009207e-02 1.029545454545454497e+01
3.794405834331388699e-02 1.034090909090909172e+01
3.817125903641280238e-02 1.031818181818181834e+01
3.839845959435227857e-02 1.001136363636363669e+01
3.862566001615095473e-02 9.943181818181818343e+00
3.885286030083048153e-02 9.511363636363636687e+00
3.908006044741568069e-02 9.545454545454544970e+00
3.930726045493416337e-02 9.329545454545455030e+00
3.953446032241642732e-02 9.284090909090908283e+00
3.976166004889573197e-02 9.079545454545455030e+00
3.998885963340800820e-02 8.511363636363636687e+00
4.021605907499178900e-02 9.340909090909091717e+00
4.044325837268816781e-02 8.397727272727273373e+00
4.067045752554063892e-02 8.306818181818181657e+00
4.089765653259513911e-02 8.045454545454544970e+00
4.112485539289988806e-02 7.863636363636363313e+00
4.135205410550542998e-02 8.272727272727273373e+00
4.157925266946443932e-02 8.227272727272726627e+00
4.180645108383181097e-02 7.534090909090909172e+00
4.203364934766445904e-02 8.068181818181818343e+00
4.226084746002132381e-02 7.886363636363636687e+00
4.248804541996337863e-02 7.431818181818181657e+00
4.271524322655341488e-02 7.590909090909090828e+00
4.294244087885621536e-02 7.875000000000000000e+00
4.316963837593831843e-02 7.034090909090909172e+00
4.339683571686800412e-02 7.272727272727272485e+00
4.362403290071537737e-02 7.318181818181818343e+00
4.385122992655211133e-02 7.170454545454545858e+00
4.407842679345163467e-02 7.056818181818181657e+00
4.430562350048885406e-02 6.965909090909090828e+00
4.453282004674034150e-02 6.613636363636363313e+00
4.476001643128412616e-02 6.352272727272727515e+00
4.498721265319971518e-02 6.227272727272727515e+00
4.521440871156805902e-02 6.738636363636363313e+00
4.544160460547155833e-02 6.352272727272727515e+00
4.566880033399389749e-02 5.954545454545454142e+00
4.589599589622025966e-02 6.204545454545454142e+00
4.612319129123693823e-02 6.079545454545454142e+00
4.635038651813159355e-02 6.068181818181818343e+00
4.657758157599316967e-02 5.840909090909090828e+00
4.680477646391174862e-02 6.227272727272727515e+00
4.703197118097866142e-02 5.625000000000000000e+00
4.725916572628627993e-02 5.477272727272727515e+00
4.748636009892821114e-02 5.704545454545454142e+00
4.771355429799914449e-02 5.704545454545454142e+00
4.794074832259482416e-02 5.579545454545454142e+00
4.816794217181204207e-02 5.545454545454545858e+00
4.839513584474861713e-02 5.386363636363636687e+00
4.862232934050334660e-02 5.193181818181818343e+00
4.884952265817608247e-02 5.340909090909090828e+00
4.907671579686758573e-02 5.102272727272727515e+00
4.930390875567945003e-02 4.977272727272727515e+00
4.953110153371438618e-02 5.272727272727272485e+00
4.975829413007577806e-02 5.238636363636363313e+00
4.998548654386813367e-02 5.090909090909090828e+00
5.021267877419652303e-02 5.045454545454545858e+00
5.043987082016702928e-02 4.534090909090909172e+00
5.066706268088654735e-02 4.988636363636363313e+00
5.089425435546268001e-02 4.363636363636363313e+00
5.112144584300391120e-02 4.909090909090909172e+00
5.134863714261945350e-02 4.534090909090909172e+00
5.157582825341917171e-02 4.977272727272727515e+00
5.180301917451375637e-02 4.454545454545454142e+00
5.203020990501463355e-02 4.897727272727272485e+00
5.225740044403379830e-02 4.647727272727272485e+00
5.248459079068404365e-02 4.147727272727272485e+00
5.271178094407882181e-02 4.409090909090909172e+00
5.293897090333218869e-02 4.500000000000000000e+00
5.316616066755885245e-02 4.295454545454545858e+00
5.339335023587413187e-02 4.250000000000000000e+00
5.362053960739409514e-02 4.340909090909090828e+00
5.384772878123515738e-02 4.534090909090909172e+00
5.407491775651452476e-02 4.113636363636363313e+00
5.430210653234990997e-02 4.102272727272727515e+00
5.452929510785965023e-02 4.318181818181818343e+00
5.475648348216244354e-02 4.045454545454545858e+00
5.498367165437781368e-02 4.181818181818181657e+00
5.521085962362558969e-02 4.602272727272727515e+00
5.543804738902613494e-02 4.227272727272727515e+00
5.566523494970047892e-02 4.045454545454545858e+00
5.589242230477002582e-02 4.318181818181818343e+00
5.611960945335665862e-02 4.340909090909090828e+00
5.634679639458275296e-02 4.647727272727272485e+00
5.657398312757127429e-02 3.886363636363636243e+00
5.680116965144547947e-02 4.147727272727272485e+00
5.702835596532909029e-02 4.204545454545454142e+00
5.725554206834639753e-02 3.727272727272727071e+00
5.748272795962201809e-02 3.727272727272727071e+00
5.770991363828103377e-02 3.931818181818181657e+00
5.952739130849758059e-02 3.306818181818181657e+00
5.975457503430151029e-02 3.704545454545454586e+00
5.998175853876112906e-02 3.613636363636363757e+00
6.020894182100578612e-02 4.090909090909090828e+00
6.043612488016496254e-02 3.772727272727272929e+00
6.066330771536870142e-02 3.613636363636363757e+00
6.089049032574706671e-02 3.431818181818181657e+00
6.111767271043069133e-02 3.227272727272727071e+00
6.134485486855049963e-02 3.568181818181818343e+00
6.157203679923761025e-02 3.568181818181818343e+00
6.179921850162346103e-02 3.022727272727272929e+00
6.202639997483989226e-02 3.397727272727272929e+00
6.225358121801898015e-02 3.318181818181818343e+00
6.248076223029302295e-02 3.113636363636363757e+00
6.270794301079464506e-02 3.715909090909090828e+00
6.293512355865683860e-02 3.647727272727272929e+00
6.316230387301274840e-02 3.409090909090909172e+00
6.338948395299577598e-02 3.443181818181818343e+00
6.361666379773976698e-02 3.534090909090909172e+00
6.384384340637851152e-02 3.295454545454545414e+00
6.407102277804635482e-02 3.261363636363636243e+00
6.429820191187771150e-02 3.261363636363636243e+00
6.452538080700731538e-02 3.556818181818181657e+00
6.475255946257013617e-02 3.306818181818181657e+00
6.497973787770132403e-02 3.477272727272727071e+00
6.520691605153633441e-02 3.261363636363636243e+00
6.543409398321085868e-02 3.113636363636363757e+00
6.566127167186067148e-02 3.113636363636363757e+00
6.588844911662200543e-02 3.238636363636363757e+00
6.611562631663103762e-02 3.295454545454545414e+00
6.634280327102434760e-02 3.386363636363636243e+00
6.656997997893870922e-02 3.056818181818181657e+00
6.679715643951106285e-02 3.693181818181818343e+00
6.702433265187848765e-02 3.250000000000000000e+00
6.725150861517843748e-02 3.318181818181818343e+00
6.747868432854832454e-02 3.227272727272727071e+00
6.770585979112599129e-02 3.238636363636363757e+00
6.793303500204932177e-02 3.147727272727272929e+00
6.816020996045646374e-02 2.965909090909090828e+00
6.838738466548564821e-02 3.056818181818181657e+00
6.861455911627539761e-02 2.965909090909090828e+00
6.884173331196438705e-02 2.750000000000000000e+00
6.906890725169140266e-02 3.352272727272727071e+00
6.929608093459546647e-02 2.909090909090909172e+00
6.952325435981575319e-02 2.977272727272727071e+00
6.975042752649167344e-02 3.113636363636363757e+00
6.997760043376255457e-02 3.136363636363636243e+00
7.020477308076833456e-02 3.204545454545454586e+00
7.043194546664859057e-02 2.920454545454545414e+00
7.065911759054339936e-02 2.852272727272727071e+00
7.088628945159294870e-02 3.090909090909090828e+00
7.111346104893753739e-02 2.931818181818181657e+00
7.134063238171749199e-02 3.068181818181818343e+00
7.156780344907348601e-02 2.965909090909090828e+00
7.179497425014623457e-02 2.954545454545454586e+00
7.202214478407666098e-02 2.931818181818181657e+00
7.224931505000571630e-02 2.613636363636363757e+00
7.247648504707460138e-02 3.204545454545454586e+00
7.270365477442464197e-02 2.704545454545454586e+00
7.293082423119721935e-02 3.045454545454545414e+00
7.315799341653392296e-02 2.784090909090909172e+00
7.338516232957641161e-02 3.011363636363636243e+00
7.361233096946656618e-02 2.909090909090909172e+00
7.383949933534629528e-02 2.852272727272727071e+00
7.406666742635770184e-02 2.670454545454545414e+00
7.429383524164304142e-02 3.250000000000000000e+00
7.452100278034452796e-02 2.897727272727272929e+00
7.474817004160459744e-02 2.545454545454545414e+00
7.497533702456596338e-02 2.522727272727272929e+00
7.520250372837115893e-02 2.715909090909090828e+00
7.542967015216300863e-02 2.840909090909090828e+00
7.565683629508447583e-02 2.886363636363636243e+00
7.588400215627857937e-02 2.397727272727272929e+00
7.611116773488835197e-02 2.931818181818181657e+00
7.633833303005710391e-02 2.602272727272727071e+00
7.656549804092817324e-02 2.636363636363636243e+00
7.679266276664503676e-02 2.397727272727272929e+00
7.701982720635121293e-02 2.681818181818181657e+00
7.724699135919033122e-02 2.761363636363636243e+00
7.747415522430625701e-02 2.704545454545454586e+00
7.770131880084271692e-02 2.579545454545454586e+00
7.792848208794374287e-02 2.238636363636363757e+00
7.815564508475339456e-02 2.670454545454545414e+00
7.838280779041581492e-02 2.806818181818181657e+00
7.860997020407525793e-02 2.693181818181818343e+00
7.883713232487603306e-02 2.715909090909090828e+00
7.906429415196267185e-02 2.431818181818181657e+00
7.929145568447952541e-02 2.454545454545454586e+00
7.951861692157137507e-02 2.340909090909090828e+00
7.974577786238283561e-02 2.693181818181818343e+00
7.997293850605871612e-02 2.727272727272727071e+00
8.020009885174389508e-02 2.556818181818181657e+00
8.042725889858336197e-02 2.420454545454545414e+00
8.065441864572209241e-02 2.602272727272727071e+00
8.088157809230527018e-02 2.829545454545454586e+00
8.110873723747819009e-02 2.590909090909090828e+00
8.133589608038592489e-02 2.465909090909090828e+00
8.156305462017404695e-02 2.386363636363636243e+00
8.179021285598792046e-02 2.306818181818181657e+00
8.201737078697311778e-02 2.386363636363636243e+00
8.224452841227523903e-02 2.136363636363636243e+00
8.247168573103991207e-02 2.681818181818181657e+00
8.269884274241298683e-02 2.511363636363636243e+00
8.292599944554025770e-02 2.852272727272727071e+00
8.315315583956758849e-02 2.545454545454545414e+00
8.338031192364102340e-02 2.511363636363636243e+00
8.360746769690657887e-02 2.659090909090909172e+00
8.383462315851036850e-02 2.568181818181818343e+00
8.406177830759863079e-02 2.840909090909090828e+00
8.428893314331757647e-02 2.488636363636363757e+00
8.451608766481356894e-02 2.829545454545454586e+00
8.474324187123299934e-02 2.761363636363636243e+00
8.497039576172230047e-02 2.488636363636363757e+00
8.519754933542808550e-02 2.738636363636363757e+00
8.542470259149678724e-02 2.556818181818181657e+00
8.565185552907522704e-02 2.602272727272727071e+00
8.587900814731008747e-02 2.806818181818181657e+00
8.610616044534812052e-02 2.193181818181818343e+00
8.633331242233616143e-02 2.579545454545454586e+00
8.656046407742121196e-02 2.636363636363636243e+00
8.678761540975013511e-02 2.420454545454545414e+00
8.701476641846996041e-02 2.375000000000000000e+00
8.724191710272782840e-02 2.579545454545454586e+00
8.746906746167093516e-02 2.465909090909090828e+00
8.769621749444643510e-02 2.295454545454545414e+00
8.792336720020155205e-02 2.659090909090909172e+00
8.815051657808366248e-02 2.477272727272727071e+00
8.837766562724015673e-02 2.397727272727272929e+00
8.860481434681835577e-02 2.318181818181818343e+00
8.883196273596584425e-02 2.397727272727272929e+00
8.905911079383020679e-02 2.386363636363636243e+00
8.928625851955894477e-02 2.556818181818181657e+00
8.951340591229979549e-02 2.215909090909090828e+00
8.974055297120032970e-02 2.147727272727272929e+00
8.996769969540840961e-02 2.193181818181818343e+00
9.019484608407180026e-02 2.409090909090909172e+00
9.042199213633840549e-02 2.625000000000000000e+00
9.064913785135604585e-02 2.488636363636363757e+00
9.087628322827279170e-02 2.272727272727272929e+00
9.110342826623650525e-02 2.818181818181818343e+00
9.133057296439535400e-02 2.159090909090909172e+00
9.155771732189744994e-02 2.284090909090909172e+00
9.178486133789087731e-02 2.159090909090909172e+00
9.201200501152383138e-02 2.590909090909090828e+00
9.223914834194464618e-02 2.375000000000000000e+00
9.246629132830151698e-02 2.579545454545454586e+00
9.269343396974286109e-02 2.329545454545454586e+00
9.292057626541704030e-02 2.556818181818181657e+00
9.314771821447241640e-02 2.272727272727272929e+00
9.337485981605754548e-02 2.409090909090909172e+00
9.360200106932098363e-02 2.306818181818181657e+00
9.382914197341114815e-02 2.488636363636363757e+00
9.405628252747678941e-02 2.136363636363636243e+00
9.428342273066642187e-02 2.534090909090909172e+00
9.451056258212880978e-02 2.340909090909090828e+00
9.473770208101278678e-02 2.534090909090909172e+00
9.496484122646693671e-02 2.215909090909090828e+00
9.519198001764021810e-02 2.340909090909090828e+00
9.541911845368140910e-02 2.375000000000000000e+00
9.564625653373944048e-02 2.363636363636363757e+00
9.587339425696331241e-02 2.386363636363636243e+00
9.610053162250187242e-02 2.159090909090909172e+00
9.632766862950424558e-02 2.568181818181818343e+00
9.655480527711951533e-02 2.590909090909090828e+00
9.678194156449664021e-02 2.431818181818181657e+00
9.700907749078485631e-02 2.352272727272727071e+00
9.723621305513328872e-02 2.397727272727272929e+00
9.746334825669125679e-02 2.431818181818181657e+00
9.769048309460783008e-02 2.704545454545454586e+00
9.791761756803243899e-02 2.227272727272727071e+00
9.814475167611437512e-02 2.488636363636363757e+00
9.837188541800294395e-02 2.420454545454545414e+00
9.859901879284768689e-02 2.477272727272727071e+00
9.882615179979778453e-02 2.125000000000000000e+00
9.905328443800297256e-02 2.579545454545454586e+00
9.928041670661254259e-02 2.193181818181818343e+00
9.950754860477610542e-02 2.136363636363636243e+00
9.973468013164334123e-02 2.181818181818181657e+00
9.996181128636370816e-02 2.375000000000000000e+00
1.001889420680869558e-01 2.204545454545454586e+00
1.004160724759626672e-01 2.363636363636363757e+00
1.006432025091406196e-01 2.181818181818181657e+00
1.008703321667704933e-01 2.227272727272727071e+00
1.010974614480020795e-01 2.136363636363636243e+00
1.013245903519852664e-01 1.556818181818181879e+00
1.015517188778697621e-01 1.818181818181818121e+00
1.017788470248055382e-01 1.738636363636363535e+00
1.020059747919424831e-01 1.625000000000000000e+00
1.022331021784304850e-01 1.693181818181818121e+00
1.024602291834196127e-01 1.806818181818181879e+00
1.026873558060596991e-01 1.670454545454545414e+00
1.029144820455009240e-01 1.625000000000000000e+00
1.031416079008933284e-01 1.261363636363636465e+00
1.033687333713869810e-01 1.102272727272727293e+00
1.035958584561319645e-01 8.977272727272727071e-01
1.038229831542784587e-01 9.886363636363636465e-01
1.040501074649766572e-01 1.079545454545454586e+00
1.042772313873767814e-01 1.250000000000000000e+00
1.045043549206290528e-01 1.613636363636363535e+00
1.047314780638837622e-01 1.477272727272727293e+00
1.049586008162911727e-01 1.670454545454545414e+00
1.051857231770016582e-01 1.613636363636363535e+00
1.054128451451655235e-01 1.590909090909090828e+00
1.056399667199331982e-01 1.681818181818181879e+00
1.058670879004550286e-01 1.375000000000000000e+00
1.060942086858816524e-01 1.363636363636363535e+00
1.063213290753632773e-01 1.568181818181818121e+00
1.065484490680505963e-01 1.500000000000000000e+00
1.067755686630940254e-01 1.659090909090909172e+00
1.070026878596442160e-01 1.511363636363636465e+00
1.072298066568515701e-01 1.454545454545454586e+00
1.074569250538669613e-01 1.590909090909090828e+00
1.076840430498407775e-01 1.715909090909090828e+00
1.079111606439237675e-01 1.454545454545454586e+00
1.081382778352665830e-01 1.727272727272727293e+00
1.083653946230200699e-01 1.454545454545454586e+00
1.085925110063348659e-01 1.761363636363636465e+00
1.088196269843617614e-01 1.375000000000000000e+00
1.090467425562514914e-01 1.602272727272727293e+00
1.092738577211549433e-01 1.522727272727272707e+00
1.095009724782229771e-01 1.636363636363636465e+00
1.097280868266063414e-01 1.431818181818181879e+00
1.099552007654560071e-01 1.579545454545454586e+00
1.101823142939229727e-01 1.636363636363636465e+00
1.104094274111579455e-01 1.738636363636363535e+00
1.106365401163122014e-01 1.659090909090909172e+00
1.108636524085364478e-01 1.443181818181818121e+00
1.110907642869818357e-01 1.590909090909090828e+00
1.113178757507995442e-01 1.488636363636363535e+00
1.115449867991403637e-01 1.318181818181818121e+00
1.117720974311555843e-01 1.511363636363636465e+00
1.119992076459961766e-01 1.670454545454545414e+00
1.122263174428133059e-01 1.579545454545454586e+00
1.124534268207582483e-01 1.443181818181818121e+00
1.126805357789820855e-01 1.238636363636363535e+00
1.129076443166360799e-01 1.556818181818181879e+00
1.131347524328715076e-01 1.318181818181818121e+00
1.133618601268393394e-01 1.613636363636363535e+00
1.135889673976912262e-01 1.511363636363636465e+00
1.138160742445781803e-01 1.590909090909090828e+00
1.140431806666517556e-01 1.556818181818181879e+00
1.142702866630631447e-01 1.647727272727272707e+00
1.144973922329637489e-01 1.613636363636363535e+00
1.147244973755049968e-01 1.477272727272727293e+00
1.149516020898382479e-01 1.579545454545454586e+00
1.151787063751149448e-01 1.318181818181818121e+00
1.154058102304865024e-01 1.534090909090909172e+00
1.156329136551045439e-01 1.352272727272727293e+00
1.158600166481203869e-01 1.113636363636363535e+00
1.160871192086856962e-01 1.318181818181818121e+00
1.163142213359519145e-01 1.750000000000000000e+00
1.165413230290706925e-01 1.420454545454545414e+00
1.167684242871935979e-01 1.488636363636363535e+00
1.169955251094721010e-01 1.318181818181818121e+00
1.172226254950580332e-01 1.636363636363636465e+00
1.174497254431030036e-01 1.693181818181818121e+00
1.176768249527585797e-01 1.636363636363636465e+00
1.179039240231765234e-01 1.238636363636363535e+00
1.181310226535085134e-01 1.420454545454545414e+00
1.183581208429062698e-01 1.522727272727272707e+00
1.185852185905216793e-01 1.409090909090909172e+00
1.188123158955064207e-01 1.295454545454545414e+00
1.190394127570121446e-01 1.340909090909090828e+00
1.192665091741908906e-01 1.363636363636363535e+00
1.194936051461944343e-01 1.613636363636363535e+00
1.197207006721745098e-01 1.363636363636363535e+00
1.199477957512832538e-01 1.204545454545454586e+00
1.201748903826723447e-01 1.500000000000000000e+00
1.204019845654937387e-01 1.284090909090909172e+00
1.206290782988993365e-01 1.590909090909090828e+00
1.208561715820411914e-01 1.250000000000000000e+00
1.210832644140712594e-01 1.329545454545454586e+00
1.213103567941416078e-01 1.488636363636363535e+00
1.215374487214039984e-01 1.193181818181818121e+00
1.217645401950106232e-01 1.488636363636363535e+00
1.219916312141137021e-01 1.500000000000000000e+00
1.222187217778650109e-01 1.431818181818181879e+00
1.224458118854168109e-01 1.227272727272727293e+00
1.226729015359212249e-01 1.284090909090909172e+00
1.228999907285302090e-01 1.340909090909090828e+00
1.231270794623961634e-01 1.318181818181818121e+00
1.233541677366711692e-01 1.295454545454545414e+00
1.235812555505073213e-01 1.284090909090909172e+00
1.238083429030568117e-01 1.215909090909090828e+00
1.240354297934721378e-01 1.534090909090909172e+00
1.242625162209052142e-01 1.215909090909090828e+00
1.244896021845085105e-01 1.102272727272727293e+00
1.247166876834342325e-01 1.159090909090909172e+00
1.249437727168346279e-01 1.181818181818181879e+00
1.251708572838621802e-01 1.272727272727272707e+00
1.253979413836691092e-01 1.159090909090909172e+00
1.256250250154077874e-01 1.011363636363636465e+00
1.258521081782305595e-01 9.886363636363636465e-01
1.260791908712897424e-01 1.034090909090909172e+00
1.263062730937380695e-01 1.250000000000000000e+00
1.265333548447276357e-01 1.215909090909090828e+00
1.267604361234110355e-01 1.102272727272727293e+00
1.269875169289407246e-01 1.215909090909090828e+00
1.272145972604691311e-01 1.147727272727272707e+00
1.274416711697378135e-01 1.287356321839080442e+00
1.276687445488964012e-01 1.127906976744186052e+00
1.278958173969466094e-01 1.152941176470588136e+00
1.281228897128899591e-01 1.047619047619047672e+00
1.283499614957283319e-01 1.240963855421686857e+00
1.285770327444637762e-01 1.365853658536585469e+00
1.288040972218376934e-01 1.362500000000000044e+00
1.290311673561067851e-01 1.050632911392405111e+00
1.292582369531964370e-01 1.282051282051282159e+00
1.294853060121094190e-01 1.246753246753246724e+00
1.297123745318486121e-01 1.210526315789473673e+00
1.299394425114171747e-01 1.426666666666666750e+00
1.301665099498182931e-01 1.513513513513513598e+00
1.303935768460553479e-01 1.369863013698630061e+00
1.306206431991318584e-01 1.305555555555555580e+00
1.308477090080514826e-01 1.830985915492957750e+00
1.310747742718179898e-01 1.642857142857142794e+00
1.313018322414852557e-01 1.970588235294117752e+00
1.315288963677707923e-01 1.462686567164179108e+00
1.317559599458342223e-01 1.621212121212121104e+00
1.319830229746802031e-01 1.538461538461538547e+00
1.322100854533133085e-01 1.375000000000000000e+00
1.324371473807383071e-01 1.523809523809523725e+00
1.326642017104689153e-01 1.557377049180327822e+00
1.328912624878100524e-01 1.383333333333333304e+00
1.331183227108781453e-01 1.474576271186440746e+00
1.333453823786788228e-01 1.603448275862068950e+00
1.335724342343330984e-01 1.571428571428571397e+00
1.337994927436040871e-01 1.654545454545454541e+00
1.340265506945455543e-01 1.388888888888888840e+00
1.342536080861637116e-01 1.603773584905660465e+00
1.344806574499031182e-01 1.647058823529411686e+00
1.347077136745571946e-01 1.340000000000000080e+00
1.349347693368284362e-01 1.387755102040816313e+00
1.351618244357239151e-01 1.520833333333333259e+00
1.353888712897511060e-01 1.413043478260869623e+00
1.356159252132587700e-01 1.355555555555555625e+00
1.358429785703341164e-01 1.659090909090909172e+00
1.360700313599842726e-01 1.441860465116278966e+00
1.362970756865413968e-01 1.682926829268292623e+00
1.365241272923908011e-01 1.350000000000000089e+00
1.367511783277611248e-01 1.641025641025640969e+00
1.369782287916603558e-01 1.710526315789473673e+00
1.372052705730281430e-01 1.583333333333333259e+00
1.374323198447238992e-01 1.542857142857142927e+00
1.376593685418968649e-01 1.441176470588235281e+00
1.378864166635558053e-01 1.727272727272727293e+00
1.381134558820523994e-01 1.193548387096774244e+00
1.383405028031149120e-01 1.500000000000000000e+00
1.385675491456141162e-01 1.310344827586206851e+00
1.387945949085591935e-01 1.392857142857142794e+00
1.390216315465390429e-01 1.269230769230769162e+00
1.392486761005045648e-01 1.439999999999999947e+00
1.394757200718690082e-01 1.375000000000000000e+00
1.397027634596420265e-01 1.347826086956521729e+00
1.399297974994949401e-01 1.142857142857142794e+00
1.401568396699144625e-01 1.399999999999999911e+00
1.403838812536980230e-01 1.368421052631578982e+00
1.406109133138878087e-01 1.117647058823529438e+00
1.408379536740057836e-01 1.500000000000000000e+00
1.410649934444450082e-01 1.066666666666666652e+00
1.412920326242160796e-01 1.642857142857142794e+00
1.415190620554864498e-01 1.000000000000000000e+00
1.417461000032340934e-01 8.181818181818182323e-01
1.419731373572728772e-01 1.300000000000000044e+00
1.422001741166138145e-01 8.888888888888888395e-01
1.424272009014486140e-01 1.285714285714285809e+00
1.426542364204168301e-01 1.500000000000000000e+00
1.428812713416485192e-01 8.000000000000000444e-01
1.431083056641553330e-01 1.250000000000000000e+00
1.433353297850700758e-01 2.000000000000000000e+00
1.435623628588630907e-01 0.000000000000000000e+00
