# q qerr I(q) I(q)err
8.294532032279089417e-03 3.215448162638725495e-03 4.166666666666666852e-01 3.431430617231943359e+01
1.547771440847061503e-02 1.298069176105710962e-03 5.000000000000000000e-01 5.400617248673216242e-01
2.114153426598287117e-02 1.953452460535632252e-03 5.999999999999999778e-01 5.196152422706632468e-01
2.708829541553820289e-02 1.932501425123600049e-03 5.833333333333333703e-01 5.170697352496189669e-01
3.424760286937652415e-02 2.393094809829984012e-03 6.136363636363636465e-01 5.010319928420137181e-01
4.134659872356089005e-02 1.444308516548141333e-03 6.111111111111111605e-01 5.046083923495817691e-01
4.709622292726145520e-02 1.633576272088444088e-03 4.500000000000000111e-01 5.086747487343952212e-01
5.289360403025952090e-02 1.994215660312892175e-03 5.416666666666666297e-01 5.094591358598953290e-01
5.941266175682404643e-02 2.038777625163953021e-03 6.600000000000000311e-01 4.874423042781578230e-01
6.623959740571712385e-02 2.014614798769268252e-03 7.037037037037037202e-01 5.085011191757771165e-01
7.251770781946841049e-02 1.767162065969994948e-03 8.541666666666666297e-01 3.773077140890589987e-01
7.836204892921720677e-02 1.794558473909566021e-03 1.199999999999999956e+00 1.141928193889615528e+00
8.476368586159346852e-02 2.173163639586968114e-03 2.234375000000000000e+00 4.980773581357619051e+00
9.171767809022127182e-02 2.151270969520740432e-03 8.058823529411764497e+00 2.075197493415554462e+01
9.840741527280037759e-02 1.879523288412654567e-03 2.123333333333333428e+01 4.975137630703741820e+01
1.046713563714864598e-01 1.717715818177843919e-03 4.947999999999999687e+01 9.185466346353895517e+01
1.108696467093386595e-01 1.978629817275711061e-03 8.092452830188679513e+01 1.308473561669380274e+02
1.174911181025048434e-01 2.151142134119994175e-03 1.142622950819672099e+02 1.688511841428873765e+02
1.240901985761322518e-01 1.682567093931450772e-03 1.654799999999999898e+02 2.142092416307008875e+02
1.302695169190241364e-01 1.981638030988197227e-03 1.832033898305084847e+02 2.363799284085651493e+02
1.366843399328758479e-01 1.885635125754002352e-03 2.308571428571428612e+02 2.752889298500017503e+02
1.431380625310322841e-01 2.037281709542672608e-03 2.572258064516129252e+02 2.943377493934512472e+02
1.497407916800755912e-01 2.013243134106564892e-03 2.934603174603174693e+02 3.266520188919825500e+02
1.560440161600273323e-01 1.800320108738214832e-03 3.218771929824561653e+02 3.508596464910964414e+02
1.626324968867556287e-01 2.166758397174068339e-03 3.512027027027027088e+02 3.628110438544173348e+02
1.693678508908615654e-01 1.711853084056604935e-03 3.772333333333333485e+02 3.926457259554866823e+02
1.755753172360756398e-01 1.940749690505284321e-03 4.083913043478260647e+02 3.965286112104731728e+02
1.819629297477835528e-01 1.792019476258344991e-03 4.290615384615384755e+02 4.196405204344933964e+02
1.883474920212158954e-01 1.982820530303366913e-03 4.422361111111110858e+02 4.367409164326371069e+02
1.949500334927739553e-01 1.985593967279970003e-03 4.788266666666666538e+02 4.419712143467163514e+02
2.014306324154557237e-01 1.750557958225071797e-03 4.932898550724637516e+02 4.585235835882100446e+02
2.076332073357673447e-01 1.865361520913360683e-03 5.282027027027027088e+02 4.605494979144134504e+02
2.140129245322099916e-01 1.882829286684015863e-03 5.272533333333333303e+02 4.771052915237893899e+02
2.204163405633874917e-01 1.951475208267544961e-03 5.630256410256409936e+02 4.747596554473639117e+02
2.268599176829277919e-01 1.954094669929957399e-03 5.622625000000000455e+02 4.862520918978137843e+02
2.335135695299082048e-01 1.986313139076756155e-03 5.738588235294117794e+02 4.936690742581439508e+02
2.400224779461884173e-01 1.823737618079871109e-03 6.006749999999999545e+02 4.916945472674065627e+02
2.464005577519743639e-01 1.894426896505377799e-03 6.153058823529411256e+02 4.940797905666319139e+02
2.528350385827773383e-01 1.829527638271931031e-03 6.316190476190475920e+02 4.988466868756399322e+02
2.590859102888302123e-01 1.817056121189442432e-03 6.353452380952380736e+02 5.034435270421449218e+02
2.654612130450557106e-01 1.918447197659697845e-03 6.410674157303370748e+02 5.066941175866057279e+02
2.718942366720529247e-01 1.942478483450333455e-03 6.704835164835164960e+02 4.954027023132232443e+02
2.784185743669774227e-01 1.921358219378808702e-03 6.689354838709676869e+02 4.937831197372947827e+02
2.849156375412667530e-01 1.882334819595186037e-03 7.176170212765957785e+02 4.656087279582803831e+02
2.911870294677750826e-01 1.766712284927822799e-03 7.241123595505617914e+02 4.502377772394588646e+02
2.976511517037133681e-01 2.019527329980297554e-03 7.666310679611650585e+02 4.189071613398955947e+02
3.043178155919494809e-01 1.919359421117726450e-03 7.767400000000000091e+02 4.000361231189003206e+02
3.108074081907638564e-01 1.815555258398614735e-03 8.049489795918367463e+02 3.790971510543518548e+02
3.170970610330232087e-01 1.826000353424227750e-03 8.211818181818181301e+02 3.643812509603413901e+02
3.235319739834495723e-01 1.908097576542081529e-03 8.290952380952380736e+02 3.509726368774846037e+02
3.300700059726238145e-01 1.867687188749142220e-03 8.615754716981132333e+02 3.281788437827550524e+02
3.365262003550894554e-01 1.808122422876843900e-03 8.613999999999999773e+02 3.211397648554730608e+02
3.429039324965278412e-01 1.810371451943152679e-03 8.857735849056604138e+02 3.020958916176932689e+02
3.492243179790229801e-01 1.835371710213073819e-03 8.958796296296296759e+02 2.872380822208555173e+02
3.555659880086458058e-01 1.813249007222180170e-03 9.062777777777778283e+02 2.763093064283756917e+02
3.620245372922214488e-01 1.918012235727336494e-03 9.239658119658120086e+02 2.626607091127687568e+02
3.685406119477664388e-01 1.798147481859587110e-03 9.228738738738738903e+02 2.562225086656516169e+02
3.750909242308860247e-01 1.967614233492519498e-03 9.430645161290323131e+02 2.379965530447579454e+02
3.816999037813160189e-01 1.752662604176019427e-03 9.418521739130434298e+02 2.251610889839507195e+02
3.880273799716012495e-01 1.749306826939258557e-03 9.473017241379310462e+02 2.109735998637668217e+02
3.942361145945514900e-01 1.745527907058957431e-03 9.477155172413793025e+02 1.992647979964618230e+02
4.006128291384035145e-01 1.852638254231622501e-03 9.517967479674796323e+02 1.885514683664584936e+02
4.070503578694664726e-01 1.848743254130127446e-03 9.533870967741935374e+02 1.834927441312144083e+02
4.135933781829447264e-01 1.871256654943844995e-03 9.527829457364341579e+02 1.768788116071372656e+02
4.202179442533061082e-01 1.832712641984981681e-03 9.624769230769230717e+02 1.653604665732575825e+02
4.266798115557093873e-01 1.759393680741872749e-03 9.659763779527559109e+02 1.577423620949857934e+02
4.330910535146235696e-01 1.771858374752960505e-03 9.701769230769231172e+02 1.513755164557615274e+02
4.395078467689783608e-01 1.772659720438770270e-03 9.692651515151515014e+02 1.459490619123486681e+02
4.457793319829173595e-01 1.654526338047628432e-03 9.581359999999999673e+02 1.387051786776543167e+02
4.521562795609589402e-01 1.887763445894669913e-03 9.603169014084506898e+02 1.283511648700830392e+02
4.587656575942579140e-01 1.769717907920350091e-03 9.451751824817517900e+02 1.204162176798178763e+02
4.652405449529313231e-01 1.746242423612376143e-03 9.397050359712229692e+02 1.135850903273926207e+02
4.716282944699034529e-01 1.704407088516023735e-03 9.328175182481751335e+02 1.075288199519155654e+02
4.780637153179891352e-01 1.798647074538550902e-03 9.276180555555555429e+02 1.001414836310465120e+02
4.844976548260259142e-01 1.723433333189145671e-03 9.210704225352112644e+02 9.542471282791490239e+01
4.908596034113225648e-01 1.665744062354685903e-03 9.093262411347517400e+02 9.223706425473915260e+01
4.972011979785150859e-01 1.734256865849588200e-03 9.098767123287670984e+02 8.877899516840273009e+01
5.036178995103413047e-01 1.747915368961153139e-03 9.030067567567567721e+02 8.462828100550044041e+01
5.101756467004687767e-01 1.800451491856020327e-03 8.992000000000000455e+02 8.045507662564688189e+01
5.166235656727934389e-01 1.648057805296297825e-03 8.930408163265306030e+02 7.459873591962011119e+01
5.229884928033705638e-01 1.714260039451578075e-03 8.880263157894736423e+02 6.949138156770494845e+01
5.293925748937229336e-01 1.756900675637705763e-03 8.812371794871794464e+02 6.588341789442678476e+01
5.357749724968067229e-01 1.647361260156582873e-03 8.744437086092715390e+02 6.322071686773346499e+01
5.422269581426349960e-01 1.797131621318817348e-03 8.721036585365853853e+02 6.175173254523224387e+01
5.488258977193463117e-01 1.752106618123457169e-03 8.648509316770185933e+02 5.880715263104451651e+01
5.552607346015674405e-01 1.711536068502800701e-03 8.609750000000000227e+02 5.722253025469949961e+01
5.616696921416424182e-01 1.713298320607429745e-03 8.544355828220858484e+02 5.520905662803329506e+01
5.680596363279470928e-01 1.671719726027721563e-03 8.480187499999999545e+02 5.348463345321718521e+01
5.744116486855085357e-01 1.773350792090137981e-03 8.435952380952380736e+02 5.127784211369209544e+01
5.808465417437830292e-01 1.706594120505047427e-03 8.386484848484848271e+02 4.872895104904024777e+01
5.872915480827241019e-01 1.773275249674210931e-03 8.352427745664739405e+02 4.731245581653694643e+01
5.936297343998458986e-01 1.608871723183330060e-03 8.280864197530863748e+02 4.796969700252066815e+01
6.000917821228005655e-01 1.852508397134843563e-03 8.239670329670329920e+02 4.629929919192694854e+01
6.066068710033430955e-01 1.719733697199352486e-03 8.157777777777778283e+02 4.515971224594386513e+01
6.129319261090041548e-01 1.700305612135823196e-03 8.122790697674419107e+02 4.381162661080363563e+01
6.193292159447265632e-01 1.792945791870086646e-03 8.071944444444444571e+02 4.364257534467974864e+01
6.257789288608107681e-01 1.769335618302108433e-03 8.001581920903954597e+02 4.339502749597056663e+01
6.322945183878984077e-01 1.883051681004075783e-03 7.946137566137566637e+02 4.133918404504554900e+01
6.387697914265673127e-01 1.734308686986089703e-03 7.880227272727272521e+02 4.166341946713225042e+01
6.450797878865883739e-01 1.812617312363664322e-03 7.847989130434782510e+02 4.124333666179435198e+01
6.514777522098027518e-01 1.807195130708317372e-03 7.791567567567567494e+02 4.068903901881504481e+01
6.579453254174412180e-01 1.840076954070700866e-03 7.738783068783068302e+02 4.091545544161922976e+01
6.642487788958216788e-01 1.761967380250493336e-03 7.675714285714285552e+02 4.203453204010312305e+01
6.707545140871414846e-01 1.952870522822350513e-03 7.640449999999999591e+02 4.049954567646407355e+01
6.772291234912055646e-01 1.844192786587162299e-03 7.581798941798941769e+02 4.212240059912468837e+01
6.834443396870620857e-01 1.745041746211572261e-03 7.511521739130434980e+02 4.345780632984010339e+01
6.899300657465672337e-01 1.988575045799213618e-03 7.463043478260869961e+02 4.213287759079689465e+01
6.965346490814943170e-01 1.967867873463197050e-03 7.382311557788945038e+02 4.579556922622008841e+01
7.030970487636396538e-01 2.020648629947002003e-03 7.362669902912621183e+02 4.797220992277826213e+01
7.095716427219228573e-01 1.946516927103622520e-03 7.385909090909091219e+02 5.421014360266432419e+01
7.160970279381224657e-01 2.044543341153194464e-03 7.448333333333333712e+02 6.212575572022863213e+01
7.226116891734091219e-01 2.004959656352403585e-03 7.470195121951219335e+02 6.884705358711011058e+01
7.291288619178314390e-01 2.011427705279334160e-03 7.424904761904762154e+02 7.385033034805601915e+01
7.356079106374427967e-01 1.973711099579897668e-03 7.318269230769230944e+02 6.557554349439887176e+01
7.419803430714648762e-01 1.939746738906150680e-03 7.178926829268292522e+02 6.071177535589748686e+01
7.484516812817442188e-01 2.022257641999446187e-03 7.058818181818181756e+02 5.037544536644582394e+01
7.549512183205485671e-01 1.898119824350936232e-03 6.946490384615384528e+02 5.043627113869282397e+01
7.613853957290165342e-01 1.973382858640895885e-03 6.897954545454545041e+02 4.686361211532747006e+01
7.678481984516135617e-01 1.903941598965435333e-03 6.843395348837209440e+02 4.962447602621260501e+01
7.743372045322526320e-01 1.915374251326664194e-03 6.806126126126125655e+02 4.702344140829887920e+01
7.807807857039134047e-01 1.872160005679921477e-03 6.742477064220183820e+02 4.765870982132415179e+01
7.871827117013717734e-01 1.874571936203420349e-03 6.675927601809954695e+02 4.818567694177358618e+01
7.935705088346153291e-01 1.846468364235832015e-03 6.625246636771300928e+02 4.876180501030511039e+01
7.999497029225959288e-01 1.794315080242126848e-03 6.575114155251141028e+02 4.906301199025355686e+01
8.063895263538338742e-01 1.919941342275102670e-03 6.529194915254237230e+02 4.683320520155872657e+01
8.129038415374738591e-01 1.785391972586650427e-03 6.470977777777777646e+02 4.750021972658731073e+01
8.193543447618309994e-01 1.828478467253065801e-03 6.431957446808510213e+02 4.697931602308917576e+01
8.257450256705209934e-01 1.731942097964038994e-03 6.371517857142856656e+02 4.759492353029461498e+01
8.321389716972604766e-01 1.845140229989535984e-03 6.332833333333333030e+02 4.653206854178930740e+01
8.386208936931099922e-01 1.751195931903918061e-03 6.281410256410256352e+02 4.777817722261656996e+01
8.449970631363269424e-01 1.723661030767332288e-03 6.233362068965517437e+02 4.850938018377998873e+01
8.513046230100612677e-01 1.773741526074865430e-03 6.173067226890756274e+02 4.688238080676863717e+01
8.578256185292513214e-01 1.822821089358022794e-03 6.121012145748987905e+02 4.542790572794138626e+01
8.643009097266359797e-01 1.747841479780405487e-03 6.074896265560165602e+02 4.637738546472131418e+01
8.706520843132705689e-01 1.718512007701664341e-03 6.017773109243697718e+02 4.699423238301221772e+01
8.770655084888429043e-01 1.823306464836067656e-03 5.977035573122529968e+02 4.679593536433953460e+01
8.835379301005906738e-01 1.720994191554163586e-03 5.924609053497941886e+02 4.776092896307974911e+01
8.899818591232092624e-01 1.816014583941305376e-03 5.944156862745097669e+02 4.889116977657889151e+01
8.963154830142930907e-01 1.686559403020368615e-03 6.044249999999999545e+02 6.413030598580776598e+01
9.027402481510985455e-01 1.849914512401526186e-03 6.206335877862595680e+02 9.742629741265541554e+01
9.092741475074460622e-01 1.818523953956779297e-03 6.165490196078430927e+02 1.108928415143003434e+02
9.156513574886713247e-01 1.799905876070713017e-03 5.917738095238095184e+02 7.580069629848291868e+01
9.219738414041327434e-01 1.816254378221876130e-03 5.724140625000000000e+02 5.012205896287316875e+01
9.284093843578240524e-01 1.864548344913183461e-03 5.635461538461538566e+02 4.555022554650281563e+01
9.348720171621091035e-01 1.939851900461452830e-03 5.580374531835205971e+02 4.413257448633114421e+01
9.413551784733346084e-01 1.927152036582965508e-03 5.499083969465648352e+02 5.077903448491406380e+01
9.478756351150825488e-01 2.022964964773094239e-03 5.475652173913043725e+02 4.918603369375293966e+01
9.544794314844599059e-01 1.995588314593873917e-03 5.460110701107010982e+02 4.676758022784785851e+01
9.609640598131067302e-01 1.976081289299603128e-03 5.444742647058823195e+02 4.701236907475266946e+01
9.673540511875814429e-01 1.900963898517757681e-03 5.396212121212121247e+02 4.719534446834524744e+01
9.738764300010358532e-01 2.020370959177093719e-03 5.375486111111110858e+02 4.584609171121243065e+01
9.803887395962943563e-01 1.868024915732807104e-03 5.334756554307116403e+02 4.575345374555816136e+01
9.867609507399704993e-01 1.907798179635916648e-03 5.314121863799283574e+02 4.494245666738699185e+01
9.931792738827067701e-01 1.861169570246367679e-03 5.289600000000000364e+02 4.528180529648847852e+01
9.997024529712079666e-01 1.929714342920701943e-03 5.270650684931506476e+02 4.400594716840870291e+01
1.006152710574202525e+00 1.760100644785859590e-03 5.262941176470587834e+02 4.652887957976310673e+01
1.012546487448541255e+00 1.858180627704414780e-03 5.259826989619376718e+02 4.749186403437347792e+01
1.018988798098918291e+00 1.803978976354649174e-03 5.250422535211267814e+02 5.064598670234155975e+01
1.025394048634321598e+00 1.775790568352827222e-03 5.276456140350877604e+02 5.424165721707498733e+01
1.031778999059903112e+00 1.783042104657854955e-03 5.324048442906574792e+02 5.812568526402716174e+01
1.038243195035333466e+00 1.800042721148124251e-03 5.528771331058020451e+02 6.982289770635658499e+01
1.044593270705168830e+00 1.728638088187854378e-03 6.523601398601398387e+02 1.496583319222694115e+02
1.051019473275584426e+00 1.807666001326826760e-03 1.103170568561872869e+03 5.766143876793532854e+02
1.057452118334604840e+00 1.764796907398143069e-03 2.199559322033898297e+03 1.241601604095354560e+03
1.063812741872586898e+00 1.735604614353873946e-03 3.719198630136986139e+03 1.997582720421093654e+03
1.070275566257694377e+00 1.860876787998901613e-03 4.852483870967741495e+03 2.883897389736072455e+03
1.076675486865225739e+00 1.737707282280460301e-03 5.029993127147766245e+03 3.635514904176001892e+03
1.083000003099001241e+00 1.811785629637566912e-03 4.448677631578947512e+03 3.565525341951322844e+03
1.089457558406981885e+00 1.875700427842611059e-03 3.769506493506493371e+03 3.233770086004070436e+03
1.095857128634095679e+00 1.865882195591197666e-03 3.068467105263157919e+03 2.775024285181881169e+03
1.102286980210992473e+00 1.937596539280167377e-03 2.411313099041533405e+03 2.239195758343465059e+03
1.108924588094037933e+00 2.035521144429528872e-03 1.553237804878048792e+03 1.313795981174194594e+03
1.115518250266801070e+00 1.963453062553008333e-03 9.821329113924050489e+02 6.790141927046945511e+02
1.121980766162010701e+00 1.920251373127695831e-03 6.490414012738852989e+02 2.720369934518479340e+02
1.128426312748922689e+00 1.950613960551148517e-03 5.172795031055900381e+02 1.001277774364287865e+02
1.134959239864979930e+00 1.915365560061970144e-03 4.748861538461538316e+02 5.315387456305597169e+01
1.141388067807542761e+00 1.819889318180962796e-03 4.611460317460317242e+02 4.608199829535850967e+01
1.147829738822878420e+00 1.877407927217479219e-03 4.535562310030394997e+02 4.333466171144912238e+01
1.154234759887723172e+00 1.796226287448233561e-03 4.458652037617554811e+02 4.287091760966181653e+01
1.160592008141087206e+00 1.784421184300352767e-03 4.412538699690402382e+02 4.231031011710864931e+01
1.167026991042843242e+00 1.836276795008287468e-03 4.358238805970149201e+02 4.175008920665493406e+01
1.173494023876834547e+00 1.758155136545365687e-03 4.297706422018348462e+02 4.208610544564651690e+01
1.179808164649816637e+00 1.732605827553653768e-03 4.155230769230769283e+02 5.120410440279476916e+01
1.186220583891021807e+00 1.881017850291822648e-03 4.186141479099678691e+02 4.734766779865088893e+01
1.192681073817049464e+00 1.793318889751105601e-03 4.163517241379310576e+02 4.808127013147021955e+01
1.199065629744253458e+00 1.797529783280079436e-03 4.144753521126760347e+02 4.778566077931590428e+01
1.205502001077074059e+00 1.899328588103967692e-03 4.124041095890410702e+02 4.616048238668562931e+01
1.211991242640565014e+00 1.826306843735066819e-03 4.095652173913043725e+02 4.686982401584864277e+01
1.218362901235649165e+00 1.888953249129523074e-03 4.067877697841726672e+02 4.714348472219655406e+01
1.224837827500277143e+00 1.938626244914326818e-03 3.997230215827337929e+02 5.272336504703512361e+01
1.231306496939841066e+00 1.935692192720165272e-03 3.990978260869565020e+02 5.078362227869759948e+01
1.237900180047003751e+00 1.954996484647400414e-03 3.984265232974910305e+02 4.865829469346752489e+01
1.244387829439413284e+00 1.881879514088832415e-03 3.969552238805970319e+02 4.739900566965322781e+01
1.250735832344970877e+00 1.818331757808236372e-03 3.942286821705426405e+02 4.699924691933814813e+01
1.257083335292831006e+00 1.905720956169173206e-03 3.924833948339483527e+02 4.685819696066398166e+01
1.263603115287416090e+00 1.841854869392088893e-03 3.907727272727272521e+02 4.731443563606384828e+01
1.270020777910819465e+00 1.832011672431217405e-03 3.892623574144486724e+02 4.705381433752562970e+01
1.276488051741652807e+00 1.832185980768075541e-03 3.868783269961976998e+02 4.707210651896303233e+01
1.282839323063532211e+00 1.758750693263018286e-03 3.852559055118110223e+02 4.749693823730413555e+01
1.289363492023574365e+00 1.805471412487298991e-03 3.716868686868687064e+02 5.685126100300269769e+01
1.295761563244195891e+00 1.749310907134910172e-03 3.726006711409395962e+02 5.075788299727914676e+01
1.302096506369333051e+00 1.727886103868702576e-03 3.720631229235880255e+02 4.731494337313785081e+01
1.308490604613926855e+00 1.841981469325142248e-03 3.694112149532710418e+02 4.634178627619237290e+01
1.314923371882378955e+00 1.783204890748409099e-03 3.659453376205787549e+02 4.601998783127719150e+01
1.321263162947042602e+00 1.883891353746835161e-03 3.638055555555555429e+02 4.625815095193986792e+01
1.327809252188654421e+00 1.990407611744629372e-03 3.578816568047337228e+02 5.104914524807593779e+01
1.334395055816720577e+00 2.005908808147741692e-03 3.580351906158358020e+02 4.863665070196610429e+01
1.340924575314278222e+00 1.937181998292608577e-03 3.560059701492537556e+02 4.678116708803830193e+01
1.347326738882997477e+00 1.911240937813023883e-03 3.542544378698224818e+02 4.646651695121031622e+01
1.353867248119903444e+00 1.925349651844857632e-03 3.522492917847025637e+02 4.612976866387084840e+01
1.360292180733798650e+00 1.777880213384871099e-03 3.498832335329341277e+02 4.646163601060973036e+01
1.366716033276369036e+00 1.860440026654835337e-03 3.474789915966386502e+02 4.456753197073386730e+01
1.373134056949086190e+00 1.747663592607761902e-03 3.457690058479532240e+02 4.497902436632979573e+01
1.379508641949547476e+00 1.787974598008121871e-03 3.430281690140844830e+02 4.443449828645145061e+01
1.385849874457594222e+00 1.730044418412237826e-03 3.414236311239193356e+02 4.546170918989510312e+01
1.392210228535155858e+00 1.777760908321846531e-03 3.395472222222222172e+02 4.504543214122962524e+01
1.398630460992727143e+00 1.793834584281517276e-03 3.375000000000000000e+02 4.475977546860573852e+01
1.405027543482165298e+00 1.820682476180417696e-03 3.366776859504132062e+02 4.399730667132919137e+01
1.411380623846245186e+00 1.844474811107960554e-03 3.348999999999999773e+02 4.444345033610439799e+01
1.418011585217980208e+00 2.061904995500850411e-03 3.294239401496259347e+02 4.976546875681289350e+01
1.424633236002852632e+00 1.911062399977238009e-03 3.343661202185792263e+02 4.504130787766278132e+01
1.431027237377290762e+00 1.930893372260762729e-03 3.387836411609498555e+02 4.099922910068615778e+01
1.437551415863808524e+00 1.925262037142165712e-03 3.431142857142856997e+02 4.006670041786281189e+01
1.443999660086549230e+00 1.834928749309971486e-03 3.439230769230769056e+02 3.978092168689823893e+01
1.450408168300875378e+00 1.822080046480867126e-03 3.424921465968586176e+02 4.031804087977506867e+01
1.456762351763572827e+00 1.768742008520618686e-03 3.399315789473683935e+02 4.011260966695670760e+01
1.463211358413713192e+00 1.810126088705470279e-03 3.359974489795918089e+02 3.916810300623504304e+01
1.469593255354290973e+00 1.758193336020684059e-03 3.331848958333333144e+02 3.885238682110854569e+01
1.475950724204827313e+00 1.769305199294179780e-03 3.326253229974160490e+02 4.036529892118279861e+01
1.482355977374464340e+00 1.855140322631434503e-03 3.423025000000000091e+02 4.683387395891994487e+01
1.488803525874331735e+00 1.854999873494519958e-03 3.902315521628498800e+02 8.658620497147451545e+01
1.495319592526707764e+00 2.003828109077177445e-03 5.280765550239234472e+02 1.940207261334836346e+02
1.501939691759246465e+00 1.957822028991581826e-03 8.024647201946471569e+02 3.190324892621066510e+02
1.508463382234335848e+00 1.918938912685786129e-03 1.061056234718826317e+03 4.322022435981071453e+02
1.514901188746566207e+00 1.852902137227367511e-03 1.192839901477832427e+03 5.013050687991181462e+02
1.521228969867623793e+00 1.785136608190808364e-03 1.116969773299748113e+03 4.370201841192111942e+02
1.527563647216529041e+00 1.824993124647320475e-03 1.020004807692307736e+03 3.727774134633736480e+02
1.534022576503679458e+00 1.781774817406586286e-03 8.775000000000000000e+02 2.800759887352348869e+02
1.540418711468126034e+00 1.792491139398408621e-03 7.724473684210526017e+02 2.319336946862148068e+02
1.546838712332167631e+00 1.778278829154705072e-03 6.829036144578312815e+02 1.995605113906270844e+02
1.553238623106807825e+00 1.840983848395847744e-03 5.847382075471698499e+02 1.592288956962118220e+02
1.559673935783696619e+00 1.867161364404805587e-03 5.021211401425177883e+02 1.290309666839844169e+02
1.566161367499480317e+00 1.987417225671155377e-03 4.084648526077097586e+02 9.328495065279740572e+01
1.572795191923813007e+00 1.975399758409353626e-03 3.582629213483145918e+02 5.727502154004461232e+01
1.579229625961506400e+00 1.828964939238766603e-03 3.169639423076923208e+02 4.413673637437486263e+01
1.585615098485775532e+00 1.901195136705323549e-03 2.969932735426008890e+02 4.158744563856131293e+01
1.592069020803266399e+00 1.783565421147388207e-03 2.883849765258215712e+02 4.218206817095490635e+01
1.598398624204083740e+00 1.798472010651884717e-03 2.851004566210045823e+02 4.247439949788763869e+01
1.604843375939136507e+00 1.797152056805669104e-03 2.828325791855203875e+02 4.243303063921210594e+01
1.611212339410225569e+00 1.768878106258207515e-03 2.817087155963302507e+02 4.249213946726317204e+01
1.617590363377642504e+00 1.818287623560442892e-03 2.794988764044943537e+02 4.247227114762429068e+01
1.623974015669422899e+00 1.854816384487833732e-03 2.792189616252821907e+02 4.233657943970634108e+01
1.630543485616582799e+00 2.014479720267581264e-03 2.733849372384937055e+02 4.627565570187871202e+01
1.637155364196844820e+00 1.921442116166700376e-03 2.763744493392070467e+02 4.127021512572368067e+01
1.643640215828007012e+00 1.916406123937146409e-03 2.745515021459227682e+02 4.084267458787012828e+01
1.650095370295723063e+00 1.808845151496338592e-03 2.735144766146993334e+02 4.140031283514296945e+01
1.656466136267144007e+00 1.835556712886826517e-03 2.724989247311827967e+02 4.106597755637169200e+01
1.662921359457136594e+00 1.784847929403802829e-03 2.707407407407407618e+02 4.073515311256768001e+01
1.669278115879615276e+00 1.787810489320909016e-03 2.694329004329004533e+02 4.088863697650263163e+01
1.675603147458916142e+00 1.759339208401217896e-03 2.676225165562913730e+02 4.088858692230154901e+01
1.681944817773278311e+00 1.879012939346250957e-03 2.676434599156117997e+02 4.110253691046408875e+01
1.688494896982127180e+00 1.961244959671172398e-03 2.628312757201646264e+02 4.625962241987687662e+01
1.695047655103924189e+00 1.958531043791479891e-03 2.661831275720164740e+02 4.099620791390703545e+01
1.701563412030947964e+00 1.893890162085724253e-03 2.646367432150312879e+02 4.011719340646024534e+01
1.707975620325744792e+00 1.846204685496802061e-03 2.640000000000000000e+02 3.987705531643243262e+01
1.714377380249353600e+00 1.797036493929945892e-03 2.624163179916317858e+02 4.009733369608066766e+01
1.720768292737840266e+00 1.799184406037973973e-03 2.625030927835051671e+02 4.000942539606015913e+01
1.727152534628709324e+00 1.771490888047008889e-03 2.610480167014613926e+02 3.903488466138053070e+01
1.733526494930327289e+00 1.835615179227028260e-03 2.602708757637474264e+02 3.822292965117279095e+01
1.739975521513371870e+00 1.888347845677861795e-03 2.565040650406504028e+02 4.097598681914522700e+01
1.746497876640803248e+00 1.988580869552720402e-03 2.556899224806201687e+02 4.118976874730134341e+01
1.753090192095328348e+00 1.909790863647236811e-03 2.563705179282868585e+02 3.849011499796160507e+01
1.759542915568929722e+00 1.863330342728648260e-03 2.558505976095617598e+02 3.780168542739919957e+01
1.765978610475646082e+00 1.805054295706254351e-03 2.542059999999999889e+02 3.769477385527071078e+01
1.772332663329672986e+00 1.770928694831684115e-03 2.528850806451612812e+02 3.735583402954864596e+01
1.778664509689639184e+00 1.781133477909586536e-03 2.514331337325349409e+02 3.671708862414717345e+01
1.785069366740120511e+00 1.834600355293997381e-03 2.502402343750000000e+02 3.571041545932827432e+01
1.791506168727699633e+00 1.878728357369653049e-03 2.475019607843137237e+02 3.986563215917917802e+01
1.798039063906349488e+00 1.995486375923071192e-03 2.464537037037036953e+02 3.811999320606154384e+01
1.804647924016717919e+00 1.913848319004299433e-03 2.475287356321838956e+02 3.471293325346725567e+01
1.811089958053599736e+00 1.862622323854617795e-03 2.482145593869731783e+02 3.464926021634975228e+01
1.817521720439822408e+00 1.798364348704032875e-03 2.462084942084942156e+02 3.448276641697622580e+01
1.823812670535420288e+00 1.750448090683544159e-03 2.460039215686274474e+02 3.414220538262109983e+01
1.830221642949216854e+00 1.837728497302317443e-03 2.480297951582867881e+02 3.571607343254268585e+01
1.836582905300079060e+00 1.780128382536366044e-03 2.581333333333333258e+02 4.159829056316831242e+01
1.843061797820461534e+00 1.986079127245108083e-03 2.704831261101243172e+02 5.745992615174855445e+01
1.849632829275571488e+00 1.888944039210000737e-03 2.858402255639097689e+02 5.779815245698414827e+01
1.856090187264436642e+00 1.913060858845453587e-03 2.913654545454545541e+02 6.003494299293777914e+01
1.862531947297203283e+00 1.788974026913770074e-03 2.867113207547170077e+02 5.696363526195489158e+01
1.868931787959941415e+00 1.835149539700427039e-03 2.793788706739526333e+02 4.953636727336857604e+01
1.875342409945594868e+00 1.782793697721218873e-03 2.725772811918063212e+02 4.811608441416919391e+01
1.881685992375486283e+00 1.813583446463527945e-03 2.682269372693726837e+02 4.529247539904740449e+01
1.888176611507502489e+00 1.945205006648250507e-03 2.622451499118165543e+02 4.923834644554644768e+01
1.894684395670122701e+00 1.921537496908314263e-03 2.632558139534883708e+02 4.414036146870393651e+01
1.901176782548104516e+00 1.886986723452953362e-03 2.609768683274021441e+02 4.382912623277402986e+01
1.907561981128558237e+00 1.795440373499332084e-03 2.527226277372262757e+02 4.040823979271570465e+01
1.913985041606118376e+00 1.828239138046576940e-03 2.429666666666666686e+02 3.718572007878531593e+01
1.920403381422240097e+00 1.786024996940504313e-03 2.347608695652174049e+02 3.623242191629762488e+01
1.926716413297410169e+00 1.834639747803229817e-03 2.284661921708185162e+02 3.275755662035275151e+01
1.933271554332125497e+00 1.965820526812752777e-03 2.218989898989898961e+02 3.531888970994363319e+01
1.939792573083097382e+00 1.907526115978609412e-03 2.261570680628272214e+02 2.855324840826152055e+01
1.946288570836251841e+00 1.883695634446648113e-03 2.275229982964224860e+02 2.898410427661528033e+01
1.952655684029843908e+00 1.737190040939992066e-03 2.276998191681736046e+02 3.096780892335969071e+01
1.958969978021109171e+00 1.827434973414125523e-03 2.284317406143344726e+02 3.150687127410869337e+01
1.965496063115082181e+00 1.854230162972571750e-03 2.259104729729729684e+02 3.081840242903484750e+01
1.971963975922738088e+00 1.884120710564727479e-03 2.211113013698630141e+02 3.378175514492692599e+01
1.978442510441045021e+00 1.957066319931451050e-03 2.202059308072487624e+02 3.137458925687678857e+01
1.984931097981023740e+00 1.843590323278294961e-03 2.192495726495726558e+02 2.829221184749632911e+01
1.991287308585444338e+00 1.815152065882439042e-03 2.172453151618398692e+02 2.761699350722214419e+01
1.997701973476069481e+00 1.833321787203764366e-03 2.143322259136212722e+02 2.706967406941885201e+01
2.004164133665459424e+00 1.816322146449814287e-03 2.121702838063439174e+02 2.704824112221732335e+01
2.010465304371688244e+00 1.793999045974344238e-03 2.095823223570190521e+02 2.712024453791271839e+01
2.016906033528098163e+00 1.989616449670199121e-03 2.044992175273865485e+02 3.248893512923194749e+01
2.023555996358446407e+00 1.897180052363281293e-03 2.048365695792880388e+02 2.578079520595898089e+01
2.029968694217374470e+00 1.807083598350285245e-03 2.026822742474916481e+02 2.599473558683661167e+01
2.036339422929389187e+00 1.823287213829230622e-03 2.017341977309562537e+02 2.551664352217857967e+01
2.042808231593590484e+00 1.819045180469573350e-03 2.008912337662337677e+02 2.530029399937309265e+01
2.049121403930300289e+00 1.816823929832920258e-03 1.995852842809364631e+02 2.756896902594959187e+01
2.055546024436551544e+00 1.958593688934813937e-03 1.974891975308642031e+02 2.952790617668976481e+01
2.062179187475123410e+00 1.909374836257744399e-03 1.987203125000000057e+02 2.490455707075765446e+01
2.068587893715514436e+00 1.782255124468116103e-03 1.987643207855973913e+02 2.562191505565756344e+01
2.074943470461427353e+00 1.803325004765888358e-03 1.981901743264659217e+02 2.578705215881495505e+01
2.081348551495329602e+00 1.811685209211536278e-03 1.985855999999999995e+02 2.649571304192434695e+01
2.087807581420585645e+00 1.934124239786214495e-03 1.981026033690658608e+02 3.237534057192289083e+01
2.094354049547901386e+00 1.919763106963207067e-03 2.019754601226993884e+02 2.902568100325271772e+01
2.100814970511138302e+00 1.841726384006937703e-03 2.066352201257861623e+02 2.983492335164083187e+01
2.107147425483176129e+00 1.793021693532189254e-03 2.250078864353312440e+02 4.290000052308314338e+01
2.113573117004156288e+00 1.831442330790634650e-03 3.089465648854961728e+02 1.392026151172262303e+02
2.119956773712852627e+00 1.806996690666118864e-03 5.529287974683544462e+02 3.651794701930115821e+02
2.126392549358501416e+00 1.961143276791299343e-03 9.810367647058823195e+02 7.328049948431902294e+02
2.133022499541108896e+00 1.914261261225060897e-03 1.341813609467455535e+03 8.933568519818066989e+02
2.139480964562213483e+00 1.786119367506160778e-03 1.506631007751937886e+03 8.895870018245968822e+02
2.145796782645738254e+00 1.799418587043424183e-03 1.467428134556574832e+03 8.700053635730994301e+02
2.152165366120878165e+00 1.825425695775702338e-03 1.347059090909090855e+03 8.043089031891361174e+02
2.158655754564665852e+00 1.929951649106770133e-03 1.225462209302325618e+03 7.548989175360947002e+02
2.165204964825616862e+00 1.913631523374921799e-03 1.106033625730994117e+03 6.169452408480191252e+02
2.171687233764930003e+00 1.836559742283269984e-03 1.033441481481481560e+03 5.698639732167408738e+02
2.178057454997971210e+00 1.770075738143539208e-03 9.528021148036253862e+02 5.151282477208279715e+02
2.184381886656512783e+00 1.819268068842387707e-03 8.112600297176820732e+02 4.353231532762177380e+02
2.190889596552291430e+00 1.941484629964972597e-03 6.931255289139633078e+02 3.989112244040126143e+02
2.197415493733709368e+00 1.880394352234131695e-03 6.058156748911466138e+02 3.302043687144705473e+02
2.203858495652105454e+00 1.844129167940211774e-03 4.995079594790159376e+02 2.708232136378387054e+02
2.210218428929338064e+00 1.776952575370011446e-03 4.105872781065088475e+02 1.995993117801788514e+02
2.216548686487991304e+00 1.820372229284925253e-03 3.326284470246734486e+02 1.322418700993779339e+02
2.223054582631938558e+00 1.937499342758612587e-03 2.692458563535911367e+02 9.266145744234205495e+01
2.229555406010463425e+00 1.871681269043944497e-03 2.226208869814020090e+02 4.908267464022734572e+01
2.236023148886606471e+00 1.876509468722661325e-03 1.948817802503477026e+02 3.259793915475392367e+01
2.242466908337517939e+00 1.781536512235300631e-03 1.846402877697841802e+02 2.763843409421320274e+01
2.248784053696174290e+00 1.815619011182786555e-03 1.813687230989957015e+02 2.658344397141091520e+01
2.255261034229438355e+00 1.958337742873136802e-03 1.787060402684563769e+02 3.185730198468955976e+01
2.261752977112598817e+00 1.833135357339661826e-03 1.791485148514851460e+02 2.629832534171263347e+01
2.268193030407839927e+00 1.856919733580766289e-03 1.773847203274215474e+02 2.556282936226124747e+01
2.274620661936892052e+00 1.792548502283534354e-03 1.763667136812411798e+02 2.536712167349632452e+01
2.281045196159239286e+00 1.907452264699439036e-03 1.737905405405405475e+02 2.929026044942299123e+01
2.287566856146262317e+00 1.925687837049752790e-03 1.741871657754010698e+02 2.708749894090053445e+01
2.294017676381079784e+00 1.818149611703329506e-03 1.744653739612188303e+02 2.584768135046699555e+01
2.300373896127871021e+00 1.814054264739159471e-03 1.744240766073871498e+02 2.627730057971960420e+01
2.306733295622487301e+00 1.809288305020508025e-03 1.738791208791208760e+02 2.665214570249523618e+01
2.313210233147671158e+00 1.927057466226796351e-03 1.719401041666666572e+02 3.146764179809343531e+01
2.319750633036068876e+00 1.886628064392380537e-03 1.739973509933774949e+02 2.678627680801749023e+01
2.326167810919689938e+00 1.805281422939875990e-03 1.741285520974289511e+02 2.703275505524079136e+01
2.332524891627314911e+00 1.808157875111407291e-03 1.747997311827957105e+02 2.697185808576563915e+01
2.339018828040365428e+00 1.927078730268403945e-03 1.756871794871794918e+02 3.203726514013695947e+01
2.345529090540556361e+00 1.892646505679497623e-03 1.806452879581151763e+02 2.878189144747073058e+01
2.351902562585342693e+00 1.808634088653226840e-03 1.855401069518716497e+02 2.916900177076116663e+01
2.358283426411155403e+00 1.828495513811564770e-03 2.010521512385919038e+02 3.461343549390332441e+01
2.364665150299146479e+00 1.824483169818866225e-03 2.672728476821192203e+02 7.841655679195676498e+01
2.371140522023317931e+00 1.956229962378429419e-03 4.515334987593051892e+02 1.911475146804853580e+02
2.377698484074287411e+00 1.857249505322706908e-03 7.970166666666666515e+02 3.286917771392742225e+02
2.384135550776628865e+00 1.806484998011118103e-03 1.124158709677419438e+03 4.512135373704423955e+02
2.390495270780528703e+00 1.815820546892564329e-03 1.333100278551532028e+03 4.858052297800502402e+02
2.396907059408651008e+00 1.904650256318906557e-03 1.360803009575923397e+03 5.380801389115680422e+02
2.403395490390968892e+00 1.861409897307351969e-03 1.352229577464788690e+03 5.385661634435166434e+02
2.409868588547004364e+00 1.847911660654164229e-03 1.231991477272727252e+03 4.851372374079341512e+02
2.416315494183244539e+00 1.848423108511250412e-03 1.093120289855072542e+03 4.103199849538283388e+02
2.422721222723576151e+00 1.879130934971403807e-03 9.707906976744186522e+02 3.930129048623186350e+02
2.429135064156228374e+00 1.862177758942303550e-03 9.050674486803519585e+02 3.356566636353715580e+02
2.435558328952115659e+00 1.829358714226044739e-03 8.096568047337277676e+02 2.822250089446733341e+02
2.441961929587736613e+00 1.826990787003958654e-03 7.197679640718563405e+02 2.413989752941107838e+02
2.448435267415004279e+00 1.916283866918213176e-03 6.103575581395348308e+02 2.150851724150543873e+02
2.454898310690642571e+00 1.851262751470384186e-03 5.499166666666666288e+02 1.826690015887046172e+02
2.461278332832209870e+00 1.841207405127180587e-03 4.701616314199395674e+02 1.622018429786291733e+02
2.467732767309350983e+00 1.860175811866779036e-03 3.851291291291291259e+02 1.348502674475164440e+02
2.474317234005322774e+00 1.907302378477835920e-03 3.030257510729613841e+02 1.099325099385537072e+02
2.480763678027650521e+00 1.850982492662076430e-03 2.469944367176634330e+02 7.430212141271999826e+01
2.487114426650852028e+00 1.791691956921820849e-03 2.005983146067415817e+02 5.192434151708940959e+01
2.493514277050582706e+00 1.905910091373927331e-03 1.658084544253632657e+02 4.106956810704826921e+01
2.500016016455529844e+00 1.897218154373805617e-03 1.521082138200782197e+02 3.024114568588175089e+01
2.506504299072060071e+00 1.823698874814003905e-03 1.459433465085639057e+02 2.771263481021506436e+01
2.512828968428921783e+00 1.779539787674511890e-03 1.437254374158815722e+02 2.718189848426628075e+01
2.519262120792594928e+00 1.938201810876334251e-03 1.413474470734744841e+02 3.072684073997834275e+01
2.525775074220281358e+00 1.871497825325404334e-03 1.417668789808917325e+02 2.703727329872441842e+01
2.532197693037325781e+00 1.807973308604888651e-03 1.407423076923076906e+02 2.686151441388767225e+01
2.538545427775757091e+00 1.816891897915347926e-03 1.395212355212355249e+02 2.708667200526865670e+01
2.545039371368973402e+00 1.965732421291352915e-03 1.374608076009501190e+02 3.013600736617883413e+01
2.551577586228050976e+00 1.818913119815899733e-03 1.373207070707070727e+02 2.683921122124634806e+01
2.557912035390546901e+00 1.811160408138717511e-03 1.370451127819548844e+02 2.677880762207197307e+01
2.564418003384666633e+00 1.924750488034227642e-03 1.357201889020070951e+02 2.995889361970788656e+01
2.570930014234638072e+00 1.852202887801034569e-03 1.370548780487804947e+02 2.661554619440771674e+01
2.577333690207623373e+00 1.816621428331073769e-03 1.369547677261613785e+02 2.646966897257767215e+01
2.583698900290759326e+00 1.840143410056186736e-03 1.380354523227383936e+02 2.798117615890897980e+01
2.590116643848396460e+00 1.922552353981257615e-03 1.467911318553092315e+02 3.161248744694697166e+01
2.596553429180498362e+00 1.801710981220896188e-03 1.796080097087378533e+02 4.195339524698272271e+01
2.602955615407046341e+00 1.842317350104424401e-03 2.463952941176470688e+02 7.233179738880274101e+01
2.609495359574187212e+00 1.911716238635802895e-03 3.314811858608894113e+02 1.151578680475808341e+02
2.615974071523933020e+00 1.844748521006626301e-03 4.025223529411764503e+02 1.315485533161986780e+02
2.622378270172453618e+00 1.832507040312451657e-03 4.226350877192982693e+02 1.330368756092780984e+02
2.628819659223405658e+00 1.883705983027747803e-03 4.087080459770115226e+02 1.310644859782404410e+02
2.635224897504864661e+00 1.872415782458078902e-03 4.076850574712643720e+02 1.200082247698843219e+02
2.641639659702591736e+00 1.816527212418568051e-03 3.867716262975778818e+02 1.170200918958139624e+02
2.648064596936881454e+00 1.851525790120274028e-03 3.508095781071835972e+02 1.067668951865642271e+02
2.654540339871488630e+00 1.920962172705038655e-03 3.262552255225522799e+02 9.543078775070333108e+01
2.661017435989672553e+00 1.820997431850269717e-03 3.010845714285714507e+02 8.093251387093685878e+01
2.667377750780578261e+00 1.839233884157700843e-03 2.819239500567537107e+02 7.293456265546062411e+01
2.673833255939705111e+00 1.922629864361171097e-03 2.580660888407367111e+02 7.156677956906291627e+01
2.680310332336410362e+00 1.829470795604572599e-03 2.405319148936170279e+02 5.970214302418472840e+01
2.686679530094181256e+00 1.809753184080302099e-03 2.223284753363228674e+02 5.422498271300992911e+01
2.693172569770623248e+00 1.920456143785719515e-03 2.028847780126849898e+02 5.454789510166837374e+01
2.699710169678059213e+00 1.845827250732203417e-03 1.835670665212649908e+02 4.424903121964680253e+01
2.706108723802718607e+00 1.808001129835774996e-03 1.644318936877076283e+02 3.844626333327835965e+01
2.712552861480932442e+00 1.909490143508341294e-03 1.467439409905163359e+02 3.645947736281669194e+01
2.719028861112676942e+00 1.848278151304674159e-03 1.364075675675675541e+02 3.041204872529689140e+01
2.725349625855669977e+00 1.780111837505188701e-03 1.281786903440621472e+02 2.919566221305431952e+01
2.731792001493120292e+00 1.927874637693306574e-03 1.223637295081967267e+02 3.019235192067933937e+01
2.738310186615081410e+00 1.835670255000661395e-03 1.203887113951011685e+02 2.652861314287912720e+01
2.744685257899765141e+00 1.793617037467074102e-03 1.190086206896551744e+02 2.613028818890666471e+01
2.751066800196758422e+00 1.878288467704576767e-03 1.194266247379454882e+02 2.560281182057765292e+01
2.757601512830000434e+00 1.862141664063760894e-03 1.205900552486187820e+02 2.259974821530125766e+01
2.764058068263966828e+00 1.836587841443396716e-03 1.207824601366742598e+02 2.192751135858069134e+01
2.770529172478649382e+00 1.887167826034379927e-03 1.218952702702702737e+02 2.210670161030741099e+01
2.776955143396238501e+00 1.821333560803167642e-03 1.209563679245283083e+02 2.206589461513920014e+01
2.783316304171964184e+00 1.843620978786204888e-03 1.204162735849056673e+02 2.227260542626726547e+01
2.789755116199374552e+00 1.895104686621155434e-03 1.216658959537572287e+02 2.223443431175363827e+01
2.796202065730379438e+00 1.823396814250311405e-03 1.208335329341317390e+02 2.222257293917290966e+01
2.802598215598055997e+00 1.839199823105454800e-03 1.210227544910179631e+02 2.182965050614765801e+01
2.809058618291326859e+00 1.891542357478581855e-03 1.214959064327485407e+02 2.173377546582206676e+01
2.815539484174618412e+00 1.814857361145085640e-03 1.210752427184466029e+02 2.140502873368821213e+01
2.821989463872399906e+00 1.865090624993398201e-03 1.213679808841099117e+02 2.159588742068617506e+01
2.828483713597702565e+00 1.883630524017047489e-03 1.220238095238095184e+02 2.142966200928514908e+01
2.834900904292738222e+00 1.791954038426357698e-03 1.229137499999999932e+02 2.179598479364949526e+01
2.841279989216558999e+00 1.876324795384782303e-03 1.245507246376811565e+02 2.152707037207275320e+01
2.847767858763501359e+00 1.886990809494324501e-03 1.248623188405797038e+02 2.181856361441919745e+01
2.854224446368732959e+00 1.845718501710050556e-03 1.250248138957816337e+02 2.181078479035523188e+01
2.860652227376856871e+00 1.895283512592607677e-03 1.255109223300970882e+02 2.152565111892976546e+01
2.867113210476443186e+00 1.859648482407798373e-03 1.250173267326732685e+02 2.130456810682652602e+01
2.873572830144707879e+00 1.886954548921765396e-03 1.250601965601965588e+02 2.151089977309287704e+01
2.879995266294152589e+00 1.874768549312584749e-03 1.253395291201982644e+02 2.167714860025766299e+01
2.886377499349285003e+00 1.822646243021190660e-03 1.251316455696202468e+02 2.155303850957802325e+01
2.892826601299819611e+00 1.901257081905588812e-03 1.258055893074119069e+02 2.071195438702896396e+01
2.899287209408602628e+00 1.837036175435869181e-03 1.255509433962264154e+02 2.010951893678694802e+01
2.905651471559458798e+00 1.820821310380915442e-03 1.258081321473951704e+02 1.994687468032484645e+01
2.912064357739847953e+00 1.885695667761764669e-03 1.260601965601965588e+02 1.963443893622709879e+01
2.918524733004972394e+00 1.831846772134888184e-03 1.253109987357775026e+02 1.939941497253277802e+01
2.925008101889499557e+00 1.898964803942654149e-03 1.246589524969549387e+02 1.896709008453434464e+01
2.931494571104498625e+00 1.860470468068603543e-03 1.241063040791100178e+02 1.872463143006919850e+01
2.937893251398651540e+00 1.817351826735809622e-03 1.237164366373902169e+02 1.856372358312373549e+01
2.944305546311252186e+00 1.880927000690213848e-03 1.240312876052948212e+02 1.771757365264851813e+01
2.950769139483569781e+00 1.826098071515048831e-03 1.235454545454545467e+02 1.776585922079274482e+01
2.957217893682505760e+00 1.858471812583063982e-03 1.244104116222760297e+02 1.805360195163759940e+01
2.963641657319503686e+00 1.840162297927921053e-03 1.248969325153374257e+02 1.800791370903098709e+01
2.970043842149071800e+00 1.832295957600710810e-03 1.251757425742574270e+02 1.827079787045591885e+01
2.976510225225458495e+00 1.909562939757382871e-03 1.269406175771971448e+02 1.809042907465249428e+01
2.983008757323797777e+00 1.820848808918005624e-03 1.286579925650557641e+02 1.835017579205054616e+01
2.989442833175567138e+00 1.860876473636659213e-03 1.336690909090908974e+02 1.878762748610036581e+01
2.995851322080832713e+00 1.818248084975540883e-03 1.475888198757764087e+02 2.552077434617277518e+01
3.002288071879581022e+00 1.866109072499165002e-03 1.911510353227770906e+02 5.661654276197257474e+01
3.008748785923475388e+00 1.879638502675874765e-03 2.864496969696969586e+02 1.331013312417600787e+02
3.015199648864150372e+00 1.825469582085792030e-03 4.285335820895522261e+02 2.364798610035972786e+02
3.021614952218953931e+00 1.867358907394168870e-03 5.472290909090909281e+02 2.890286489541365427e+02
3.028035269137849372e+00 1.805619228951016193e-03 5.938122653316645483e+02 2.818851381395643898e+02
3.034481983401863037e+00 1.885823396422961745e-03 5.687894103489771851e+02 2.469874055559814963e+02
3.040948636384726900e+00 1.846244746713175374e-03 5.431160493827160280e+02 2.403317516961553508e+02
3.047399548284976056e+00 1.866575050031695892e-03 5.189963280293757180e+02 2.306549399609976376e+02
3.053818065407082116e+00 1.858882463793821993e-03 4.986891891891891646e+02 2.302200449747469406e+02
3.060168791671987076e+00 1.792825745411367891e-03 4.754262086513994632e+02 2.223017618944165292e+02
3.066596020837712544e+00 1.927764682785730512e-03 4.294845971563980811e+02 1.937164839818840392e+02
3.073140751332767540e+00 1.856356834428901387e-03 3.909579728059332524e+02 1.779492140472523829e+02
3.079593295930210139e+00 1.886716362797553155e-03 3.339418181818181779e+02 1.461947690026786120e+02
3.086017154762366044e+00 1.830431539716442747e-03 2.948562499999999886e+02 1.341355346515233293e+02
3.092486513109037993e+00 1.905108961471654438e-03 2.594976019184652500e+02 1.272743406391830092e+02
3.098964516853627060e+00 1.852397442341169754e-03 2.372113720642768726e+02 1.135932503933156283e+02
3.105440922044128804e+00 1.880034527507769499e-03 2.113733333333333348e+02 9.478748406489927447e+01
3.111821301298671738e+00 1.810318297736169049e-03 1.881132075471698215e+02 6.734260404945285927e+01
3.118233335063332667e+00 1.868901341642052608e-03 1.682399512789281459e+02 4.745547268116298767e+01
3.124683867316949026e+00 1.865189586864977357e-03 1.537374847374847491e+02 3.448760278229659093e+01
3.131144652615997170e+00 1.844489775254080271e-03 1.436358024691357969e+02 2.517909179494667171e+01
3.137527951480249655e+00 1.850518740970626434e-03 1.354674046740467475e+02 1.656022048078235542e+01
3.143946084488824955e+00 1.842734159383119935e-03 1.303271375464684070e+02 1.142607090988709295e+01
3.150358822729363073e+00 1.875642417003805899e-03 1.284987864077669997e+02 1.002838795697258867e+01
3.156784286039504561e+00 1.823981601210612454e-03 1.288912500000000136e+02 9.623177100105763770e+00
3.163270120323041557e+00 1.930117905744787839e-03 1.300766509433962312e+02 9.176730103936717953e+00
3.169756141428992979e+00 1.817110211355118556e-03 1.327701005025125767e+02 9.448066092062322952e+00
3.176136715832639901e+00 1.869400486556539428e-03 1.418969696969697054e+02 1.383584012601525437e+01
3.182603852824878121e+00 1.855271636042648588e-03 1.717349693251533722e+02 3.790887505299397020e+01
3.189050645908320547e+00 1.867823016262818358e-03 2.448193939393939331e+02 8.591823392103790979e+01
3.195475202712392715e+00 1.830177604982121797e-03 3.549540942928039726e+02 1.367635398261741102e+02
3.201930699474990760e+00 1.890160737295187680e-03 4.517431302270011884e+02 1.548450550024010113e+02
3.208380198036255848e+00 1.818817371399450607e-03 4.962378580323785968e+02 1.404448181942865403e+02
3.214769441202507405e+00 1.856295446885927562e-03 4.993325242718446475e+02 1.434896152532525377e+02
3.221219946103295317e+00 1.854520719188760538e-03 4.772713936430317858e+02 1.364385413914378375e+02
3.227683765295594753e+00 1.874065427032763596e-03 4.484657039711191260e+02 1.274006124430451337e+02
3.234131017772435612e+00 1.840716304877563787e-03 4.231960542540073789e+02 1.244377194482820386e+02
3.240599979113187423e+00 1.901252405176113557e-03 3.657437722419928718e+02 1.296441264532086564e+02
3.247028333220890239e+00 1.799593188369970169e-03 3.215132075471698272e+02 1.331739304598450531e+02
3.253443203786942295e+00 1.907653420062672836e-03 2.697665094339622556e+02 1.265526380871331753e+02
3.259883502116921683e+00 1.795580006981134817e-03 2.448790931989924502e+02 1.216047571738259307e+02
3.266300345605878341e+00 1.923600185575663262e-03 2.187620164126611826e+02 1.138758782720261138e+02
3.272853483066015201e+00 1.856140221165968399e-03 1.985573170731707364e+02 1.001114797114588839e+02
3.279208055010873757e+00 1.838273880463746476e-03 1.804061349693251657e+02 8.634930470986702744e+01
3.285677511815711327e+00 1.882917816817657360e-03 1.615107398568019050e+02 7.119279442905101973e+01
3.292103848527159204e+00 1.835553428200827411e-03 1.501150550795593688e+02 6.204232475536112190e+01
3.298586108799094418e+00 1.888317585372828586e-03 1.369798099762470258e+02 4.821182029222946852e+01
3.305031100311709658e+00 1.850386223069815962e-03 1.282436053593179111e+02 3.765254838868946052e+01
3.311493553422723224e+00 1.868513817595845007e-03 1.186575178997613307e+02 2.672397949665035455e+01
3.317903636599865536e+00 1.824831080609758517e-03 1.122490797546012260e+02 1.800976851121896871e+01
3.324331097200103002e+00 1.867240715589447552e-03 1.068702380952380935e+02 1.231857512392969412e+01
3.330698991454875468e+00 1.802295415888940022e-03 1.041845386533665874e+02 9.684091951758745154e+00
3.337129369178693850e+00 1.924555404658041986e-03 1.022462253193960464e+02 9.023008816579627833e+00
3.343680207265053550e+00 1.861922247852822480e-03 1.008383594692400465e+02 8.459880379140692241e+00
3.350044083295126374e+00 1.835162792558274860e-03 1.016767922235722921e+02 7.359349739131855195e+00
3.356505604070456616e+00 1.871227406804753775e-03 1.066445497630331687e+02 7.438691716518703423e+00
3.362916001860436488e+00 1.833654571443432820e-03 1.176699147381242341e+02 1.232374972639588151e+01
3.369285096640512123e+00 1.875337531839301689e-03 1.337146341463414672e+02 2.010536086210834483e+01
3.375802434903234950e+00 1.848095989791553092e-03 1.465115020297699573e+02 2.290857169896395718e+01
3.382214916359785661e+00 1.843501739730700950e-03 1.530112359550561791e+02 2.541650025160364379e+01
3.388621595555129762e+00 1.837214591020290208e-03 1.488966521106259222e+02 2.101792951077462135e+01
3.395087870480640202e+00 1.897809126909797642e-03 1.415886627906976685e+02 2.111534560705703001e+01
3.401600099274715294e+00 1.862825267528726196e-03 1.359019607843137294e+02 2.312626921752001863e+01
3.408008587822927371e+00 1.829521772960810344e-03 1.296521739130434696e+02 2.514985333701464398e+01
3.414429009776510870e+00 1.863403552598411495e-03 1.246160990712074295e+02 2.775114447389580263e+01
3.420895508941175223e+00 1.876279003669552520e-03 1.186416275430359946e+02 2.594901629221207529e+01
3.427361199308996742e+00 1.871984655860910217e-03 1.133354430379746844e+02 2.336814007913106650e+01
3.433789816721534383e+00 1.835455874914732619e-03 1.082451298701298725e+02 2.024357483923933998e+01
3.440207803416203358e+00 1.864980166185075923e-03 1.037216828478964459e+02 1.771044757450064822e+01
3.446682336316245543e+00 1.886495457043324163e-03 1.005853658536585300e+02 1.608836643056480398e+01
3.453142116062292821e+00 1.850491205141300763e-03 9.772605042016806465e+01 1.452960306263827661e+01
3.459552608189105705e+00 1.840426776601197887e-03 9.563356164383561975e+01 1.338722656842036685e+01
3.466037827277117955e+00 1.895781883946169978e-03 9.479286926994906537e+01 1.304904701684701607e+01
3.472473653977210972e+00 1.828931698347952819e-03 9.311627906976744384e+01 1.205462805293866246e+01
3.478868831430015351e+00 1.849798838882201271e-03 9.151428571428571956e+01 1.025595645745158357e+01
3.485296939778874226e+00 1.846836384750711896e-03 8.919963369963369360e+01 8.144352361325022827e+00
3.491740378822062674e+00 1.892374048568714641e-03 8.772313296903460866e+01 6.889663774774464677e+00
3.498222076309955408e+00 1.850392789083453492e-03 8.640225563909774564e+01 6.364303579675545386e+00
3.504611891581455030e+00 1.828338000025509641e-03 8.512621359223301454e+01 5.956137787190143307e+00
3.511032309223517167e+00 1.894740202114146826e-03 8.436068702290076260e+01 5.574819142600027533e+00
3.517510811405253346e+00 1.847376399887671770e-03 8.402766798418971916e+01 5.383263537726136860e+00
3.523886222494890585e+00 1.819823680849573695e-03 8.400408997955010193e+01 5.535162910506755019e+00
3.530333766363422221e+00 1.913949961282706506e-03 8.472079207920792498e+01 5.450107179479754649e+00
3.536838628960300657e+00 1.837400593869444173e-03 8.507916666666666572e+01 5.638053526656563008e+00
3.543212277439104163e+00 1.824314092004992007e-03 8.544753747323341031e+01 5.550027915427891756e+00
3.549634251627681092e+00 1.895848120010211945e-03 8.564705882352940591e+01 5.303073657093178461e+00
3.556117060308725097e+00 1.842284182035823720e-03 8.457641921397379292e+01 5.895080057074033597e+00
3.562580790750173865e+00 1.873137250446494902e-03 8.328947368421052033e+01 6.667392331235269864e+00
3.569027121761189303e+00 1.864198494303047999e-03 8.207882882882883280e+01 6.176152885012941240e+00
3.575415228040989657e+00 1.829283293316363293e-03 8.078654292343387056e+01 6.184920756221617744e+00
3.581824267593239686e+00 1.860007523854312686e-03 8.048259860788863307e+01 6.846358641984797266e+00
3.588330065081806630e+00 1.895947895659538546e-03 7.959628770301624456e+01 6.089310238718282697e+00
3.594804804657118602e+00 1.838793340235311087e-03 7.882682926829268411e+01 6.033955081062963188e+00
3.601203120605045882e+00 1.866742151695356807e-03 7.838725490196078738e+01 6.212179880968537127e+00
3.607629953215138574e+00 1.849946976811765471e-03 7.711779448621554423e+01 5.627221132875524390e+00
3.614090854913730499e+00 1.868416365547433599e-03 7.694444444444444287e+01 4.984755098242041882e+00
3.620574720227974552e+00 1.873754476683962313e-03 7.616966580976863099e+01 5.193176193602732305e+00
3.627004027770476924e+00 1.835919208150294619e-03 7.518181818181818699e+01 5.148806564855063606e+00
3.633382280898821648e+00 1.849285921997263250e-03 7.492411924119241462e+01 5.060822329463050551e+00
3.639818201334091174e+00 1.872714577785467623e-03 7.433514986376022193e+01 4.982287896974769481e+00
3.646271849872324999e+00 1.848931603973280732e-03 7.409831460674156745e+01 5.034057409111719394e+00
3.652754025121335069e+00 1.886957975833729447e-03 7.373314606741573130e+01 5.184620196309202456e+00
3.659208746855755479e+00 1.834720162372708565e-03 7.252212389380531476e+01 4.968070972508039418e+00
3.665582835495777569e+00 1.840575612045432024e-03 7.215015015015015365e+01 5.108034842077314508e+00
3.672040343112283445e+00 1.886479483533069204e-03 7.311976047904191489e+01 5.276296940576965078e+00
3.678529717319615866e+00 1.858096912976999176e-03 7.754347826086956275e+01 1.146442441970735437e+01
3.684932562337432049e+00 1.835190244932949138e-03 8.677813504823150481e+01 2.201464504172407999e+01
3.691340469028411508e+00 1.865394116403416890e-03 9.986407766990291179e+01 2.922073981616316019e+01
3.697825917576230470e+00 1.878575472322643403e-03 1.138256578947368354e+02 4.169814718551636190e+01
3.704288468942850354e+00 1.854378416201764085e-03 1.234641638225255917e+02 3.925284876442380266e+01
3.710695071708606907e+00 1.843173339766954189e-03 1.245789473684210549e+02 4.693474576591208347e+01
3.717119980493126530e+00 1.858275420549158159e-03 1.176642857142857110e+02 4.212532777078319413e+01
3.723579054116692877e+00 1.875547371405369762e-03 1.147527272727272702e+02 4.150268066618512819e+01
3.730020297411832164e+00 1.843995263516665269e-03 1.102386363636363598e+02 4.662894327079442292e+01
3.736426917509388268e+00 1.851423495632689448e-03 9.797286821705426973e+01 3.849850409586239408e+01
3.742862848593606184e+00 1.866246695943705233e-03 9.137549407114624955e+01 3.523611511683610331e+01
3.749304155234212121e+00 1.850203366498975400e-03 8.243032786885245855e+01 2.856286178532141307e+01
3.755769545342233950e+00 1.881542671327423493e-03 7.632780082987551395e+01 2.564305180659033923e+01
3.762207580716425692e+00 1.832713059301602828e-03 7.198684210526316463e+01 1.932920562807413845e+01
3.768650259547695391e+00 1.882711660849632198e-03 6.695154185022026638e+01 1.096518690211204650e+01
3.775101190588130873e+00 1.841328330998877110e-03 6.439534883720929770e+01 5.656768202853218241e+00
3.781544745172108257e+00 1.876261972947606757e-03 6.332547169811320487e+01 4.423280992469394768e+00
3.787984350729691752e+00 1.841817734800533721e-03 6.373631840796019787e+01 4.333578941009317731e+00
3.794443778523244770e+00 1.888119406057294294e-03 6.400502512562813706e+01 4.637080176448761470e+00
3.800887998049732097e+00 1.829598834944004332e-03 6.389784946236559193e+01 4.141941904214589520e+00
3.807319286871066577e+00 1.879776389761753357e-03 6.322282608695652328e+01 4.233078176771796208e+00
3.813728772969168901e+00 1.816176537965013323e-03 6.418128654970760749e+01 4.355249171075814552e+00
3.820127884734960233e+00 1.870328496078344947e-03 6.504142011834319703e+01 4.319867053133140011e+00
3.826558902351690605e+00 1.840091099185570860e-03 6.720754716981132049e+01 4.333109687431003998e+00
3.832976717434447789e+00 1.862754303780558536e-03 7.400649350649351277e+01 7.635783836987189765e+00
3.839467489846226655e+00 1.881591717002498556e-03 9.088513513513512976e+01 1.607497896943528204e+01
3.845958738964208923e+00 1.872212223355807642e-03 1.221357142857142861e+02 3.139137246611116439e+01
3.852379013358490312e+00 1.829949564810406546e-03 1.435692307692307566e+02 4.520767856441460708e+01
3.858770514458473411e+00 1.860590576749386821e-03 1.548079999999999927e+02 4.492003561886387786e+01
3.865201312403456324e+00 1.846877382617491750e-03 1.496752136752136835e+02 4.306696567862113767e+01
3.871669834970288271e+00 1.885989225799452511e-03 1.277142857142857082e+02 3.075342191014966531e+01
3.878154213609482870e+00 1.855219997046820071e-03 1.051165048543689267e+02 3.366103426273340915e+01
3.884570297975108666e+00 1.842018581107749764e-03 8.197894736842104635e+01 2.982685770313750950e+01
3.891030549524630455e+00 1.892572859664069882e-03 6.627777777777777146e+01 1.829217602429256573e+01
3.897480132485925619e+00 1.830223622249431631e-03 5.737500000000000000e+01 5.054855339176384632e+00
3.903837790606199842e+00 1.833538786489578550e-03 5.646575342465753522e+01 3.389407627935226319e+00
3.910297958451704581e+00 1.898394991490752427e-03 5.557352941176470296e+01 2.808091989739184058e+00
3.916760076293909876e+00 1.823271174774054393e-03 5.346551724137930961e+01 2.632347031034373508e+00
3.923205856217289345e+00 1.907998375040481686e-03 5.283018867924528195e+01 3.545664072224715913e+00
3.929647757040283906e+00 1.804292177573046203e-03 5.295348837209302673e+01 3.150712230725570162e+00
3.936002968608691699e+00 1.864030959871269735e-03 5.310810810810810523e+01 3.589307226974706388e+00
3.942404476100300759e+00 1.828532384993888883e-03 5.110344827586207117e+01 2.489932165315268175e+00
3.948822507765122225e+00 1.871711324841116540e-03 5.013636363636363313e+01 2.008247457670411240e+00
3.955157590966607906e+00 1.825831164639231917e-03 5.335714285714285410e+01 2.934662654882020050e+00
3.961507824082775464e+00 1.968979546566614058e-03 5.942857142857143060e+01 4.090806018078957607e+00
