# q qerr I(q) I(q)err
8.294532032279089417e-03 3.215448162638725495e-03 0.000000000000000000e+00 2.977477816820784184e+01
1.547771440847061503e-02 1.298069176105710962e-03 0.000000000000000000e+00 0.000000000000000000e+00
2.114153426598287117e-02 1.953452460535632252e-03 0.000000000000000000e+00 0.000000000000000000e+00
2.708829541553820289e-02 1.932501425123600049e-03 8.333333333333332871e-02 2.825970826302194872e-01
3.424760286937652415e-02 2.393094809829984012e-03 0.000000000000000000e+00 0.000000000000000000e+00
4.134659872356089005e-02 1.444308516548141333e-03 0.000000000000000000e+00 0.000000000000000000e+00
4.709622292726145520e-02 1.633576272088444088e-03 0.000000000000000000e+00 0.000000000000000000e+00
5.289360403025952090e-02 1.994215660312892175e-03 0.000000000000000000e+00 0.000000000000000000e+00
5.941266175682404643e-02 2.038777625163953021e-03 2.000000000000000042e-02 1.414213562373095034e-01
6.623959740571712385e-02 2.014614798769268252e-03 1.851851851851851749e-02 1.360827634879542836e-01
7.251770781946841049e-02 1.767162065969994948e-03 2.083333333333333218e-02 1.443375672974064605e-01
7.836204892921720677e-02 1.794558473909566021e-03 3.400000000000000244e-01 9.545679651025380519e-01
8.476368586159346852e-02 2.173163639586968114e-03 1.484375000000000000e+00 4.923586012120637179e+00
9.171767809022127182e-02 2.151270969520740432e-03 6.617647058823528994e+00 1.925474596598284194e+01
9.840741527280037759e-02 1.879523288412654567e-03 1.680000000000000071e+01 4.246418098429153076e+01
1.046713563714864598e-01 1.717715818177843919e-03 3.670000000000000284e+01 7.239022033396500433e+01
1.108696467093386595e-01 1.978629817275711061e-03 5.690566037735849392e+01 9.754412972891306310e+01
1.174911181025048434e-01 2.151142134119994175e-03 7.668852459016393652e+01 1.201623062533668360e+02
1.240901985761322518e-01 1.682567093931450772e-03 1.038400000000000034e+02 1.425819455611403441e+02
1.302695169190241364e-01 1.981638030988197227e-03 1.141186440677966090e+02 1.512004107325374491e+02
1.366843399328758479e-01 1.885635125754002352e-03 1.383392857142857224e+02 1.710535052495658590e+02
1.431380625310322841e-01 2.037281709542672608e-03 1.570000000000000000e+02 1.799740572702704071e+02
1.497407916800755912e-01 2.013243134106564892e-03 1.722222222222222285e+02 1.945189063774305680e+02
1.560440161600273323e-01 1.800320108738214832e-03 1.868245614035087669e+02 2.043949166024009116e+02
1.626324968867556287e-01 2.166758397174068339e-03 2.097297297297297405e+02 2.119486272637248021e+02
1.693678508908615654e-01 1.711853084056604935e-03 2.156166666666666742e+02 2.220283690582504335e+02
1.755753172360756398e-01 1.940749690505284321e-03 2.401884057971014386e+02 2.260976683638544671e+02
1.819629297477835528e-01 1.792019476258344991e-03 2.457230769230769170e+02 2.340898163743512725e+02
1.883474920212158954e-01 1.982820530303366913e-03 2.495833333333333428e+02 2.405183950961539381e+02
1.949500334927739553e-01 1.985593967279970003e-03 2.715066666666666606e+02 2.411714259839069996e+02
2.014306324154557237e-01 1.750557958225071797e-03 2.726376811594203105e+02 2.449695804750419370e+02
2.076332073357673447e-01 1.865361520913360683e-03 2.922432432432432279e+02 2.466133275169545414e+02
2.140129245322099916e-01 1.882829286684015863e-03 2.902266666666666879e+02 2.529518366101428910e+02
2.204163405633874917e-01 1.951475208267544961e-03 3.137179487179487296e+02 2.552602872891309289e+02
2.268599176829277919e-01 1.954094669929957399e-03 3.131250000000000000e+02 2.626737966328198581e+02
2.335135695299082048e-01 1.986313139076756155e-03 3.158470588235294372e+02 2.652155362946174364e+02
2.400224779461884173e-01 1.823737618079871109e-03 3.323374999999999773e+02 2.645990888353547348e+02
2.464005577519743639e-01 1.894426896505377799e-03 3.435529411764705969e+02 2.647827203511207017e+02
2.528350385827773383e-01 1.829527638271931031e-03 3.501666666666666856e+02 2.697004474397593299e+02
2.590859102888302123e-01 1.817056121189442432e-03 3.518690476190475920e+02 2.708995031673674134e+02
2.654612130450557106e-01 1.918447197659697845e-03 3.551348314606741496e+02 2.714043692537837842e+02
2.718942366720529247e-01 1.942478483450333455e-03 3.743846153846153584e+02 2.617897386960756876e+02
2.784185743669774227e-01 1.921358219378808702e-03 3.768924731182795540e+02 2.535446731056705119e+02
2.849156375412667530e-01 1.882334819595186037e-03 4.099042553191489446e+02 2.287257496168717807e+02
2.911870294677750826e-01 1.766712284927822799e-03 4.225617977528090137e+02 2.053168686160877883e+02
2.976511517037133681e-01 2.019527329980297554e-03 4.560291262135922352e+02 1.780145881920909687e+02
3.043178155919494809e-01 1.919359421117726450e-03 4.692200000000000273e+02 1.544393855206631088e+02
3.108074081907638564e-01 1.815555258398614735e-03 4.860612244897959044e+02 1.402974861906070601e+02
3.170970610330232087e-01 1.826000353424227750e-03 4.938383838383838338e+02 1.310686940148567032e+02
3.235319739834495723e-01 1.908097576542081529e-03 4.982190476190476147e+02 1.247699666606466025e+02
3.300700059726238145e-01 1.867687188749142220e-03 5.107547169811320487e+02 1.175357182707440700e+02
3.365262003550894554e-01 1.808122422876843900e-03 5.108000000000000114e+02 1.171380788804798385e+02
3.429039324965278412e-01 1.810371451943152679e-03 5.197358490566037972e+02 1.115290950964984376e+02
3.492243179790229801e-01 1.835371710213073819e-03 5.232500000000000000e+02 1.072361317978365065e+02
3.555659880086458058e-01 1.813249007222180170e-03 5.260555555555555429e+02 1.021643430142781881e+02
3.620245372922214488e-01 1.918012235727336494e-03 5.325128205128205536e+02 9.656571844810929406e+01
3.685406119477664388e-01 1.798147481859587110e-03 5.332972972972972912e+02 9.446876057778825952e+01
3.750909242308860247e-01 1.967614233492519498e-03 5.434758064516129252e+02 8.955366039716464854e+01
3.816999037813160189e-01 1.752662604176019427e-03 5.427043478260869733e+02 8.396772942101614490e+01
3.880273799716012495e-01 1.749306826939258557e-03 5.454137931034482563e+02 7.983558275282986472e+01
3.942361145945514900e-01 1.745527907058957431e-03 5.470086206896551175e+02 7.633941902157577886e+01
4.006128291384035145e-01 1.852638254231622501e-03 5.503170731707317600e+02 7.232902189500917700e+01
4.070503578694664726e-01 1.848743254130127446e-03 5.527419354838709751e+02 7.026381645046917868e+01
4.135933781829447264e-01 1.871256654943844995e-03 5.536821705426356175e+02 6.653982028404109883e+01
4.202179442533061082e-01 1.832712641984981681e-03 5.578999999999999773e+02 6.274242828973316222e+01
4.266798115557093873e-01 1.759393680741872749e-03 5.599055118110236435e+02 5.912943040972981379e+01
4.330910535146235696e-01 1.771858374752960505e-03 5.621307692307692605e+02 5.725280696459732610e+01
4.395078467689783608e-01 1.772659720438770270e-03 5.622045454545454959e+02 5.506522866304559471e+01
4.457793319829173595e-01 1.654526338047628432e-03 5.586079999999999472e+02 5.281199863667345795e+01
4.521562795609589402e-01 1.887763445894669913e-03 5.600492957746479306e+02 5.047762746827967817e+01
4.587656575942579140e-01 1.769717907920350091e-03 5.537372262773723151e+02 4.834428516202029158e+01
4.652405449529313231e-01 1.746242423612376143e-03 5.499064748201438988e+02 4.563931873648078863e+01
4.716282944699034529e-01 1.704407088516023735e-03 5.438321167883211729e+02 4.323834561368153828e+01
4.780637153179891352e-01 1.798647074538550902e-03 5.397708333333333712e+02 4.132570564139540181e+01
4.844976548260259142e-01 1.723433333189145671e-03 5.359507042253520694e+02 3.949189662234009290e+01
4.908596034113225648e-01 1.665744062354685903e-03 5.309716312056737024e+02 3.707103188962917528e+01
4.972011979785150859e-01 1.734256865849588200e-03 5.311232876712329016e+02 3.548054687050443334e+01
5.036178995103413047e-01 1.747915368961153139e-03 5.261283783783783292e+02 3.291457916408131723e+01
5.101756467004687767e-01 1.800451491856020327e-03 5.235161290322580498e+02 3.159667457047642003e+01
5.166235656727934389e-01 1.648057805296297825e-03 5.198707482993197573e+02 3.000639557292443271e+01
5.229884928033705638e-01 1.714260039451578075e-03 5.190986842105263577e+02 2.986753853321764396e+01
5.293925748937229336e-01 1.756900675637705763e-03 5.175769230769230944e+02 3.012449104221129303e+01
5.357749724968067229e-01 1.647361260156582873e-03 5.137880794701986815e+02 2.972133341140274965e+01
5.422269581426349960e-01 1.797131621318817348e-03 5.106768292682926926e+02 2.797544096957184578e+01
5.488258977193463117e-01 1.752106618123457169e-03 5.076335403726707796e+02 2.705836943832023778e+01
5.552607346015674405e-01 1.711536068502800701e-03 5.044937499999999773e+02 2.593314571884791064e+01
5.616696921416424182e-01 1.713298320607429745e-03 5.019202453987730337e+02 2.565532311040500701e+01
5.680596363279470928e-01 1.671719726027721563e-03 4.988625000000000114e+02 2.519596166799354720e+01
5.744116486855085357e-01 1.773350792090137981e-03 4.976190476190475920e+02 2.453947719579787545e+01
5.808465417437830292e-01 1.706594120505047427e-03 4.954060606060605778e+02 2.473461566552454016e+01
5.872915480827241019e-01 1.773275249674210931e-03 4.945202312138728189e+02 2.486422080877551366e+01
5.936297343998458986e-01 1.608871723183330060e-03 4.919876543209876445e+02 2.447623727474059763e+01
6.000917821228005655e-01 1.852508397134843563e-03 4.908901098901098976e+02 2.227212966764461299e+01
6.066068710033430955e-01 1.719733697199352486e-03 4.878011695906432692e+02 2.124062103800065415e+01
6.129319261090041548e-01 1.700305612135823196e-03 4.860232558139534831e+02 2.031294841831449816e+01
6.193292159447265632e-01 1.792945791870086646e-03 4.847833333333333599e+02 2.010242292380218032e+01
6.257789288608107681e-01 1.769335618302108433e-03 4.834519774011299660e+02 2.082768878814912838e+01
6.322945183878984077e-01 1.883051681004075783e-03 4.822275132275132137e+02 2.035211784469263563e+01
6.387697914265673127e-01 1.734308686986089703e-03 4.804659090909090651e+02 2.072688490217316470e+01
6.450797878865883739e-01 1.812617312363664322e-03 4.784728260869565020e+02 1.957071027966695453e+01
6.514777522098027518e-01 1.807195130708317372e-03 4.762162162162161962e+02 1.882372964272828497e+01
6.579453254174412180e-01 1.840076954070700866e-03 4.743174603174603021e+02 1.922702983845490365e+01
6.642487788958216788e-01 1.761967380250493336e-03 4.714780219780219568e+02 2.031197477561230258e+01
6.707545140871414846e-01 1.952870522822350513e-03 4.696650000000000205e+02 2.037255752231417816e+01
6.772291234912055646e-01 1.844192786587162299e-03 4.662910052910052627e+02 2.147587371744017304e+01
6.834443396870620857e-01 1.745041746211572261e-03 4.622934782608695627e+02 2.282738220962761844e+01
6.899300657465672337e-01 1.988575045799213618e-03 4.607101449275362484e+02 2.386084039894369369e+01
6.965346490814943170e-01 1.967867873463197050e-03 4.579346733668341471e+02 2.633282200428250164e+01
7.030970487636396538e-01 2.020648629947002003e-03 4.558155339805825292e+02 2.652904671374403023e+01
7.095716427219228573e-01 1.946516927103622520e-03 4.528838383838383947e+02 2.686039592595483683e+01
7.160970279381224657e-01 2.044543341153194464e-03 4.515714285714285552e+02 2.694606606149543637e+01
7.226116891734091219e-01 2.004959656352403585e-03 4.496097560975609895e+02 2.692413825365564506e+01
7.291288619178314390e-01 2.011427705279334160e-03 4.469285714285714448e+02 2.858594869135942673e+01
7.356079106374427967e-01 1.973711099579897668e-03 4.455432692307692264e+02 2.778965927682261494e+01
7.419803430714648762e-01 1.939746738906150680e-03 4.438829268292682855e+02 2.994507762560600028e+01
7.484516812817442188e-01 2.022257641999446187e-03 4.431818181818181870e+02 2.935270694431226701e+01
7.549512183205485671e-01 1.898119824350936232e-03 4.398653846153846416e+02 3.189541926312326225e+01
7.613853957290165342e-01 1.973382858640895885e-03 4.384227272727272862e+02 3.015460986097761875e+01
7.678481984516135617e-01 1.903941598965435333e-03 4.351441860465116065e+02 3.175382594920043289e+01
7.743372045322526320e-01 1.915374251326664194e-03 4.339099099099099135e+02 3.126781352523926572e+01
7.807807857039134047e-01 1.872160005679921477e-03 4.321009174311926699e+02 3.306442701215234337e+01
7.871827117013717734e-01 1.874571936203420349e-03 4.293529411764706083e+02 3.407748845777955893e+01
7.935705088346153291e-01 1.846468364235832015e-03 4.275515695067264801e+02 3.462928000583865895e+01
7.999497029225959288e-01 1.794315080242126848e-03 4.252283105022830796e+02 3.589926372512865527e+01
8.063895263538338742e-01 1.919941342275102670e-03 4.237966101694915437e+02 3.615022996728697535e+01
8.129038415374738591e-01 1.785391972586650427e-03 4.203244444444444525e+02 3.729019173992003289e+01
8.193543447618309994e-01 1.828478467253065801e-03 4.170510638297872106e+02 3.735240106201111843e+01
8.257450256705209934e-01 1.731942097964038994e-03 4.137544642857142776e+02 3.839568718805352177e+01
8.321389716972604766e-01 1.845140229989535984e-03 4.117458333333333371e+02 3.777616321100443031e+01
8.386208936931099922e-01 1.751195931903918061e-03 4.082905982905982682e+02 3.862876844751195904e+01
8.449970631363269424e-01 1.723661030767332288e-03 4.062844827586206975e+02 3.958075053634296836e+01
8.513046230100612677e-01 1.773741526074865430e-03 4.043949579831932510e+02 3.992689058828128168e+01
8.578256185292513214e-01 1.822821089358022794e-03 4.025789473684210407e+02 3.948529114103945403e+01
8.643009097266359797e-01 1.747841479780405487e-03 4.028049792531120374e+02 4.058343380743280449e+01
8.706520843132705689e-01 1.718512007701664341e-03 4.019705882352941444e+02 4.236281689249113924e+01
8.770655084888429043e-01 1.823306464836067656e-03 4.043952569169960611e+02 4.548538702774882125e+01
8.835379301005906738e-01 1.720994191554163586e-03 4.087325102880658392e+02 5.229043400461500113e+01
8.899818591232092624e-01 1.816014583941305376e-03 4.171176470588235361e+02 6.149750794362046946e+01
8.963154830142930907e-01 1.686559403020368615e-03 4.201666666666666856e+02 7.123001181618140265e+01
9.027402481510985455e-01 1.849914512401526186e-03 4.201832061068702160e+02 7.394776858224868477e+01
9.092741475074460622e-01 1.818523953956779297e-03 4.184509803921568505e+02 7.711808079326434040e+01
9.156513574886713247e-01 1.799905876070713017e-03 4.165317460317460245e+02 7.798247864301724519e+01
9.219738414041327434e-01 1.816254378221876130e-03 4.146289062500000000e+02 7.762445589080640218e+01
9.284093843578240524e-01 1.864548344913183461e-03 4.127461538461538453e+02 7.676272112835492578e+01
9.348720171621091035e-01 1.939851900461452830e-03 4.074868913857677626e+02 7.182036973871254304e+01
9.413551784733346084e-01 1.927152036582965508e-03 3.988587786259541872e+02 6.799395554601213121e+01
9.478756351150825488e-01 2.022964964773094239e-03 3.905905797101449366e+02 5.671257707833231620e+01
9.544794314844599059e-01 1.995588314593873917e-03 3.888671586715867079e+02 4.741448253967321591e+01
9.609640598131067302e-01 1.976081289299603128e-03 4.025992647058823763e+02 4.364124799049427850e+01
9.673540511875814429e-01 1.900963898517757681e-03 4.494015151515151274e+02 6.957857017563632951e+01
9.738764300010358532e-01 2.020370959177093719e-03 5.835937500000000000e+02 1.848903115372658590e+02
9.803887395962943563e-01 1.868024915732807104e-03 8.612322097378277022e+02 3.527321337563280395e+02
9.867609507399704993e-01 1.907798179635916648e-03 1.295892473118279668e+03 4.774239741938040424e+02
9.931792738827067701e-01 1.861169570246367679e-03 1.828949090909090955e+03 5.105098778720728205e+02
9.997024529712079666e-01 1.929714342920701943e-03 2.325589041095890479e+03 5.138179421259937953e+02
1.006152710574202525e+00 1.760100644785859590e-03 2.667977941176470722e+03 5.762730850473209330e+02
1.012546487448541255e+00 1.858180627704414780e-03 2.855868512110726442e+03 6.139998784756153327e+02
1.018988798098918291e+00 1.803978976354649174e-03 2.909401408450704366e+03 6.617635253805564162e+02
1.025394048634321598e+00 1.775790568352827222e-03 2.831599999999999909e+03 7.148948198922491883e+02
1.031778999059903112e+00 1.783042104657854955e-03 2.584584775086505033e+03 7.876408574148207435e+02
1.038243195035333466e+00 1.800042721148124251e-03 2.165778156996586858e+03 8.547343246460839055e+02
1.044593270705168830e+00 1.728638088187854378e-03 1.593930069930069976e+03 7.700365456123246304e+02
1.051019473275584426e+00 1.807666001326826760e-03 1.023936454849498318e+03 5.355278636443250662e+02
1.057452118334604840e+00 1.764796907398143069e-03 6.295762711864406356e+02 2.783611579796308888e+02
1.063812741872586898e+00 1.735604614353873946e-03 4.427500000000000000e+02 1.369471888512012470e+02
1.070275566257694377e+00 1.860876787998901613e-03 3.669483870967741836e+02 7.104560376811696187e+01
1.076675486865225739e+00 1.737707282280460301e-03 3.361477663230240296e+02 5.138450144793694108e+01
1.083000003099001241e+00 1.811785629637566912e-03 3.231217105263157805e+02 4.385628512318496064e+01
1.089457558406981885e+00 1.875700427842611059e-03 3.140876623376623229e+02 4.136018227540362346e+01
1.095857128634095679e+00 1.865882195591197666e-03 3.093256578947368212e+02 4.025094333343383823e+01
1.102286980210992473e+00 1.937596539280167377e-03 3.028210862619808381e+02 4.288564189661581594e+01
1.108924588094037933e+00 2.035521144429528872e-03 3.005731707317073074e+02 3.985074352342027026e+01
1.115518250266801070e+00 1.963453062553008333e-03 2.974335443037974755e+02 4.004218653434812580e+01
1.121980766162010701e+00 1.920251373127695831e-03 2.960000000000000000e+02 3.848533511752600589e+01
1.128426312748922689e+00 1.950613960551148517e-03 2.930155279503105703e+02 3.705015644798942986e+01
1.134959239864979930e+00 1.915365560061970144e-03 2.909353846153846348e+02 3.676639680098949725e+01
1.141388067807542761e+00 1.819889318180962796e-03 2.879492063492063494e+02 3.755102925936776614e+01
1.147829738822878420e+00 1.877407927217479219e-03 2.856930091185410561e+02 3.674812349405917900e+01
1.154234759887723172e+00 1.796226287448233561e-03 2.830376175548589117e+02 3.733482268572594620e+01
1.160592008141087206e+00 1.784421184300352767e-03 2.820619195046439813e+02 3.724360537002198868e+01
1.167026991042843242e+00 1.836276795008287468e-03 2.810537313432835731e+02 3.667672760704918744e+01
1.173494023876834547e+00 1.758155136545365687e-03 2.793486238532109951e+02 3.627054328806754313e+01
1.179808164649816637e+00 1.732605827553653768e-03 2.711138461538461684e+02 3.929344832992904912e+01
1.186220583891021807e+00 1.881017850291822648e-03 2.721318327974276485e+02 3.904337297511118976e+01
1.192681073817049464e+00 1.793318889751105601e-03 2.703379310344827786e+02 3.911394586332105661e+01
1.199065629744253458e+00 1.797529783280079436e-03 2.692464788732394254e+02 3.926830751640987671e+01
1.205502001077074059e+00 1.899328588103967692e-03 2.686369863013698591e+02 3.896548163027022582e+01
1.211991242640565014e+00 1.826306843735066819e-03 2.662572463768116222e+02 3.942140376996088946e+01
1.218362901235649165e+00 1.888953249129523074e-03 2.639892086330935399e+02 3.933351934430872632e+01
1.224837827500277143e+00 1.938626244914326818e-03 2.598597122302158482e+02 4.307578182896983776e+01
1.231306496939841066e+00 1.935692192720165272e-03 2.598442028985507477e+02 4.378480582064904780e+01
1.237900180047003751e+00 1.954996484647400414e-03 2.608781362007168241e+02 4.177078324018233957e+01
1.244387829439413284e+00 1.881879514088832415e-03 2.600708955223880707e+02 4.144235899363658859e+01
1.250735832344970877e+00 1.818331757808236372e-03 2.576860465116279215e+02 4.230872396220308929e+01
1.257083335292831006e+00 1.905720956169173206e-03 2.575645756457564630e+02 4.190580654012073580e+01
1.263603115287416090e+00 1.841854869392088893e-03 2.550113636363636260e+02 4.255700175952636499e+01
1.270020777910819465e+00 1.832011672431217405e-03 2.554486692015209144e+02 4.285666736968502732e+01
1.276488051741652807e+00 1.832185980768075541e-03 2.543193916349810024e+02 4.367088677470769653e+01
1.282839323063532211e+00 1.758750693263018286e-03 2.529212598425196745e+02 4.429675102537771636e+01
1.289363492023574365e+00 1.805471412487298991e-03 2.516161616161616053e+02 4.198315593716089467e+01
1.295761563244195891e+00 1.749310907134910172e-03 2.571040268456375770e+02 4.455186552917434994e+01
1.302096506369333051e+00 1.727886103868702576e-03 2.594119601328903855e+02 4.675710647938379338e+01
1.308490604613926855e+00 1.841981469325142248e-03 2.602959501557632507e+02 4.642869388473295089e+01
1.314923371882378955e+00 1.783204890748409099e-03 2.604180064308681608e+02 4.718118859056080083e+01
1.321263162947042602e+00 1.883891353746835161e-03 2.605246913580247110e+02 4.763633220092705756e+01
1.327809252188654421e+00 1.990407611744629372e-03 2.599319526627218693e+02 5.240842582286258278e+01
1.334395055816720577e+00 2.005908808147741692e-03 2.608445747800586787e+02 5.132449830452807760e+01
1.340924575314278222e+00 1.937181998292608577e-03 2.623343283582089498e+02 4.976598639280118874e+01
1.347326738882997477e+00 1.911240937813023883e-03 2.627218934911242627e+02 4.934681574835344264e+01
1.353867248119903444e+00 1.925349651844857632e-03 2.628356940509914921e+02 4.944265301875094565e+01
1.360292180733798650e+00 1.777880213384871099e-03 2.631407185628742695e+02 5.006473435051012899e+01
1.366716033276369036e+00 1.860440026654835337e-03 2.655630252100840494e+02 5.022870369571898408e+01
1.373134056949086190e+00 1.747663592607761902e-03 2.666988304093567308e+02 5.095350128752504304e+01
1.379508641949547476e+00 1.787974598008121871e-03 2.709915492957746324e+02 4.998129132230964444e+01
1.385849874457594222e+00 1.730044418412237826e-03 2.814438040345821150e+02 4.913837129058492081e+01
1.392210228535155858e+00 1.777760908321846531e-03 3.049388888888888687e+02 4.954587084612838765e+01
1.398630460992727143e+00 1.793834584281517276e-03 3.399972222222222058e+02 5.566434612040588803e+01
1.405027543482165298e+00 1.820682476180417696e-03 3.789035812672176462e+02 6.585903070509716883e+01
1.411380623846245186e+00 1.844474811107960554e-03 4.097111111111111086e+02 7.946546536191168286e+01
1.418011585217980208e+00 2.061904995500850411e-03 4.254114713216957853e+02 1.030140841967779295e+02
1.424633236002852632e+00 1.911062399977238009e-03 4.453606557377049171e+02 1.023227743359694557e+02
1.431027237377290762e+00 1.930893372260762729e-03 4.578073878627968156e+02 1.027588917465851495e+02
1.437551415863808524e+00 1.925262037142165712e-03 4.621350649350649178e+02 1.058842434801903636e+02
1.443999660086549230e+00 1.834928749309971486e-03 4.630026525198938998e+02 1.085790547968785660e+02
1.450408168300875378e+00 1.822080046480867126e-03 4.600366492146596897e+02 1.081419408973580119e+02
1.456762351763572827e+00 1.768742008520618686e-03 4.534236842105262895e+02 1.098206218115215762e+02
1.463211358413713192e+00 1.810126088705470279e-03 4.382372448979591582e+02 1.118871649807157524e+02
1.469593255354290973e+00 1.758193336020684059e-03 4.088281250000000000e+02 1.151892180236207253e+02
1.475950724204827313e+00 1.769305199294179780e-03 3.659328165374677155e+02 1.070312590004478892e+02
1.482355977374464340e+00 1.855140322631434503e-03 3.252300000000000182e+02 8.982839292228266004e+01
1.488803525874331735e+00 1.854999873494519958e-03 2.977379134860050840e+02 7.267578921779154655e+01
1.495319592526707764e+00 2.003828109077177445e-03 2.803779904306219919e+02 7.025395926969471816e+01
1.501939691759246465e+00 1.957822028991581826e-03 2.776228710462287381e+02 6.107894791220083164e+01
1.508463382234335848e+00 1.918938912685786129e-03 2.767970660146699515e+02 5.855670257947426904e+01
1.514901188746566207e+00 1.852902137227367511e-03 2.772142857142857224e+02 5.813466554899940064e+01
1.521228969867623793e+00 1.785136608190808364e-03 2.769899244332493708e+02 5.888452922817327106e+01
1.527563647216529041e+00 1.824993124647320475e-03 2.789567307692307736e+02 5.827298526952804991e+01
1.534022576503679458e+00 1.781774817406586286e-03 2.783106796116504711e+02 5.818285003401668121e+01
1.540418711468126034e+00 1.792491139398408621e-03 2.789210526315789593e+02 5.816416537239781093e+01
1.546838712332167631e+00 1.778278829154705072e-03 2.785084337349397856e+02 5.858965386103434270e+01
1.553238623106807825e+00 1.840983848395847744e-03 2.791344339622641542e+02 5.846790910845383848e+01
1.559673935783696619e+00 1.867161364404805587e-03 2.798978622327791186e+02 5.925588670433483429e+01
1.566161367499480317e+00 1.987417225671155377e-03 2.762199546485260839e+02 6.844160800286294943e+01
1.572795191923813007e+00 1.975399758409353626e-03 2.824471910112359296e+02 6.056754899626717759e+01
1.579229625961506400e+00 1.828964939238766603e-03 2.825288461538461320e+02 6.022039215641070342e+01
1.585615098485775532e+00 1.901195136705323549e-03 2.851950672645739928e+02 5.835904839551959356e+01
1.592069020803266399e+00 1.783565421147388207e-03 2.861173708920187551e+02 5.932195614452451338e+01
1.598398624204083740e+00 1.798472010651884717e-03 2.894246575342465917e+02 5.884816074988419388e+01
1.604843375939136507e+00 1.797152056805669104e-03 2.909072398190045305e+02 5.882942025846082856e+01
1.611212339410225569e+00 1.768878106258207515e-03 2.920091743119265857e+02 5.941596433289578982e+01
1.617590363377642504e+00 1.818287623560442892e-03 2.942179775280898752e+02 5.968889521166769896e+01
1.623974015669422899e+00 1.854816384487833732e-03 2.992031602708803462e+02 6.118648028451202237e+01
1.630543485616582799e+00 2.014479720267581264e-03 3.045376569037657077e+02 7.298402644966004971e+01
1.637155364196844820e+00 1.921442116166700376e-03 3.337466960352422802e+02 7.003900135553942619e+01
1.643640215828007012e+00 1.916406123937146409e-03 3.721459227467811388e+02 8.037073730245789704e+01
1.650095370295723063e+00 1.808845151496338592e-03 4.125367483296213891e+02 9.623445040161021780e+01
1.656466136267144007e+00 1.835556712886826517e-03 4.420086021505376266e+02 1.083868814641998739e+02
1.662921359457136594e+00 1.784847929403802829e-03 4.627930283224400796e+02 1.177767554282822431e+02
1.669278115879615276e+00 1.787810489320909016e-03 4.748939393939393767e+02 1.238470699963776127e+02
1.675603147458916142e+00 1.759339208401217896e-03 4.835474613686534440e+02 1.287575349992268627e+02
1.681944817773278311e+00 1.879012939346250957e-03 4.896012658227847965e+02 1.312402155525637397e+02
1.688494896982127180e+00 1.961244959671172398e-03 4.856934156378600846e+02 1.495638997475900283e+02
1.695047655103924189e+00 1.958531043791479891e-03 4.971872427983539069e+02 1.369282286857038855e+02
1.701563412030947964e+00 1.893890162085724253e-03 5.113048016701461620e+02 1.329621479386637475e+02
1.707975620325744792e+00 1.846204685496802061e-03 5.411043841336116884e+02 1.305971341619329849e+02
1.714377380249353600e+00 1.797036493929945892e-03 5.774518828451882655e+02 1.343771455618397681e+02
1.720768292737840266e+00 1.799184406037973973e-03 5.994185567010309796e+02 1.398665007942414888e+02
1.727152534628709324e+00 1.771490888047008889e-03 5.916492693110646997e+02 1.402549924052629251e+02
1.733526494930327289e+00 1.835615179227028260e-03 5.616171079429735755e+02 1.291084865143374714e+02
1.739975521513371870e+00 1.888347845677861795e-03 5.279817073170731874e+02 1.265884505279185817e+02
1.746497876640803248e+00 1.988580869552720402e-03 5.127926356589147190e+02 1.180424605370204745e+02
1.753090192095328348e+00 1.909790863647236811e-03 5.146513944223107728e+02 1.024151640506743917e+02
1.759542915568929722e+00 1.863330342728648260e-03 5.149741035856574172e+02 1.016571814714608024e+02
1.765978610475646082e+00 1.805054295706254351e-03 5.120280000000000200e+02 1.015011097082194311e+02
1.772332663329672986e+00 1.770928694831684115e-03 5.082762096774193310e+02 1.009469622348453299e+02
1.778664509689639184e+00 1.781133477909586536e-03 5.046806387225548747e+02 1.006363741698623926e+02
1.785069366740120511e+00 1.834600355293997381e-03 4.968515625000000000e+02 1.012764005927175504e+02
1.791506168727699633e+00 1.878728357369653049e-03 4.725647058823529392e+02 1.134234987014160367e+02
1.798039063906349488e+00 1.995486375923071192e-03 4.329259259259259238e+02 1.128380514602180540e+02
1.804647924016717919e+00 1.913848319004299433e-03 3.801149425287356394e+02 9.722944796959821190e+01
1.811089958053599736e+00 1.862622323854617795e-03 3.303716475095785654e+02 8.406155690158090010e+01
1.817521720439822408e+00 1.798364348704032875e-03 3.023455598455598192e+02 7.208429603083854431e+01
1.823812670535420288e+00 1.750448090683544159e-03 2.899960784313725526e+02 6.681011999536224266e+01
1.830221642949216854e+00 1.837728497302317443e-03 2.849962756052141799e+02 6.400176017171612841e+01
1.836582905300079060e+00 1.780128382536366044e-03 2.819901960784313815e+02 6.439536186526001416e+01
1.843061797820461534e+00 1.986079127245108083e-03 2.765346358792184560e+02 7.135457467633172257e+01
1.849632829275571488e+00 1.888944039210000737e-03 2.787575187969924855e+02 6.429537801656120166e+01
1.856090187264436642e+00 1.913060858845453587e-03 2.780618181818181824e+02 6.302977593602451378e+01
1.862531947297203283e+00 1.788974026913770074e-03 2.783584905660377444e+02 6.294283488053385156e+01
1.868931787959941415e+00 1.835149539700427039e-03 2.781074681238615653e+02 6.234998414188483196e+01
1.875342409945594868e+00 1.782793697721218873e-03 2.769944134078212414e+02 6.288424495680156667e+01
1.881685992375486283e+00 1.813583446463527945e-03 2.774206642066420727e+02 6.232822163829501250e+01
1.888176611507502489e+00 1.945205006648250507e-03 2.723315696649029860e+02 7.006645870710360668e+01
1.894684395670122701e+00 1.921537496908314263e-03 2.755277280858676363e+02 6.483818923627983111e+01
1.901176782548104516e+00 1.886986723452953362e-03 2.761120996441281363e+02 6.279875287513846160e+01
1.907561981128558237e+00 1.795440373499332084e-03 2.757518248175182407e+02 6.256016082642162246e+01
1.913985041606118376e+00 1.828239138046576940e-03 2.766000000000000227e+02 6.238549370295474006e+01
1.920403381422240097e+00 1.786024996940504313e-03 2.766322463768116222e+02 6.336409881461688087e+01
1.926716413297410169e+00 1.834639747803229817e-03 2.779822064056939439e+02 6.333734181988262435e+01
1.933271554332125497e+00 1.965820526812752777e-03 2.758131313131312936e+02 7.247904690493373892e+01
1.939792573083097382e+00 1.907526115978609412e-03 2.824746945898778563e+02 6.311187548169524320e+01
1.946288570836251841e+00 1.883695634446648113e-03 2.906337308347529529e+02 5.857686000351205990e+01
1.952655684029843908e+00 1.737190040939992066e-03 3.073526220614828048e+02 5.094910397521398693e+01
1.958969978021109171e+00 1.827434973414125523e-03 3.485170648464163605e+02 5.581201453612705876e+01
1.965496063115082181e+00 1.854230162972571750e-03 4.113361486486486456e+02 9.810733781969030076e+01
1.971963975922738088e+00 1.884120710564727479e-03 4.842996575342465917e+02 1.470439482086078726e+02
1.978442510441045021e+00 1.957066319931451050e-03 5.995996705107083926e+02 1.639137642422993224e+02
1.984931097981023740e+00 1.843590323278294961e-03 7.546752136752136266e+02 1.574335891234585176e+02
1.991287308585444338e+00 1.815152065882439042e-03 9.076660988074957004e+02 1.554357408787629424e+02
1.997701973476069481e+00 1.833321787203764366e-03 1.022674418604651123e+03 1.611888600537387504e+02
2.004164133665459424e+00 1.816322146449814287e-03 1.095906510851418943e+03 1.742213810104819913e+02
2.010465304371688244e+00 1.793999045974344238e-03 1.139568457538994835e+03 1.889679216557092047e+02
2.016906033528098163e+00 1.989616449670199121e-03 1.157147104851330141e+03 2.527827143142929742e+02
2.023555996358446407e+00 1.897180052363281293e-03 1.199182847896440080e+03 2.074514312130801841e+02
2.029968694217374470e+00 1.807083598350285245e-03 1.206864548494983183e+03 2.122216882685008557e+02
2.036339422929389187e+00 1.823287213829230622e-03 1.218580226904376104e+03 2.128262501136345577e+02
2.042808231593590484e+00 1.819045180469573350e-03 1.217438311688311614e+03 2.182247035895489375e+02
2.049121403930300289e+00 1.816823929832920258e-03 1.199075250836120404e+03 2.440605039333608772e+02
2.055546024436551544e+00 1.958593688934813937e-03 1.163279320987654273e+03 2.671855938231685741e+02
2.062179187475123410e+00 1.909374836257744399e-03 1.120871875000000045e+03 2.608120382982523893e+02
2.068587893715514436e+00 1.782255124468116103e-03 1.037754500818330598e+03 3.081364793418400723e+02
2.074943470461427353e+00 1.803325004765888358e-03 9.453771790808241349e+02 3.288738591428459586e+02
2.081348551495329602e+00 1.811685209211536278e-03 8.028559999999999945e+02 3.102757171188231951e+02
2.087807581420585645e+00 1.934124239786214495e-03 6.116217457886676812e+02 2.579130674705347701e+02
2.094354049547901386e+00 1.919763106963207067e-03 4.420383435582822358e+02 1.685654652449404978e+02
2.100814970511138302e+00 1.841726384006937703e-03 3.358490566037735903e+02 1.069683530353057108e+02
2.107147425483176129e+00 1.793021693532189254e-03 2.899794952681388054e+02 7.945306644827694242e+01
2.113573117004156288e+00 1.831442330790634650e-03 2.729083969465648920e+02 6.879796078344115529e+01
2.119956773712852627e+00 1.806996690666118864e-03 2.656392405063290880e+02 6.630495554532112124e+01
2.126392549358501416e+00 1.961143276791299343e-03 2.591941176470588175e+02 7.236953342748668661e+01
2.133022499541108896e+00 1.914261261225060897e-03 2.614674556213017809e+02 6.306678801642754451e+01
2.139480964562213483e+00 1.786119367506160778e-03 2.611162790697674154e+02 6.181604863429792829e+01
2.145796782645738254e+00 1.799418587043424183e-03 2.651788990825688188e+02 5.986801548271468221e+01
2.152165366120878165e+00 1.825425695775702338e-03 2.726378787878787762e+02 5.752610857727190563e+01
2.158655754564665852e+00 1.929951649106770133e-03 2.775668604651162923e+02 6.714045598852815999e+01
2.165204964825616862e+00 1.913631523374921799e-03 2.890657894736842195e+02 5.968228631756943514e+01
2.171687233764930003e+00 1.836559742283269984e-03 2.943229629629629471e+02 5.980194369487080763e+01
2.178057454997971210e+00 1.770075738143539208e-03 2.990574018126887950e+02 5.997382203516744426e+01
2.184381886656512783e+00 1.819268068842387707e-03 3.061768202080237984e+02 5.851262084576199385e+01
2.190889596552291430e+00 1.941484629964972597e-03 3.156389280677009879e+02 6.524437305324173053e+01
2.197415493733709368e+00 1.880394352234131695e-03 3.512888243831640125e+02 5.009148108384206921e+01
2.203858495652105454e+00 1.844129167940211774e-03 4.065224312590448790e+02 6.105081896269327757e+01
2.210218428929338064e+00 1.776952575370011446e-03 4.879142011834319419e+02 7.880710982505972595e+01
2.216548686487991304e+00 1.820372229284925253e-03 5.985674891146588834e+02 9.118392137349026427e+01
2.223054582631938558e+00 1.937499342758612587e-03 7.124530386740331096e+02 1.378228497860217487e+02
2.229555406010463425e+00 1.871681269043944497e-03 8.316738197424892860e+02 1.296101301737786855e+02
2.236023148886606471e+00 1.876509468722661325e-03 9.016369958275382714e+02 1.496219802902040215e+02
2.242466908337517939e+00 1.781536512235300631e-03 9.448172661870503362e+02 1.662031114603343838e+02
2.248784053696174290e+00 1.815619011182786555e-03 9.736025824964132198e+02 1.776774216560249045e+02
2.255261034229438355e+00 1.958337742873136802e-03 9.767355704697986312e+02 2.248980847273513746e+02
2.261752977112598817e+00 1.833135357339661826e-03 9.951796322489391287e+02 1.945979984456718910e+02
2.268193030407839927e+00 1.856919733580766289e-03 9.942905866302864979e+02 1.966571014394548911e+02
2.274620661936892052e+00 1.792548502283534354e-03 9.934710860366714087e+02 2.008788101638616865e+02
2.281045196159239286e+00 1.907452264699439036e-03 9.785270270270269748e+02 2.272768135594533305e+02
2.287566856146262317e+00 1.925687837049752790e-03 9.789077540106951574e+02 2.119759204074712500e+02
2.294017676381079784e+00 1.818149611703329506e-03 9.714778393351800787e+02 2.043606258705167988e+02
2.300373896127871021e+00 1.814054264739159471e-03 9.555554035567715800e+02 2.111024156810484556e+02
2.306733295622487301e+00 1.809288305020508025e-03 9.212129120879120592e+02 2.258848510854932954e+02
2.313210233147671158e+00 1.927057466226796351e-03 8.496822916666666288e+02 2.700522956720275829e+02
2.319750633036068876e+00 1.886628064392380537e-03 7.674622516556291885e+02 2.598048354026049083e+02
2.326167810919689938e+00 1.805281422939875990e-03 6.370257104194857902e+02 2.447697698650720781e+02
2.332524891627314911e+00 1.808157875111407291e-03 4.874247311827957105e+02 1.963533585423400893e+02
2.339018828040365428e+00 1.927078730268403945e-03 3.545987179487179333e+02 1.434521898262395325e+02
2.345529090540556361e+00 1.892646505679497623e-03 2.809973821989528915e+02 9.500852119503979054e+01
2.351902562585342693e+00 1.808634088653226840e-03 2.474371657754010698e+02 7.385568638708538458e+01
2.358283426411155403e+00 1.828495513811564770e-03 2.342685788787483716e+02 6.546194233922332728e+01
2.364665150299146479e+00 1.824483169818866225e-03 2.281695364238410662e+02 6.229494541031719024e+01
2.371140522023317931e+00 1.956229962378429419e-03 2.225446650124069379e+02 6.566404869653977983e+01
2.377698484074287411e+00 1.857249505322706908e-03 2.214884615384615358e+02 5.956509458648284294e+01
2.384135550776628865e+00 1.806484998011118103e-03 2.165509677419354944e+02 5.677289548369448369e+01
2.390495270780528703e+00 1.815820546892564329e-03 2.144707520891364823e+02 5.733940096711296519e+01
2.396907059408651008e+00 1.904650256318906557e-03 2.083269493844049123e+02 6.194231006116435623e+01
2.403395490390968892e+00 1.861409897307351969e-03 2.115239436619718276e+02 5.593253754478843121e+01
2.409868588547004364e+00 1.847911660654164229e-03 2.134090909090909065e+02 5.338312412768880932e+01
2.416315494183244539e+00 1.848423108511250412e-03 2.210710144927536192e+02 5.172842393181981180e+01
2.422721222723576151e+00 1.879130934971403807e-03 2.280697674418604777e+02 5.906360782067027770e+01
2.429135064156228374e+00 1.862177758942303550e-03 2.491407624633431226e+02 5.468708141109657817e+01
2.435558328952115659e+00 1.829358714226044739e-03 2.652189349112426271e+02 5.877583552002465694e+01
2.441961929587736613e+00 1.826990787003958654e-03 2.769086826347305532e+02 6.308375691659150419e+01
2.448435267415004279e+00 1.916283866918213176e-03 2.762950581395348877e+02 7.414725878842007489e+01
2.454898310690642571e+00 1.851262751470384186e-03 2.861484848484848271e+02 6.728140358327777903e+01
2.461278332832209870e+00 1.841207405127180587e-03 2.889335347432024150e+02 6.710759283950028475e+01
2.467732767309350983e+00 1.860175811866779036e-03 2.898843843843843615e+02 6.960955008068511063e+01
2.474317234005322774e+00 1.907302378477835920e-03 2.859155937052933041e+02 7.284186269469687147e+01
2.480763678027650521e+00 1.850982492662076430e-03 2.934617524339359989e+02 6.644619017727220012e+01
2.487114426650852028e+00 1.791691956921820849e-03 2.972514044943820295e+02 6.675842380461362779e+01
2.493514277050582706e+00 1.905910091373927331e-03 2.945204755614266787e+02 7.457890108863445278e+01
2.500016016455529844e+00 1.897218154373805617e-03 2.988292046936114730e+02 6.713944172367560270e+01
2.506504299072060071e+00 1.823698874814003905e-03 2.968906455862977509e+02 6.631126758304867508e+01
2.512828968428921783e+00 1.779539787674511890e-03 2.959515477792731986e+02 6.640870444401457462e+01
2.519262120792594928e+00 1.938201810876334251e-03 2.899140722291407428e+02 7.450212484584250205e+01
2.525775074220281358e+00 1.871497825325404334e-03 2.883732484076433025e+02 6.695909970805561784e+01
2.532197693037325781e+00 1.807973308604888651e-03 2.786461538461538225e+02 6.751302803633612371e+01
2.538545427775757091e+00 1.816891897915347926e-03 2.643758043758043641e+02 6.884457941224350463e+01
2.545039371368973402e+00 1.965732421291352915e-03 2.426496437054631770e+02 7.373872388160395985e+01
2.551577586228050976e+00 1.818913119815899733e-03 2.226338383838383947e+02 6.359738066132864986e+01
2.557912035390546901e+00 1.811160408138717511e-03 2.050501253132832176e+02 5.649575854189441060e+01
2.564418003384666633e+00 1.924750488034227642e-03 1.926044864226682307e+02 5.419220143076541518e+01
2.570930014234638072e+00 1.852202887801034569e-03 1.898304878048780608e+02 4.837305826811645204e+01
2.577333690207623373e+00 1.816621428331073769e-03 1.889743276283618627e+02 4.744518694570339790e+01
2.583698900290759326e+00 1.840143410056186736e-03 1.893765281173594133e+02 4.838791658793789452e+01
2.590116643848396460e+00 1.922552353981257615e-03 1.898529754959159845e+02 5.098970687864932927e+01
2.596553429180498362e+00 1.801710981220896188e-03 1.917888349514563231e+02 4.823500126701323154e+01
2.602955615407046341e+00 1.842317350104424401e-03 1.928411764705882376e+02 4.779070054752838104e+01
2.609495359574187212e+00 1.911716238635802895e-03 1.905336374002280593e+02 5.223498339895225939e+01
2.615974071523933020e+00 1.844748521006626301e-03 1.926399999999999864e+02 4.907267695499617588e+01
2.622378270172453618e+00 1.832507040312451657e-03 1.929906432748537952e+02 4.859683665720540091e+01
2.628819659223405658e+00 1.883705983027747803e-03 1.903597701149425347e+02 5.163613578903003543e+01
2.635224897504864661e+00 1.872415782458078902e-03 1.917045977011494244e+02 4.876772045993642735e+01
2.641639659702591736e+00 1.816527212418568051e-03 1.926758938869665485e+02 4.845150731031424129e+01
2.648064596936881454e+00 1.851525790120274028e-03 1.916989737742303248e+02 5.037553645178592632e+01
2.654540339871488630e+00 1.920962172705038655e-03 1.912948294829483018e+02 4.975117713726492497e+01
2.661017435989672553e+00 1.820997431850269717e-03 1.909851428571428471e+02 4.763501463659446955e+01
2.667377750780578261e+00 1.839233884157700843e-03 1.910408626560726475e+02 4.724615629534844174e+01
2.673833255939705111e+00 1.922629864361171097e-03 1.900476706392199446e+02 5.094519339843152039e+01
2.680310332336410362e+00 1.829470795604572599e-03 1.909126539753639520e+02 4.682889322186971270e+01
2.686679530094181256e+00 1.809753184080302099e-03 1.900336322869955268e+02 4.662262659011258847e+01
2.693172569770623248e+00 1.920456143785719515e-03 1.869450317124735648e+02 4.963375469749173874e+01
2.699710169678059213e+00 1.845827250732203417e-03 1.860229007633587912e+02 4.531160190457762837e+01
2.706108723802718607e+00 1.808001129835774996e-03 1.833898117386489446e+02 4.378890993770424700e+01
2.712552861480932442e+00 1.909490143508341294e-03 1.790115911485774518e+02 4.533992771723531234e+01
2.719028861112676942e+00 1.848278151304674159e-03 1.787902702702702697e+02 4.012044168201142469e+01
2.725349625855669977e+00 1.780111837505188701e-03 1.789877913429522778e+02 3.768756795781663982e+01
2.731792001493120292e+00 1.927874637693306574e-03 1.777684426229508290e+02 3.925104985120176337e+01
2.738310186615081410e+00 1.835670255000661395e-03 1.796837060702875419e+02 3.519301327833552762e+01
2.744685257899765141e+00 1.793617037467074102e-03 1.793976293103448256e+02 3.456050529590050502e+01
2.751066800196758422e+00 1.878288467704576767e-03 1.793700209643605774e+02 3.353254548226971821e+01
2.757601512830000434e+00 1.862141664063760894e-03 1.837370165745856241e+02 2.646488650338075033e+01
2.764058068263966828e+00 1.836587841443396716e-03 1.852881548974943087e+02 2.426400412785236327e+01
2.770529172478649382e+00 1.887167826034379927e-03 1.865641891891891930e+02 2.282909735989025890e+01
2.776955143396238501e+00 1.821333560803167642e-03 1.901863207547169736e+02 2.193560331911292849e+01
2.783316304171964184e+00 1.843620978786204888e-03 1.971025943396226410e+02 2.030989792874239086e+01
2.789755116199374552e+00 1.895104686621155434e-03 2.125144508670520338e+02 1.999423569576584114e+01
2.796202065730379438e+00 1.823396814250311405e-03 2.438047904191616908e+02 2.679214706710829574e+01
2.802598215598055997e+00 1.839199823105454800e-03 2.883556886227544851e+02 3.841662121828959897e+01
2.809058618291326859e+00 1.891542357478581855e-03 3.371438596491228168e+02 4.613517450340275161e+01
2.815539484174618412e+00 1.814857361145085640e-03 3.853252427184465887e+02 4.382013324837742374e+01
2.821989463872399906e+00 1.865090624993398201e-03 4.220776583034647729e+02 3.976003333422951158e+01
2.828483713597702565e+00 1.883630524017047489e-03 4.506202380952381077e+02 3.657436124154128976e+01
2.834900904292738222e+00 1.791954038426357698e-03 4.697612500000000182e+02 3.587574319787675847e+01
2.841279989216558999e+00 1.876324795384782303e-03 4.827669082125603950e+02 3.521714524310505823e+01
2.847767858763501359e+00 1.886990809494324501e-03 4.945615942028985614e+02 3.538501860127911414e+01
2.854224446368732959e+00 1.845718501710050556e-03 5.038312655086848508e+02 3.394125130526435186e+01
2.860652227376856871e+00 1.895283512592607677e-03 5.094611650485437053e+02 3.470178464197640267e+01
2.867113210476443186e+00 1.859648482407798373e-03 5.154405940594059530e+02 3.606554451789705240e+01
2.873572830144707879e+00 1.886954548921765396e-03 5.165380835380835833e+02 3.683739516340543219e+01
2.879995266294152589e+00 1.874768549312584749e-03 5.175749690210657263e+02 3.704528173485028475e+01
2.886377499349285003e+00 1.822646243021190660e-03 5.187860759493670457e+02 3.574957967198049857e+01
2.892826601299819611e+00 1.901257081905588812e-03 5.149489671931955854e+02 3.608341903857132849e+01
2.899287209408602628e+00 1.837036175435869181e-03 5.135547169811320600e+02 3.439796550456451740e+01
2.905651471559458798e+00 1.820821310380915442e-03 5.101918678526048438e+02 3.518761152531605063e+01
2.912064357739847953e+00 1.885695667761764669e-03 4.983255528255528475e+02 4.137105205901045224e+01
2.918524733004972394e+00 1.831846772134888184e-03 4.783438685208596439e+02 4.940030775828177667e+01
2.925008101889499557e+00 1.898964803942654149e-03 4.343300852618757517e+02 6.174068474051878042e+01
2.931494571104498625e+00 1.860470468068603543e-03 3.786378244746600785e+02 6.507333051352951259e+01
2.937893251398651540e+00 1.817351826735809622e-03 3.233400250941028844e+02 6.034170986008672344e+01
2.944305546311252186e+00 1.880927000690213848e-03 2.806462093862816118e+02 5.020107141608082202e+01
2.950769139483569781e+00 1.826098071515048831e-03 2.616928746928746818e+02 3.471096718168269035e+01
2.957217893682505760e+00 1.858471812583063982e-03 2.553280871670702084e+02 2.455663554380165081e+01
2.963641657319503686e+00 1.840162297927921053e-03 2.658355828220858825e+02 1.984763445536008675e+01
2.970043842149071800e+00 1.832295957600710810e-03 2.899207920792078994e+02 2.175922620649414796e+01
2.976510225225458495e+00 1.909562939757382871e-03 3.237482185273159416e+02 2.580072479018208043e+01
2.983008757323797777e+00 1.820848808918005624e-03 3.621040892193308309e+02 2.534185992443597613e+01
2.989442833175567138e+00 1.860876473636659213e-03 3.923103030303030323e+02 2.458136452871696775e+01
2.995851322080832713e+00 1.818248084975540883e-03 4.143801242236024791e+02 2.287812869991098452e+01
3.002288071879581022e+00 1.866109072499165002e-03 4.271242387332521275e+02 2.242324713425283633e+01
3.008748785923475388e+00 1.879638502675874765e-03 4.365127272727272612e+02 2.295684037732964811e+01
3.015199648864150372e+00 1.825469582085792030e-03 4.434763681592039575e+02 2.225519189699607736e+01
3.021614952218953931e+00 1.867358907394168870e-03 4.479587878787878594e+02 2.215697598816932867e+01
3.028035269137849372e+00 1.805619228951016193e-03 4.518022528160200295e+02 2.373246162781747870e+01
3.034481983401863037e+00 1.885823396422961745e-03 4.508941034897713394e+02 2.721540352782625050e+01
3.040948636384726900e+00 1.846244746713175374e-03 4.475987654320987872e+02 3.326630663968440871e+01
3.047399548284976056e+00 1.866575050031695892e-03 4.379742962056303668e+02 4.331205878704838597e+01
3.053818065407082116e+00 1.858882463793821993e-03 4.275466830466830288e+02 5.144137753560623594e+01
3.060168791671987076e+00 1.792825745411367891e-03 4.141424936386768536e+02 5.765363569553633738e+01
3.066596020837712544e+00 1.927764682785730512e-03 3.925509478672985892e+02 7.007678050610910248e+01
3.073140751332767540e+00 1.856356834428901387e-03 3.757280593325092468e+02 8.099643585920493649e+01
3.079593295930210139e+00 1.886716362797553155e-03 3.456375757575757461e+02 9.827872714563602585e+01
3.086017154762366044e+00 1.830431539716442747e-03 3.248587499999999864e+02 1.055153063392937725e+02
3.092486513109037993e+00 1.905108961471654438e-03 2.951654676258992822e+02 1.121815414341034511e+02
3.098964516853627060e+00 1.852397442341169754e-03 2.725648949320148517e+02 1.077157558770622501e+02
3.105440922044128804e+00 1.880034527507769499e-03 2.395272727272727309e+02 9.672244052637117306e+01
3.111821301298671738e+00 1.810318297736169049e-03 2.095270440251572381e+02 7.714015420446511939e+01
3.118233335063332667e+00 1.868901341642052608e-03 1.810000000000000000e+02 5.729498216885661321e+01
3.124683867316949026e+00 1.865189586864977357e-03 1.625616605616605739e+02 4.219870140474567677e+01
3.131144652615997170e+00 1.844489775254080271e-03 1.524012345679012412e+02 3.392793743025951159e+01
3.137527951480249655e+00 1.850518740970626434e-03 1.476199261992619824e+02 3.004595040019757590e+01
3.143946084488824955e+00 1.842734159383119935e-03 1.476109045848822916e+02 2.777742646906672874e+01
3.150358822729363073e+00 1.875642417003805899e-03 1.469356796116504995e+02 2.657610720457960696e+01
3.156784286039504561e+00 1.823981601210612454e-03 1.497350000000000136e+02 2.567108185780255170e+01
3.163270120323041557e+00 1.930117905744787839e-03 1.500648584905660243e+02 2.548985873170264327e+01
3.169756141428992979e+00 1.817110211355118556e-03 1.510251256281406995e+02 2.512902690580147080e+01
3.176136715832639901e+00 1.869400486556539428e-03 1.493381818181818232e+02 2.448484962496246453e+01
3.182603852824878121e+00 1.855271636042648588e-03 1.499472392638036808e+02 2.428452708747062871e+01
3.189050645908320547e+00 1.867823016262818358e-03 1.487357575757575887e+02 2.373252801431851822e+01
3.195475202712392715e+00 1.830177604982121797e-03 1.486749379652605398e+02 2.342951810147987501e+01
3.201930699474990760e+00 1.890160737295187680e-03 1.464456391875746704e+02 2.330985050343521436e+01
3.208380198036255848e+00 1.818817371399450607e-03 1.460161892901618899e+02 2.351795916207100134e+01
3.214769441202507405e+00 1.856295446885927562e-03 1.432803398058252355e+02 2.388406265358988989e+01
3.221219946103295317e+00 1.854520719188760538e-03 1.423691931540342352e+02 2.476710277818595785e+01
3.227683765295594753e+00 1.874065427032763596e-03 1.376919374247894154e+02 2.677069423262975434e+01
3.234131017772435612e+00 1.840716304877563787e-03 1.360147965474722582e+02 2.864622938107848071e+01
3.240599979113187423e+00 1.901252405176113557e-03 1.325088967971530280e+02 3.024304851689515772e+01
3.247028333220890239e+00 1.799593188369970169e-03 1.321559748427673071e+02 3.037648078735135471e+01
3.253443203786942295e+00 1.907653420062672836e-03 1.306143867924528195e+02 3.018370481569242969e+01
3.259883502116921683e+00 1.795580006981134817e-03 1.334496221662468542e+02 3.025570984080196624e+01
3.266300345605878341e+00 1.923600185575663262e-03 1.354103165298944873e+02 3.009164975782803708e+01
3.272853483066015201e+00 1.856140221165968399e-03 1.367487804878048792e+02 2.974765818946570661e+01
3.279208055010873757e+00 1.838273880463746476e-03 1.376331288343558299e+02 2.846366618730732156e+01
3.285677511815711327e+00 1.882917816817657360e-03 1.365023866348448678e+02 2.673252105799577194e+01
3.292103848527159204e+00 1.835553428200827411e-03 1.357343941248470003e+02 2.551115382144378785e+01
3.298586108799094418e+00 1.888317585372828586e-03 1.343277909738717426e+02 2.478002647242518464e+01
3.305031100311709658e+00 1.850386223069815962e-03 1.341583434835566493e+02 2.439198700544583076e+01
3.311493553422723224e+00 1.868513817595845007e-03 1.317231503579952232e+02 2.414958095253559733e+01
3.317903636599865536e+00 1.824831080609758517e-03 1.305852760736196387e+02 2.533995628985430315e+01
3.324331097200103002e+00 1.867240715589447552e-03 1.267107142857142890e+02 2.749777944034136112e+01
3.330698991454875468e+00 1.802295415888940022e-03 1.246658354114713205e+02 2.880442067688188246e+01
3.337129369178693850e+00 1.924555404658041986e-03 1.207015098722415729e+02 3.076698589522052885e+01
3.343680207265053550e+00 1.861922247852822480e-03 1.169288299155609110e+02 3.135553792391560535e+01
3.350044083295126374e+00 1.835162792558274860e-03 1.135589307411907640e+02 3.134975840599038577e+01
3.356505604070456616e+00 1.871227406804753775e-03 1.102843601895734622e+02 3.133502722479345337e+01
3.362916001860436488e+00 1.833654571443432820e-03 1.088635809987819698e+02 3.121614530907366358e+01
3.369285096640512123e+00 1.875337531839301689e-03 1.078585365853658544e+02 3.076229575269384497e+01
3.375802434903234950e+00 1.848095989791553092e-03 1.073450608930987755e+02 2.983927070991397557e+01
3.382214916359785661e+00 1.843501739730700950e-03 1.054817415730337018e+02 2.862610687674051846e+01
3.388621595555129762e+00 1.837214591020290208e-03 1.037190684133915539e+02 2.650600709899863716e+01
3.395087870480640202e+00 1.897809126909797642e-03 1.019636627906976685e+02 2.474333523232905563e+01
3.401600099274715294e+00 1.862825267528726196e-03 9.881598793363498601e+01 2.112822187148588426e+01
3.408008587822927371e+00 1.829521772960810344e-03 9.681987577639750953e+01 1.819323151844113795e+01
3.414429009776510870e+00 1.863403552598411495e-03 9.556501547987616618e+01 1.610455074645316387e+01
3.420895508941175223e+00 1.876279003669552520e-03 9.551017214397495536e+01 1.540751569817051880e+01
3.427361199308996742e+00 1.871984655860910217e-03 9.666297468354430578e+01 1.388947537662177112e+01
3.433789816721534383e+00 1.835455874914732619e-03 1.017564935064935128e+02 1.318482688298264272e+01
3.440207803416203358e+00 1.864980166185075923e-03 1.101504854368932058e+02 1.311161663720800519e+01
3.446682336316245543e+00 1.886495457043324163e-03 1.208926829268292664e+02 1.293484672371544697e+01
3.453142116062292821e+00 1.850491205141300763e-03 1.297983193277310932e+02 1.228537400809389624e+01
3.459552608189105705e+00 1.840426776601197887e-03 1.361695205479452113e+02 1.147468826883565285e+01
3.466037827277117955e+00 1.895781883946169978e-03 1.400339558573853935e+02 1.107493804485153355e+01
3.472473653977210972e+00 1.828931698347952819e-03 1.415259391771019750e+02 1.029258028787272039e+01
3.478868831430015351e+00 1.849798838882201271e-03 1.425124999999999886e+02 9.666439088043603078e+00
3.485296939778874226e+00 1.846836384750711896e-03 1.421739926739926716e+02 1.055116998604613521e+01
3.491740378822062674e+00 1.892374048568714641e-03 1.413970856102003779e+02 1.211697934237662544e+01
3.498222076309955408e+00 1.850392789083453492e-03 1.408703007518797108e+02 1.411359134399346260e+01
3.504611891581455030e+00 1.828338000025509641e-03 1.384621359223301056e+02 1.802460420832621324e+01
3.511032309223517167e+00 1.894740202114146826e-03 1.355763358778625900e+02 2.248814458236119762e+01
3.517510811405253346e+00 1.847376399887671770e-03 1.305098814229249058e+02 2.696678386028646912e+01
3.523886222494890585e+00 1.819823680849573695e-03 1.253108384458077751e+02 2.983478924123449261e+01
3.530333766363422221e+00 1.913949961282706506e-03 1.214059405940594019e+02 3.146480630607529250e+01
3.536838628960300657e+00 1.837400593869444173e-03 1.139687500000000000e+02 3.264865043152626356e+01
3.543212277439104163e+00 1.824314092004992007e-03 1.102633832976445376e+02 3.262809929284875921e+01
3.549634251627681092e+00 1.895848120010211945e-03 1.092478991596638593e+02 3.253233671824713724e+01
3.556117060308725097e+00 1.842284182035823720e-03 1.039126637554585102e+02 2.972568982947868221e+01
3.562580790750173865e+00 1.873137250446494902e-03 1.015482456140350820e+02 2.614636966356064463e+01
3.569027121761189303e+00 1.864198494303047999e-03 9.812387387387387605e+01 2.057201757804897113e+01
3.575415228040989657e+00 1.829283293316363293e-03 9.686542923433874819e+01 1.477134778450584918e+01
3.581824267593239686e+00 1.860007523854312686e-03 9.857540603248260425e+01 1.099777183823971960e+01
3.588330065081806630e+00 1.895947895659538546e-03 1.014895591647331798e+02 8.084988320203875034e+00
3.594804804657118602e+00 1.838793340235311087e-03 1.059463414634146403e+02 6.964503353444733591e+00
3.601203120605045882e+00 1.866742151695356807e-03 1.100612745098039227e+02 6.477625406828337873e+00
3.607629953215138574e+00 1.849946976811765471e-03 1.122406015037593932e+02 6.405891488095180719e+00
3.614090854913730499e+00 1.868416365547433599e-03 1.143383838383838338e+02 6.426152954268510520e+00
3.620574720227974552e+00 1.873754476683962313e-03 1.151182519280205696e+02 6.615724561499084722e+00
3.627004027770476924e+00 1.835919208150294619e-03 1.153556149732620355e+02 7.897582860355112366e+00
3.633382280898821648e+00 1.849285921997263250e-03 1.148536585365853711e+02 8.543996009102306388e+00
3.639818201334091174e+00 1.872714577785467623e-03 1.124359673024523119e+02 9.883060287733806959e+00
3.646271849872324999e+00 1.848931603973280732e-03 1.096376404494382086e+02 1.211275366247146401e+01
3.652754025121335069e+00 1.886957975833729447e-03 1.068932584269662982e+02 1.402373961156017046e+01
3.659208746855755479e+00 1.834720162372708565e-03 1.020796460176991189e+02 1.561869853615354309e+01
3.665582835495777569e+00 1.840575612045432024e-03 9.713813813813813169e+01 1.693609112321627563e+01
3.672040343112283445e+00 1.886479483533069204e-03 9.138023952095808511e+01 1.713787780763940560e+01
3.678529717319615866e+00 1.858096912976999176e-03 8.529192546583850287e+01 1.601279097918585492e+01
3.684932562337432049e+00 1.835190244932949138e-03 7.978135048231511917e+01 1.477276032211521262e+01
3.691340469028411508e+00 1.865394116403416890e-03 7.576699029126213247e+01 1.211420710932329925e+01
3.697825917576230470e+00 1.878575472322643403e-03 7.235526315789473983e+01 9.060103919560798857e+00
3.704288468942850354e+00 1.854378416201764085e-03 7.054607508532423310e+01 7.310559491116375597e+00
3.710695071708606907e+00 1.843173339766954189e-03 7.051228070175439200e+01 5.461739102971873372e+00
3.717119980493126530e+00 1.858275420549158159e-03 7.186785714285714732e+01 4.857240020036575068e+00
3.723579054116692877e+00 1.875547371405369762e-03 7.453818181818181188e+01 5.368218689735585691e+00
3.730020297411832164e+00 1.843995263516665269e-03 7.718560606060606233e+01 4.724649621885919970e+00
3.736426917509388268e+00 1.851423495632689448e-03 7.910852713178294948e+01 4.151244217819060722e+00
3.742862848593606184e+00 1.866246695943705233e-03 8.069565217391304657e+01 4.312982914275787394e+00
3.749304155234212121e+00 1.850203366498975400e-03 8.107786885245901942e+01 4.420795845130916391e+00
3.755769545342233950e+00 1.881542671327423493e-03 8.157676348547717282e+01 4.711778583852782809e+00
3.762207580716425692e+00 1.832713059301602828e-03 8.166666666666667140e+01 4.870396311792104527e+00
3.768650259547695391e+00 1.882711660849632198e-03 8.124229074889868230e+01 5.123546876644955006e+00
3.775101190588130873e+00 1.841328330998877110e-03 8.093488372093023031e+01 5.697009928029343584e+00
3.781544745172108257e+00 1.876261972947606757e-03 7.916509433962264097e+01 6.396633398306066809e+00
3.787984350729691752e+00 1.841817734800533721e-03 7.612935323383084096e+01 7.207226255245472224e+00
3.794443778523244770e+00 1.888119406057294294e-03 7.273366834170853679e+01 8.308625442029567765e+00
3.800887998049732097e+00 1.829598834944004332e-03 6.952150537634408067e+01 8.222685471602193985e+00
3.807319286871066577e+00 1.879776389761753357e-03 6.605978260869565588e+01 7.065840273546137418e+00
3.813728772969168901e+00 1.816176537965013323e-03 6.415789473684210975e+01 5.351337340007822796e+00
3.820127884734960233e+00 1.870328496078344947e-03 6.391715976331360594e+01 4.335594658646160227e+00
3.826558902351690605e+00 1.840091099185570860e-03 6.379874213836477992e+01 3.434342366136012181e+00
3.832976717434447789e+00 1.862754303780558536e-03 6.432467532467532578e+01 3.713865656022029782e+00
3.839467489846226655e+00 1.881591717002498556e-03 6.591891891891891930e+01 4.569985766393608095e+00
3.845958738964208923e+00 1.872212223355807642e-03 6.620000000000000284e+01 3.481173857849020781e+00
3.852379013358490312e+00 1.829949564810406546e-03 6.615384615384616041e+01 3.398050258917632682e+00
3.858770514458473411e+00 1.860590576749386821e-03 6.614400000000000546e+01 3.947203567083918951e+00
3.865201312403456324e+00 1.846877382617491750e-03 6.464102564102563520e+01 3.148142991577683070e+00
3.871669834970288271e+00 1.885989225799452511e-03 6.411607142857143060e+01 3.448093602238187394e+00
3.878154213609482870e+00 1.855219997046820071e-03 6.266019417475727948e+01 3.306021265020769206e+00
3.884570297975108666e+00 1.842018581107749764e-03 6.122105263157894939e+01 3.949122417327172840e+00
3.891030549524630455e+00 1.892572859664069882e-03 5.775555555555555287e+01 4.465146230998211507e+00
3.897480132485925619e+00 1.830223622249431631e-03 5.483749999999999858e+01 4.152898084470651341e+00
3.903837790606199842e+00 1.833538786489578550e-03 5.335616438356164082e+01 3.716117967093564456e+00
3.910297958451704581e+00 1.898394991490752427e-03 5.139705882352941302e+01 3.756712561982404441e+00
3.916760076293909876e+00 1.823271174774054393e-03 5.131034482758620641e+01 3.551891526018783996e+00
3.923205856217289345e+00 1.907998375040481686e-03 5.035849056603773732e+01 3.286757792854965832e+00
3.929647757040283906e+00 1.804292177573046203e-03 4.990697674418604635e+01 3.093635190384351752e+00
3.936002968608691699e+00 1.864030959871269735e-03 5.064864864864864558e+01 4.658851154874177780e+00
3.942404476100300759e+00 1.828532384993888883e-03 5.055172413793103203e+01 3.721902266366018619e+00
3.948822507765122225e+00 1.871711324841116540e-03 5.068181818181817988e+01 2.980653874682727356e+00
3.955157590966607906e+00 1.825831164639231917e-03 4.900000000000000000e+01 2.738612787525830594e+00
3.961507824082775464e+00 1.968979546566614058e-03 5.157142857142856940e+01 4.022893668665349587e+00
