# q qerr I(q) I(q)err
8.294532032279089417e-03 3.215448162638725495e-03 0.000000000000000000e+00 3.257905090427173889e+01
1.547771440847061503e-02 1.298069176105710962e-03 0.000000000000000000e+00 0.000000000000000000e+00
2.114153426598287117e-02 1.953452460535632252e-03 0.000000000000000000e+00 0.000000000000000000e+00
2.708829541553820289e-02 1.932501425123600049e-03 4.166666666666666435e-02 2.041241452319315364e-01
3.424760286937652415e-02 2.393094809829984012e-03 1.818181818181818232e-01 3.910147848655738390e-01
4.134659872356089005e-02 1.444308516548141333e-03 2.777777777777777901e-01 4.564354645876385064e-01
4.709622292726145520e-02 1.633576272088444088e-03 2.250000000000000056e-01 4.242640687119286769e-01
5.289360403025952090e-02 1.994215660312892175e-03 2.708333333333333148e-01 4.506939094329988627e-01
5.941266175682404643e-02 2.038777625163953021e-03 2.200000000000000011e-01 4.195235392680606301e-01
6.623959740571712385e-02 2.014614798769268252e-03 3.148148148148148251e-01 4.706764824866235819e-01
7.251770781946841049e-02 1.767162065969994948e-03 2.291666666666666574e-01 4.259385062554347789e-01
7.836204892921720677e-02 1.794558473909566021e-03 5.000000000000000000e-01 1.009950493836207608e+00
8.476368586159346852e-02 2.173163639586968114e-03 1.656250000000000000e+00 4.727072544794505227e+00
9.171767809022127182e-02 2.151270969520740432e-03 7.044117647058823373e+00 2.001393329537092924e+01
9.840741527280037759e-02 1.879523288412654567e-03 1.851666666666666572e+01 4.639746760330783104e+01
1.046713563714864598e-01 1.717715818177843919e-03 4.185999999999999943e+01 8.310353542419237272e+01
1.108696467093386595e-01 1.978629817275711061e-03 6.616981132075471805e+01 1.138389827376546748e+02
1.174911181025048434e-01 2.151142134119994175e-03 8.937704918032787305e+01 1.391748343158812133e+02
1.240901985761322518e-01 1.682567093931450772e-03 1.240600000000000023e+02 1.680914560588967106e+02
1.302695169190241364e-01 1.981638030988197227e-03 1.369661016949152668e+02 1.798162385111243964e+02
1.366843399328758479e-01 1.885635125754002352e-03 1.680000000000000000e+02 2.045823271238954533e+02
1.431380625310322841e-01 2.037281709542672608e-03 1.875645161290322562e+02 2.138564036786854672e+02
1.497407916800755912e-01 2.013243134106564892e-03 2.068095238095237960e+02 2.310622991580726762e+02
1.560440161600273323e-01 1.800320108738214832e-03 2.254210526315789593e+02 2.452275461684827178e+02
1.626324968867556287e-01 2.166758397174068339e-03 2.515405405405405475e+02 2.551854629988380339e+02
1.693678508908615654e-01 1.711853084056604935e-03 2.620000000000000000e+02 2.695877717305936585e+02
1.755753172360756398e-01 1.940749690505284321e-03 2.871884057971014386e+02 2.718114153133454920e+02
1.819629297477835528e-01 1.792019476258344991e-03 2.960153846153846189e+02 2.829814073805502517e+02
1.883474920212158954e-01 1.982820530303366913e-03 3.027916666666666856e+02 2.930375560559759833e+02
1.949500334927739553e-01 1.985593967279970003e-03 3.284133333333333553e+02 2.943537690149954642e+02
2.014306324154557237e-01 1.750557958225071797e-03 3.357101449275362484e+02 3.042691865276457861e+02
2.076332073357673447e-01 1.865361520913360683e-03 3.604459459459459367e+02 3.068549426148427983e+02
2.140129245322099916e-01 1.882829286684015863e-03 3.583600000000000136e+02 3.153247139061573421e+02
2.204163405633874917e-01 1.951475208267544961e-03 3.845512820512820440e+02 3.155518130918631527e+02
2.268599176829277919e-01 1.954094669929957399e-03 3.843625000000000114e+02 3.251102284226075199e+02
2.335135695299082048e-01 1.986313139076756155e-03 3.901882352941176464e+02 3.297861905657806005e+02
2.400224779461884173e-01 1.823737618079871109e-03 4.076499999999999773e+02 3.265898010119116748e+02
2.464005577519743639e-01 1.894426896505377799e-03 4.188235294117646959e+02 3.259867405544296730e+02
2.528350385827773383e-01 1.829527638271931031e-03 4.292976190476190368e+02 3.315735725500532567e+02
2.590859102888302123e-01 1.817056121189442432e-03 4.324761904761904816e+02 3.347489718425731553e+02
2.654612130450557106e-01 1.918447197659697845e-03 4.366853932584269842e+02 3.365356530923547211e+02
2.718942366720529247e-01 1.942478483450333455e-03 4.589560439560439704e+02 3.262204267295381896e+02
2.784185743669774227e-01 1.921358219378808702e-03 4.597849462365591648e+02 3.196923165262567750e+02
2.849156375412667530e-01 1.882334819595186037e-03 4.969255319148936110e+02 2.937550253849053092e+02
2.911870294677750826e-01 1.766712284927822799e-03 5.074382022471909863e+02 2.740800208811863286e+02
2.976511517037133681e-01 2.019527329980297554e-03 5.415728155339805880e+02 2.470881446570993489e+02
3.043178155919494809e-01 1.919359421117726450e-03 5.534900000000000091e+02 2.277849529709984893e+02
3.108074081907638564e-01 1.815555258398614735e-03 5.732448979591836178e+02 2.125576360576051229e+02
3.170970610330232087e-01 1.826000353424227750e-03 5.826464646464646648e+02 2.019812290690277621e+02
3.235319739834495723e-01 1.908097576542081529e-03 5.866571428571428442e+02 1.931608832106570048e+02
3.300700059726238145e-01 1.867687188749142220e-03 6.047452830188678945e+02 1.812659067300970150e+02
3.365262003550894554e-01 1.808122422876843900e-03 6.036095238095238074e+02 1.782696352639530630e+02
3.429039324965278412e-01 1.810371451943152679e-03 6.174245283018867667e+02 1.691129275699256311e+02
3.492243179790229801e-01 1.835371710213073819e-03 6.234722222222221717e+02 1.622309279120150336e+02
3.555659880086458058e-01 1.813249007222180170e-03 6.291574074074073906e+02 1.554838767835537965e+02
3.620245372922214488e-01 1.918012235727336494e-03 6.402735042735042725e+02 1.469408719204702720e+02
3.685406119477664388e-01 1.798147481859587110e-03 6.391531531531531982e+02 1.428623589317546134e+02
3.750909242308860247e-01 1.967614233492519498e-03 6.501774193548386620e+02 1.334724894390028851e+02
3.816999037813160189e-01 1.752662604176019427e-03 6.478434782608695741e+02 1.256848033457525702e+02
3.880273799716012495e-01 1.749306826939258557e-03 6.525172413793103487e+02 1.179802541470766357e+02
3.942361145945514900e-01 1.745527907058957431e-03 6.551379310344827900e+02 1.118674913116685019e+02
4.006128291384035145e-01 1.852638254231622501e-03 6.593739837398373993e+02 1.052917036213076472e+02
4.070503578694664726e-01 1.848743254130127446e-03 6.626048387096774377e+02 1.021137191003831930e+02
4.135933781829447264e-01 1.871256654943844995e-03 6.615271317829457303e+02 9.661173320860203262e+01
4.202179442533061082e-01 1.832712641984981681e-03 6.668538461538461206e+02 9.052254614706075131e+01
4.266798115557093873e-01 1.759393680741872749e-03 6.678740157480315247e+02 8.488388819174666367e+01
4.330910535146235696e-01 1.771858374752960505e-03 6.709076923076922867e+02 8.022851018281374991e+01
4.395078467689783608e-01 1.772659720438770270e-03 6.727651515151515014e+02 7.664017089168514474e+01
4.457793319829173595e-01 1.654526338047628432e-03 6.692640000000000100e+02 7.275622596039463019e+01
4.521562795609589402e-01 1.887763445894669913e-03 6.721197183098591950e+02 6.722429790576346420e+01
4.587656575942579140e-01 1.769717907920350091e-03 6.640000000000000000e+02 6.242566382225851385e+01
4.652405449529313231e-01 1.746242423612376143e-03 6.602230215827338498e+02 5.835726665019040382e+01
4.716282944699034529e-01 1.704407088516023735e-03 6.554014598540145471e+02 5.555127316390267822e+01
4.780637153179891352e-01 1.798647074538550902e-03 6.511111111111110858e+02 5.183181491166441646e+01
4.844976548260259142e-01 1.723433333189145671e-03 6.475000000000000000e+02 4.947819266399869775e+01
4.908596034113225648e-01 1.665744062354685903e-03 6.398936170212765546e+02 4.689276266743061683e+01
4.972011979785150859e-01 1.734256865849588200e-03 6.380479452054794365e+02 4.408993861623461896e+01
5.036178995103413047e-01 1.747915368961153139e-03 6.333108108108108354e+02 4.247710142372686448e+01
5.101756467004687767e-01 1.800451491856020327e-03 6.317354838709677551e+02 4.119316341043237628e+01
5.166235656727934389e-01 1.648057805296297825e-03 6.291428571428571104e+02 3.837561786665108343e+01
5.229884928033705638e-01 1.714260039451578075e-03 6.273750000000000000e+02 3.549861005433133698e+01
5.293925748937229336e-01 1.756900675637705763e-03 6.244807692307692832e+02 3.322026558239550553e+01
5.357749724968067229e-01 1.647361260156582873e-03 6.198609271523179132e+02 3.179444955489894298e+01
5.422269581426349960e-01 1.797131621318817348e-03 6.160609756097560421e+02 3.119563087172354088e+01
5.488258977193463117e-01 1.752106618123457169e-03 6.117391304347826235e+02 2.963596759360641997e+01
5.552607346015674405e-01 1.711536068502800701e-03 6.086499999999999773e+02 2.856779764875129501e+01
5.616696921416424182e-01 1.713298320607429745e-03 6.049202453987729768e+02 2.737704060641944181e+01
5.680596363279470928e-01 1.671719726027721563e-03 6.006562500000000000e+02 2.634515491508827267e+01
5.744116486855085357e-01 1.773350792090137981e-03 5.973511904761904816e+02 2.612602594845627380e+01
5.808465417437830292e-01 1.706594120505047427e-03 5.933939393939393767e+02 2.538107000141830483e+01
5.872915480827241019e-01 1.773275249674210931e-03 5.910809248554912756e+02 2.403416979605132653e+01
5.936297343998458986e-01 1.608871723183330060e-03 5.880617283950617775e+02 2.264479397348337741e+01
6.000917821228005655e-01 1.852508397134843563e-03 5.873846153846153584e+02 2.140048031946093232e+01
6.066068710033430955e-01 1.719733697199352486e-03 5.831578947368420813e+02 1.961737723777403986e+01
6.129319261090041548e-01 1.700305612135823196e-03 5.811976744186046062e+02 1.787854319155351490e+01
6.193292159447265632e-01 1.792945791870086646e-03 5.777666666666666515e+02 1.752584863481282085e+01
6.257789288608107681e-01 1.769335618302108433e-03 5.757570621468926220e+02 1.784843767149807903e+01
6.322945183878984077e-01 1.883051681004075783e-03 5.744285714285714448e+02 1.689756162330242972e+01
6.387697914265673127e-01 1.734308686986089703e-03 5.718636363636363740e+02 1.763206513923936569e+01
6.450797878865883739e-01 1.812617312363664322e-03 5.684945652173912549e+02 1.786399237390599382e+01
6.514777522098027518e-01 1.807195130708317372e-03 5.646054054054053495e+02 1.775825654943850651e+01
6.579453254174412180e-01 1.840076954070700866e-03 5.619312169312169090e+02 1.781266968351921065e+01
6.642487788958216788e-01 1.761967380250493336e-03 5.600549450549450512e+02 1.874723503342244513e+01
6.707545140871414846e-01 1.952870522822350513e-03 5.599900000000000091e+02 1.894940236524624666e+01
6.772291234912055646e-01 1.844192786587162299e-03 5.581851851851852189e+02 2.021690629200215739e+01
6.834443396870620857e-01 1.745041746211572261e-03 5.545978260869565020e+02 2.199219685683520353e+01
6.899300657465672337e-01 1.988575045799213618e-03 5.499371980676328349e+02 2.243273582477813832e+01
6.965346490814943170e-01 1.967867873463197050e-03 5.440904522613064955e+02 2.302789026829929142e+01
7.030970487636396538e-01 2.020648629947002003e-03 5.398058252427184698e+02 2.435139584872533902e+01
7.095716427219228573e-01 1.946516927103622520e-03 5.363434343434342964e+02 2.616333600680539817e+01
7.160970279381224657e-01 2.044543341153194464e-03 5.339095238095237619e+02 2.535718086292702722e+01
7.226116891734091219e-01 2.004959656352403585e-03 5.309658536585366164e+02 2.426617909658730809e+01
7.291288619178314390e-01 2.011427705279334160e-03 5.280619047619047706e+02 2.500688068577631995e+01
7.356079106374427967e-01 1.973711099579897668e-03 5.262836538461538112e+02 2.481203841625718454e+01
7.419803430714648762e-01 1.939746738906150680e-03 5.228829268292682855e+02 2.606615160259417863e+01
7.484516812817442188e-01 2.022257641999446187e-03 5.209590909090909463e+02 2.399882486792472491e+01
7.549512183205485671e-01 1.898119824350936232e-03 5.188365384615384528e+02 2.499069815856817556e+01
7.613853957290165342e-01 1.973382858640895885e-03 5.158454545454545723e+02 2.407172907158660635e+01
7.678481984516135617e-01 1.903941598965435333e-03 5.126837209302325391e+02 2.412363279598005406e+01
7.743372045322526320e-01 1.915374251326664194e-03 5.107072072072072046e+02 2.453281270951173809e+01
7.807807857039134047e-01 1.872160005679921477e-03 5.078027522935780098e+02 2.568513662767223593e+01
7.871827117013717734e-01 1.874571936203420349e-03 5.057737556561086194e+02 2.519664395688185721e+01
7.935705088346153291e-01 1.846468364235832015e-03 5.043946188340807453e+02 2.493809988423398494e+01
7.999497029225959288e-01 1.794315080242126848e-03 5.024337899543378967e+02 2.550586142181663973e+01
8.063895263538338742e-01 1.919941342275102670e-03 5.011483050847457434e+02 2.460148107942589135e+01
8.129038415374738591e-01 1.785391972586650427e-03 4.987200000000000273e+02 2.420652620908484209e+01
8.193543447618309994e-01 1.828478467253065801e-03 4.962085106382978665e+02 2.391696553453766683e+01
8.257450256705209934e-01 1.731942097964038994e-03 4.923571428571428328e+02 2.451783113098193212e+01
8.321389716972604766e-01 1.845140229989535984e-03 4.901875000000000000e+02 2.449904334866975830e+01
8.386208936931099922e-01 1.751195931903918061e-03 4.876965811965811781e+02 2.475962679445426673e+01
8.449970631363269424e-01 1.723661030767332288e-03 4.857456896551724412e+02 2.470845009192812824e+01
8.513046230100612677e-01 1.773741526074865430e-03 4.831428571428571672e+02 2.540001701467419082e+01
8.578256185292513214e-01 1.822821089358022794e-03 4.805546558704453446e+02 2.600634980088651815e+01
8.643009097266359797e-01 1.747841479780405487e-03 4.777219917012448036e+02 2.628522891414931095e+01
8.706520843132705689e-01 1.718512007701664341e-03 4.744957983193277187e+02 2.579590153726615753e+01
8.770655084888429043e-01 1.823306464836067656e-03 4.737391304347826235e+02 2.610048397618384186e+01
8.835379301005906738e-01 1.720994191554163586e-03 4.721604938271605079e+02 2.713151184732761223e+01
8.899818591232092624e-01 1.816014583941305376e-03 4.720431372549019784e+02 2.840799173854876258e+01
8.963154830142930907e-01 1.686559403020368615e-03 4.700333333333333599e+02 2.886042320857021437e+01
9.027402481510985455e-01 1.849914512401526186e-03 4.697404580152671656e+02 2.781715734505856830e+01
9.092741475074460622e-01 1.818523953956779297e-03 4.689686274509803638e+02 2.814351996931043942e+01
9.156513574886713247e-01 1.799905876070713017e-03 4.682222222222222285e+02 2.904046012918857755e+01
9.219738414041327434e-01 1.816254378221876130e-03 4.690859375000000000e+02 2.994547097124126367e+01
9.284093843578240524e-01 1.864548344913183461e-03 4.716384615384615131e+02 3.051302709475424990e+01
9.348720171621091035e-01 1.939851900461452830e-03 4.742996254681647770e+02 3.058030072554022993e+01
9.413551784733346084e-01 1.927152036582965508e-03 4.788282442748091512e+02 3.617356902937637386e+01
9.478756351150825488e-01 2.022964964773094239e-03 4.895471014492753739e+02 3.797758371927286447e+01
9.544794314844599059e-01 1.995588314593873917e-03 5.109778597785978036e+02 4.032473557211591242e+01
9.609640598131067302e-01 1.976081289299603128e-03 5.613639705882352473e+02 5.571264017530283752e+01
9.673540511875814429e-01 1.900963898517757681e-03 6.663143939393939945e+02 9.958720138988914528e+01
9.738764300010358532e-01 2.020370959177093719e-03 8.549270833333333712e+02 1.616117432029243446e+02
9.803887395962943563e-01 1.868024915732807104e-03 1.116022471910112472e+03 2.184715023337980142e+02
9.867609507399704993e-01 1.907798179635916648e-03 1.384279569892473091e+03 2.629725340545864469e+02
9.931792738827067701e-01 1.861169570246367679e-03 1.593839999999999918e+03 3.127028493634173287e+02
9.997024529712079666e-01 1.929714342920701943e-03 1.720575342465753465e+03 3.445105716303879717e+02
1.006152710574202525e+00 1.760100644785859590e-03 1.795716911764705856e+03 3.922180465330066568e+02
1.012546487448541255e+00 1.858180627704414780e-03 1.812986159169550092e+03 3.984602845660482444e+02
1.018988798098918291e+00 1.803978976354649174e-03 1.799492957746478851e+03 4.027888801442556428e+02
1.025394048634321598e+00 1.775790568352827222e-03 1.755031578947368416e+03 4.024016922436968571e+02
1.031778999059903112e+00 1.783042104657854955e-03 1.644847750865051921e+03 3.912392437416781377e+02
1.038243195035333466e+00 1.800042721148124251e-03 1.459508532423208180e+03 3.888037606438363696e+02
1.044593270705168830e+00 1.728638088187854378e-03 1.189342657342657276e+03 3.587611442300056410e+02
1.051019473275584426e+00 1.807666001326826760e-03 9.020133779264214127e+02 2.883293706037070478e+02
1.057452118334604840e+00 1.764796907398143069e-03 6.717491525423728262e+02 1.845138843376243756e+02
1.063812741872586898e+00 1.735604614353873946e-03 5.378869863013699160e+02 1.055738259763359252e+02
1.070275566257694377e+00 1.860876787998901613e-03 4.688129032258064512e+02 5.590793011124290501e+01
1.076675486865225739e+00 1.737707282280460301e-03 4.351512027491409071e+02 3.754230137752502117e+01
1.083000003099001241e+00 1.811785629637566912e-03 4.184013157894736992e+02 3.063373617550816164e+01
1.089457558406981885e+00 1.875700427842611059e-03 4.066655844155844193e+02 2.810666260959166607e+01
1.095857128634095679e+00 1.865882195591197666e-03 4.003355263157894797e+02 2.771827915799625330e+01
1.102286980210992473e+00 1.937596539280167377e-03 3.918594249201278217e+02 3.058898265409946404e+01
1.108924588094037933e+00 2.035521144429528872e-03 3.880823170731707137e+02 2.932247430310741620e+01
1.115518250266801070e+00 1.963453062553008333e-03 3.834303797468354560e+02 2.786080334597047070e+01
1.121980766162010701e+00 1.920251373127695831e-03 3.810605095541401397e+02 2.721130518783615315e+01
1.128426312748922689e+00 1.950613960551148517e-03 3.777732919254658555e+02 2.720717751039695287e+01
1.134959239864979930e+00 1.915365560061970144e-03 3.753261538461538294e+02 2.821765698424433921e+01
1.141388067807542761e+00 1.819889318180962796e-03 3.720507936507936506e+02 2.815463186654086414e+01
1.147829738822878420e+00 1.877407927217479219e-03 3.709148936170212778e+02 2.733661227295705842e+01
1.154234759887723172e+00 1.796226287448233561e-03 3.685297805642633193e+02 2.690351953209476932e+01
1.160592008141087206e+00 1.784421184300352767e-03 3.673746130030959876e+02 2.740189630054319636e+01
1.167026991042843242e+00 1.836276795008287468e-03 3.650895522388059931e+02 2.713979305594693869e+01
1.173494023876834547e+00 1.758155136545365687e-03 3.631437308868501646e+02 2.811680466417836755e+01
1.179808164649816637e+00 1.732605827553653768e-03 3.536892307692307895e+02 3.912588368285752694e+01
1.186220583891021807e+00 1.881017850291822648e-03 3.586045016077170544e+02 3.405777945605133539e+01
1.192681073817049464e+00 1.793318889751105601e-03 3.590655172413793252e+02 3.360956456076645793e+01
1.199065629744253458e+00 1.797529783280079436e-03 3.582147887323943678e+02 3.335701631728694849e+01
1.205502001077074059e+00 1.899328588103967692e-03 3.575000000000000000e+02 3.374869353128344329e+01
1.211991242640565014e+00 1.826306843735066819e-03 3.564311594202898732e+02 3.427616546229423022e+01
1.218362901235649165e+00 1.888953249129523074e-03 3.552266187050359463e+02 3.474076398352961093e+01
1.224837827500277143e+00 1.938626244914326818e-03 3.514064748201438988e+02 3.818972303377181277e+01
1.231306496939841066e+00 1.935692192720165272e-03 3.513369565217391255e+02 3.835234248273557256e+01
1.237900180047003751e+00 1.954996484647400414e-03 3.524086021505376607e+02 3.664729830375111419e+01
1.244387829439413284e+00 1.881879514088832415e-03 3.528395522388059931e+02 3.668375033209209590e+01
1.250735832344970877e+00 1.818331757808236372e-03 3.520426356589147190e+02 3.745418770861871138e+01
1.257083335292831006e+00 1.905720956169173206e-03 3.519409594095940861e+02 3.734614175154913340e+01
1.263603115287416090e+00 1.841854869392088893e-03 3.508181818181818130e+02 3.765564119822668232e+01
1.270020777910819465e+00 1.832011672431217405e-03 3.510418250950570496e+02 3.747717083300947394e+01
1.276488051741652807e+00 1.832185980768075541e-03 3.504220532319391737e+02 3.828076059495274563e+01
1.282839323063532211e+00 1.758750693263018286e-03 3.511889763779527698e+02 3.872506147523554887e+01
1.289363492023574365e+00 1.805471412487298991e-03 3.438787878787878753e+02 4.457572209746188463e+01
1.295761563244195891e+00 1.749310907134910172e-03 3.480637583892617499e+02 3.997742031946666685e+01
1.302096506369333051e+00 1.727886103868702576e-03 3.491960132890365571e+02 3.915844936801967435e+01
1.308490604613926855e+00 1.841981469325142248e-03 3.494890965732087125e+02 3.859138528853021910e+01
1.314923371882378955e+00 1.783204890748409099e-03 3.491639871382636784e+02 3.770744553815785594e+01
1.321263162947042602e+00 1.883891353746835161e-03 3.492962962962963047e+02 3.815339619900253609e+01
1.327809252188654421e+00 1.990407611744629372e-03 3.469437869822485254e+02 4.213415021825328921e+01
1.334395055816720577e+00 2.005908808147741692e-03 3.481026392961877036e+02 4.138409990701939734e+01
1.340924575314278222e+00 1.937181998292608577e-03 3.494328358208955478e+02 3.920096220422006184e+01
1.347326738882997477e+00 1.911240937813023883e-03 3.504437869822485254e+02 3.856516331762288274e+01
1.353867248119903444e+00 1.925349651844857632e-03 3.506543909348441730e+02 3.881730616659431377e+01
1.360292180733798650e+00 1.777880213384871099e-03 3.519850299401197731e+02 3.983509834829187923e+01
1.366716033276369036e+00 1.860440026654835337e-03 3.546750700280111914e+02 3.811213674051807487e+01
1.373134056949086190e+00 1.747663592607761902e-03 3.605643274853800904e+02 3.974614803958763787e+01
1.379508641949547476e+00 1.787974598008121871e-03 3.715605633802816783e+02 4.093268291777432921e+01
1.385849874457594222e+00 1.730044418412237826e-03 3.880835734870316855e+02 4.429865435802629037e+01
1.392210228535155858e+00 1.777760908321846531e-03 4.062805555555555657e+02 4.666169451025006509e+01
1.398630460992727143e+00 1.793834584281517276e-03 4.210361111111110972e+02 4.915959176969397504e+01
1.405027543482165298e+00 1.820682476180417696e-03 4.321763085399448983e+02 5.068546372435712755e+01
1.411380623846245186e+00 1.844474811107960554e-03 4.375777777777777828e+02 5.243889036032533824e+01
1.418011585217980208e+00 2.061904995500850411e-03 4.357855361596010084e+02 6.380111205430746679e+01
1.424633236002852632e+00 1.911062399977238009e-03 4.411147540983606632e+02 5.800500013970831503e+01
1.431027237377290762e+00 1.930893372260762729e-03 4.437862796833773018e+02 5.316821205300237096e+01
1.437551415863808524e+00 1.925262037142165712e-03 4.446103896103896318e+02 5.395149742950748362e+01
1.443999660086549230e+00 1.834928749309971486e-03 4.443633952254642168e+02 5.404476919725393458e+01
1.450408168300875378e+00 1.822080046480867126e-03 4.441178010471203947e+02 5.374809912026370995e+01
1.456762351763572827e+00 1.768742008520618686e-03 4.422131578947368666e+02 5.377540886258280750e+01
1.463211358413713192e+00 1.810126088705470279e-03 4.373979591836734926e+02 5.321906297651521811e+01
1.469593255354290973e+00 1.758193336020684059e-03 4.273020833333333144e+02 5.334167237256192351e+01
1.475950724204827313e+00 1.769305199294179780e-03 4.097390180878552997e+02 5.198340969309644777e+01
1.482355977374464340e+00 1.855140322631434503e-03 3.913600000000000136e+02 4.906300846870276899e+01
1.488803525874331735e+00 1.854999873494519958e-03 3.751552162849872616e+02 4.558197846597403924e+01
1.495319592526707764e+00 2.003828109077177445e-03 3.625287081339712927e+02 5.112665304145534151e+01
1.501939691759246465e+00 1.957822028991581826e-03 3.604233576642335493e+02 4.554820870905484043e+01
1.508463382234335848e+00 1.918938912685786129e-03 3.611980440097799487e+02 4.329463951186838244e+01
1.514901188746566207e+00 1.852902137227367511e-03 3.603719211822660213e+02 4.417657170093590224e+01
1.521228969867623793e+00 1.785136608190808364e-03 3.600453400503778312e+02 4.454622112674547907e+01
1.527563647216529041e+00 1.824993124647320475e-03 3.605961538461538680e+02 4.473207499830346023e+01
1.534022576503679458e+00 1.781774817406586286e-03 3.601990291262135884e+02 4.458154627809106074e+01
1.540418711468126034e+00 1.792491139398408621e-03 3.608205741626794065e+02 4.423583934304451759e+01
1.546838712332167631e+00 1.778278829154705072e-03 3.608096385542168605e+02 4.397016433913400135e+01
1.553238623106807825e+00 1.840983848395847744e-03 3.609787735849056389e+02 4.319301207174410706e+01
1.559673935783696619e+00 1.867161364404805587e-03 3.609429928741092795e+02 4.283564055450338515e+01
1.566161367499480317e+00 1.987417225671155377e-03 3.574580498866213247e+02 5.241455484909702278e+01
1.572795191923813007e+00 1.975399758409353626e-03 3.626853932584269842e+02 4.463969716303781610e+01
1.579229625961506400e+00 1.828964939238766603e-03 3.622812500000000000e+02 4.484606081556190560e+01
1.585615098485775532e+00 1.901195136705323549e-03 3.636076233183856630e+02 4.462057132071067400e+01
1.592069020803266399e+00 1.783565421147388207e-03 3.630938967136150382e+02 4.560612496001979821e+01
1.598398624204083740e+00 1.798472010651884717e-03 3.649337899543378967e+02 4.554349653833697431e+01
1.604843375939136507e+00 1.797152056805669104e-03 3.662420814479638125e+02 4.558675631702648445e+01
1.611212339410225569e+00 1.768878106258207515e-03 3.685779816513761489e+02 4.597139434168869343e+01
1.617590363377642504e+00 1.818287623560442892e-03 3.728808988764045012e+02 4.631803998636232933e+01
1.623974015669422899e+00 1.854816384487833732e-03 3.862234762979683751e+02 4.838962212029941412e+01
1.630543485616582799e+00 2.014479720267581264e-03 3.997384937238493876e+02 6.175992882095192016e+01
1.637155364196844820e+00 1.921442116166700376e-03 4.245572687224669721e+02 5.677962981434881584e+01
1.643640215828007012e+00 1.916406123937146409e-03 4.377188841201716514e+02 5.804038649965856678e+01
1.650095370295723063e+00 1.808845151496338592e-03 4.466258351893095551e+02 6.073630920999480765e+01
1.656466136267144007e+00 1.835556712886826517e-03 4.520193548387096598e+02 6.055454921353463504e+01
1.662921359457136594e+00 1.784847929403802829e-03 4.551808278867102331e+02 6.161064708854694771e+01
1.669278115879615276e+00 1.787810489320909016e-03 4.571298701298701417e+02 6.201597576714713256e+01
1.675603147458916142e+00 1.759339208401217896e-03 4.579403973509933508e+02 6.344832127553845424e+01
1.681944817773278311e+00 1.879012939346250957e-03 4.626582278481012622e+02 6.297098138090550634e+01
1.688494896982127180e+00 1.961244959671172398e-03 4.653189300411522709e+02 7.850337316510493224e+01
1.695047655103924189e+00 1.958531043791479891e-03 4.910061728395061778e+02 6.684543912488732076e+01
1.701563412030947964e+00 1.893890162085724253e-03 5.160146137787056659e+02 6.872970434633872117e+01
1.707975620325744792e+00 1.846204685496802061e-03 5.380062630480166490e+02 7.219043748334939892e+01
1.714377380249353600e+00 1.797036493929945892e-03 5.494518828451882655e+02 7.639083940880729529e+01
1.720768292737840266e+00 1.799184406037973973e-03 5.545092783505155012e+02 7.847473449245552501e+01
1.727152534628709324e+00 1.771490888047008889e-03 5.482839248434238471e+02 7.936346017107598527e+01
1.733526494930327289e+00 1.835615179227028260e-03 5.325030549898167465e+02 7.638602852161179158e+01
1.739975521513371870e+00 1.888347845677861795e-03 5.079369918699186996e+02 8.129054315217285875e+01
1.746497876640803248e+00 1.988580869552720402e-03 4.912577519379844944e+02 7.794173903379859780e+01
1.753090192095328348e+00 1.909790863647236811e-03 4.860776892430278622e+02 6.514311623836051979e+01
1.759542915568929722e+00 1.863330342728648260e-03 4.831414342629482235e+02 6.357534820671269671e+01
1.765978610475646082e+00 1.805054295706254351e-03 4.792880000000000109e+02 6.343314300899806568e+01
1.772332663329672986e+00 1.770928694831684115e-03 4.762580645161290249e+02 6.341178826321502271e+01
1.778664509689639184e+00 1.781133477909586536e-03 4.738702594810379196e+02 6.259731644566800668e+01
1.785069366740120511e+00 1.834600355293997381e-03 4.707167968750000000e+02 6.227457240205578159e+01
1.791506168727699633e+00 1.878728357369653049e-03 4.618333333333333144e+02 7.226640076645965394e+01
1.798039063906349488e+00 1.995486375923071192e-03 4.483037037037037180e+02 7.170278800685579768e+01
1.804647924016717919e+00 1.913848319004299433e-03 4.256992337164750779e+02 6.210458795200342053e+01
1.811089958053599736e+00 1.862622323854617795e-03 3.950114942528735469e+02 5.688337437869162017e+01
1.817521720439822408e+00 1.798364348704032875e-03 3.698359073359073363e+02 5.155667287009652711e+01
1.823812670535420288e+00 1.750448090683544159e-03 3.572490196078431381e+02 4.780156334159804032e+01
1.830221642949216854e+00 1.837728497302317443e-03 3.500167597765363325e+02 4.529959993249717343e+01
1.836582905300079060e+00 1.780128382536366044e-03 3.465764705882352814e+02 4.532676770760203766e+01
1.843061797820461534e+00 1.986079127245108083e-03 3.421722912966252466e+02 5.331001958675484786e+01
1.849632829275571488e+00 1.888944039210000737e-03 3.441635338345864739e+02 4.706244723789043860e+01
1.856090187264436642e+00 1.913060858845453587e-03 3.437945454545454709e+02 4.571364582787105491e+01
1.862531947297203283e+00 1.788974026913770074e-03 3.419603773584905753e+02 4.580578624365907103e+01
1.868931787959941415e+00 1.835149539700427039e-03 3.408797814207650276e+02 4.494365923242914107e+01
1.875342409945594868e+00 1.782793697721218873e-03 3.387988826815642369e+02 4.566045598347426449e+01
1.881685992375486283e+00 1.813583446463527945e-03 3.373062730627306109e+02 4.542303138651890748e+01
1.888176611507502489e+00 1.945205006648250507e-03 3.329100529100529116e+02 5.400557360274088836e+01
1.894684395670122701e+00 1.921537496908314263e-03 3.345867620751341747e+02 5.005589235260360681e+01
1.901176782548104516e+00 1.886986723452953362e-03 3.349181494661921761e+02 4.783302721892989950e+01
1.907561981128558237e+00 1.795440373499332084e-03 3.343777372262773611e+02 4.732364854825321743e+01
1.913985041606118376e+00 1.828239138046576940e-03 3.344543859649122624e+02 4.672412068054643441e+01
1.920403381422240097e+00 1.786024996940504313e-03 3.348985507246376869e+02 4.761057338630414648e+01
1.926716413297410169e+00 1.834639747803229817e-03 3.369893238434163436e+02 4.790000938466956626e+01
1.933271554332125497e+00 1.965820526812752777e-03 3.388518518518518476e+02 5.787650580270603484e+01
1.939792573083097382e+00 1.907526115978609412e-03 3.588586387434555149e+02 4.931100165003172009e+01
1.946288570836251841e+00 1.883695634446648113e-03 3.909693356047700377e+02 5.162805018814012215e+01
1.952655684029843908e+00 1.737190040939992066e-03 4.356763110307414308e+02 5.985909820829402861e+01
1.958969978021109171e+00 1.827434973414125523e-03 4.955034129692832607e+02 6.874086965853221898e+01
1.965496063115082181e+00 1.854230162972571750e-03 5.692770270270269748e+02 8.092906307998619297e+01
1.971963975922738088e+00 1.884120710564727479e-03 6.457773972602740287e+02 1.129572658241497578e+02
1.978442510441045021e+00 1.957066319931451050e-03 7.183640856672158179e+02 1.216693530357057398e+02
1.984931097981023740e+00 1.843590323278294961e-03 7.704393162393162129e+02 1.229291821358373511e+02
1.991287308585444338e+00 1.815152065882439042e-03 7.963662691652469903e+02 1.301429997043982780e+02
1.997701973476069481e+00 1.833321787203764366e-03 8.110465116279069662e+02 1.334724064965867854e+02
2.004164133665459424e+00 1.816322146449814287e-03 8.198280467445742943e+02 1.361926917161755171e+02
2.010465304371688244e+00 1.793999045974344238e-03 8.239410745233968782e+02 1.395373137799688834e+02
2.016906033528098163e+00 1.989616449670199121e-03 8.196510172143974842e+02 1.718659030159647330e+02
2.023555996358446407e+00 1.897180052363281293e-03 8.305064724919093351e+02 1.399748531540780334e+02
2.029968694217374470e+00 1.807083598350285245e-03 8.261270903010033635e+02 1.413340907131210145e+02
2.036339422929389187e+00 1.823287213829230622e-03 8.239692058346839758e+02 1.390083330881149095e+02
2.042808231593590484e+00 1.819045180469573350e-03 8.202256493506494053e+02 1.396553146722920076e+02
2.049121403930300289e+00 1.816823929832920258e-03 8.125568561872909186e+02 1.529805446116442340e+02
2.055546024436551544e+00 1.958593688934813937e-03 7.991651234567900701e+02 1.620334446544756872e+02
2.062179187475123410e+00 1.909374836257744399e-03 7.853140624999999773e+02 1.371685504423982422e+02
2.068587893715514436e+00 1.782255124468116103e-03 7.463715220949263767e+02 1.388939653494180675e+02
2.074943470461427353e+00 1.803325004765888358e-03 6.946228209191758651e+02 1.373662314540879947e+02
2.081348551495329602e+00 1.811685209211536278e-03 6.314048000000000229e+02 1.373492482128679057e+02
2.087807581420585645e+00 1.934124239786214495e-03 5.461332312404288132e+02 1.412621705559873249e+02
2.094354049547901386e+00 1.919763106963207067e-03 4.550613496932515432e+02 1.111618411113580578e+02
2.100814970511138302e+00 1.841726384006937703e-03 3.791635220125785963e+02 8.464717893296433715e+01
2.107147425483176129e+00 1.793021693532189254e-03 3.353201892744479551e+02 6.642843593355314624e+01
2.113573117004156288e+00 1.831442330790634650e-03 3.149862595419847366e+02 5.667887125473269805e+01
2.119956773712852627e+00 1.806996690666118864e-03 3.063006329113924266e+02 5.381336683360327555e+01
2.126392549358501416e+00 1.961143276791299343e-03 3.011838235294117680e+02 6.061660136952331612e+01
2.133022499541108896e+00 1.914261261225060897e-03 3.064423076923076792e+02 5.127506159219674231e+01
2.139480964562213483e+00 1.786119367506160778e-03 3.102713178294573595e+02 5.161959532228729586e+01
2.145796782645738254e+00 1.799418587043424183e-03 3.154954128440367072e+02 5.250695281834740058e+01
2.152165366120878165e+00 1.825425695775702338e-03 3.186499999999999773e+02 5.273063050959464704e+01
2.158655754564665852e+00 1.929951649106770133e-03 3.180218023255814046e+02 6.286471140527853407e+01
2.165204964825616862e+00 1.913631523374921799e-03 3.257573099415204751e+02 5.520913813726845376e+01
2.171687233764930003e+00 1.836559742283269984e-03 3.321125925925925912e+02 5.453300129694562770e+01
2.178057454997971210e+00 1.770075738143539208e-03 3.470392749244712718e+02 5.422221284446612088e+01
2.184381886656512783e+00 1.819268068842387707e-03 3.751649331352154491e+02 5.488707652916544077e+01
2.190889596552291430e+00 1.941484629964972597e-03 4.119929478138222976e+02 7.431176423832778255e+01
2.197415493733709368e+00 1.880394352234131695e-03 4.722772133526850666e+02 6.835133273882924243e+01
2.203858495652105454e+00 1.844129167940211774e-03 5.343096960926194470e+02 7.723173573992272622e+01
2.210218428929338064e+00 1.776952575370011446e-03 5.901893491124260436e+02 8.874689720938962978e+01
2.216548686487991304e+00 1.820372229284925253e-03 6.284775036284470389e+02 9.792082624792712409e+01
2.223054582631938558e+00 1.937499342758612587e-03 6.421767955801104790e+02 1.290856259301158104e+02
2.229555406010463425e+00 1.871681269043944497e-03 6.650872675250357133e+02 1.101002584066625758e+02
2.236023148886606471e+00 1.876509468722661325e-03 6.717176634214185924e+02 1.118783824802403473e+02
2.242466908337517939e+00 1.781536512235300631e-03 6.763482014388489461e+02 1.139828718891806858e+02
2.248784053696174290e+00 1.815619011182786555e-03 6.774519368723099433e+02 1.147021724599544683e+02
2.255261034229438355e+00 1.958337742873136802e-03 6.675154362416107006e+02 1.384529459376653335e+02
2.261752977112598817e+00 1.833135357339661826e-03 6.717072135785007276e+02 1.146414871698518994e+02
2.268193030407839927e+00 1.856919733580766289e-03 6.643560709413369523e+02 1.132312247630064945e+02
2.274620661936892052e+00 1.792548502283534354e-03 6.572327221438646347e+02 1.142283600599539000e+02
2.281045196159239286e+00 1.907452264699439036e-03 6.431499999999999773e+02 1.302226238284145268e+02
2.287566856146262317e+00 1.925687837049752790e-03 6.421604278074865988e+02 1.194031553805318282e+02
2.294017676381079784e+00 1.818149611703329506e-03 6.375692520775622825e+02 1.132156682788829585e+02
2.300373896127871021e+00 1.814054264739159471e-03 6.301504787961696366e+02 1.122413829243983514e+02
2.306733295622487301e+00 1.809288305020508025e-03 6.180714285714285552e+02 1.117787893266343389e+02
2.313210233147671158e+00 1.927057466226796351e-03 5.875429687500000000e+02 1.313069723818722139e+02
2.319750633036068876e+00 1.886628064392380537e-03 5.580556291390728347e+02 1.147335740120124257e+02
2.326167810919689938e+00 1.805281422939875990e-03 5.048430311231393830e+02 1.135015849659019835e+02
2.332524891627314911e+00 1.808157875111407291e-03 4.384637096774193310e+02 1.050366006605373315e+02
2.339018828040365428e+00 1.927078730268403945e-03 3.623846153846153584e+02 9.840023582419102866e+01
2.345529090540556361e+00 1.892646505679497623e-03 3.086793193717277290e+02 7.679341902095903549e+01
2.351902562585342693e+00 1.808634088653226840e-03 2.749264705882353041e+02 6.330122666475975279e+01
2.358283426411155403e+00 1.828495513811564770e-03 2.586205997392438007e+02 5.579683783411607578e+01
2.364665150299146479e+00 1.824483169818866225e-03 2.502834437086092692e+02 5.298581125194345276e+01
2.371140522023317931e+00 1.956229962378429419e-03 2.438734491315136381e+02 5.773094698493480337e+01
2.377698484074287411e+00 1.857249505322706908e-03 2.428807692307692321e+02 5.094346781693401027e+01
2.384135550776628865e+00 1.806484998011118103e-03 2.373819354838709614e+02 4.835975838452220188e+01
2.390495270780528703e+00 1.815820546892564329e-03 2.360947075208913759e+02 4.876884900366422215e+01
2.396907059408651008e+00 1.904650256318906557e-03 2.332804377564979461e+02 5.480517403327547044e+01
2.403395490390968892e+00 1.861409897307351969e-03 2.415760563380281667e+02 4.871392444908442343e+01
2.409868588547004364e+00 1.847911660654164229e-03 2.478465909090909065e+02 4.943457680716830538e+01
2.416315494183244539e+00 1.848423108511250412e-03 2.551913043478260761e+02 5.057541275710315887e+01
2.422721222723576151e+00 1.879130934971403807e-03 2.548968023255814046e+02 5.971154705252716610e+01
2.429135064156228374e+00 1.862177758942303550e-03 2.620219941348973407e+02 5.310169367438423649e+01
2.435558328952115659e+00 1.829358714226044739e-03 2.625843195266272119e+02 5.313813051245537622e+01
2.441961929587736613e+00 1.826990787003958654e-03 2.623562874251496737e+02 5.304711440904308972e+01
2.448435267415004279e+00 1.916283866918213176e-03 2.557136627906976685e+02 6.109716700261147082e+01
2.454898310690642571e+00 1.851262751470384186e-03 2.597893939393939604e+02 5.440141925442970461e+01
2.461278332832209870e+00 1.841207405127180587e-03 2.583625377643504635e+02 5.360588744149481499e+01
2.467732767309350983e+00 1.860175811866779036e-03 2.559549549549549567e+02 5.482654334590743161e+01
2.474317234005322774e+00 1.907302378477835920e-03 2.505164520743919923e+02 5.770043844659052468e+01
2.480763678027650521e+00 1.850982492662076430e-03 2.545382475660639727e+02 5.243520720579051897e+01
2.487114426650852028e+00 1.791691956921820849e-03 2.557766853932584183e+02 5.295831609774424464e+01
2.493514277050582706e+00 1.905910091373927331e-03 2.526393659180977522e+02 5.937318097066532374e+01
2.500016016455529844e+00 1.897218154373805617e-03 2.550912646675358531e+02 5.324086987655665837e+01
2.506504299072060071e+00 1.823698874814003905e-03 2.529538866930171253e+02 5.281272179653839771e+01
2.512828968428921783e+00 1.779539787674511890e-03 2.515437415881561378e+02 5.244467535670794689e+01
2.519262120792594928e+00 1.938201810876334251e-03 2.474632627646326171e+02 5.893858941250326211e+01
2.525775074220281358e+00 1.871497825325404334e-03 2.486624203821656067e+02 5.228842358053206141e+01
2.532197693037325781e+00 1.807973308604888651e-03 2.455102564102564031e+02 5.234143855499746678e+01
2.538545427775757091e+00 1.816891897915347926e-03 2.403745173745173815e+02 5.256754421909980834e+01
2.545039371368973402e+00 1.965732421291352915e-03 2.300486935866983345e+02 5.792395141539534364e+01
2.551577586228050976e+00 1.818913119815899733e-03 2.216780303030303116e+02 5.180127352766385229e+01
2.557912035390546901e+00 1.811160408138717511e-03 2.117205513784461175e+02 4.936007035803677923e+01
2.564418003384666633e+00 1.924750488034227642e-03 2.009681227863046047e+02 5.128494267583129584e+01
2.570930014234638072e+00 1.852202887801034569e-03 1.976390243902438897e+02 4.570022669319745034e+01
2.577333690207623373e+00 1.816621428331073769e-03 1.953056234718826545e+02 4.463868666178885292e+01
2.583698900290759326e+00 1.840143410056186736e-03 1.931528117359413272e+02 4.540107938120969067e+01
2.590116643848396460e+00 1.922552353981257615e-03 1.910875145857642963e+02 4.787972976804702085e+01
2.596553429180498362e+00 1.801710981220896188e-03 1.913665048543689409e+02 4.405995862379610628e+01
2.602955615407046341e+00 1.842317350104424401e-03 1.910082352941176396e+02 4.355340130687756783e+01
2.609495359574187212e+00 1.911716238635802895e-03 1.876704675028506131e+02 4.805932095014538419e+01
2.615974071523933020e+00 1.844748521006626301e-03 1.887670588235294247e+02 4.396288066226514246e+01
2.622378270172453618e+00 1.832507040312451657e-03 1.881216374269005769e+02 4.360430086820233697e+01
2.628819659223405658e+00 1.883705983027747803e-03 1.850781609195402382e+02 4.731814265573986944e+01
2.635224897504864661e+00 1.872415782458078902e-03 1.855425287356321746e+02 4.383880437381797179e+01
2.641639659702591736e+00 1.816527212418568051e-03 1.845986159169550263e+02 4.341392891352045780e+01
2.648064596936881454e+00 1.851525790120274028e-03 1.827936145952109541e+02 4.544647932791428957e+01
2.654540339871488630e+00 1.920962172705038655e-03 1.821573157315731635e+02 4.565656775865520700e+01
2.661017435989672553e+00 1.820997431850269717e-03 1.817680000000000007e+02 4.304556618282537528e+01
2.667377750780578261e+00 1.839233884157700843e-03 1.808785471055618643e+02 4.271002565924266747e+01
2.673833255939705111e+00 1.922629864361171097e-03 1.790270855904658731e+02 4.669004489680524017e+01
2.680310332336410362e+00 1.829470795604572599e-03 1.797883538633818716e+02 4.229971961015190374e+01
2.686679530094181256e+00 1.809753184080302099e-03 1.793654708520179497e+02 4.206929237527515397e+01
2.693172569770623248e+00 1.920456143785719515e-03 1.774460887949259984e+02 4.587755092961599246e+01
2.699710169678059213e+00 1.845827250732203417e-03 1.779411123227917244e+02 4.190929553856099687e+01
2.706108723802718607e+00 1.808001129835774996e-03 1.766212624584717616e+02 4.151269126444218927e+01
2.712552861480932442e+00 1.909490143508341294e-03 1.729736564805058094e+02 4.511478528702895829e+01
2.719028861112676942e+00 1.848278151304674159e-03 1.725762162162162099e+02 4.115251071744177835e+01
2.725349625855669977e+00 1.780111837505188701e-03 1.719311875693673812e+02 4.003535708179572339e+01
2.731792001493120292e+00 1.927874637693306574e-03 1.700399590163934533e+02 4.283856803666221680e+01
2.738310186615081410e+00 1.835670255000661395e-03 1.714589989350372718e+02 3.959406145242135722e+01
2.744685257899765141e+00 1.793617037467074102e-03 1.715064655172413666e+02 3.898255395145412194e+01
2.751066800196758422e+00 1.878288467704576767e-03 1.736048218029350210e+02 3.841126372518797893e+01
2.757601512830000434e+00 1.862141664063760894e-03 1.794276243093922574e+02 3.162066142172862371e+01
2.764058068263966828e+00 1.836587841443396716e-03 1.852391799544419086e+02 2.998361381245726420e+01
2.770529172478649382e+00 1.887167826034379927e-03 1.968614864864864842e+02 2.862743801971175728e+01
2.776955143396238501e+00 1.821333560803167642e-03 2.154811320754716917e+02 2.727565391113135362e+01
2.783316304171964184e+00 1.843620978786204888e-03 2.412959905660377444e+02 2.686035696646908733e+01
2.789755116199374552e+00 1.895104686621155434e-03 2.710520231213872648e+02 2.659670349825655578e+01
2.796202065730379438e+00 1.823396814250311405e-03 2.955556886227544737e+02 2.893506494608797652e+01
2.802598215598055997e+00 1.839199823105454800e-03 3.137892215568862184e+02 3.120537901228058075e+01
2.809058618291326859e+00 1.891542357478581855e-03 3.251859649122807241e+02 3.359783858168913895e+01
2.815539484174618412e+00 1.814857361145085640e-03 3.333750000000000000e+02 3.442993624316980572e+01
2.821989463872399906e+00 1.865090624993398201e-03 3.376738351254480222e+02 3.495724698649760143e+01
2.828483713597702565e+00 1.883630524017047489e-03 3.417559523809524080e+02 3.555489930392816689e+01
2.834900904292738222e+00 1.791954038426357698e-03 3.434075000000000273e+02 3.634364735583097428e+01
2.841279989216558999e+00 1.876324795384782303e-03 3.443671497584541044e+02 3.614642046047298862e+01
2.847767858763501359e+00 1.886990809494324501e-03 3.462113526570048521e+02 3.546322557128587505e+01
2.854224446368732959e+00 1.845718501710050556e-03 3.462803970223325223e+02 3.429522445160657185e+01
2.860652227376856871e+00 1.895283512592607677e-03 3.443046116504854126e+02 3.330913689716678050e+01
2.867113210476443186e+00 1.859648482407798373e-03 3.448873762376237551e+02 3.334606346751488815e+01
2.873572830144707879e+00 1.886954548921765396e-03 3.445737100737100604e+02 3.333177076589592502e+01
2.879995266294152589e+00 1.874768549312584749e-03 3.448203221809170032e+02 3.373311256861435226e+01
2.886377499349285003e+00 1.822646243021190660e-03 3.449139240506328861e+02 3.444156784901192481e+01
2.892826601299819611e+00 1.901257081905588812e-03 3.417667071688942997e+02 3.472143920989327626e+01
2.899287209408602628e+00 1.837036175435869181e-03 3.409861635220125891e+02 3.535828893171937892e+01
2.905651471559458798e+00 1.820821310380915442e-03 3.388881829733164182e+02 3.845172303257167812e+01
2.912064357739847953e+00 1.885695667761764669e-03 3.331228501228501386e+02 4.665926515035152278e+01
2.918524733004972394e+00 1.831846772134888184e-03 3.309203539823008668e+02 5.509282940319586430e+01
2.925008101889499557e+00 1.898964803942654149e-03 3.196845310596833087e+02 6.606390603778254444e+01
2.931494571104498625e+00 1.860470468068603543e-03 3.070271940667490753e+02 6.901785323682405249e+01
2.937893251398651540e+00 1.817351826735809622e-03 2.873161856963613445e+02 6.543267477122343223e+01
2.944305546311252186e+00 1.880927000690213848e-03 2.662731648616125426e+02 5.732103173872908286e+01
2.950769139483569781e+00 1.826098071515048831e-03 2.613255528255528475e+02 4.603678763544671426e+01
2.957217893682505760e+00 1.858471812583063982e-03 2.634370460048426139e+02 3.873568881145198617e+01
2.963641657319503686e+00 1.840162297927921053e-03 2.755558282208588707e+02 3.364792021110258702e+01
2.970043842149071800e+00 1.832295957600710810e-03 2.872648514851485402e+02 3.158072687874960138e+01
2.976510225225458495e+00 1.909562939757382871e-03 2.932422802850356334e+02 3.113238564563092936e+01
2.983008757323797777e+00 1.820848808918005624e-03 2.993457249070631860e+02 3.062888724996061640e+01
2.989442833175567138e+00 1.860876473636659213e-03 3.018181818181818130e+02 3.047742424204763267e+01
2.995851322080832713e+00 1.818248084975540883e-03 3.045863354037267072e+02 3.091896513468401864e+01
3.002288071879581022e+00 1.866109072499165002e-03 3.041291108404385000e+02 3.131787524433022796e+01
3.008748785923475388e+00 1.879638502675874765e-03 3.042678787878787716e+02 3.163120949539258575e+01
3.015199648864150372e+00 1.825469582085792030e-03 3.036194029850746006e+02 3.130882834336588516e+01
3.021614952218953931e+00 1.867358907394168870e-03 3.014399999999999977e+02 3.116464041379609640e+01
3.028035269137849372e+00 1.805619228951016193e-03 3.005244055068836246e+02 3.275489814230910923e+01
3.034481983401863037e+00 1.885823396422961745e-03 2.973886883273164585e+02 3.542838817613425562e+01
3.040948636384726900e+00 1.846244746713175374e-03 2.952925925925925981e+02 3.816948797833914853e+01
3.047399548284976056e+00 1.866575050031695892e-03 2.889853121175030424e+02 4.117186132917834129e+01
3.053818065407082116e+00 1.858882463793821993e-03 2.837309582309582083e+02 4.573550992738520193e+01
3.060168791671987076e+00 1.792825745411367891e-03 2.771259541984732664e+02 5.220557398228695689e+01
3.066596020837712544e+00 1.927764682785730512e-03 2.654454976303317721e+02 6.079103297390099669e+01
3.073140751332767540e+00 1.856356834428901387e-03 2.569196538936959087e+02 6.692444217652500527e+01
3.079593295930210139e+00 1.886716362797553155e-03 2.399854545454545587e+02 7.408563276992451563e+01
3.086017154762366044e+00 1.830431539716442747e-03 2.301775000000000091e+02 7.635272565943536449e+01
3.092486513109037993e+00 1.905108961471654438e-03 2.160767386091127094e+02 7.918455180125718584e+01
3.098964516853627060e+00 1.852397442341169754e-03 2.070877626699629275e+02 7.853227043008315889e+01
3.105440922044128804e+00 1.880034527507769499e-03 1.935709090909090833e+02 7.590989613073193709e+01
3.111821301298671738e+00 1.810318297736169049e-03 1.815584905660377331e+02 6.877164463103173375e+01
3.118233335063332667e+00 1.868901341642052608e-03 1.657381242387332634e+02 5.860996862697511744e+01
3.124683867316949026e+00 1.865189586864977357e-03 1.534090354090353969e+02 4.794852987000974309e+01
3.131144652615997170e+00 1.844489775254080271e-03 1.451543209876543301e+02 4.016571943246892573e+01
3.137527951480249655e+00 1.850518740970626434e-03 1.396469864698646859e+02 3.532755410225666992e+01
3.143946084488824955e+00 1.842734159383119935e-03 1.382292441140024835e+02 3.341743082402642528e+01
3.150358822729363073e+00 1.875642417003805899e-03 1.348446601941747645e+02 3.241862405901758848e+01
3.156784286039504561e+00 1.823981601210612454e-03 1.342100000000000080e+02 3.192344220944853106e+01
3.163270120323041557e+00 1.930117905744787839e-03 1.321709905660377444e+02 3.128943506816656850e+01
3.169756141428992979e+00 1.817110211355118556e-03 1.320226130653266239e+02 3.083204655787704596e+01
3.176136715832639901e+00 1.869400486556539428e-03 1.292412121212121292e+02 3.045072004920656283e+01
3.182603852824878121e+00 1.855271636042648588e-03 1.288527607361963305e+02 3.003452377623338521e+01
3.189050645908320547e+00 1.867823016262818358e-03 1.263927272727272708e+02 2.957466460971045308e+01
3.195475202712392715e+00 1.830177604982121797e-03 1.265111662531017345e+02 2.962097017790550169e+01
3.201930699474990760e+00 1.890160737295187680e-03 1.243178016726403854e+02 2.954958133269531118e+01
3.208380198036255848e+00 1.818817371399450607e-03 1.237334993773349936e+02 2.990001400196524273e+01
3.214769441202507405e+00 1.856295446885927562e-03 1.217014563106796174e+02 3.006692090414707863e+01
3.221219946103295317e+00 1.854520719188760538e-03 1.208239608801955995e+02 3.004872722322005529e+01
3.227683765295594753e+00 1.874065427032763596e-03 1.189362214199759364e+02 3.015025660709607891e+01
3.234131017772435612e+00 1.840716304877563787e-03 1.201035758323057934e+02 3.096717571710177097e+01
3.240599979113187423e+00 1.901252405176113557e-03 1.192657176749703467e+02 3.107973415902376857e+01
3.247028333220890239e+00 1.799593188369970169e-03 1.210188679245283083e+02 3.117739335502419706e+01
3.253443203786942295e+00 1.907653420062672836e-03 1.200153301886792434e+02 3.120691021757070516e+01
3.259883502116921683e+00 1.795580006981134817e-03 1.208664987405541495e+02 3.131474080435408069e+01
3.266300345605878341e+00 1.923600185575663262e-03 1.197209847596717509e+02 3.117607439562658200e+01
3.272853483066015201e+00 1.856140221165968399e-03 1.192487804878048792e+02 3.073122066978217148e+01
3.279208055010873757e+00 1.838273880463746476e-03 1.185889570552147205e+02 3.056642950967616201e+01
3.285677511815711327e+00 1.882917816817657360e-03 1.171634844868735144e+02 3.013224167229902406e+01
3.292103848527159204e+00 1.835553428200827411e-03 1.164687882496940006e+02 2.963374806438550024e+01
3.298586108799094418e+00 1.888317585372828586e-03 1.142482185273159132e+02 2.874962295624535003e+01
3.305031100311709658e+00 1.850386223069815962e-03 1.130292326431181493e+02 2.861696999261295105e+01
3.311493553422723224e+00 1.868513817595845007e-03 1.104319809069212397e+02 2.798307651904779902e+01
3.317903636599865536e+00 1.824831080609758517e-03 1.094233128834355853e+02 2.828965820203296744e+01
3.324331097200103002e+00 1.867240715589447552e-03 1.068595238095238074e+02 2.884218725882305989e+01
3.330698991454875468e+00 1.802295415888940022e-03 1.062069825436409047e+02 2.900958324502870411e+01
3.337129369178693850e+00 1.924555404658041986e-03 1.038826945412311318e+02 2.915458090089147802e+01
3.343680207265053550e+00 1.861922247852822480e-03 1.016815440289505403e+02 2.925371748912020209e+01
3.350044083295126374e+00 1.835162792558274860e-03 9.995868772782503697e+01 2.931333541471268234e+01
3.356505604070456616e+00 1.871227406804753775e-03 9.807227488151659145e+01 2.939751785930307548e+01
3.362916001860436488e+00 1.833654571443432820e-03 9.718635809987819130e+01 2.926071794365854473e+01
3.369285096640512123e+00 1.875337531839301689e-03 9.623658536585365653e+01 2.886892875724208807e+01
3.375802434903234950e+00 1.848095989791553092e-03 9.663870094722598481e+01 2.905175196247406788e+01
3.382214916359785661e+00 1.843501739730700950e-03 9.592134831460674604e+01 2.880137122335344557e+01
3.388621595555129762e+00 1.837214591020290208e-03 9.518631732168850590e+01 2.826242529751199584e+01
3.395087870480640202e+00 1.897809126909797642e-03 9.563808139534883423e+01 2.800567115400200535e+01
3.401600099274715294e+00 1.862825267528726196e-03 9.497737556561085626e+01 2.732789661954688398e+01
3.408008587822927371e+00 1.829521772960810344e-03 9.584782608695651618e+01 2.636164323661340703e+01
3.414429009776510870e+00 1.863403552598411495e-03 9.807120743034056431e+01 2.481238566632685050e+01
3.420895508941175223e+00 1.876279003669552520e-03 1.033912363067292688e+02 2.451519225433522564e+01
3.427361199308996742e+00 1.871984655860910217e-03 1.080348101265822720e+02 2.388730360911730344e+01
3.433789816721534383e+00 1.835455874914732619e-03 1.122532467532467564e+02 2.350361766687407794e+01
3.440207803416203358e+00 1.864980166185075923e-03 1.156553398058252498e+02 2.378222537696969496e+01
3.446682336316245543e+00 1.886495457043324163e-03 1.171300813008130035e+02 2.430272237342419572e+01
3.453142116062292821e+00 1.850491205141300763e-03 1.173949579831932795e+02 2.364554712577398021e+01
3.459552608189105705e+00 1.840426776601197887e-03 1.173750000000000000e+02 2.333511999845866924e+01
3.466037827277117955e+00 1.895781883946169978e-03 1.181528013582342993e+02 2.388954494521615857e+01
3.472473653977210972e+00 1.828931698347952819e-03 1.166726296958855045e+02 2.332502567318666564e+01
3.478868831430015351e+00 1.849798838882201271e-03 1.160803571428571388e+02 2.243774977122077630e+01
3.485296939778874226e+00 1.846836384750711896e-03 1.162417582417582480e+02 2.260240552817210258e+01
3.491740378822062674e+00 1.892374048568714641e-03 1.157176684881602853e+02 2.289848334889662951e+01
3.498222076309955408e+00 1.850392789083453492e-03 1.138458646616541330e+02 2.306786354453404897e+01
3.504611891581455030e+00 1.828338000025509641e-03 1.114116504854368941e+02 2.272290413493363914e+01
3.511032309223517167e+00 1.894740202114146826e-03 1.104446564885496116e+02 2.522834040761752661e+01
3.517510811405253346e+00 1.847376399887671770e-03 1.063458498023715464e+02 2.633595740502897797e+01
3.523886222494890585e+00 1.819823680849573695e-03 1.034089979550102214e+02 2.775107026094157447e+01
3.530333766363422221e+00 1.913949961282706506e-03 1.036158415841584173e+02 3.011545733527376001e+01
3.536838628960300657e+00 1.837400593869444173e-03 9.893125000000000568e+01 2.821678218498701085e+01
3.543212277439104163e+00 1.824314092004992007e-03 9.770449678800856930e+01 2.804489079087728243e+01
3.549634251627681092e+00 1.895848120010211945e-03 9.903781512605041826e+01 2.969354530286103966e+01
3.556117060308725097e+00 1.842284182035823720e-03 9.603275109170306223e+01 2.742184374105374900e+01
3.562580790750173865e+00 1.873137250446494902e-03 9.715131578947368496e+01 2.804428322010817354e+01
3.569027121761189303e+00 1.864198494303047999e-03 9.715315315315315559e+01 2.747565420032611172e+01
3.575415228040989657e+00 1.829283293316363293e-03 9.663805104408352520e+01 2.476891688491422983e+01
3.581824267593239686e+00 1.860007523854312686e-03 9.746403712296984168e+01 2.434261712268707356e+01
3.588330065081806630e+00 1.895947895659538546e-03 9.534802784222738126e+01 1.978510676674453705e+01
3.594804804657118602e+00 1.838793340235311087e-03 9.410487804878049189e+01 1.639650432122586921e+01
3.601203120605045882e+00 1.866742151695356807e-03 9.423284313725490335e+01 1.605208378943629199e+01
3.607629953215138574e+00 1.849946976811765471e-03 9.248120300751880052e+01 1.218879166157717009e+01
3.614090854913730499e+00 1.868416365547433599e-03 9.191919191919191690e+01 1.142314385308245939e+01
3.620574720227974552e+00 1.873754476683962313e-03 9.055269922879178068e+01 9.257349246799536857e+00
3.627004027770476924e+00 1.835919208150294619e-03 8.812299465240641894e+01 7.345642464092021484e+00
3.633382280898821648e+00 1.849285921997263250e-03 8.693495934959349825e+01 7.445442756620546554e+00
3.639818201334091174e+00 1.872714577785467623e-03 8.461852861035421824e+01 6.519560284661876537e+00
3.646271849872324999e+00 1.848931603973280732e-03 8.269382022471910432e+01 6.692759844720162832e+00
3.652754025121335069e+00 1.886957975833729447e-03 8.100000000000000000e+01 7.831978526556967246e+00
3.659208746855755479e+00 1.834720162372708565e-03 7.885250737463127280e+01 8.637483975559192118e+00
3.665582835495777569e+00 1.840575612045432024e-03 7.640540540540540349e+01 1.000190307352151819e+01
3.672040343112283445e+00 1.886479483533069204e-03 7.371856287425150356e+01 9.944646721845726844e+00
3.678529717319615866e+00 1.858096912976999176e-03 7.160559006211180133e+01 9.437357300628258727e+00
3.684932562337432049e+00 1.835190244932949138e-03 7.022186495176849519e+01 8.774032349845800383e+00
3.691340469028411508e+00 1.865394116403416890e-03 6.907766990291261777e+01 7.830157779294777853e+00
3.697825917576230470e+00 1.878575472322643403e-03 6.835855263157894512e+01 6.287591245489809744e+00
3.704288468942850354e+00 1.854378416201764085e-03 6.857679180887372183e+01 5.239030137203808835e+00
3.710695071708606907e+00 1.843173339766954189e-03 6.883157894736842763e+01 4.321609255342660383e+00
3.717119980493126530e+00 1.858275420549158159e-03 6.883571428571428896e+01 3.819722583152458384e+00
3.723579054116692877e+00 1.875547371405369762e-03 6.822181818181817903e+01 2.858919636436694223e+00
3.730020297411832164e+00 1.843995263516665269e-03 6.878409090909090651e+01 2.942296871755584853e+00
3.736426917509388268e+00 1.851423495632689448e-03 6.849612403100775282e+01 3.307843771831592949e+00
3.742862848593606184e+00 1.866246695943705233e-03 6.766798418972331319e+01 3.576260471081721182e+00
3.749304155234212121e+00 1.850203366498975400e-03 6.736475409836064898e+01 3.212361905779921312e+00
3.755769545342233950e+00 1.881542671327423493e-03 6.719917012448132709e+01 3.122425249113977674e+00
3.762207580716425692e+00 1.832713059301602828e-03 6.637719298245613686e+01 3.052133706122525769e+00
3.768650259547695391e+00 1.882711660849632198e-03 6.567841409691629906e+01 3.241527515032500695e+00
3.775101190588130873e+00 1.841328330998877110e-03 6.522790697674417970e+01 3.090164792110824621e+00
3.781544745172108257e+00 1.876261972947606757e-03 6.447169811320755173e+01 3.485347961021735053e+00
3.787984350729691752e+00 1.841817734800533721e-03 6.378606965174129328e+01 3.705305504137023309e+00
3.794443778523244770e+00 1.888119406057294294e-03 6.249748743718593147e+01 3.917648658421663654e+00
3.800887998049732097e+00 1.829598834944004332e-03 6.079032258064516014e+01 4.532803319285045873e+00
3.807319286871066577e+00 1.879776389761753357e-03 6.012500000000000000e+01 5.292657958046180333e+00
3.813728772969168901e+00 1.816176537965013323e-03 5.921052631578947256e+01 4.075050015082417154e+00
3.820127884734960233e+00 1.870328496078344947e-03 5.903550295857988317e+01 3.473332459469796518e+00
3.826558902351690605e+00 1.840091099185570860e-03 5.883647798742138235e+01 2.750168554766236451e+00
3.832976717434447789e+00 1.862754303780558536e-03 5.731168831168831446e+01 2.478938096583398920e+00
3.839467489846226655e+00 1.881591717002498556e-03 5.697297297297297547e+01 2.579630270051894936e+00
3.845958738964208923e+00 1.872212223355807642e-03 5.652142857142857224e+01 2.540327795014345469e+00
3.852379013358490312e+00 1.829949564810406546e-03 5.566153846153846274e+01 2.780106847378395418e+00
3.858770514458473411e+00 1.860590576749386821e-03 5.520799999999999841e+01 2.529505880601981449e+00
3.865201312403456324e+00 1.846877382617491750e-03 5.473504273504273243e+01 2.337946661966376460e+00
3.871669834970288271e+00 1.885989225799452511e-03 5.483035714285714590e+01 3.426012810178940438e+00
3.878154213609482870e+00 1.855219997046820071e-03 5.298058252427184556e+01 3.845236300859130818e+00
3.884570297975108666e+00 1.842018581107749764e-03 5.123157894736841911e+01 3.365673221316499930e+00
3.891030549524630455e+00 1.892572859664069882e-03 5.058888888888888857e+01 3.276817185043671365e+00
3.897480132485925619e+00 1.830223622249431631e-03 4.910000000000000142e+01 3.585212685462327631e+00
3.903837790606199842e+00 1.833538786489578550e-03 4.836986301369862673e+01 3.398999775606507789e+00
3.910297958451704581e+00 1.898394991490752427e-03 4.741176470588235503e+01 2.743662089416197603e+00
3.916760076293909876e+00 1.823271174774054393e-03 4.731034482758620641e+01 3.252914178699362502e+00
3.923205856217289345e+00 1.907998375040481686e-03 4.662264150943396146e+01 2.884818661768042691e+00
3.929647757040283906e+00 1.804292177573046203e-03 4.686046511627907307e+01 3.102974026579473854e+00
3.936002968608691699e+00 1.864030959871269735e-03 4.883783783783783861e+01 3.424336056636401615e+00
3.942404476100300759e+00 1.828532384993888883e-03 4.979310344827586476e+01 3.020343233166645991e+00
3.948822507765122225e+00 1.871711324841116540e-03 4.922727272727272663e+01 3.364864640603953738e+00
3.955157590966607906e+00 1.825831164639231917e-03 5.107142857142856940e+01 2.951996902824546076e+00
3.961507824082775464e+00 1.968979546566614058e-03 5.642857142857143060e+01 4.108229669870972600e+00
