# q qerr I(q) I(q)err
8.294532032279089417e-03 3.215448162638725495e-03 9.166666666666666297e-01 2.334466946038567770e+01
1.547771440847061503e-02 1.298069176105710962e-03 9.166666666666666297e-01 5.651941652604390853e-01
2.114153426598287117e-02 1.953452460535632252e-03 1.100000000000000089e+00 5.873670062235365474e-01
2.708829541553820289e-02 1.932501425123600049e-03 1.208333333333333259e+00 4.639803635691684969e-01
3.424760286937652415e-02 2.393094809829984012e-03 1.136363636363636465e+00 3.789393636484787997e-01
4.134659872356089005e-02 1.444308516548141333e-03 1.333333333333333259e+00 5.091750772173154749e-01
4.709622292726145520e-02 1.633576272088444088e-03 1.324999999999999956e+00 5.024937810560444751e-01
5.289360403025952090e-02 1.994215660312892175e-03 1.187500000000000000e+00 4.677071733467426662e-01
5.941266175682404643e-02 2.038777625163953021e-03 1.060000000000000053e+00 3.969886648255840922e-01
6.623959740571712385e-02 2.014614798769268252e-03 1.185185185185185119e+00 4.581228472908513982e-01
7.251770781946841049e-02 1.767162065969994948e-03 1.250000000000000000e+00 4.621056877670590146e-01
7.836204892921720677e-02 1.794558473909566021e-03 1.520000000000000018e+00 1.058300524425836553e+00
8.476368586159346852e-02 2.173163639586968114e-03 2.796875000000000000e+00 5.721609599251769041e+00
9.171767809022127182e-02 2.151270969520740432e-03 9.382352941176471006e+00 2.428611355113627823e+01
9.840741527280037759e-02 1.879523288412654567e-03 2.376666666666666572e+01 5.728503294927917722e+01
1.046713563714864598e-01 1.717715818177843919e-03 5.497999999999999687e+01 1.037410198523226654e+02
1.108696467093386595e-01 1.978629817275711061e-03 9.037735849056603854e+01 1.476895539406312707e+02
1.174911181025048434e-01 2.151142134119994175e-03 1.304098360655737565e+02 1.930927392890217789e+02
1.240901985761322518e-01 1.682567093931450772e-03 1.945999999999999943e+02 2.527464579375940446e+02
1.302695169190241364e-01 1.981638030988197227e-03 2.168644067796610102e+02 2.840184936584539628e+02
1.366843399328758479e-01 1.885635125754002352e-03 2.758392857142857224e+02 3.322922926123803791e+02
1.431380625310322841e-01 2.037281709542672608e-03 3.044032258064515872e+02 3.546158148907850887e+02
1.497407916800755912e-01 2.013243134106564892e-03 3.521746031746031917e+02 3.961165704241308845e+02
1.560440161600273323e-01 1.800320108738214832e-03 3.884912280701754526e+02 4.280022695636272374e+02
1.626324968867556287e-01 2.166758397174068339e-03 4.219054054054054177e+02 4.416882268903680711e+02
1.693678508908615654e-01 1.711853084056604935e-03 4.543999999999999773e+02 4.773415758133791087e+02
1.755753172360756398e-01 1.940749690505284321e-03 4.903623188405796895e+02 4.826884298933080686e+02
1.819629297477835528e-01 1.792019476258344991e-03 5.211692307692308077e+02 5.158188756007631355e+02
1.883474920212158954e-01 1.982820530303366913e-03 5.398611111111110858e+02 5.382689908945544630e+02
1.949500334927739553e-01 1.985593967279970003e-03 5.827066666666667061e+02 5.439443384922558380e+02
2.014306324154557237e-01 1.750557958225071797e-03 6.022318840579710013e+02 5.652579572956707352e+02
2.076332073357673447e-01 1.865361520913360683e-03 6.423918918918918735e+02 5.650187036730424097e+02
2.140129245322099916e-01 1.882829286684015863e-03 6.416799999999999500e+02 5.851029994795786706e+02
2.204163405633874917e-01 1.951475208267544961e-03 6.853974358974359120e+02 5.828428569159856352e+02
2.268599176829277919e-01 1.954094669929957399e-03 6.844874999999999545e+02 5.971959736447491878e+02
2.335135695299082048e-01 1.986313139076756155e-03 6.991176470588235361e+02 6.069807046179860208e+02
2.400224779461884173e-01 1.823737618079871109e-03 7.315625000000000000e+02 6.051996493926611720e+02
2.464005577519743639e-01 1.894426896505377799e-03 7.486352941176470495e+02 6.093445690866806217e+02
2.528350385827773383e-01 1.829527638271931031e-03 7.696428571428571104e+02 6.143177296474387958e+02
2.590859102888302123e-01 1.817056121189442432e-03 7.749166666666666288e+02 6.203859525801098016e+02
2.654612130450557106e-01 1.918447197659697845e-03 7.856404494382022676e+02 6.262104874151086733e+02
2.718942366720529247e-01 1.942478483450333455e-03 8.205934065934065984e+02 6.135550572163189145e+02
2.784185743669774227e-01 1.921358219378808702e-03 8.157526881720430083e+02 6.141907085752546891e+02
2.849156375412667530e-01 1.882334819595186037e-03 8.735531914893616658e+02 5.843337976689646212e+02
2.911870294677750826e-01 1.766712284927822799e-03 8.758202247191011338e+02 5.705811835393943738e+02
2.976511517037133681e-01 2.019527329980297554e-03 9.219611650485436485e+02 5.354467312425234695e+02
3.043178155919494809e-01 1.919359421117726450e-03 9.310700000000000500e+02 5.193653009202676003e+02
3.108074081907638564e-01 1.815555258398614735e-03 9.654387755102040956e+02 4.948314861732777103e+02
3.170970610330232087e-01 1.826000353424227750e-03 9.843434343434342964e+02 4.767001330344023131e+02
3.235319739834495723e-01 1.908097576542081529e-03 9.916190476190475920e+02 4.597081929612924682e+02
3.300700059726238145e-01 1.867687188749142220e-03 1.033367924528301955e+03 4.329479250884298835e+02
3.365262003550894554e-01 1.808122422876843900e-03 1.030390476190476193e+03 4.245497713932051056e+02
3.429039324965278412e-01 1.810371451943152679e-03 1.062188679245283083e+03 4.002483004700856100e+02
3.492243179790229801e-01 1.835371710213073819e-03 1.076611111111111086e+03 3.828063077310549147e+02
3.555659880086458058e-01 1.813249007222180170e-03 1.090425925925925867e+03 3.674085025091953298e+02
3.620245372922214488e-01 1.918012235727336494e-03 1.113521367521367438e+03 3.468593241527441364e+02
3.685406119477664388e-01 1.798147481859587110e-03 1.111864864864864785e+03 3.359753428028789131e+02
3.750909242308860247e-01 1.967614233492519498e-03 1.139895161290322676e+03 3.108209671937246412e+02
3.816999037813160189e-01 1.752662604176019427e-03 1.138913043478260761e+03 2.938505098127315591e+02
3.880273799716012495e-01 1.749306826939258557e-03 1.144672413793103487e+03 2.754879092430738865e+02
3.942361145945514900e-01 1.745527907058957431e-03 1.144267241379310235e+03 2.607456975999501196e+02
4.006128291384035145e-01 1.852638254231622501e-03 1.148813008130081244e+03 2.453957068586893797e+02
4.070503578694664726e-01 1.848743254130127446e-03 1.150524193548387075e+03 2.367023694569948020e+02
4.135933781829447264e-01 1.871256654943844995e-03 1.149007751937984494e+03 2.284275197583376382e+02
4.202179442533061082e-01 1.832712641984981681e-03 1.161507692307692196e+03 2.154979207467066544e+02
4.266798115557093873e-01 1.759393680741872749e-03 1.163031496062992119e+03 2.059193119537991379e+02
4.330910535146235696e-01 1.771858374752960505e-03 1.167930769230769329e+03 1.967501013134781260e+02
4.395078467689783608e-01 1.772659720438770270e-03 1.166780303030303003e+03 1.886814577352871538e+02
4.457793319829173595e-01 1.654526338047628432e-03 1.155647999999999911e+03 1.812928715642178759e+02
4.521562795609589402e-01 1.887763445894669913e-03 1.160190140845070346e+03 1.683717394644000649e+02
4.587656575942579140e-01 1.769717907920350091e-03 1.141321167883211729e+03 1.595505363451864298e+02
4.652405449529313231e-01 1.746242423612376143e-03 1.133769784172661957e+03 1.487194839716343040e+02
4.716282944699034529e-01 1.704407088516023735e-03 1.123416058394160473e+03 1.383454551795308873e+02
4.780637153179891352e-01 1.798647074538550902e-03 1.116888888888888914e+03 1.270854128548741784e+02
4.844976548260259142e-01 1.723433333189145671e-03 1.109647887323943678e+03 1.206598070193814607e+02
4.908596034113225648e-01 1.665744062354685903e-03 1.096219858156028295e+03 1.176250324426306975e+02
4.972011979785150859e-01 1.734256865849588200e-03 1.096184931506849352e+03 1.114858610047849936e+02
5.036178995103413047e-01 1.747915368961153139e-03 1.087256756756756658e+03 1.050628351241499843e+02
5.101756467004687767e-01 1.800451491856020327e-03 1.081754838709677415e+03 1.008804606775467221e+02
5.166235656727934389e-01 1.648057805296297825e-03 1.074653061224489875e+03 9.460544486724002411e+01
5.229884928033705638e-01 1.714260039451578075e-03 1.069828947368421041e+03 8.917116087301120331e+01
5.293925748937229336e-01 1.756900675637705763e-03 1.063262820512820554e+03 8.571013640124364485e+01
5.357749724968067229e-01 1.647361260156582873e-03 1.054960264900662196e+03 8.067811613365913104e+01
5.422269581426349960e-01 1.797131621318817348e-03 1.051847560975609667e+03 7.764526262720318073e+01
5.488258977193463117e-01 1.752106618123457169e-03 1.042838509316770114e+03 7.284291956074979169e+01
5.552607346015674405e-01 1.711536068502800701e-03 1.036306250000000091e+03 6.988742286706529683e+01
5.616696921416424182e-01 1.713298320607429745e-03 1.026926380368098080e+03 6.854795656585621089e+01
5.680596363279470928e-01 1.671719726027721563e-03 1.019343750000000000e+03 6.582872841225933769e+01
5.744116486855085357e-01 1.773350792090137981e-03 1.013976190476190482e+03 6.049054830500681135e+01
5.808465417437830292e-01 1.706594120505047427e-03 1.006927272727272680e+03 5.566392959404895890e+01
5.872915480827241019e-01 1.773275249674210931e-03 1.000728323699421935e+03 5.219566121192571728e+01
5.936297343998458986e-01 1.608871723183330060e-03 9.906296296296296759e+02 4.988186088875130508e+01
6.000917821228005655e-01 1.852508397134843563e-03 9.861758241758242320e+02 4.767751960937060574e+01
6.066068710033430955e-01 1.719733697199352486e-03 9.781111111111110858e+02 4.817517984622759997e+01
6.129319261090041548e-01 1.700305612135823196e-03 9.739651162790697754e+02 4.747311086006779846e+01
6.193292159447265632e-01 1.792945791870086646e-03 9.668333333333333712e+02 4.573266722870917533e+01
6.257789288608107681e-01 1.769335618302108433e-03 9.584350282485875141e+02 4.440974710115086310e+01
6.322945183878984077e-01 1.883051681004075783e-03 9.524497354497354991e+02 4.350376874887591327e+01
6.387697914265673127e-01 1.734308686986089703e-03 9.447784090909091219e+02 4.428055803903033905e+01
6.450797878865883739e-01 1.812617312363664322e-03 9.389456521739130039e+02 4.269764797093075970e+01
6.514777522098027518e-01 1.807195130708317372e-03 9.305135135135135442e+02 4.093242484808937576e+01
6.579453254174412180e-01 1.840076954070700866e-03 9.235343915343914887e+02 3.950089148056763833e+01
6.642487788958216788e-01 1.761967380250493336e-03 9.164065934065934016e+02 4.005081378776454670e+01
6.707545140871414846e-01 1.952870522822350513e-03 9.102350000000000136e+02 3.985148617053069842e+01
6.772291234912055646e-01 1.844192786587162299e-03 9.009047619047619264e+02 4.199944510065475356e+01
6.834443396870620857e-01 1.745041746211572261e-03 8.926793478260869961e+02 4.340799621222662097e+01
6.899300657465672337e-01 1.988575045799213618e-03 8.880000000000000000e+02 4.312088389654511644e+01
6.965346490814943170e-01 1.967867873463197050e-03 8.792462311557789008e+02 4.783809487352370127e+01
7.030970487636396538e-01 2.020648629947002003e-03 8.726407766990291748e+02 4.767314168500517724e+01
7.095716427219228573e-01 1.946516927103622520e-03 8.678131313131312936e+02 5.010533848197644602e+01
7.160970279381224657e-01 2.044543341153194464e-03 8.671476190476190595e+02 5.264035982963260096e+01
7.226116891734091219e-01 2.004959656352403585e-03 8.649658536585366164e+02 5.500056437977696788e+01
7.291288619178314390e-01 2.011427705279334160e-03 8.607428571428571331e+02 6.099128966472168401e+01
7.356079106374427967e-01 1.973711099579897668e-03 8.551682692307692832e+02 5.817216981174510693e+01
7.419803430714648762e-01 1.939746738906150680e-03 8.450731707317073642e+02 5.817404398198841875e+01
7.484516812817442188e-01 2.022257641999446187e-03 8.352454545454545496e+02 5.151469300152454167e+01
7.549512183205485671e-01 1.898119824350936232e-03 8.225432692307692832e+02 5.365139227914895770e+01
7.613853957290165342e-01 1.973382858640895885e-03 8.148772727272727252e+02 4.962452489520055821e+01
7.678481984516135617e-01 1.903941598965435333e-03 8.047953488372093034e+02 5.048102524931265833e+01
7.743372045322526320e-01 1.915374251326664194e-03 7.994189189189189619e+02 4.819028814438659225e+01
7.807807857039134047e-01 1.872160005679921477e-03 7.940275229357798707e+02 4.937238495619732959e+01
7.871827117013717734e-01 1.874571936203420349e-03 7.888506787330317138e+02 5.037654247784653450e+01
7.935705088346153291e-01 1.846468364235832015e-03 7.825919282511210895e+02 5.140686460237678546e+01
7.999497029225959288e-01 1.794315080242126848e-03 7.758858447488584034e+02 5.147992613003388129e+01
8.063895263538338742e-01 1.919941342275102670e-03 7.713940677966102157e+02 4.888484157980547451e+01
8.129038415374738591e-01 1.785391972586650427e-03 7.637511111111110722e+02 4.921353984122361425e+01
8.193543447618309994e-01 1.828478467253065801e-03 7.569914893617021789e+02 4.806595532771942914e+01
8.257450256705209934e-01 1.731942097964038994e-03 7.492946428571428896e+02 4.892385885477909113e+01
8.321389716972604766e-01 1.845140229989535984e-03 7.442583333333333258e+02 4.826032884552049751e+01
8.386208936931099922e-01 1.751195931903918061e-03 7.374529914529914549e+02 4.945322558670176250e+01
8.449970631363269424e-01 1.723661030767332288e-03 7.307284482758620925e+02 5.047065640691693034e+01
8.513046230100612677e-01 1.773741526074865430e-03 7.245840336134453992e+02 4.968253854194686170e+01
8.578256185292513214e-01 1.822821089358022794e-03 7.172469635627530806e+02 4.728024735793660938e+01
8.643009097266359797e-01 1.747841479780405487e-03 7.095186721991701688e+02 4.737533037348771359e+01
8.706520843132705689e-01 1.718512007701664341e-03 7.013067226890756274e+02 4.818660837566308430e+01
8.770655084888429043e-01 1.823306464836067656e-03 6.964545454545454959e+02 4.792753018338186166e+01
8.835379301005906738e-01 1.720994191554163586e-03 6.911646090534979976e+02 4.736412579726071925e+01
8.899818591232092624e-01 1.816014583941305376e-03 6.919215686274509380e+02 4.731042056341252078e+01
8.963154830142930907e-01 1.686559403020368615e-03 6.977791666666666970e+02 5.976199583207821320e+01
9.027402481510985455e-01 1.849914512401526186e-03 7.106221374045801440e+02 8.496016609821843701e+01
9.092741475074460622e-01 1.818523953956779297e-03 7.070431372549019216e+02 9.737909685564648044e+01
9.156513574886713247e-01 1.799905876070713017e-03 6.869404761904761472e+02 7.583286362018446880e+01
9.219738414041327434e-01 1.816254378221876130e-03 6.709921875000000000e+02 5.829079099392343721e+01
9.284093843578240524e-01 1.864548344913183461e-03 6.584346153846154266e+02 5.057204773226330730e+01
9.348720171621091035e-01 1.939851900461452830e-03 6.468801498127340892e+02 4.543007323455141488e+01
9.413551784733346084e-01 1.927152036582965508e-03 6.359961832061068208e+02 4.965234065677297082e+01
9.478756351150825488e-01 2.022964964773094239e-03 6.320036231884057543e+02 4.754002890013937588e+01
9.544794314844599059e-01 1.995588314593873917e-03 6.275350553505535345e+02 4.525495434864409106e+01
9.609640598131067302e-01 1.976081289299603128e-03 6.244080882352941444e+02 4.639861299485169610e+01
9.673540511875814429e-01 1.900963898517757681e-03 6.178446969696969973e+02 4.633714056488626909e+01
9.738764300010358532e-01 2.020370959177093719e-03 6.152777777777778283e+02 4.445054428627031484e+01
9.803887395962943563e-01 1.868024915732807104e-03 6.099625468164794029e+02 4.363560326975307646e+01
9.867609507399704993e-01 1.907798179635916648e-03 6.062186379928315318e+02 4.255807256228358426e+01
9.931792738827067701e-01 1.861169570246367679e-03 6.013709090909090946e+02 4.208759429319321299e+01
9.997024529712079666e-01 1.929714342920701943e-03 5.976609589041096342e+02 4.071060142171626239e+01
1.006152710574202525e+00 1.760100644785859590e-03 5.927279411764706083e+02 4.093990375018478289e+01
1.012546487448541255e+00 1.858180627704414780e-03 5.901972318339099957e+02 3.986777258284320880e+01
1.018988798098918291e+00 1.803978976354649174e-03 5.861936619718310340e+02 4.050371841100557191e+01
1.025394048634321598e+00 1.775790568352827222e-03 5.845508771929825116e+02 4.151106650833341405e+01
1.031778999059903112e+00 1.783042104657854955e-03 5.839792387543252516e+02 4.287730361103094623e+01
1.038243195035333466e+00 1.800042721148124251e-03 5.869556313993174399e+02 4.529212646353719407e+01
1.044593270705168830e+00 1.728638088187854378e-03 6.067902097902098149e+02 6.283256145511814594e+01
1.051019473275584426e+00 1.807666001326826760e-03 6.945083612040133403e+02 1.463286404921752535e+02
1.057452118334604840e+00 1.764796907398143069e-03 9.262847457627118501e+02 3.196256834364365886e+02
1.063812741872586898e+00 1.735604614353873946e-03 1.213726027397260168e+03 4.643706737412340999e+02
1.070275566257694377e+00 1.860876787998901613e-03 1.518493548387096780e+03 6.094671019215574006e+02
1.076675486865225739e+00 1.737707282280460301e-03 1.674061855670103114e+03 7.219290046780038210e+02
1.083000003099001241e+00 1.811785629637566912e-03 1.760628289473684163e+03 7.333870406531783601e+02
1.089457558406981885e+00 1.875700427842611059e-03 1.688707792207792181e+03 7.043822530920793952e+02
1.095857128634095679e+00 1.865882195591197666e-03 1.565062500000000000e+03 6.229263464820278386e+02
1.102286980210992473e+00 1.937596539280167377e-03 1.476549520766773185e+03 5.891611897013549424e+02
1.108924588094037933e+00 2.035521144429528872e-03 1.345161585365853625e+03 5.464542792044514954e+02
1.115518250266801070e+00 1.963453062553008333e-03 1.130354430379746873e+03 4.437803248979654995e+02
1.121980766162010701e+00 1.920251373127695831e-03 8.507452229299362898e+02 2.771669365389270752e+02
1.128426312748922689e+00 1.950613960551148517e-03 6.681055900621117871e+02 1.620178323473499802e+02
1.134959239864979930e+00 1.915365560061970144e-03 5.773538461538461206e+02 9.269529340866417044e+01
1.141388067807542761e+00 1.819889318180962796e-03 5.297238095238095639e+02 5.378123515431857982e+01
1.147829738822878420e+00 1.877407927217479219e-03 5.092127659574468339e+02 4.190937969996301860e+01
1.154234759887723172e+00 1.796226287448233561e-03 4.989749216300940589e+02 4.047890329800203091e+01
1.160592008141087206e+00 1.784421184300352767e-03 4.933374613003095988e+02 3.925527923635691963e+01
1.167026991042843242e+00 1.836276795008287468e-03 4.883671641791044635e+02 3.829501374229852928e+01
1.173494023876834547e+00 1.758155136545365687e-03 4.837859327217125269e+02 3.944627443031763647e+01
1.179808164649816637e+00 1.732605827553653768e-03 4.701876923076923163e+02 5.381940566408646021e+01
1.186220583891021807e+00 1.881017850291822648e-03 4.752282958199356813e+02 4.699757191828278735e+01
1.192681073817049464e+00 1.793318889751105601e-03 4.727275862068965466e+02 4.699575207863350812e+01
1.199065629744253458e+00 1.797529783280079436e-03 4.690915492957746551e+02 4.647044764647097281e+01
1.205502001077074059e+00 1.899328588103967692e-03 4.649554794520548171e+02 4.518900099204075360e+01
1.211991242640565014e+00 1.826306843735066819e-03 4.616811594202898732e+02 4.496236845151270956e+01
1.218362901235649165e+00 1.888953249129523074e-03 4.591187050359712316e+02 4.489428836141490109e+01
1.224837827500277143e+00 1.938626244914326818e-03 4.524676258992805629e+02 5.107350029698674376e+01
1.231306496939841066e+00 1.935692192720165272e-03 4.512318840579710013e+02 4.901332232766376507e+01
1.237900180047003751e+00 1.954996484647400414e-03 4.488351254480286912e+02 4.700084842123190043e+01
1.244387829439413284e+00 1.881879514088832415e-03 4.470074626865671803e+02 4.614573736144831173e+01
1.250735832344970877e+00 1.818331757808236372e-03 4.456899224806201687e+02 4.649243014657157858e+01
1.257083335292831006e+00 1.905720956169173206e-03 4.433357933579335963e+02 4.544084101033065082e+01
1.263603115287416090e+00 1.841854869392088893e-03 4.402651515151515014e+02 4.544926010938306149e+01
1.270020777910819465e+00 1.832011672431217405e-03 4.376159695817490274e+02 4.568347992450545547e+01
1.276488051741652807e+00 1.832185980768075541e-03 4.331749049429657816e+02 4.643181063751660531e+01
1.282839323063532211e+00 1.758750693263018286e-03 4.304803149606299257e+02 4.739513421858297448e+01
1.289363492023574365e+00 1.805471412487298991e-03 4.151649831649831413e+02 5.810167799543997802e+01
1.295761563244195891e+00 1.749310907134910172e-03 4.174228187919463267e+02 4.975187250366388980e+01
1.302096506369333051e+00 1.727886103868702576e-03 4.163986710963455380e+02 4.626223670894079731e+01
1.308490604613926855e+00 1.841981469325142248e-03 4.135077881619937443e+02 4.476987674673950579e+01
1.314923371882378955e+00 1.783204890748409099e-03 4.104598070739550053e+02 4.440046157879400823e+01
1.321263162947042602e+00 1.883891353746835161e-03 4.083395061728394921e+02 4.429129843152597346e+01
1.327809252188654421e+00 1.990407611744629372e-03 4.018372781065088475e+02 4.838436735823565016e+01
1.334395055816720577e+00 2.005908808147741692e-03 4.003782991202346011e+02 4.610311589626992657e+01
1.340924575314278222e+00 1.937181998292608577e-03 3.982567164179104680e+02 4.428584825354205634e+01
1.347326738882997477e+00 1.911240937813023883e-03 3.957396449704141901e+02 4.359207179159904655e+01
1.353867248119903444e+00 1.925349651844857632e-03 3.926487252124645693e+02 4.268897631391065772e+01
1.360292180733798650e+00 1.777880213384871099e-03 3.905568862275449078e+02 4.253364205814324350e+01
1.366716033276369036e+00 1.860440026654835337e-03 3.884565826330532445e+02 4.124325031318706891e+01
1.373134056949086190e+00 1.747663592607761902e-03 3.867982456140350678e+02 4.222703456238311048e+01
1.379508641949547476e+00 1.787974598008121871e-03 3.838873239436619542e+02 4.096035115804887994e+01
1.385849874457594222e+00 1.730044418412237826e-03 3.813314121037464020e+02 4.155168369543610396e+01
1.392210228535155858e+00 1.777760908321846531e-03 3.783361111111111086e+02 4.082777739979739806e+01
1.398630460992727143e+00 1.793834584281517276e-03 3.751611111111110972e+02 4.102701740813493814e+01
1.405027543482165298e+00 1.820682476180417696e-03 3.737961432506887149e+02 4.088951419612423877e+01
1.411380623846245186e+00 1.844474811107960554e-03 3.715527777777778056e+02 4.163193719303059481e+01
1.418011585217980208e+00 2.061904995500850411e-03 3.657231920199501474e+02 4.716718282795540773e+01
1.424633236002852632e+00 1.911062399977238009e-03 3.687459016393442539e+02 4.341017088755361897e+01
1.431027237377290762e+00 1.930893372260762729e-03 3.703984168865435436e+02 4.025693330759936117e+01
1.437551415863808524e+00 1.925262037142165712e-03 3.707662337662337677e+02 4.036983981813835243e+01
1.443999660086549230e+00 1.834928749309971486e-03 3.690212201591511985e+02 3.945244767073265990e+01
1.450408168300875378e+00 1.822080046480867126e-03 3.661753926701570663e+02 3.881872976185599100e+01
1.456762351763572827e+00 1.768742008520618686e-03 3.633973684210526471e+02 3.894079158552736430e+01
1.463211358413713192e+00 1.810126088705470279e-03 3.609566326530612059e+02 3.843949723159424536e+01
1.469593255354290973e+00 1.758193336020684059e-03 3.596171875000000000e+02 3.805288068616651742e+01
1.475950724204827313e+00 1.769305199294179780e-03 3.579767441860465169e+02 3.777427749013141067e+01
1.482355977374464340e+00 1.855140322631434503e-03 3.616025000000000205e+02 3.934207035731597557e+01
1.488803525874331735e+00 1.854999873494519958e-03 3.749287531806616016e+02 4.628550995904168275e+01
1.495319592526707764e+00 2.003828109077177445e-03 4.139330143540669837e+02 8.691119123152633108e+01
1.501939691759246465e+00 1.957822028991581826e-03 4.989902676399026973e+02 1.531733822821456101e+02
1.508463382234335848e+00 1.918938912685786129e-03 5.655623471882640843e+02 1.872713355301125375e+02
1.514901188746566207e+00 1.852902137227367511e-03 5.946034482758620925e+02 1.890298003366714852e+02
1.521228969867623793e+00 1.785136608190808364e-03 5.936347607052896365e+02 1.866009878123681176e+02
1.527563647216529041e+00 1.824993124647320475e-03 5.782788461538461888e+02 1.685434200839275434e+02
1.534022576503679458e+00 1.781774817406586286e-03 5.530485436893203541e+02 1.533747083433020748e+02
1.540418711468126034e+00 1.792491139398408621e-03 5.218612440191387805e+02 1.255336723865909505e+02
1.546838712332167631e+00 1.778278829154705072e-03 5.093903614457831281e+02 1.230049675929697628e+02
1.553238623106807825e+00 1.840983848395847744e-03 4.988349056603773306e+02 1.165595774286035891e+02
1.559673935783696619e+00 1.867161364404805587e-03 4.889833729216152278e+02 1.078412868616630647e+02
1.566161367499480317e+00 1.987417225671155377e-03 4.644444444444444571e+02 1.056728289940414669e+02
1.572795191923813007e+00 1.975399758409353626e-03 4.413123595505617800e+02 8.211281489145164869e+01
1.579229625961506400e+00 1.828964939238766603e-03 3.928822115384615472e+02 6.279760128658078600e+01
1.585615098485775532e+00 1.901195136705323549e-03 3.514103139013453188e+02 4.613684370697730941e+01
1.592069020803266399e+00 1.783565421147388207e-03 3.248262910798122221e+02 3.862276846284725451e+01
1.598398624204083740e+00 1.798472010651884717e-03 3.138904109589041127e+02 3.746543704423443444e+01
1.604843375939136507e+00 1.797152056805669104e-03 3.083416289592760222e+02 3.728002618243638722e+01
1.611212339410225569e+00 1.768878106258207515e-03 3.056192660550458982e+02 3.766207840881253333e+01
1.617590363377642504e+00 1.818287623560442892e-03 3.024382022471909863e+02 3.812386638621282486e+01
1.623974015669422899e+00 1.854816384487833732e-03 3.015417607223476466e+02 3.863037551444218565e+01
1.630543485616582799e+00 2.014479720267581264e-03 2.958912133891213330e+02 4.342699915810295153e+01
1.637155364196844820e+00 1.921442116166700376e-03 2.975594713656387853e+02 3.849198823167644434e+01
1.643640215828007012e+00 1.916406123937146409e-03 2.953240343347639509e+02 3.744310117842683638e+01
1.650095370295723063e+00 1.808845151496338592e-03 2.934810690423162782e+02 3.753803031225283604e+01
1.656466136267144007e+00 1.835556712886826517e-03 2.926301075268817158e+02 3.691591749822572410e+01
1.662921359457136594e+00 1.784847929403802829e-03 2.908278867102396248e+02 3.661875154895321316e+01
1.669278115879615276e+00 1.787810489320909016e-03 2.889956709956709915e+02 3.670264823516141917e+01
1.675603147458916142e+00 1.759339208401217896e-03 2.869602649006622528e+02 3.737992534847606407e+01
1.681944817773278311e+00 1.879012939346250957e-03 2.861160337552742590e+02 3.722144742017962926e+01
1.688494896982127180e+00 1.961244959671172398e-03 2.801296296296296191e+02 4.188517919920250421e+01
1.695047655103924189e+00 1.958531043791479891e-03 2.823024691358024825e+02 3.718325321931297367e+01
1.701563412030947964e+00 1.893890162085724253e-03 2.801544885177452784e+02 3.601034189013302012e+01
1.707975620325744792e+00 1.846204685496802061e-03 2.793883089770354786e+02 3.562871525041411758e+01
1.714377380249353600e+00 1.797036493929945892e-03 2.770292887029288522e+02 3.549791140201869410e+01
1.720768292737840266e+00 1.799184406037973973e-03 2.760329896907216494e+02 3.544833630384641765e+01
1.727152534628709324e+00 1.771490888047008889e-03 2.737599164926930939e+02 3.459286464834339370e+01
1.733526494930327289e+00 1.835615179227028260e-03 2.726496945010183026e+02 3.425228067536085774e+01
1.739975521513371870e+00 1.888347845677861795e-03 2.690711382113821060e+02 3.676517388472425552e+01
1.746497876640803248e+00 1.988580869552720402e-03 2.673468992248061795e+02 3.616703957773982836e+01
1.753090192095328348e+00 1.909790863647236811e-03 2.673824701195219404e+02 3.308133006423814493e+01
1.759542915568929722e+00 1.863330342728648260e-03 2.661354581673306825e+02 3.297841030765277281e+01
1.765978610475646082e+00 1.805054295706254351e-03 2.643260000000000218e+02 3.320825764775984368e+01
1.772332663329672986e+00 1.770928694831684115e-03 2.630544354838709751e+02 3.283955941629070452e+01
1.778664509689639184e+00 1.781133477909586536e-03 2.614431137724550922e+02 3.238648444895878953e+01
1.785069366740120511e+00 1.834600355293997381e-03 2.596523437500000000e+02 3.193938868960585609e+01
1.791506168727699633e+00 1.878728357369653049e-03 2.566313725490196020e+02 3.646780286643851099e+01
1.798039063906349488e+00 1.995486375923071192e-03 2.549851851851851734e+02 3.442831701297173908e+01
1.804647924016717919e+00 1.913848319004299433e-03 2.558295019157088177e+02 3.121074254999174968e+01
1.811089958053599736e+00 1.862622323854617795e-03 2.561149425287356394e+02 3.085155467777959615e+01
1.817521720439822408e+00 1.798364348704032875e-03 2.540752895752895881e+02 3.059752869989353741e+01
1.823812670535420288e+00 1.750448090683544159e-03 2.526725490196078567e+02 3.015473130487493236e+01
1.830221642949216854e+00 1.837728497302317443e-03 2.504301675977653758e+02 3.002296022226113692e+01
1.836582905300079060e+00 1.780128382536366044e-03 2.514549019607843263e+02 3.141006200863649767e+01
1.843061797820461534e+00 1.986079127245108083e-03 2.534795737122557853e+02 4.061625628645730046e+01
1.849632829275571488e+00 1.888944039210000737e-03 2.613665413533834680e+02 4.317199582648236600e+01
1.856090187264436642e+00 1.913060858845453587e-03 2.657799999999999727e+02 4.868294754652990974e+01
1.862531947297203283e+00 1.788974026913770074e-03 2.623716981132075716e+02 4.499736149853491440e+01
1.868931787959941415e+00 1.835149539700427039e-03 2.596156648451730575e+02 3.971064561463928300e+01
1.875342409945594868e+00 1.782793697721218873e-03 2.567001862197392938e+02 3.765355723901234342e+01
1.881685992375486283e+00 1.813583446463527945e-03 2.540922509225092369e+02 3.506487081834190178e+01
1.888176611507502489e+00 1.945205006648250507e-03 2.516278659611992907e+02 3.901340852990539787e+01
1.894684395670122701e+00 1.921537496908314263e-03 2.574025044722719144e+02 3.655054673875601168e+01
1.901176782548104516e+00 1.886986723452953362e-03 2.620782918149466241e+02 3.930890152673256210e+01
1.907561981128558237e+00 1.795440373499332084e-03 2.602718978102190022e+02 4.161824152458509474e+01
1.913985041606118376e+00 1.828239138046576940e-03 2.549508771929824604e+02 4.366012222496969741e+01
1.920403381422240097e+00 1.786024996940504313e-03 2.468949275362318758e+02 3.842003743718982633e+01
1.926716413297410169e+00 1.834639747803229817e-03 2.395088967971530280e+02 3.526276464104250863e+01
1.933271554332125497e+00 1.965820526812752777e-03 2.297643097643097576e+02 3.533168396371351605e+01
1.939792573083097382e+00 1.907526115978609412e-03 2.289773123909249648e+02 2.635426794083191027e+01
1.946288570836251841e+00 1.883695634446648113e-03 2.264940374787052804e+02 2.590729190231016688e+01
1.952655684029843908e+00 1.737190040939992066e-03 2.245497287522603926e+02 2.692039810208610362e+01
1.958969978021109171e+00 1.827434973414125523e-03 2.238037542662115982e+02 2.616162143289458797e+01
1.965496063115082181e+00 1.854230162972571750e-03 2.222516891891891930e+02 2.656899960225948831e+01
1.971963975922738088e+00 1.884120710564727479e-03 2.187551369863013804e+02 3.076019542880928626e+01
1.978442510441045021e+00 1.957066319931451050e-03 2.177627677100494168e+02 2.883651587779417724e+01
1.984931097981023740e+00 1.843590323278294961e-03 2.167059829059828928e+02 2.574411010699838798e+01
1.991287308585444338e+00 1.815152065882439042e-03 2.160664395229983086e+02 2.578268753752788811e+01
1.997701973476069481e+00 1.833321787203764366e-03 2.152591362126245826e+02 2.549988059013938368e+01
2.004164133665459424e+00 1.816322146449814287e-03 2.141803005008347327e+02 2.606364074130545205e+01
2.010465304371688244e+00 1.793999045974344238e-03 2.124956672443674108e+02 2.685188641183518854e+01
2.016906033528098163e+00 1.989616449670199121e-03 2.075117370892018869e+02 3.136022154947431062e+01
2.023555996358446407e+00 1.897180052363281293e-03 2.063770226537216956e+02 2.458001696936226566e+01
2.029968694217374470e+00 1.807083598350285245e-03 2.027525083612040078e+02 2.354601712926991297e+01
2.036339422929389187e+00 1.823287213829230622e-03 2.008087520259319376e+02 2.266621449567966096e+01
2.042808231593590484e+00 1.819045180469573350e-03 1.993409090909090935e+02 2.242996857464896721e+01
2.049121403930300289e+00 1.816823929832920258e-03 1.976187290969899664e+02 2.434241137556580270e+01
2.055546024436551544e+00 1.958593688934813937e-03 1.956388888888888857e+02 2.600810471047441297e+01
2.062179187475123410e+00 1.909374836257744399e-03 1.961109375000000057e+02 2.258834165473281175e+01
2.068587893715514436e+00 1.782255124468116103e-03 1.947823240589198122e+02 2.289036101801404399e+01
2.074943470461427353e+00 1.803325004765888358e-03 1.938621236133122068e+02 2.246077287959182556e+01
2.081348551495329602e+00 1.811685209211536278e-03 1.935072000000000116e+02 2.236403272399679665e+01
2.087807581420585645e+00 1.934124239786214495e-03 1.914686064318529759e+02 2.691766343795628202e+01
2.094354049547901386e+00 1.919763106963207067e-03 1.925736196319018347e+02 2.338816359038966652e+01
2.100814970511138302e+00 1.841726384006937703e-03 1.928364779874213752e+02 2.288705623412415235e+01
2.107147425483176129e+00 1.793021693532189254e-03 1.972996845425867605e+02 2.606145248056237307e+01
2.113573117004156288e+00 1.831442330790634650e-03 2.160198473282442819e+02 5.039790922950512453e+01
2.119956773712852627e+00 1.806996690666118864e-03 2.782974683544304071e+02 1.367055088885268219e+02
2.126392549358501416e+00 1.961143276791299343e-03 3.697014705882352814e+02 2.559374639265937219e+02
2.133022499541108896e+00 1.914261261225060897e-03 4.683476331360946574e+02 3.724309150301390332e+02
2.139480964562213483e+00 1.786119367506160778e-03 4.930635658914728765e+02 3.150691801906228307e+02
2.145796782645738254e+00 1.799418587043424183e-03 4.923685015290519686e+02 2.517419573454610031e+02
2.152165366120878165e+00 1.825425695775702338e-03 4.950303030303030027e+02 2.465760329730588012e+02
2.158655754564665852e+00 1.929951649106770133e-03 4.824752906976744384e+02 2.578108252031085499e+02
2.165204964825616862e+00 1.913631523374921799e-03 4.581505847953216630e+02 2.583734650218817706e+02
2.171687233764930003e+00 1.836559742283269984e-03 4.662740740740740648e+02 2.993348888115248769e+02
2.178057454997971210e+00 1.770075738143539208e-03 4.618141993957704017e+02 2.645986071418316783e+02
2.184381886656512783e+00 1.819268068842387707e-03 4.361411589895988072e+02 2.137969545798075046e+02
2.190889596552291430e+00 1.941484629964972597e-03 4.169294781382228621e+02 2.178717787908541936e+02
2.197415493733709368e+00 1.880394352234131695e-03 4.000406386066763389e+02 2.045385365188520268e+02
2.203858495652105454e+00 1.844129167940211774e-03 3.785817655571635214e+02 1.644067733930042721e+02
2.210218428929338064e+00 1.776952575370011446e-03 3.882973372781065109e+02 1.662082778209012872e+02
2.216548686487991304e+00 1.820372229284925253e-03 3.913744557329462737e+02 1.526374740934999750e+02
2.223054582631938558e+00 1.937499342758612587e-03 3.584682320441988850e+02 1.400871115013692076e+02
2.229555406010463425e+00 1.871681269043944497e-03 3.000057224606580917e+02 1.026502874837886878e+02
2.236023148886606471e+00 1.876509468722661325e-03 2.405034770514603508e+02 7.829092570016059938e+01
2.242466908337517939e+00 1.781536512235300631e-03 2.030302158273381394e+02 5.676060285933024829e+01
2.248784053696174290e+00 1.815619011182786555e-03 1.805538020086083293e+02 3.333915079804803128e+01
2.255261034229438355e+00 1.958337742873136802e-03 1.696671140939597251e+02 2.939084255432090842e+01
2.261752977112598817e+00 1.833135357339661826e-03 1.677185289957567136e+02 2.408919968453735905e+01
2.268193030407839927e+00 1.856919733580766289e-03 1.657530695770804812e+02 2.362612546423149595e+01
2.274620661936892052e+00 1.792548502283534354e-03 1.647334273624823595e+02 2.348487347992199048e+01
2.281045196159239286e+00 1.907452264699439036e-03 1.620540540540540633e+02 2.603848222555732406e+01
2.287566856146262317e+00 1.925687837049752790e-03 1.617286096256684402e+02 2.401641696649616620e+01
2.294017676381079784e+00 1.818149611703329506e-03 1.614030470914127307e+02 2.298437131129479383e+01
2.300373896127871021e+00 1.814054264739159471e-03 1.608837209302325562e+02 2.344846198276222538e+01
2.306733295622487301e+00 1.809288305020508025e-03 1.601291208791208760e+02 2.365706199183442493e+01
2.313210233147671158e+00 1.927057466226796351e-03 1.580963541666666572e+02 2.746007912411009499e+01
2.319750633036068876e+00 1.886628064392380537e-03 1.591629139072847750e+02 2.340351828713593818e+01
2.326167810919689938e+00 1.805281422939875990e-03 1.584749661705006645e+02 2.361476917511463469e+01
2.332524891627314911e+00 1.808157875111407291e-03 1.583440860215053760e+02 2.370218044006917069e+01
2.339018828040365428e+00 1.927078730268403945e-03 1.579076923076923151e+02 2.714432607138778053e+01
2.345529090540556361e+00 1.892646505679497623e-03 1.599188481675392666e+02 2.488741369681537208e+01
2.351902562585342693e+00 1.808634088653226840e-03 1.609585561497326296e+02 2.444366747048149691e+01
2.358283426411155403e+00 1.828495513811564770e-03 1.645397653194263228e+02 2.539295031271856828e+01
2.364665150299146479e+00 1.824483169818866225e-03 1.782516556291390657e+02 3.313665138505538010e+01
2.371140522023317931e+00 1.956229962378429419e-03 2.196240694789081829e+02 7.586334126109431963e+01
2.377698484074287411e+00 1.857249505322706908e-03 2.944320512820513045e+02 1.232048108803512463e+02
2.384135550776628865e+00 1.806484998011118103e-03 3.697329032258064672e+02 1.533521666764106612e+02
2.390495270780528703e+00 1.815820546892564329e-03 4.302311977715877447e+02 1.699592932271505958e+02
2.396907059408651008e+00 1.904650256318906557e-03 4.486361149110807105e+02 1.788680085724444098e+02
2.403395490390968892e+00 1.861409897307351969e-03 4.683309859154929313e+02 1.732870595255402577e+02
2.409868588547004364e+00 1.847911660654164229e-03 4.743906250000000000e+02 1.685935468709282645e+02
2.416315494183244539e+00 1.848423108511250412e-03 4.696753623188405982e+02 1.723289109818095710e+02
2.422721222723576151e+00 1.879130934971403807e-03 4.516758720930232585e+02 1.865986723643105449e+02
2.429135064156228374e+00 1.862177758942303550e-03 4.490953079178885901e+02 1.872876936846321030e+02
2.435558328952115659e+00 1.829358714226044739e-03 4.298831360946745690e+02 1.589339283048201992e+02
2.441961929587736613e+00 1.826990787003958654e-03 4.011137724550898156e+02 1.350699002172926271e+02
2.448435267415004279e+00 1.916283866918213176e-03 3.717136627906976969e+02 1.262662394876383871e+02
2.454898310690642571e+00 1.851262751470384186e-03 3.735484848484848612e+02 1.262106284061740809e+02
2.461278332832209870e+00 1.841207405127180587e-03 3.738021148036253862e+02 1.358656640561442259e+02
2.467732767309350983e+00 1.860175811866779036e-03 3.679849849849849761e+02 1.380216168539233763e+02
2.474317234005322774e+00 1.907302378477835920e-03 3.544163090128755584e+02 1.376200335500435585e+02
2.480763678027650521e+00 1.850982492662076430e-03 3.335271210013908103e+02 1.147559468054118099e+02
2.487114426650852028e+00 1.791691956921820849e-03 2.798988764044943878e+02 9.078240296539127030e+01
2.493514277050582706e+00 1.905910091373927331e-03 2.155350066050198166e+02 6.933455981960629799e+01
2.500016016455529844e+00 1.897218154373805617e-03 1.738683181225554222e+02 5.039046453287550520e+01
2.506504299072060071e+00 1.823698874814003905e-03 1.484888010540184382e+02 3.765949207516878516e+01
2.512828968428921783e+00 1.779539787674511890e-03 1.370942126514131871e+02 3.017469324035400646e+01
2.519262120792594928e+00 1.938201810876334251e-03 1.314433374844333855e+02 2.997981087358993690e+01
2.525775074220281358e+00 1.871497825325404334e-03 1.302560509554140253e+02 2.635127209752606703e+01
2.532197693037325781e+00 1.807973308604888651e-03 1.288371794871794975e+02 2.585132935565027523e+01
2.538545427775757091e+00 1.816891897915347926e-03 1.279369369369369309e+02 2.609782228440180774e+01
2.545039371368973402e+00 1.965732421291352915e-03 1.262268408551068859e+02 2.818579981916421673e+01
2.551577586228050976e+00 1.818913119815899733e-03 1.252260101010101039e+02 2.561047001711409621e+01
2.557912035390546901e+00 1.811160408138717511e-03 1.244298245614035068e+02 2.560980584441183794e+01
2.564418003384666633e+00 1.924750488034227642e-03 1.229515938606847669e+02 2.793959513520100657e+01
2.570930014234638072e+00 1.852202887801034569e-03 1.232304878048780523e+02 2.603844878235025462e+01
2.577333690207623373e+00 1.816621428331073769e-03 1.225036674816625890e+02 2.552564731284308408e+01
2.583698900290759326e+00 1.840143410056186736e-03 1.217249388753056252e+02 2.584864815564067797e+01
2.590116643848396460e+00 1.922552353981257615e-03 1.236359393232205406e+02 2.752671448813463329e+01
2.596553429180498362e+00 1.801710981220896188e-03 1.307220873786407651e+02 2.687349183162881516e+01
2.602955615407046341e+00 1.842317350104424401e-03 1.435835294117647152e+02 3.183579474411812882e+01
2.609495359574187212e+00 1.911716238635802895e-03 1.609863169897377304e+02 4.219975873791276655e+01
2.615974071523933020e+00 1.844748521006626301e-03 1.791611764705882308e+02 4.686528980210508166e+01
2.622378270172453618e+00 1.832507040312451657e-03 1.893391812865497172e+02 5.166607783035354373e+01
2.628819659223405658e+00 1.883705983027747803e-03 1.929229885057471279e+02 6.029630631658492490e+01
2.635224897504864661e+00 1.872415782458078902e-03 1.999712643678161044e+02 5.893770579368089813e+01
2.641639659702591736e+00 1.816527212418568051e-03 1.975524798154555981e+02 5.476896968141117839e+01
2.648064596936881454e+00 1.851525790120274028e-03 1.927023945267958993e+02 5.535866290961401859e+01
2.654540339871488630e+00 1.920962172705038655e-03 1.895071507150715036e+02 5.357815827034878708e+01
2.661017435989672553e+00 1.820997431850269717e-03 1.875028571428571524e+02 5.448942487926873213e+01
2.667377750780578261e+00 1.839233884157700843e-03 1.827786606129398308e+02 5.098214302546470122e+01
2.673833255939705111e+00 1.922629864361171097e-03 1.777540628385698938e+02 5.174804497306480755e+01
2.680310332336410362e+00 1.829470795604572599e-03 1.728029115341545321e+02 4.659782561457358696e+01
2.686679530094181256e+00 1.809753184080302099e-03 1.685235426008968602e+02 4.525566422874303640e+01
2.693172569770623248e+00 1.920456143785719515e-03 1.651670190274841445e+02 4.850311968795125495e+01
2.699710169678059213e+00 1.845827250732203417e-03 1.608091603053435108e+02 4.169717924570905865e+01
2.706108723802718607e+00 1.808001129835774996e-03 1.576445182724252447e+02 3.800682655479178607e+01
2.712552861480932442e+00 1.909490143508341294e-03 1.522982086406744031e+02 3.936202115414872083e+01
2.719028861112676942e+00 1.848278151304674159e-03 1.436237837837837787e+02 3.254646077060419174e+01
2.725349625855669977e+00 1.780111837505188701e-03 1.292186459489456070e+02 2.877875236285813543e+01
2.731792001493120292e+00 1.927874637693306574e-03 1.155850409836065609e+02 2.791828912126143791e+01
2.738310186615081410e+00 1.835670255000661395e-03 1.088285410010649628e+02 2.390307513028165332e+01
2.744685257899765141e+00 1.793617037467074102e-03 1.048933189655172384e+02 2.229488237378568272e+01
2.751066800196758422e+00 1.878288467704576767e-03 1.035293501048218019e+02 2.125992695858208137e+01
2.757601512830000434e+00 1.862141664063760894e-03 1.038530386740331437e+02 1.912810281571413284e+01
2.764058068263966828e+00 1.836587841443396716e-03 1.037972665148063811e+02 1.854225337594044021e+01
2.770529172478649382e+00 1.887167826034379927e-03 1.039684684684684726e+02 1.822911879537350188e+01
2.776955143396238501e+00 1.821333560803167642e-03 1.032747641509433976e+02 1.779251004162553329e+01
2.783316304171964184e+00 1.843620978786204888e-03 1.026308962264150892e+02 1.751744754951119276e+01
2.789755116199374552e+00 1.895104686621155434e-03 1.029976878612716717e+02 1.709419646180139907e+01
2.796202065730379438e+00 1.823396814250311405e-03 1.022323353293413106e+02 1.709211252352064037e+01
2.802598215598055997e+00 1.839199823105454800e-03 1.020550898203592851e+02 1.697710755070263033e+01
2.809058618291326859e+00 1.891542357478581855e-03 1.020935672514619910e+02 1.690318521445911060e+01
2.815539484174618412e+00 1.814857361145085640e-03 1.019781553398058236e+02 1.618699829418781988e+01
2.821989463872399906e+00 1.865090624993398201e-03 1.020286738351254456e+02 1.610150525038904590e+01
2.828483713597702565e+00 1.883630524017047489e-03 1.021440476190476261e+02 1.594192265566433875e+01
2.834900904292738222e+00 1.791954038426357698e-03 1.021274999999999977e+02 1.595740903546061595e+01
2.841279989216558999e+00 1.876324795384782303e-03 1.031485507246376869e+02 1.628497265314005560e+01
2.847767858763501359e+00 1.886990809494324501e-03 1.034070048309178702e+02 1.654496312485805376e+01
2.854224446368732959e+00 1.845718501710050556e-03 1.032766749379652538e+02 1.643970025943492175e+01
2.860652227376856871e+00 1.895283512592607677e-03 1.034259708737864116e+02 1.645753988807827994e+01
2.867113210476443186e+00 1.859648482407798373e-03 1.030061881188118775e+02 1.687812953186642062e+01
2.873572830144707879e+00 1.886954548921765396e-03 1.023906633906633914e+02 1.611865400735420195e+01
2.879995266294152589e+00 1.874768549312584749e-03 1.021214374225526598e+02 1.586959796251818666e+01
2.886377499349285003e+00 1.822646243021190660e-03 1.018227848101265778e+02 1.537213542968714641e+01
2.892826601299819611e+00 1.901257081905588812e-03 1.021154313487241865e+02 1.487869743108283238e+01
2.899287209408602628e+00 1.837036175435869181e-03 1.018276729559748475e+02 1.473297840438436168e+01
2.905651471559458798e+00 1.820821310380915442e-03 1.020508259212198254e+02 1.509049440319970969e+01
2.912064357739847953e+00 1.885695667761764669e-03 1.020589680589680626e+02 1.485983771878199988e+01
2.918524733004972394e+00 1.831846772134888184e-03 1.012225031605562577e+02 1.477081817182484080e+01
2.925008101889499557e+00 1.898964803942654149e-03 1.011997563946406871e+02 1.500176358725807901e+01
2.931494571104498625e+00 1.860470468068603543e-03 1.007601977750309032e+02 1.428970250681117093e+01
2.937893251398651540e+00 1.817351826735809622e-03 9.991091593475533728e+01 1.378289203532201057e+01
2.944305546311252186e+00 1.880927000690213848e-03 9.962093862815883938e+01 1.340327099678863121e+01
2.950769139483569781e+00 1.826098071515048831e-03 9.874201474201474582e+01 1.326041221368556755e+01
2.957217893682505760e+00 1.858471812583063982e-03 9.860290556900726244e+01 1.283346280130196071e+01
2.963641657319503686e+00 1.840162297927921053e-03 9.818527607361963305e+01 1.297799972246363787e+01
2.970043842149071800e+00 1.832295957600710810e-03 9.785519801980197485e+01 1.308095099443207410e+01
2.976510225225458495e+00 1.909562939757382871e-03 9.868052256532067190e+01 1.281986197878707934e+01
2.983008757323797777e+00 1.820848808918005624e-03 9.867038413878562153e+01 1.290211900432653103e+01
2.989442833175567138e+00 1.860876473636659213e-03 1.002593939393939451e+02 1.284654176273552828e+01
2.995851322080832713e+00 1.818248084975540883e-03 1.044658385093167681e+02 1.714355813671642181e+01
3.002288071879581022e+00 1.866109072499165002e-03 1.190974421437271644e+02 4.044269794885139646e+01
3.008748785923475388e+00 1.879638502675874765e-03 1.448436363636363637e+02 6.806034463912662602e+01
3.015199648864150372e+00 1.825469582085792030e-03 1.765808457711442827e+02 9.164049598738672842e+01
3.021614952218953931e+00 1.867358907394168870e-03 1.998909090909091049e+02 1.074021729520447934e+02
3.028035269137849372e+00 1.805619228951016193e-03 2.154130162703379199e+02 1.218337935000264451e+02
3.034481983401863037e+00 1.885823396422961745e-03 2.147954271961492054e+02 1.070803651213672225e+02
3.040948636384726900e+00 1.846244746713175374e-03 2.147728395061728293e+02 1.015266368703711066e+02
3.047399548284976056e+00 1.866575050031695892e-03 2.264296205630354848e+02 1.043882607158438844e+02
3.053818065407082116e+00 1.858882463793821993e-03 2.280257985257985354e+02 1.064355850463743565e+02
3.060168791671987076e+00 1.792825745411367891e-03 2.314338422391857648e+02 1.263758706356937722e+02
3.066596020837712544e+00 1.927764682785730512e-03 2.218507109004739277e+02 1.242316911295408630e+02
3.073140751332767540e+00 1.856356834428901387e-03 2.089233621755253409e+02 1.047773327507659076e+02
3.079593295930210139e+00 1.886716362797553155e-03 1.908606060606060737e+02 9.130968835915551551e+01
3.086017154762366044e+00 1.830431539716442747e-03 1.765087499999999920e+02 8.286922263044948522e+01
3.092486513109037993e+00 1.905108961471654438e-03 1.629820143884892047e+02 7.822020285430485842e+01
3.098964516853627060e+00 1.852397442341169754e-03 1.545710754017305248e+02 7.080983721229623029e+01
3.105440922044128804e+00 1.880034527507769499e-03 1.505539393939394017e+02 6.991387258738633648e+01
3.111821301298671738e+00 1.810318297736169049e-03 1.442805031446540909e+02 6.301403186354993124e+01
3.118233335063332667e+00 1.868901341642052608e-03 1.320207064555420118e+02 5.239974092107006953e+01
3.124683867316949026e+00 1.865189586864977357e-03 1.264310134310134259e+02 4.829469572585683323e+01
3.131144652615997170e+00 1.844489775254080271e-03 1.217641975308641946e+02 4.132143983493323702e+01
3.137527951480249655e+00 1.850518740970626434e-03 1.140442804428044212e+02 3.034383629686513117e+01
3.143946084488824955e+00 1.842734159383119935e-03 1.063085501858735995e+02 1.967179525532467821e+01
3.150358822729363073e+00 1.875642417003805899e-03 1.001601941747572795e+02 1.352761534406467980e+01
3.156784286039504561e+00 1.823981601210612454e-03 9.698874999999999602e+01 1.092542261768394596e+01
3.163270120323041557e+00 1.930117905744787839e-03 9.542216981132075659e+01 6.662543618866606288e+00
3.169756141428992979e+00 1.817110211355118556e-03 9.508291457286432546e+01 5.545110861224609167e+00
3.176136715832639901e+00 1.869400486556539428e-03 9.746666666666666856e+01 7.307016138512683945e+00
3.182603852824878121e+00 1.855271636042648588e-03 1.049950920245398720e+02 1.537678017865662561e+01
3.189050645908320547e+00 1.867823016262818358e-03 1.212860606060606017e+02 2.697796577360698933e+01
3.195475202712392715e+00 1.830177604982121797e-03 1.422183622828784166e+02 4.006133304336658796e+01
3.201930699474990760e+00 1.890160737295187680e-03 1.663106332138590062e+02 5.397439042713143920e+01
3.208380198036255848e+00 1.818817371399450607e-03 1.846973848069738438e+02 6.236826876551968724e+01
3.214769441202507405e+00 1.856295446885927562e-03 1.920000000000000000e+02 5.935380178562925835e+01
3.221219946103295317e+00 1.854520719188760538e-03 1.950684596577017089e+02 5.792216380245536556e+01
3.227683765295594753e+00 1.874065427032763596e-03 1.901480144404332009e+02 5.786126964521083949e+01
3.234131017772435612e+00 1.840716304877563787e-03 1.832046855733662198e+02 5.302230909021402994e+01
3.240599979113187423e+00 1.901252405176113557e-03 1.666322657176749829e+02 5.359873135746342854e+01
3.247028333220890239e+00 1.799593188369970169e-03 1.548528301886792349e+02 5.685274628108093253e+01
3.253443203786942295e+00 1.907653420062672836e-03 1.435860849056603854e+02 5.719883498746374073e+01
3.259883502116921683e+00 1.795580006981134817e-03 1.331460957178841227e+02 5.015246526374137659e+01
3.266300345605878341e+00 1.923600185575663262e-03 1.203645955451348186e+02 4.101882413750657008e+01
3.272853483066015201e+00 1.856140221165968399e-03 1.147731707317073102e+02 3.796526947745970659e+01
3.279208055010873757e+00 1.838273880463746476e-03 1.093239263803680927e+02 3.584670510244691854e+01
3.285677511815711327e+00 1.882917816817657360e-03 1.046002386634844896e+02 3.475309570852203223e+01
3.292103848527159204e+00 1.835553428200827411e-03 1.034259485924112596e+02 3.719881408986157822e+01
3.298586108799094418e+00 1.888317585372828586e-03 1.013634204275534501e+02 3.798637330324503836e+01
3.305031100311709658e+00 1.850386223069815962e-03 9.948721071863580789e+01 3.566979778074102114e+01
3.311493553422723224e+00 1.868513817595845007e-03 9.512649164677804947e+01 3.085878449327280038e+01
3.317903636599865536e+00 1.824831080609758517e-03 9.277791411042944958e+01 2.796706170352821275e+01
3.324331097200103002e+00 1.867240715589447552e-03 8.798214285714286120e+01 2.182808136448143799e+01
3.330698991454875468e+00 1.802295415888940022e-03 8.379675810473816000e+01 1.485355228129078675e+01
3.337129369178693850e+00 1.924555404658041986e-03 8.051335656213704794e+01 9.322808676653393078e+00
3.343680207265053550e+00 1.861922247852822480e-03 7.798190591073583278e+01 5.481926714220702657e+00
3.350044083295126374e+00 1.835162792558274860e-03 7.692709599027946865e+01 4.180402239770508288e+00
3.356505604070456616e+00 1.871227406804753775e-03 7.708056872037914786e+01 4.313760894140783009e+00
3.362916001860436488e+00 1.833654571443432820e-03 7.932886723507917281e+01 6.497121513277945404e+00
3.369285096640512123e+00 1.875337531839301689e-03 8.292804878048779926e+01 8.406130379642464234e+00
3.375802434903234950e+00 1.848095989791553092e-03 8.547496617050067869e+01 9.493232532950056424e+00
3.382214916359785661e+00 1.843501739730700950e-03 8.644241573033707482e+01 9.993542961728495655e+00
3.388621595555129762e+00 1.837214591020290208e-03 8.732023289665211507e+01 1.056448066935373831e+01
3.395087870480640202e+00 1.897809126909797642e-03 8.679796511627907307e+01 1.029927994182957640e+01
3.401600099274715294e+00 1.862825267528726196e-03 8.566515837104071807e+01 1.036682624772844896e+01
3.408008587822927371e+00 1.829521772960810344e-03 8.477018633540372150e+01 1.176456133309737417e+01
3.414429009776510870e+00 1.863403552598411495e-03 8.433126934984520062e+01 1.358526790567116826e+01
3.420895508941175223e+00 1.876279003669552520e-03 8.412676056338028729e+01 1.543854793595506969e+01
3.427361199308996742e+00 1.871984655860910217e-03 8.093037974683544178e+01 1.243361276564558082e+01
3.433789816721534383e+00 1.835455874914732619e-03 7.820454545454545325e+01 1.094069252614266397e+01
3.440207803416203358e+00 1.864980166185075923e-03 7.665210355987055380e+01 1.075460722893948429e+01
3.446682336316245543e+00 1.886495457043324163e-03 7.477560975609756611e+01 9.083515826265305293e+00
3.453142116062292821e+00 1.850491205141300763e-03 7.363193277310924145e+01 8.435222791744138249e+00
3.459552608189105705e+00 1.840426776601197887e-03 7.283390410958904226e+01 8.594331777591634136e+00
3.466037827277117955e+00 1.895781883946169978e-03 7.233106960950763664e+01 9.317888349111717261e+00
3.472473653977210972e+00 1.828931698347952819e-03 7.107692307692308020e+01 9.152335228049707894e+00
3.478868831430015351e+00 1.849798838882201271e-03 6.986607142857143060e+01 8.422421333704992463e+00
3.485296939778874226e+00 1.846836384750711896e-03 6.883699633699633580e+01 7.511082126269389647e+00
3.491740378822062674e+00 1.892374048568714641e-03 6.739890710382513817e+01 6.117703750821566366e+00
3.498222076309955408e+00 1.850392789083453492e-03 6.584210526315789025e+01 5.131829567814827797e+00
3.504611891581455030e+00 1.828338000025509641e-03 6.411650485436892666e+01 3.755417113490273184e+00
3.511032309223517167e+00 1.894740202114146826e-03 6.324045801526717270e+01 2.993294907748812239e+00
3.517510811405253346e+00 1.847376399887671770e-03 6.257509881422924991e+01 2.784847958138407797e+00
3.523886222494890585e+00 1.819823680849573695e-03 6.223517382413088228e+01 2.566972142359648323e+00
3.530333766363422221e+00 1.913949961282706506e-03 6.185742574257425730e+01 2.904960618743621659e+00
3.536838628960300657e+00 1.837400593869444173e-03 6.171041666666666714e+01 2.626966855731360351e+00
3.543212277439104163e+00 1.824314092004992007e-03 6.169164882226980495e+01 2.680442722560479218e+00
3.549634251627681092e+00 1.895848120010211945e-03 6.132773109243697718e+01 2.794878900532051791e+00
3.556117060308725097e+00 1.842284182035823720e-03 6.082969432314410341e+01 2.537726629167357473e+00
3.562580790750173865e+00 1.873137250446494902e-03 6.033991228070175339e+01 2.501163548867618491e+00
3.569027121761189303e+00 1.864198494303047999e-03 5.966666666666666430e+01 2.571646041616803657e+00
3.575415228040989657e+00 1.829283293316363293e-03 5.922041763341067622e+01 2.448201547620460605e+00
3.581824267593239686e+00 1.860007523854312686e-03 5.893735498839907194e+01 2.521483533633173124e+00
3.588330065081806630e+00 1.895947895659538546e-03 5.874013921113689207e+01 2.719541609925670400e+00
3.594804804657118602e+00 1.838793340235311087e-03 5.839756097560975689e+01 2.556004466746364834e+00
3.601203120605045882e+00 1.866742151695356807e-03 5.762009803921568363e+01 2.371054666320565829e+00
3.607629953215138574e+00 1.849946976811765471e-03 5.699498746867168109e+01 2.090067789433180501e+00
3.614090854913730499e+00 1.868416365547433599e-03 5.653535353535353636e+01 2.164357979805671128e+00
3.620574720227974552e+00 1.873754476683962313e-03 5.653984575835475823e+01 2.193219415583907761e+00
3.627004027770476924e+00 1.835919208150294619e-03 5.622459893048128521e+01 2.398394231513974795e+00
3.633382280898821648e+00 1.849285921997263250e-03 5.571815718157181863e+01 2.416298824859287375e+00
3.639818201334091174e+00 1.872714577785467623e-03 5.565122615803814909e+01 2.245800303628771921e+00
3.646271849872324999e+00 1.848931603973280732e-03 5.529494382022471655e+01 2.604730917703838688e+00
3.652754025121335069e+00 1.886957975833729447e-03 5.480898876404494047e+01 2.646717399116116809e+00
3.659208746855755479e+00 1.834720162372708565e-03 5.386430678466076927e+01 2.452872867970924187e+00
3.665582835495777569e+00 1.840575612045432024e-03 5.350450450450450290e+01 2.554362544991313211e+00
3.672040343112283445e+00 1.886479483533069204e-03 5.351796407185629079e+01 2.696699124223720379e+00
3.678529717319615866e+00 1.858096912976999176e-03 5.339751552795031131e+01 2.899194323696456355e+00
3.684932562337432049e+00 1.835190244932949138e-03 5.402893890675240840e+01 5.022383495580074353e+00
3.691340469028411508e+00 1.865394116403416890e-03 5.573139158576051955e+01 8.566971440035347385e+00
3.697825917576230470e+00 1.878575472322643403e-03 5.743092105263158231e+01 1.093491213943805285e+01
3.704288468942850354e+00 1.854378416201764085e-03 5.753583617747440115e+01 8.243812356653943851e+00
3.710695071708606907e+00 1.843173339766954189e-03 5.730175438596491233e+01 7.222127517905486904e+00
3.717119980493126530e+00 1.858275420549158159e-03 5.857857142857142918e+01 8.450876962101119716e+00
3.723579054116692877e+00 1.875547371405369762e-03 6.010545454545454191e+01 1.203208547973856213e+01
3.730020297411832164e+00 1.843995263516665269e-03 6.006439393939393767e+01 1.461759650695135626e+01
3.736426917509388268e+00 1.851423495632689448e-03 5.727131782945736660e+01 1.220437700580712992e+01
3.742862848593606184e+00 1.866246695943705233e-03 5.536363636363636687e+01 1.040445121582140153e+01
3.749304155234212121e+00 1.850203366498975400e-03 5.297950819672131217e+01 6.780479772056226651e+00
3.755769545342233950e+00 1.881542671327423493e-03 5.073858921161825464e+01 4.598966918787064095e+00
3.762207580716425692e+00 1.832713059301602828e-03 4.964912280701754099e+01 3.532790599268875287e+00
3.768650259547695391e+00 1.882711660849632198e-03 4.878854625550660984e+01 1.974104120146614960e+00
3.775101190588130873e+00 1.841328330998877110e-03 4.845581395348837361e+01 2.115046919608901455e+00
3.781544745172108257e+00 1.876261972947606757e-03 4.813207547169811562e+01 2.202522098773498360e+00
3.787984350729691752e+00 1.841817734800533721e-03 4.758208955223880565e+01 2.208619041246072445e+00
3.794443778523244770e+00 1.888119406057294294e-03 4.737688442211054962e+01 2.255212335281338465e+00
3.800887998049732097e+00 1.829598834944004332e-03 4.790860215053763227e+01 2.740923279329490203e+00
3.807319286871066577e+00 1.879776389761753357e-03 4.794565217391304657e+01 2.920506743842881114e+00
3.813728772969168901e+00 1.816176537965013323e-03 4.826900584795321691e+01 2.575065702724040229e+00
3.820127884734960233e+00 1.870328496078344947e-03 4.810059171597632854e+01 2.863141127441539702e+00
3.826558902351690605e+00 1.840091099185570860e-03 4.762893081761006187e+01 2.786688764608680646e+00
3.832976717434447789e+00 1.862754303780558536e-03 4.890909090909090651e+01 4.799645795667895953e+00
3.839467489846226655e+00 1.881591717002498556e-03 5.202027027027027373e+01 7.162665714067833811e+00
3.845958738964208923e+00 1.872212223355807642e-03 5.635714285714285410e+01 9.724967866270816330e+00
3.852379013358490312e+00 1.829949564810406546e-03 6.235384615384615614e+01 1.372703030326463214e+01
3.858770514458473411e+00 1.860590576749386821e-03 6.568800000000000239e+01 1.456805271819127690e+01
3.865201312403456324e+00 1.846877382617491750e-03 6.874358974358973740e+01 1.821266847578864301e+01
3.871669834970288271e+00 1.885989225799452511e-03 6.438392857142856940e+01 1.855851628729286062e+01
3.878154213609482870e+00 1.855219997046820071e-03 5.664077669902912504e+01 1.408171351367422375e+01
3.884570297975108666e+00 1.842018581107749764e-03 4.989473684210526017e+01 7.869221927205523492e+00
3.891030549524630455e+00 1.892572859664069882e-03 4.529999999999999716e+01 5.527908987834167398e+00
3.897480132485925619e+00 1.830223622249431631e-03 4.322500000000000142e+01 2.452485983650059431e+00
3.903837790606199842e+00 1.833538786489578550e-03 4.254794520547945069e+01 2.741437821395821928e+00
3.910297958451704581e+00 1.898394991490752427e-03 4.177941176470588402e+01 3.458728490090842822e+00
3.916760076293909876e+00 1.823271174774054393e-03 4.108620689655172242e+01 2.911496748663681355e+00
3.923205856217289345e+00 1.907998375040481686e-03 4.181132075471698073e+01 2.425977835538932759e+00
3.929647757040283906e+00 1.804292177573046203e-03 4.183720930232558288e+01 2.916264233484755941e+00
3.936002968608691699e+00 1.864030959871269735e-03 4.186486486486486314e+01 3.433496323736668909e+00
3.942404476100300759e+00 1.828532384993888883e-03 3.893103448275861922e+01 1.972160581769490495e+00
3.948822507765122225e+00 1.871711324841116540e-03 3.881818181818182012e+01 2.216579152770292271e+00
3.955157590966607906e+00 1.825831164639231917e-03 4.042857142857143060e+01 2.101991281366022868e+00
3.961507824082775464e+00 1.968979546566614058e-03 4.142857142857143060e+01 2.595128874940707320e+00
