# q qerr I(q) I(q)err
8.294532032279089417e-03 3.215448162638725495e-03 6.666666666666666297e-01 2.827441519819106475e+01
1.547771440847061503e-02 1.298069176105710962e-03 3.333333333333333148e-01 5.000000000000000000e-01
2.114153426598287117e-02 1.953452460535632252e-03 4.000000000000000222e-01 6.000000000000001998e-01
2.708829541553820289e-02 1.932501425123600049e-03 3.750000000000000000e-01 5.000000000000000000e-01
3.424760286937652415e-02 2.393094809829984012e-03 5.454545454545454142e-01 5.102260072873557872e-01
4.134659872356089005e-02 1.444308516548141333e-03 7.222222222222222099e-01 4.697648479246601672e-01
4.709622292726145520e-02 1.633576272088444088e-03 6.750000000000000444e-01 5.350233639758172899e-01
5.289360403025952090e-02 1.994215660312892175e-03 7.500000000000000000e-01 4.947642536265798863e-01
5.941266175682404643e-02 2.038777625163953021e-03 7.800000000000000266e-01 4.326661530556785706e-01
6.623959740571712385e-02 2.014614798769268252e-03 8.333333333333333703e-01 3.928371006591930281e-01
7.251770781946841049e-02 1.767162065969994948e-03 9.166666666666666297e-01 5.120085719768545651e-01
7.836204892921720677e-02 1.794558473909566021e-03 1.060000000000000053e+00 9.785703858180054837e-01
8.476368586159346852e-02 2.173163639586968114e-03 2.140625000000000000e+00 4.785843381787582729e+00
9.171767809022127182e-02 2.151270969520740432e-03 8.102941176470588758e+00 2.140862331513017125e+01
9.840741527280037759e-02 1.879523288412654567e-03 2.080000000000000071e+01 5.111953312254200199e+01
1.046713563714864598e-01 1.717715818177843919e-03 4.760000000000000142e+01 9.283421782941888978e+01
1.108696467093386595e-01 1.978629817275711061e-03 7.592452830188679513e+01 1.281603964555787343e+02
1.174911181025048434e-01 2.151142134119994175e-03 1.050000000000000000e+02 1.596655828932952375e+02
1.240901985761322518e-01 1.682567093931450772e-03 1.493400000000000034e+02 1.979402212790517979e+02
1.302695169190241364e-01 1.981638030988197227e-03 1.643898305084745743e+02 2.153659252484372928e+02
1.366843399328758479e-01 1.885635125754002352e-03 2.056071428571428612e+02 2.484469965134024676e+02
1.431380625310322841e-01 2.037281709542672608e-03 2.285000000000000000e+02 2.616603314074528726e+02
1.497407916800755912e-01 2.013243134106564892e-03 2.579047619047619264e+02 2.878596806904291157e+02
1.560440161600273323e-01 1.800320108738214832e-03 2.835789473684210407e+02 3.088370226444092168e+02
1.626324968867556287e-01 2.166758397174068339e-03 3.125675675675675507e+02 3.202124870898067570e+02
1.693678508908615654e-01 1.711853084056604935e-03 3.323500000000000227e+02 3.437175681670441350e+02
1.755753172360756398e-01 1.940749690505284321e-03 3.613478260869565020e+02 3.470437261010303018e+02
1.819629297477835528e-01 1.792019476258344991e-03 3.770153846153846189e+02 3.654542379012726769e+02
1.883474920212158954e-01 1.982820530303366913e-03 3.870833333333333144e+02 3.791767871054736929e+02
1.949500334927739553e-01 1.985593967279970003e-03 4.187333333333333485e+02 3.817867362808718212e+02
2.014306324154557237e-01 1.750557958225071797e-03 4.274492753623188150e+02 3.933587904143229252e+02
2.076332073357673447e-01 1.865361520913360683e-03 4.562297297297297405e+02 3.937592439811400027e+02
2.140129245322099916e-01 1.882829286684015863e-03 4.542266666666666879e+02 4.071298789220844014e+02
2.204163405633874917e-01 1.951475208267544961e-03 4.869871794871795032e+02 4.064261369541505928e+02
2.268599176829277919e-01 1.954094669929957399e-03 4.878500000000000227e+02 4.179300188129587923e+02
2.335135695299082048e-01 1.986313139076756155e-03 4.984823529411764866e+02 4.263505835215945581e+02
2.400224779461884173e-01 1.823737618079871109e-03 5.218500000000000227e+02 4.249011657138635201e+02
2.464005577519743639e-01 1.894426896505377799e-03 5.335058823529411711e+02 4.253009557663590385e+02
2.528350385827773383e-01 1.829527638271931031e-03 5.479404761904761472e+02 4.306978921700545584e+02
2.590859102888302123e-01 1.817056121189442432e-03 5.512380952380951840e+02 4.348828862079460578e+02
2.654612130450557106e-01 1.918447197659697845e-03 5.574943820224718820e+02 4.385568486021815033e+02
2.718942366720529247e-01 1.942478483450333455e-03 5.844505494505494880e+02 4.275619224868850665e+02
2.784185743669774227e-01 1.921358219378808702e-03 5.841827956989246786e+02 4.233015152965469952e+02
2.849156375412667530e-01 1.882334819595186037e-03 6.305957446808511122e+02 3.940019607095957781e+02
2.911870294677750826e-01 1.766712284927822799e-03 6.438202247191011338e+02 3.671624406114177077e+02
2.976511517037133681e-01 2.019527329980297554e-03 6.928737864077669428e+02 3.275052542824596458e+02
3.043178155919494809e-01 1.919359421117726450e-03 7.169600000000000364e+02 2.978639085219959952e+02
3.108074081907638564e-01 1.815555258398614735e-03 7.450000000000000000e+02 2.776789182358881476e+02
3.170970610330232087e-01 1.826000353424227750e-03 7.570101010101010388e+02 2.667305605272704838e+02
3.235319739834495723e-01 1.908097576542081529e-03 7.582000000000000455e+02 2.587014642769685224e+02
3.300700059726238145e-01 1.867687188749142220e-03 7.807169811320754889e+02 2.411784007823170839e+02
3.365262003550894554e-01 1.808122422876843900e-03 7.772000000000000455e+02 2.390260396254927571e+02
3.429039324965278412e-01 1.810371451943152679e-03 7.960754716981132333e+02 2.238403126830769736e+02
3.492243179790229801e-01 1.835371710213073819e-03 8.019814814814815236e+02 2.129925217006726825e+02
3.555659880086458058e-01 1.813249007222180170e-03 8.088703703703703241e+02 2.048144385000896079e+02
3.620245372922214488e-01 1.918012235727336494e-03 8.222393162393162811e+02 1.932453720869004030e+02
3.685406119477664388e-01 1.798147481859587110e-03 8.225045045045045526e+02 1.897692352118835117e+02
3.750909242308860247e-01 1.967614233492519498e-03 8.391612903225806122e+02 1.774348570939957597e+02
3.816999037813160189e-01 1.752662604176019427e-03 8.375913043478260533e+02 1.678152032965634248e+02
3.880273799716012495e-01 1.749306826939258557e-03 8.413620689655172100e+02 1.603064994050033079e+02
3.942361145945514900e-01 1.745527907058957431e-03 8.416379310344827900e+02 1.542421526264755869e+02
4.006128291384035145e-01 1.852638254231622501e-03 8.418048780487804379e+02 1.439086522015448679e+02
4.070503578694664726e-01 1.848743254130127446e-03 8.413306451612903629e+02 1.369642870273696929e+02
4.135933781829447264e-01 1.871256654943844995e-03 8.410387596899224718e+02 1.319119345930141094e+02
4.202179442533061082e-01 1.832712641984981681e-03 8.489846153846153811e+02 1.241409544350587737e+02
4.266798115557093873e-01 1.759393680741872749e-03 8.517559055118110791e+02 1.188954807647065053e+02
4.330910535146235696e-01 1.771858374752960505e-03 8.537999999999999545e+02 1.133270488453661500e+02
4.395078467689783608e-01 1.772659720438770270e-03 8.518787878787878753e+02 1.097502653891296376e+02
4.457793319829173595e-01 1.654526338047628432e-03 8.455199999999999818e+02 1.077763877665233281e+02
4.521562795609589402e-01 1.887763445894669913e-03 8.491971830985914949e+02 1.011318229146026368e+02
4.587656575942579140e-01 1.769717907920350091e-03 8.392627737226276849e+02 9.591913423964240337e+01
4.652405449529313231e-01 1.746242423612376143e-03 8.347482014388489233e+02 9.032996806878601603e+01
4.716282944699034529e-01 1.704407088516023735e-03 8.261678832116788271e+02 8.663150025407949784e+01
4.780637153179891352e-01 1.798647074538550902e-03 8.214791666666666288e+02 8.097416497574100447e+01
4.844976548260259142e-01 1.723433333189145671e-03 8.189859154929577016e+02 7.701211527820210279e+01
4.908596034113225648e-01 1.665744062354685903e-03 8.104539007092198517e+02 7.424749699701270345e+01
4.972011979785150859e-01 1.734256865849588200e-03 8.091438356164383094e+02 7.247461167599857390e+01
5.036178995103413047e-01 1.747915368961153139e-03 8.006891891891891646e+02 7.119284772248619220e+01
5.101756467004687767e-01 1.800451491856020327e-03 7.967999999999999545e+02 6.785418902132671803e+01
5.166235656727934389e-01 1.648057805296297825e-03 7.937006802721087979e+02 6.333071229515099532e+01
5.229884928033705638e-01 1.714260039451578075e-03 7.909078947368420813e+02 5.924445446072594024e+01
5.293925748937229336e-01 1.756900675637705763e-03 7.860064102564102768e+02 5.733510358030324738e+01
5.357749724968067229e-01 1.647361260156582873e-03 7.804039735099337349e+02 5.545768398078491401e+01
5.422269581426349960e-01 1.797131621318817348e-03 7.768170731707317600e+02 5.395929638412714269e+01
5.488258977193463117e-01 1.752106618123457169e-03 7.706894409937888213e+02 5.100281087678830971e+01
5.552607346015674405e-01 1.711536068502800701e-03 7.664750000000000227e+02 4.891691776624934107e+01
5.616696921416424182e-01 1.713298320607429745e-03 7.604969325153374484e+02 4.807083509255419784e+01
5.680596363279470928e-01 1.671719726027721563e-03 7.557124999999999773e+02 4.949573766371202055e+01
5.744116486855085357e-01 1.773350792090137981e-03 7.522976190476190368e+02 4.792910294101235991e+01
5.808465417437830292e-01 1.706594120505047427e-03 7.497212121212121474e+02 4.681445626051701225e+01
5.872915480827241019e-01 1.773275249674210931e-03 7.479364161849711081e+02 4.478595445817352072e+01
5.936297343998458986e-01 1.608871723183330060e-03 7.418518518518518476e+02 4.497985120222907796e+01
6.000917821228005655e-01 1.852508397134843563e-03 7.367582417582417520e+02 4.284498770992124150e+01
6.066068710033430955e-01 1.719733697199352486e-03 7.310526315789473983e+02 4.375914801250056030e+01
6.129319261090041548e-01 1.700305612135823196e-03 7.285697674418604493e+02 4.274755076338588111e+01
6.193292159447265632e-01 1.792945791870086646e-03 7.249611111111111086e+02 4.092674274365037235e+01
6.257789288608107681e-01 1.769335618302108433e-03 7.206949152542373440e+02 4.002176105379874116e+01
6.322945183878984077e-01 1.883051681004075783e-03 7.161216931216931698e+02 3.978835028987842293e+01
6.387697914265673127e-01 1.734308686986089703e-03 7.104829545454545041e+02 4.305720506556191651e+01
6.450797878865883739e-01 1.812617312363664322e-03 7.061630434782608745e+02 4.316218603048339730e+01
6.514777522098027518e-01 1.807195130708317372e-03 7.022594594594594355e+02 4.261834431863409378e+01
6.579453254174412180e-01 1.840076954070700866e-03 6.993015873015873467e+02 4.227217874472506054e+01
6.642487788958216788e-01 1.761967380250493336e-03 6.942857142857143344e+02 4.393360553662093082e+01
6.707545140871414846e-01 1.952870522822350513e-03 6.889450000000000500e+02 4.248054495883968684e+01
6.772291234912055646e-01 1.844192786587162299e-03 6.825502645502645009e+02 4.385071613511637167e+01
6.834443396870620857e-01 1.745041746211572261e-03 6.766250000000000000e+02 4.569319650146768197e+01
6.899300657465672337e-01 1.988575045799213618e-03 6.730338164251207900e+02 4.555167989825286412e+01
6.965346490814943170e-01 1.967867873463197050e-03 6.683417085427136044e+02 4.919661637707368840e+01
7.030970487636396538e-01 2.020648629947002003e-03 6.647330097087378817e+02 4.903897046226083489e+01
7.095716427219228573e-01 1.946516927103622520e-03 6.603181818181818699e+02 5.190605697939154339e+01
7.160970279381224657e-01 2.044543341153194464e-03 6.559333333333332803e+02 5.296121671742895387e+01
7.226116891734091219e-01 2.004959656352403585e-03 6.520487804878048337e+02 5.221828298527062628e+01
7.291288619178314390e-01 2.011427705279334160e-03 6.479952380952380508e+02 5.416487134649040769e+01
7.356079106374427967e-01 1.973711099579897668e-03 6.446298076923077360e+02 5.195556186448035163e+01
7.419803430714648762e-01 1.939746738906150680e-03 6.399609756097561331e+02 5.616237994316502835e+01
7.484516812817442188e-01 2.022257641999446187e-03 6.375409090909090537e+02 5.376177134220223053e+01
7.549512183205485671e-01 1.898119824350936232e-03 6.356682692307692832e+02 5.910314398632315402e+01
7.613853957290165342e-01 1.973382858640895885e-03 6.330818181818182211e+02 5.580760819307174359e+01
7.678481984516135617e-01 1.903941598965435333e-03 6.276325581395349218e+02 5.902902733524368273e+01
7.743372045322526320e-01 1.915374251326664194e-03 6.227477477477477805e+02 5.592170450130815595e+01
7.807807857039134047e-01 1.872160005679921477e-03 6.182155963302752752e+02 5.683038834379415505e+01
7.871827117013717734e-01 1.874571936203420349e-03 6.160723981900453055e+02 5.740484607647706383e+01
7.935705088346153291e-01 1.846468364235832015e-03 6.132197309417040287e+02 5.779395335552828783e+01
7.999497029225959288e-01 1.794315080242126848e-03 6.120456621004566387e+02 6.055389648225028054e+01
8.063895263538338742e-01 1.919941342275102670e-03 6.101779661016948921e+02 5.942587974826467700e+01
8.129038415374738591e-01 1.785391972586650427e-03 6.083466666666666924e+02 6.282679211457010382e+01
8.193543447618309994e-01 1.828478467253065801e-03 6.056127659574467543e+02 6.539846359273073517e+01
8.257450256705209934e-01 1.731942097964038994e-03 6.038973214285714448e+02 7.052515178600305035e+01
8.321389716972604766e-01 1.845140229989535984e-03 6.020791666666666515e+02 7.263629645363259613e+01
8.386208936931099922e-01 1.751195931903918061e-03 6.018504273504273669e+02 8.010451547247230053e+01
8.449970631363269424e-01 1.723661030767332288e-03 6.015517241379310462e+02 8.803185481037829163e+01
8.513046230100612677e-01 1.773741526074865430e-03 6.039579831932773004e+02 9.944437104228833846e+01
8.578256185292513214e-01 1.822821089358022794e-03 6.123279352226720675e+02 1.218112757653067035e+02
8.643009097266359797e-01 1.747841479780405487e-03 6.297925311203320007e+02 1.664919648303144584e+02
8.706520843132705689e-01 1.718512007701664341e-03 6.688739495798319012e+02 2.498567412432433912e+02
8.770655084888429043e-01 1.823306464836067656e-03 7.408577075098813793e+02 3.836524166728067371e+02
8.835379301005906738e-01 1.720994191554163586e-03 8.453127572016460363e+02 5.867649943665966248e+02
8.899818591232092624e-01 1.816014583941305376e-03 9.593921568627450824e+02 8.055758290678264757e+02
8.963154830142930907e-01 1.686559403020368615e-03 1.062195833333333439e+03 1.034066289766737327e+03
9.027402481510985455e-01 1.849914512401526186e-03 1.090709923664122243e+03 1.140147075459940424e+03
9.092741475074460622e-01 1.818523953956779297e-03 1.126301960784313678e+03 1.232083804844746965e+03
9.156513574886713247e-01 1.799905876070713017e-03 1.124996031746031804e+03 1.248325278110038880e+03
9.219738414041327434e-01 1.816254378221876130e-03 1.096457031250000000e+03 1.204110255645829511e+03
9.284093843578240524e-01 1.864548344913183461e-03 1.052430769230769329e+03 1.122697051720021136e+03
9.348720171621091035e-01 1.939851900461452830e-03 9.728239700374531367e+02 9.933456529988400234e+02
9.413551784733346084e-01 1.927152036582965508e-03 9.286374045801526336e+02 8.927278702643465067e+02
9.478756351150825488e-01 2.022964964773094239e-03 8.040108695652173765e+02 6.497965483665340116e+02
9.544794314844599059e-01 1.995588314593873917e-03 7.086715867158671927e+02 4.582267137467656539e+02
9.609640598131067302e-01 1.976081289299603128e-03 6.823051470588235361e+02 3.678688324118774062e+02
9.673540511875814429e-01 1.900963898517757681e-03 7.313484848484848726e+02 4.156033095861179163e+02
9.738764300010358532e-01 2.020370959177093719e-03 8.623263888888889142e+02 6.487130626549327417e+02
9.803887395962943563e-01 1.868024915732807104e-03 1.136408239700374452e+03 1.161323426435090596e+03
9.867609507399704993e-01 1.907798179635916648e-03 1.534594982078853036e+03 1.907301163157492738e+03
9.931792738827067701e-01 1.861169570246367679e-03 1.907676363636363703e+03 2.722337225702628984e+03
9.997024529712079666e-01 1.929714342920701943e-03 2.033941780821917746e+03 3.165250766944700445e+03
1.006152710574202525e+00 1.760100644785859590e-03 2.311485294117646845e+03 3.621457168040271426e+03
1.012546487448541255e+00 1.858180627704414780e-03 2.261283737024221409e+03 3.622154430692189635e+03
1.018988798098918291e+00 1.803978976354649174e-03 2.202073943661971953e+03 3.588337944305020301e+03
1.025394048634321598e+00 1.775790568352827222e-03 2.191957894736842263e+03 3.530515324172911278e+03
1.031778999059903112e+00 1.783042104657854955e-03 2.011307958477508691e+03 3.309044648768289790e+03
1.038243195035333466e+00 1.800042721148124251e-03 1.887266211604095588e+03 3.054116509498195228e+03
1.044593270705168830e+00 1.728638088187854378e-03 1.607444055944055890e+03 2.600036274658835282e+03
1.051019473275584426e+00 1.807666001326826760e-03 1.258528428093645516e+03 1.897981440535714000e+03
1.057452118334604840e+00 1.764796907398143069e-03 9.166406779661017481e+02 1.163475495655868144e+03
1.063812741872586898e+00 1.735604614353873946e-03 6.885513698630137469e+02 6.196621339151635084e+02
1.070275566257694377e+00 1.860876787998901613e-03 5.554354838709676869e+02 2.931614310611315659e+02
1.076675486865225739e+00 1.737707282280460301e-03 5.002817869415807763e+02 1.554493450743592291e+02
1.083000003099001241e+00 1.811785629637566912e-03 4.721381578947368212e+02 9.186360626677230812e+01
1.089457558406981885e+00 1.875700427842611059e-03 4.568798701298701417e+02 6.541405174574683201e+01
1.095857128634095679e+00 1.865882195591197666e-03 4.483453947368420813e+02 5.284937256721143939e+01
1.102286980210992473e+00 1.937596539280167377e-03 4.402076677316293853e+02 5.062894237448604429e+01
1.108924588094037933e+00 2.035521144429528872e-03 4.345945121951219789e+02 4.406175214325201495e+01
1.115518250266801070e+00 1.963453062553008333e-03 4.285063291139240391e+02 4.140443830819020121e+01
1.121980766162010701e+00 1.920251373127695831e-03 4.249713375796178525e+02 3.855749753091458842e+01
1.128426312748922689e+00 1.950613960551148517e-03 4.215621118012422244e+02 3.649635478589184601e+01
1.134959239864979930e+00 1.915365560061970144e-03 4.185138461538461456e+02 3.587446923921336150e+01
1.141388067807542761e+00 1.819889318180962796e-03 4.147746031746031576e+02 3.539894050197169406e+01
1.147829738822878420e+00 1.877407927217479219e-03 4.119878419452887783e+02 3.506086497673869218e+01
1.154234759887723172e+00 1.796226287448233561e-03 4.092507836990595820e+02 3.607998724915211142e+01
1.160592008141087206e+00 1.784421184300352767e-03 4.080835913312693606e+02 3.658320287490337108e+01
1.167026991042843242e+00 1.836276795008287468e-03 4.049701492537313356e+02 3.572944233649593571e+01
1.173494023876834547e+00 1.758155136545365687e-03 4.014617737003057982e+02 3.576686035320759771e+01
1.179808164649816637e+00 1.732605827553653768e-03 3.899169230769230694e+02 4.585652118195669402e+01
1.186220583891021807e+00 1.881017850291822648e-03 3.944051446945337602e+02 4.189457588360129847e+01
1.192681073817049464e+00 1.793318889751105601e-03 3.935896551724138135e+02 4.275631667874833397e+01
1.199065629744253458e+00 1.797529783280079436e-03 3.928661971830985635e+02 4.289734642020253119e+01
1.205502001077074059e+00 1.899328588103967692e-03 3.917294520547945353e+02 4.202426550189682786e+01
1.211991242640565014e+00 1.826306843735066819e-03 3.898333333333333144e+02 4.236667778423781527e+01
1.218362901235649165e+00 1.888953249129523074e-03 3.868309352517985644e+02 4.193408174554483736e+01
1.224837827500277143e+00 1.938626244914326818e-03 3.824496402877697960e+02 4.600098703211916984e+01
1.231306496939841066e+00 1.935692192720165272e-03 3.820036231884058111e+02 4.722675028020650956e+01
1.237900180047003751e+00 1.954996484647400414e-03 3.830896057347670194e+02 4.530224461600796104e+01
1.244387829439413284e+00 1.881879514088832415e-03 3.826977611940298516e+02 4.390972831122207509e+01
1.250735832344970877e+00 1.818331757808236372e-03 3.811860465116279215e+02 4.435018574958931481e+01
1.257083335292831006e+00 1.905720956169173206e-03 3.798523985239852436e+02 4.391941414138032940e+01
1.263603115287416090e+00 1.841854869392088893e-03 3.783409090909090651e+02 4.454686241590903251e+01
1.270020777910819465e+00 1.832011672431217405e-03 3.782927756653992333e+02 4.390184129839506255e+01
1.276488051741652807e+00 1.832185980768075541e-03 3.767908745247148090e+02 4.415054994827697499e+01
1.282839323063532211e+00 1.758750693263018286e-03 3.756574803149606510e+02 4.524878117589905457e+01
1.289363492023574365e+00 1.805471412487298991e-03 3.650572390572390304e+02 5.018112259169350864e+01
1.295761563244195891e+00 1.749310907134910172e-03 3.684026845637583847e+02 4.626086233904482725e+01
1.302096506369333051e+00 1.727886103868702576e-03 3.692026578073089809e+02 4.369586220523640918e+01
1.308490604613926855e+00 1.841981469325142248e-03 3.683551401869158894e+02 4.345169083743485317e+01
1.314923371882378955e+00 1.783204890748409099e-03 3.679131832797427819e+02 4.260597036842175100e+01
1.321263162947042602e+00 1.883891353746835161e-03 3.674259259259259238e+02 4.281861860479246928e+01
1.327809252188654421e+00 1.990407611744629372e-03 3.634171597633136344e+02 4.744656282976029615e+01
1.334395055816720577e+00 2.005908808147741692e-03 3.626686217008797826e+02 4.605225334067132792e+01
1.340924575314278222e+00 1.937181998292608577e-03 3.627253731343283789e+02 4.262384798465972580e+01
1.347326738882997477e+00 1.911240937813023883e-03 3.630029585798816356e+02 4.119286432145641896e+01
1.353867248119903444e+00 1.925349651844857632e-03 3.627847025495750586e+02 4.030958180807604663e+01
1.360292180733798650e+00 1.777880213384871099e-03 3.621946107784431206e+02 4.046661020702430989e+01
1.366716033276369036e+00 1.860440026654835337e-03 3.621848739495798100e+02 3.824877959618339673e+01
1.373134056949086190e+00 1.747663592607761902e-03 3.634941520467836540e+02 3.927437532143953547e+01
1.379508641949547476e+00 1.787974598008121871e-03 3.667915492957746437e+02 3.886260979388885062e+01
1.385849874457594222e+00 1.730044418412237826e-03 3.743429394812679902e+02 4.198903840561571599e+01
1.392210228535155858e+00 1.777760908321846531e-03 3.868222222222221944e+02 5.071887234891642748e+01
1.398630460992727143e+00 1.793834584281517276e-03 3.934083333333333599e+02 5.617503358386311163e+01
1.405027543482165298e+00 1.820682476180417696e-03 4.040550964187327736e+02 6.796310279895058670e+01
1.411380623846245186e+00 1.844474811107960554e-03 4.002861111111110972e+02 6.515404431607252889e+01
1.418011585217980208e+00 2.061904995500850411e-03 4.005461346633416611e+02 7.639404251823427217e+01
1.424633236002852632e+00 1.911062399977238009e-03 3.992950819672130933e+02 6.768497073148628829e+01
1.431027237377290762e+00 1.930893372260762729e-03 4.056068601583113491e+02 7.134438439540441834e+01
1.437551415863808524e+00 1.925262037142165712e-03 3.996363636363636260e+02 6.581865537606780947e+01
1.443999660086549230e+00 1.834928749309971486e-03 4.006100795755968420e+02 6.859770649430646472e+01
1.450408168300875378e+00 1.822080046480867126e-03 3.964502617801047109e+02 6.493619512867637411e+01
1.456762351763572827e+00 1.768742008520618686e-03 3.957394736842105090e+02 6.488027328468837140e+01
1.463211358413713192e+00 1.810126088705470279e-03 3.933086734693877702e+02 6.167920131996325495e+01
1.469593255354290973e+00 1.758193336020684059e-03 3.872395833333333144e+02 5.649689330315414537e+01
1.475950724204827313e+00 1.769305199294179780e-03 3.809741602067183521e+02 5.122349861884902822e+01
1.482355977374464340e+00 1.855140322631434503e-03 3.676100000000000136e+02 4.175059191197174613e+01
1.488803525874331735e+00 1.854999873494519958e-03 3.582773536895674056e+02 3.843546674389006057e+01
1.495319592526707764e+00 2.003828109077177445e-03 3.482870813397129268e+02 4.464082703720852408e+01
1.501939691759246465e+00 1.957822028991581826e-03 3.476058394160584157e+02 3.982057543888872431e+01
1.508463382234335848e+00 1.918938912685786129e-03 3.484718826405867844e+02 3.849517794503069723e+01
1.514901188746566207e+00 1.852902137227367511e-03 3.467463054187192029e+02 3.901918234087700910e+01
1.521228969867623793e+00 1.785136608190808364e-03 3.457229219143576984e+02 3.867422694189090748e+01
1.527563647216529041e+00 1.824993124647320475e-03 3.445576923076923208e+02 3.828653273838229154e+01
1.534022576503679458e+00 1.781774817406586286e-03 3.431820388349514701e+02 3.811328696806700833e+01
1.540418711468126034e+00 1.792491139398408621e-03 3.421770334928229431e+02 3.812749565304262234e+01
1.546838712332167631e+00 1.778278829154705072e-03 3.418409638554217054e+02 3.877104075716211184e+01
1.553238623106807825e+00 1.840983848395847744e-03 3.420424528301886653e+02 3.882627241903708892e+01
1.559673935783696619e+00 1.867161364404805587e-03 3.425510688836104691e+02 3.872599104776477930e+01
1.566161367499480317e+00 1.987417225671155377e-03 3.396462585034013841e+02 4.794754462264166506e+01
1.572795191923813007e+00 1.975399758409353626e-03 3.458943820224719161e+02 3.932280495490530114e+01
1.579229625961506400e+00 1.828964939238766603e-03 3.483677884615384528e+02 3.953634817851668259e+01
1.585615098485775532e+00 1.901195136705323549e-03 3.511726457399103083e+02 3.921130748085583662e+01
1.592069020803266399e+00 1.783565421147388207e-03 3.535892018779342720e+02 3.995897836468756736e+01
1.598398624204083740e+00 1.798472010651884717e-03 3.566940639269406574e+02 4.145090341757020269e+01
1.604843375939136507e+00 1.797152056805669104e-03 3.593506787330316570e+02 4.242869971962900166e+01
1.611212339410225569e+00 1.768878106258207515e-03 3.633302752293578237e+02 4.370170389688814794e+01
1.617590363377642504e+00 1.818287623560442892e-03 3.674719101123595237e+02 4.553271131307976560e+01
1.623974015669422899e+00 1.854816384487833732e-03 3.767223476297968432e+02 4.835673427429894389e+01
1.630543485616582799e+00 2.014479720267581264e-03 3.836715481171548277e+02 6.523711345523940963e+01
1.637155364196844820e+00 1.921442116166700376e-03 4.051784140969162991e+02 6.878334957046438092e+01
1.643640215828007012e+00 1.916406123937146409e-03 4.198197424892703680e+02 8.029348898653002209e+01
1.650095370295723063e+00 1.808845151496338592e-03 4.300890868596882228e+02 9.062277138784939723e+01
1.656466136267144007e+00 1.835556712886826517e-03 4.359741935483871202e+02 9.470047478070320324e+01
1.662921359457136594e+00 1.784847929403802829e-03 4.363159041394335418e+02 9.651578838190269494e+01
1.669278115879615276e+00 1.787810489320909016e-03 4.378614718614718413e+02 9.713335987712703457e+01
1.675603147458916142e+00 1.759339208401217896e-03 4.346975717439293589e+02 9.711710080668792955e+01
1.681944817773278311e+00 1.879012939346250957e-03 4.373607594936709120e+02 9.785639904008826306e+01
1.688494896982127180e+00 1.961244959671172398e-03 4.264238683127571790e+02 1.027980070882135664e+02
1.695047655103924189e+00 1.958531043791479891e-03 4.417427983539094498e+02 9.597749856957096881e+01
1.701563412030947964e+00 1.893890162085724253e-03 4.504175365344467536e+02 9.398679459312727147e+01
1.707975620325744792e+00 1.846204685496802061e-03 4.681878914405010619e+02 9.968272505111124815e+01
1.714377380249353600e+00 1.797036493929945892e-03 4.759225941422594133e+02 1.080758882086408050e+02
1.720768292737840266e+00 1.799184406037973973e-03 4.797092783505154898e+02 1.100449553640877838e+02
1.727152534628709324e+00 1.771490888047008889e-03 4.743903966597077329e+02 1.094716709259810727e+02
1.733526494930327289e+00 1.835615179227028260e-03 4.658594704684317662e+02 1.051885046623508515e+02
1.739975521513371870e+00 1.888347845677861795e-03 4.473922764227642119e+02 1.064337524683097342e+02
1.746497876640803248e+00 1.988580869552720402e-03 4.339767441860465169e+02 1.054486327212443229e+02
1.753090192095328348e+00 1.909790863647236811e-03 4.309741035856573603e+02 1.013674790633257317e+02
1.759542915568929722e+00 1.863330342728648260e-03 4.276872509960159618e+02 1.001375307815736306e+02
1.765978610475646082e+00 1.805054295706254351e-03 4.268059999999999832e+02 1.002483415124659558e+02
1.772332663329672986e+00 1.770928694831684115e-03 4.283911290322580498e+02 1.001081724623094544e+02
1.778664509689639184e+00 1.781133477909586536e-03 4.313872255489022223e+02 1.002973251093464881e+02
1.785069366740120511e+00 1.834600355293997381e-03 4.347285156250000000e+02 1.007340634901680687e+02
1.791506168727699633e+00 1.878728357369653049e-03 4.336980392156862649e+02 1.046045887727237726e+02
1.798039063906349488e+00 1.995486375923071192e-03 4.358185185185185446e+02 1.036803852421016927e+02
1.804647924016717919e+00 1.913848319004299433e-03 4.389195402298850581e+02 9.299663756363206346e+01
1.811089958053599736e+00 1.862622323854617795e-03 4.308563218390804650e+02 8.265196245360732519e+01
1.817521720439822408e+00 1.798364348704032875e-03 4.241814671814671556e+02 7.815780892310422701e+01
1.823812670535420288e+00 1.750448090683544159e-03 4.213686274509803980e+02 7.556796793468632245e+01
1.830221642949216854e+00 1.837728497302317443e-03 4.210037243947858201e+02 7.563261438066999176e+01
1.836582905300079060e+00 1.780128382536366044e-03 4.209411764705882320e+02 7.725576539778266749e+01
1.843061797820461534e+00 1.986079127245108083e-03 4.166465364120781487e+02 8.746067685064544150e+01
1.849632829275571488e+00 1.888944039210000737e-03 4.206447368421052602e+02 7.978847152295830369e+01
1.856090187264436642e+00 1.913060858845453587e-03 4.228454545454545723e+02 7.943167114045435540e+01
1.862531947297203283e+00 1.788974026913770074e-03 4.211301886792452933e+02 7.971078792510554933e+01
1.868931787959941415e+00 1.835149539700427039e-03 4.209544626593806811e+02 7.995325155094423053e+01
1.875342409945594868e+00 1.782793697721218873e-03 4.164655493482309225e+02 7.797117929812405634e+01
1.881685992375486283e+00 1.813583446463527945e-03 4.128911439114390873e+02 7.617984000581274984e+01
1.888176611507502489e+00 1.945205006648250507e-03 4.026684303350970140e+02 8.261508816478389861e+01
1.894684395670122701e+00 1.921537496908314263e-03 4.007871198568872728e+02 7.457436113563831270e+01
1.901176782548104516e+00 1.886986723452953362e-03 3.969359430604982322e+02 6.972075248598632413e+01
1.907561981128558237e+00 1.795440373499332084e-03 3.906934306569343107e+02 6.661857862374863259e+01
1.913985041606118376e+00 1.828239138046576940e-03 3.839736842105263008e+02 6.306410799695435543e+01
1.920403381422240097e+00 1.786024996940504313e-03 3.781539855072463752e+02 6.156433045858710074e+01
1.926716413297410169e+00 1.834639747803229817e-03 3.721868327402135037e+02 5.874575125690764565e+01
1.933271554332125497e+00 1.965820526812752777e-03 3.632491582491582562e+02 6.587709674066354637e+01
1.939792573083097382e+00 1.907526115978609412e-03 3.674432809773123836e+02 5.285722561790615970e+01
1.946288570836251841e+00 1.883695634446648113e-03 3.748909710391822614e+02 5.740584340552571518e+01
1.952655684029843908e+00 1.737190040939992066e-03 3.894249547920434225e+02 8.066160152924935289e+01
1.958969978021109171e+00 1.827434973414125523e-03 4.088941979522184056e+02 1.127264223887106596e+02
1.965496063115082181e+00 1.854230162972571750e-03 4.350658783783783861e+02 1.488539864593280697e+02
1.971963975922738088e+00 1.884120710564727479e-03 4.665308219178082254e+02 1.889355546067691876e+02
1.978442510441045021e+00 1.957066319931451050e-03 5.141499176276771550e+02 2.470186564845307657e+02
1.984931097981023740e+00 1.843590323278294961e-03 5.405111111111110631e+02 2.597040415776695568e+02
1.991287308585444338e+00 1.815152065882439042e-03 5.417938671209540189e+02 2.629474327466533623e+02
1.997701973476069481e+00 1.833321787203764366e-03 5.458305647840531947e+02 2.638877257615366148e+02
2.004164133665459424e+00 1.816322146449814287e-03 5.418981636060100300e+02 2.630822271470278224e+02
2.010465304371688244e+00 1.793999045974344238e-03 5.402270363951473655e+02 2.675001659737046111e+02
2.016906033528098163e+00 1.989616449670199121e-03 5.559405320813771141e+02 2.932636058845127423e+02
2.023555996358446407e+00 1.897180052363281293e-03 5.465938511326860407e+02 2.742760392611057227e+02
2.029968694217374470e+00 1.807083598350285245e-03 5.328762541806020181e+02 2.623779656423559459e+02
2.036339422929389187e+00 1.823287213829230622e-03 5.331782820097245121e+02 2.545930479101561161e+02
2.042808231593590484e+00 1.819045180469573350e-03 5.249415584415584135e+02 2.472753303954503679e+02
2.049121403930300289e+00 1.816823929832920258e-03 5.208026755852843053e+02 2.459794071865717910e+02
2.055546024436551544e+00 1.958593688934813937e-03 5.287777777777778283e+02 2.583012548117243341e+02
2.062179187475123410e+00 1.909374836257744399e-03 5.111937500000000227e+02 2.260906661633156602e+02
2.068587893715514436e+00 1.782255124468116103e-03 4.932029459901800124e+02 2.022909947150084236e+02
2.074943470461427353e+00 1.803325004765888358e-03 4.756006339144215644e+02 1.767658427699618926e+02
2.081348551495329602e+00 1.811685209211536278e-03 4.567119999999999891e+02 1.583332024409283747e+02
2.087807581420585645e+00 1.934124239786214495e-03 4.312113323124042950e+02 1.482818497455815248e+02
2.094354049547901386e+00 1.919763106963207067e-03 4.018972392638036695e+02 1.139006133085790395e+02
2.100814970511138302e+00 1.841726384006937703e-03 3.617327044025157079e+02 7.864959199809439383e+01
2.107147425483176129e+00 1.793021693532189254e-03 3.355851735015772874e+02 6.014571535364166976e+01
2.113573117004156288e+00 1.831442330790634650e-03 3.256595419847328117e+02 5.346430267159259841e+01
2.119956773712852627e+00 1.806996690666118864e-03 3.199113924050632818e+02 5.133762884156714534e+01
2.126392549358501416e+00 1.961143276791299343e-03 3.122235294117647300e+02 5.757861948801247109e+01
2.133022499541108896e+00 1.914261261225060897e-03 3.160902366863905399e+02 4.866768708264838494e+01
2.139480964562213483e+00 1.786119367506160778e-03 3.152511627906976628e+02 4.848777617539487750e+01
2.145796782645738254e+00 1.799418587043424183e-03 3.140122324159021332e+02 4.680432810126472987e+01
2.152165366120878165e+00 1.825425695775702338e-03 3.165606060606060623e+02 4.894565843196761534e+01
2.158655754564665852e+00 1.929951649106770133e-03 3.129854651162790447e+02 5.629623216506558236e+01
2.165204964825616862e+00 1.913631523374921799e-03 3.142616959064327489e+02 4.606206749150108237e+01
2.171687233764930003e+00 1.836559742283269984e-03 3.140918518518518567e+02 4.643281721077178048e+01
2.178057454997971210e+00 1.770075738143539208e-03 3.157749244712990730e+02 4.542194324889216972e+01
2.184381886656512783e+00 1.819268068842387707e-03 3.215631500742941853e+02 4.243668702962563088e+01
2.190889596552291430e+00 1.941484629964972597e-03 3.332355430183357043e+02 5.625522260486513204e+01
2.197415493733709368e+00 1.880394352234131695e-03 3.636952104499274583e+02 6.520257246704809972e+01
2.203858495652105454e+00 1.844129167940211774e-03 4.003010130246020140e+02 9.122902344232397809e+01
2.210218428929338064e+00 1.776952575370011446e-03 4.407011834319526429e+02 1.285885619127455755e+02
2.216548686487991304e+00 1.820372229284925253e-03 4.728809869375907056e+02 1.639090384665361455e+02
2.223054582631938558e+00 1.937499342758612587e-03 4.869723756906077483e+02 1.992782918346412941e+02
2.229555406010463425e+00 1.871681269043944497e-03 5.055393419170243305e+02 2.104262830815128780e+02
2.236023148886606471e+00 1.876509468722661325e-03 5.018358831710709183e+02 2.126001898151878891e+02
2.242466908337517939e+00 1.781536512235300631e-03 4.990949640287769853e+02 2.136648718189478018e+02
2.248784053696174290e+00 1.815619011182786555e-03 5.016886657101865126e+02 2.193982481470455070e+02
2.255261034229438355e+00 1.958337742873136802e-03 4.875610738255033425e+02 2.217275825164979608e+02
2.261752977112598817e+00 1.833135357339661826e-03 4.876336633663366342e+02 2.157850892481499443e+02
2.268193030407839927e+00 1.856919733580766289e-03 4.889031377899045197e+02 2.214282764641865811e+02
2.274620661936892052e+00 1.792548502283534354e-03 4.820789844851904036e+02 2.215342248338001809e+02
2.281045196159239286e+00 1.907452264699439036e-03 4.633418918918919189e+02 2.177121017482170373e+02
2.287566856146262317e+00 1.925687837049752790e-03 4.535962566844920048e+02 2.061532439254429505e+02
2.294017676381079784e+00 1.818149611703329506e-03 4.564875346260387801e+02 2.072355735144004427e+02
2.300373896127871021e+00 1.814054264739159471e-03 4.480041039671682483e+02 2.012572486966130043e+02
2.306733295622487301e+00 1.809288305020508025e-03 4.395315934065934016e+02 1.965078389683816624e+02
2.313210233147671158e+00 1.927057466226796351e-03 4.215703125000000000e+02 1.915660167344321678e+02
2.319750633036068876e+00 1.886628064392380537e-03 4.158026490066225165e+02 1.810237458257417700e+02
2.326167810919689938e+00 1.805281422939875990e-03 3.980067658998646607e+02 1.727968097114739408e+02
2.332524891627314911e+00 1.808157875111407291e-03 3.650873655913978268e+02 1.479350446341802012e+02
2.339018828040365428e+00 1.927078730268403945e-03 3.225551282051281987e+02 1.173128470494184086e+02
2.345529090540556361e+00 1.892646505679497623e-03 2.861479057591623132e+02 7.752473372042457811e+01
2.351902562585342693e+00 1.808634088653226840e-03 2.602553475935828828e+02 5.188810054870413779e+01
2.358283426411155403e+00 1.828495513811564770e-03 2.470573663624511198e+02 4.000711366416199155e+01
2.364665150299146479e+00 1.824483169818866225e-03 2.411139072847682030e+02 3.639546070744280115e+01
2.371140522023317931e+00 1.956229962378429419e-03 2.366166253101737027e+02 4.047655256443453453e+01
2.377698484074287411e+00 1.857249505322706908e-03 2.365782051282051270e+02 3.459247746319162076e+01
2.384135550776628865e+00 1.806484998011118103e-03 2.323316129032258175e+02 3.509783757876708421e+01
2.390495270780528703e+00 1.815820546892564329e-03 2.319136490250696454e+02 3.498436897055906769e+01
2.396907059408651008e+00 1.904650256318906557e-03 2.280752393980848183e+02 4.020649397072475040e+01
2.403395490390968892e+00 1.861409897307351969e-03 2.322380281690140862e+02 3.568293495294049933e+01
2.409868588547004364e+00 1.847911660654164229e-03 2.356974431818181870e+02 3.616923315928659832e+01
2.416315494183244539e+00 1.848423108511250412e-03 2.408521739130434867e+02 3.839640256988613487e+01
2.422721222723576151e+00 1.879130934971403807e-03 2.418880813953488484e+02 4.740235174638939952e+01
2.429135064156228374e+00 1.862177758942303550e-03 2.496876832844574778e+02 4.624463453418889713e+01
2.435558328952115659e+00 1.829358714226044739e-03 2.499467455621301895e+02 4.771857263103632363e+01
2.441961929587736613e+00 1.826990787003958654e-03 2.493038922155688510e+02 4.947273811933833798e+01
2.448435267415004279e+00 1.916283866918213176e-03 2.436220930232558146e+02 5.403147454664451743e+01
2.454898310690642571e+00 1.851262751470384186e-03 2.457878787878787818e+02 5.010162537297343022e+01
2.461278332832209870e+00 1.841207405127180587e-03 2.441072507552869979e+02 4.941518248973844862e+01
2.467732767309350983e+00 1.860175811866779036e-03 2.414474474474474448e+02 5.061291168260480333e+01
2.474317234005322774e+00 1.907302378477835920e-03 2.360443490701001394e+02 5.307901187353175487e+01
2.480763678027650521e+00 1.850982492662076430e-03 2.375952712100139195e+02 4.818299059857849187e+01
2.487114426650852028e+00 1.791691956921820849e-03 2.371376404494382086e+02 4.722135373347438758e+01
2.493514277050582706e+00 1.905910091373927331e-03 2.322800528401585325e+02 4.989694675736880924e+01
2.500016016455529844e+00 1.897218154373805617e-03 2.332073011734028682e+02 4.584872874495884787e+01
2.506504299072060071e+00 1.823698874814003905e-03 2.310079051383399076e+02 4.515032657783028469e+01
2.512828968428921783e+00 1.779539787674511890e-03 2.293795423956931359e+02 4.515250587500627688e+01
2.519262120792594928e+00 1.938201810876334251e-03 2.251070983810709834e+02 4.823869016349247829e+01
2.525775074220281358e+00 1.871497825325404334e-03 2.249439490445859917e+02 4.388038863356987207e+01
2.532197693037325781e+00 1.807973308604888651e-03 2.225820512820512818e+02 4.344938597968715044e+01
2.538545427775757091e+00 1.816891897915347926e-03 2.205122265122265048e+02 4.239622269657721176e+01
2.545039371368973402e+00 1.965732421291352915e-03 2.151686460807600838e+02 4.452036845897412576e+01
2.551577586228050976e+00 1.818913119815899733e-03 2.120050505050504910e+02 4.086940251187162687e+01
2.557912035390546901e+00 1.811160408138717511e-03 2.053784461152882272e+02 3.827658032207163785e+01
2.564418003384666633e+00 1.924750488034227642e-03 1.971192443919716766e+02 3.939102666562403954e+01
2.570930014234638072e+00 1.852202887801034569e-03 1.955914634146341484e+02 3.506429167775360867e+01
2.577333690207623373e+00 1.816621428331073769e-03 1.939755501222493876e+02 3.494388597358169335e+01
2.583698900290759326e+00 1.840143410056186736e-03 1.922457212713936485e+02 3.637871055433709699e+01
2.590116643848396460e+00 1.922552353981257615e-03 1.916627771295216007e+02 3.848376592324908785e+01
2.596553429180498362e+00 1.801710981220896188e-03 1.909745145631067942e+02 3.615828604428956794e+01
2.602955615407046341e+00 1.842317350104424401e-03 1.903729411764705901e+02 3.591039748806555565e+01
2.609495359574187212e+00 1.911716238635802895e-03 1.880627137970353431e+02 3.942693274405564097e+01
2.615974071523933020e+00 1.844748521006626301e-03 1.881776470588235384e+02 3.618258198020596694e+01
2.622378270172453618e+00 1.832507040312451657e-03 1.872678362573099378e+02 3.625166958580369680e+01
2.628819659223405658e+00 1.883705983027747803e-03 1.849908045977011568e+02 3.929170187087384392e+01
2.635224897504864661e+00 1.872415782458078902e-03 1.856011494252873604e+02 3.636561151898072808e+01
2.641639659702591736e+00 1.816527212418568051e-03 1.847912341407151189e+02 3.650463313903411944e+01
2.648064596936881454e+00 1.851525790120274028e-03 1.841664766248574665e+02 3.814877945460592201e+01
2.654540339871488630e+00 1.920962172705038655e-03 1.847964796479647873e+02 3.818348016553402147e+01
2.661017435989672553e+00 1.820997431850269717e-03 1.860399999999999920e+02 3.684490490071668489e+01
2.667377750780578261e+00 1.839233884157700843e-03 1.870715096481271189e+02 3.764445602868490681e+01
2.673833255939705111e+00 1.922629864361171097e-03 1.871592632719393237e+02 4.183308870342182928e+01
2.680310332336410362e+00 1.829470795604572599e-03 1.879305711086226154e+02 3.920037288113445584e+01
2.686679530094181256e+00 1.809753184080302099e-03 1.874529147982062796e+02 3.921674958084187068e+01
2.693172569770623248e+00 1.920456143785719515e-03 1.863710359408033810e+02 4.233081157109020154e+01
2.699710169678059213e+00 1.845827250732203417e-03 1.868647764449291060e+02 3.883977232052423290e+01
2.706108723802718607e+00 1.808001129835774996e-03 1.878516057585825081e+02 3.792470781238711908e+01
2.712552861480932442e+00 1.909490143508341294e-03 1.904805057955742882e+02 3.929893230025405160e+01
2.719028861112676942e+00 1.848278151304674159e-03 1.997751351351351445e+02 3.526157089360295771e+01
2.725349625855669977e+00 1.780111837505188701e-03 2.113873473917869035e+02 3.758505268679423494e+01
2.731792001493120292e+00 1.927874637693306574e-03 2.220553278688524586e+02 4.534685390906126656e+01
2.738310186615081410e+00 1.835670255000661395e-03 2.309765708200212941e+02 4.296892481322693413e+01
2.744685257899765141e+00 1.793617037467074102e-03 2.327790948275862206e+02 4.425660497089772605e+01
2.751066800196758422e+00 1.878288467704576767e-03 2.335566037735848965e+02 4.500362202986696758e+01
2.757601512830000434e+00 1.862141664063760894e-03 2.292563535911602344e+02 3.184957361693557942e+01
2.764058068263966828e+00 1.836587841443396716e-03 2.269031890660592126e+02 2.949034964851106011e+01
2.770529172478649382e+00 1.887167826034379927e-03 2.262759009009008935e+02 3.032949089946818333e+01
2.776955143396238501e+00 1.821333560803167642e-03 2.293726415094339757e+02 3.400387772567562195e+01
2.783316304171964184e+00 1.843620978786204888e-03 2.370000000000000000e+02 4.251954323136330771e+01
2.789755116199374552e+00 1.895104686621155434e-03 2.482531791907514389e+02 5.693293699061521096e+01
2.796202065730379438e+00 1.823396814250311405e-03 2.642155688622754610e+02 7.896367248718271981e+01
2.802598215598055997e+00 1.839199823105454800e-03 2.775089820359281703e+02 9.987195509806495863e+01
2.809058618291326859e+00 1.891542357478581855e-03 2.849532163742690045e+02 1.145688030053196798e+02
2.815539484174618412e+00 1.814857361145085640e-03 2.913385922330097060e+02 1.248286391989871049e+02
2.821989463872399906e+00 1.865090624993398201e-03 2.893321385902031011e+02 1.283534872114641985e+02
2.828483713597702565e+00 1.883630524017047489e-03 2.905273809523809518e+02 1.306624782079814793e+02
2.834900904292738222e+00 1.791954038426357698e-03 2.882425000000000068e+02 1.308123809005668932e+02
2.841279989216558999e+00 1.876324795384782303e-03 2.845567632850241466e+02 1.303797356557857654e+02
2.847767858763501359e+00 1.886990809494324501e-03 2.832379227053140198e+02 1.308243898316309242e+02
2.854224446368732959e+00 1.845718501710050556e-03 2.825062034739453907e+02 1.334157849782863252e+02
2.860652227376856871e+00 1.895283512592607677e-03 2.773106796116504711e+02 1.335088438250032823e+02
2.867113210476443186e+00 1.859648482407798373e-03 2.779517326732673155e+02 1.335867124351866266e+02
2.873572830144707879e+00 1.886954548921765396e-03 2.709262899262899396e+02 1.321345477243416724e+02
2.879995266294152589e+00 1.874768549312584749e-03 2.626133828996282773e+02 1.295604999929503549e+02
2.886377499349285003e+00 1.822646243021190660e-03 2.550658227848101376e+02 1.261284639626085777e+02
2.892826601299819611e+00 1.901257081905588812e-03 2.491591737545564911e+02 1.237278954442835897e+02
2.899287209408602628e+00 1.837036175435869181e-03 2.484628930817609955e+02 1.231406217596153283e+02
2.905651471559458798e+00 1.820821310380915442e-03 2.459593392630241340e+02 1.209121235614395005e+02
2.912064357739847953e+00 1.885695667761764669e-03 2.398255528255528191e+02 1.171582386857975280e+02
2.918524733004972394e+00 1.831846772134888184e-03 2.398040455120101058e+02 1.144858700951942438e+02
2.925008101889499557e+00 1.898964803942654149e-03 2.359756394640682231e+02 1.097838729863321277e+02
2.931494571104498625e+00 1.860470468068603543e-03 2.347700865265760228e+02 1.033793403806021161e+02
2.937893251398651540e+00 1.817351826735809622e-03 2.296035131744040143e+02 9.349925565278016393e+01
2.944305546311252186e+00 1.880927000690213848e-03 2.186618531889290011e+02 8.026753282761707453e+01
2.950769139483569781e+00 1.826098071515048831e-03 2.119299754299754284e+02 6.594978860780319962e+01
2.957217893682505760e+00 1.858471812583063982e-03 2.060556900726392371e+02 5.764655493032542921e+01
2.963641657319503686e+00 1.840162297927921053e-03 2.105202453987729996e+02 5.564175437285146586e+01
2.970043842149071800e+00 1.832295957600710810e-03 2.190012376237623641e+02 5.950062400870890400e+01
2.976510225225458495e+00 1.909562939757382871e-03 2.216152019002375368e+02 6.568693240378524933e+01
2.983008757323797777e+00 1.820848808918005624e-03 2.282701363073110201e+02 6.972203067797411791e+01
2.989442833175567138e+00 1.860876473636659213e-03 2.260109090909090810e+02 7.263396745014148337e+01
2.995851322080832713e+00 1.818248084975540883e-03 2.271316770186335532e+02 7.240377785957844026e+01
3.002288071879581022e+00 1.866109072499165002e-03 2.227393422655298423e+02 7.222689717481928540e+01
3.008748785923475388e+00 1.879638502675874765e-03 2.216145454545454641e+02 7.174989422439672637e+01
3.015199648864150372e+00 1.825469582085792030e-03 2.207189054726368056e+02 7.121854452323371731e+01
3.021614952218953931e+00 1.867358907394168870e-03 2.149115151515151467e+02 7.082329228328694626e+01
3.028035269137849372e+00 1.805619228951016193e-03 2.143804755944931060e+02 7.003470189274095503e+01
3.034481983401863037e+00 1.885823396422961745e-03 2.099566787003610102e+02 7.002984061490238332e+01
3.040948636384726900e+00 1.846244746713175374e-03 2.094580246913580197e+02 6.946046509305453753e+01
3.047399548284976056e+00 1.866575050031695892e-03 2.048225214198286324e+02 7.027768047003851848e+01
3.053818065407082116e+00 1.858882463793821993e-03 2.031941031941032065e+02 6.988849073591894978e+01
3.060168791671987076e+00 1.792825745411367891e-03 2.004096692111959328e+02 6.940434037823145275e+01
3.066596020837712544e+00 1.927764682785730512e-03 1.941706161137440745e+02 6.884469438797799512e+01
3.073140751332767540e+00 1.856356834428901387e-03 1.927775030902348590e+02 6.885138083468034154e+01
3.079593295930210139e+00 1.886716362797553155e-03 1.853199999999999932e+02 6.888323752642011755e+01
3.086017154762366044e+00 1.830431539716442747e-03 1.817775000000000034e+02 6.709063060983254445e+01
3.092486513109037993e+00 1.905108961471654438e-03 1.746750599520383673e+02 6.589363218823180546e+01
3.098964516853627060e+00 1.852397442341169754e-03 1.704153275648949375e+02 6.267903272798171344e+01
3.105440922044128804e+00 1.880034527507769499e-03 1.639878787878787989e+02 5.918971928204144461e+01
3.111821301298671738e+00 1.810318297736169049e-03 1.597069182389937225e+02 5.441751497158724504e+01
3.118233335063332667e+00 1.868901341642052608e-03 1.526138855054811074e+02 4.565201234257483520e+01
3.124683867316949026e+00 1.865189586864977357e-03 1.453064713064713089e+02 3.566140083296237151e+01
3.131144652615997170e+00 1.844489775254080271e-03 1.395666666666666629e+02 2.657266921051013497e+01
3.137527951480249655e+00 1.850518740970626434e-03 1.356900369003689946e+02 2.016071891398958371e+01
3.143946084488824955e+00 1.842734159383119935e-03 1.351239157372986313e+02 1.627302419370569453e+01
3.150358822729363073e+00 1.875642417003805899e-03 1.339890776699029118e+02 1.384742145815183001e+01
3.156784286039504561e+00 1.823981601210612454e-03 1.332887499999999932e+02 1.297331817134690723e+01
3.163270120323041557e+00 1.930117905744787839e-03 1.322936320754716917e+02 1.248811601334780086e+01
3.169756141428992979e+00 1.817110211355118556e-03 1.317952261306532762e+02 1.225931176623273977e+01
3.176136715832639901e+00 1.869400486556539428e-03 1.300836363636363728e+02 1.158323306138101216e+01
3.182603852824878121e+00 1.855271636042648588e-03 1.291177914110429583e+02 1.174994112064354468e+01
3.189050645908320547e+00 1.867823016262818358e-03 1.277490909090909099e+02 1.142770747226342465e+01
3.195475202712392715e+00 1.830177604982121797e-03 1.270868486352357252e+02 1.174633713269582636e+01
3.201930699474990760e+00 1.890160737295187680e-03 1.254802867383512535e+02 1.155323272514406341e+01
3.208380198036255848e+00 1.818817371399450607e-03 1.236276463262764622e+02 1.206919103446890063e+01
3.214769441202507405e+00 1.856295446885927562e-03 1.214259708737864116e+02 1.231183177646444449e+01
3.221219946103295317e+00 1.854520719188760538e-03 1.190684596577017089e+02 1.312145794416429290e+01
3.227683765295594753e+00 1.874065427032763596e-03 1.156943441636582435e+02 1.437515480005523294e+01
3.234131017772435612e+00 1.840716304877563787e-03 1.144401972872996254e+02 1.598667330963213296e+01
3.240599979113187423e+00 1.901252405176113557e-03 1.122716488730723654e+02 1.722391314233455262e+01
3.247028333220890239e+00 1.799593188369970169e-03 1.123345911949685529e+02 1.846905735722779696e+01
3.253443203786942295e+00 1.907653420062672836e-03 1.117323113207547181e+02 1.911811495815478423e+01
3.259883502116921683e+00 1.795580006981134817e-03 1.125579345088161176e+02 1.977895457333334761e+01
3.266300345605878341e+00 1.923600185575663262e-03 1.125216881594372751e+02 1.970430206527233352e+01
3.272853483066015201e+00 1.856140221165968399e-03 1.119170731707317117e+02 1.999433694363446179e+01
3.279208055010873757e+00 1.838273880463746476e-03 1.115901840490797525e+02 1.989027297670041605e+01
3.285677511815711327e+00 1.882917816817657360e-03 1.107326968973747086e+02 1.961505609928084937e+01
3.292103848527159204e+00 1.835553428200827411e-03 1.104773561811505544e+02 1.949862087347728590e+01
3.298586108799094418e+00 1.888317585372828586e-03 1.092292161520190064e+02 1.927565971891856123e+01
3.305031100311709658e+00 1.850386223069815962e-03 1.091632155907429933e+02 1.929510841327884663e+01
3.311493553422723224e+00 1.868513817595845007e-03 1.080334128878281632e+02 1.881130702263389765e+01
3.317903636599865536e+00 1.824831080609758517e-03 1.076760736196319073e+02 1.878487054416358149e+01
3.324331097200103002e+00 1.867240715589447552e-03 1.056988095238095298e+02 1.824680329534097467e+01
3.330698991454875468e+00 1.802295415888940022e-03 1.045486284289276853e+02 1.879264567114812934e+01
3.337129369178693850e+00 1.924555404658041986e-03 1.031300813008130035e+02 1.936310418523541443e+01
3.343680207265053550e+00 1.861922247852822480e-03 1.015367913148371599e+02 1.940532255888186697e+01
3.350044083295126374e+00 1.835162792558274860e-03 1.000510328068043719e+02 1.911142449847155333e+01
3.356505604070456616e+00 1.871227406804753775e-03 9.860308056872037241e+01 1.906693855391648995e+01
3.362916001860436488e+00 1.833654571443432820e-03 9.818270401948842618e+01 1.872705342451914134e+01
3.369285096640512123e+00 1.875337531839301689e-03 9.726951219512194768e+01 1.917024839581914719e+01
3.375802434903234950e+00 1.848095989791553092e-03 9.666305818673883721e+01 1.971761967818612149e+01
3.382214916359785661e+00 1.843501739730700950e-03 9.563342696629213435e+01 1.918240934977448120e+01
3.388621595555129762e+00 1.837214591020290208e-03 9.407278020378457484e+01 1.905620407595888111e+01
3.395087870480640202e+00 1.897809126909797642e-03 9.353052325581394655e+01 1.921379446074547204e+01
3.401600099274715294e+00 1.862825267528726196e-03 9.248265460030165741e+01 1.854699437308561016e+01
3.408008587822927371e+00 1.829521772960810344e-03 9.180434782608695343e+01 1.828998436905733271e+01
3.414429009776510870e+00 1.863403552598411495e-03 9.089628482972136680e+01 1.796448799002314090e+01
3.420895508941175223e+00 1.876279003669552520e-03 9.162284820031298693e+01 1.882161250904114169e+01
3.427361199308996742e+00 1.871984655860910217e-03 9.170411392405063111e+01 2.015459921039954594e+01
3.433789816721534383e+00 1.835455874914732619e-03 9.275324675324675638e+01 2.231908677208111769e+01
3.440207803416203358e+00 1.864980166185075923e-03 9.425566343042071082e+01 2.475641399161008138e+01
3.446682336316245543e+00 1.886495457043324163e-03 9.540325203252032793e+01 2.698392766881277893e+01
3.453142116062292821e+00 1.850491205141300763e-03 9.459159663865546008e+01 2.763149918468041832e+01
3.459552608189105705e+00 1.840426776601197887e-03 9.270890410958904226e+01 2.638886046254253159e+01
3.466037827277117955e+00 1.895781883946169978e-03 9.254499151103564714e+01 2.638517753865087201e+01
3.472473653977210972e+00 1.828931698347952819e-03 9.080322003577818180e+01 2.503390035785397316e+01
3.478868831430015351e+00 1.849798838882201271e-03 8.972678571428571104e+01 2.389579031216287319e+01
3.485296939778874226e+00 1.846836384750711896e-03 8.936446886446886140e+01 2.423321650861020160e+01
3.491740378822062674e+00 1.892374048568714641e-03 8.834244080145720091e+01 2.451838325856897782e+01
3.498222076309955408e+00 1.850392789083453492e-03 8.686654135338345384e+01 2.403585944856737200e+01
3.504611891581455030e+00 1.828338000025509641e-03 8.558640776699029118e+01 2.204454850877202787e+01
3.511032309223517167e+00 1.894740202114146826e-03 8.632824427480916540e+01 2.387474751990745858e+01
3.517510811405253346e+00 1.847376399887671770e-03 8.345849802371542125e+01 2.247409958347580883e+01
3.523886222494890585e+00 1.819823680849573695e-03 8.189161554192229175e+01 2.105699477891251092e+01
3.530333766363422221e+00 1.913949961282706506e-03 8.312079207920791646e+01 2.281126838423325864e+01
3.536838628960300657e+00 1.837400593869444173e-03 8.030833333333333712e+01 1.948571458573348281e+01
3.543212277439104163e+00 1.824314092004992007e-03 7.973661670235546239e+01 1.876830101699237474e+01
3.549634251627681092e+00 1.895848120010211945e-03 8.112184873949580322e+01 2.028184054587388374e+01
3.556117060308725097e+00 1.842284182035823720e-03 7.960917030567685515e+01 1.692203097841820636e+01
3.562580790750173865e+00 1.873137250446494902e-03 8.218640350877193157e+01 1.844083367752305236e+01
3.569027121761189303e+00 1.864198494303047999e-03 8.376351351351351582e+01 1.606167255606561639e+01
3.575415228040989657e+00 1.829283293316363293e-03 8.545243619489559705e+01 1.390172896307701578e+01
3.581824267593239686e+00 1.860007523854312686e-03 8.838283062645011512e+01 1.370946594728522072e+01
3.588330065081806630e+00 1.895947895659538546e-03 8.869373549883991359e+01 1.080434161480191158e+01
3.594804804657118602e+00 1.838793340235311087e-03 8.946585365853658800e+01 1.043089779416831142e+01
3.601203120605045882e+00 1.866742151695356807e-03 8.902205882352940591e+01 9.798187048369340957e+00
3.607629953215138574e+00 1.849946976811765471e-03 8.814285714285713880e+01 7.999216753637773181e+00
3.614090854913730499e+00 1.868416365547433599e-03 8.777272727272726627e+01 7.757908669466483609e+00
3.620574720227974552e+00 1.873754476683962313e-03 8.663496143958869311e+01 6.988569346158759465e+00
3.627004027770476924e+00 1.835919208150294619e-03 8.534224598930481420e+01 6.675346685174353922e+00
3.633382280898821648e+00 1.849285921997263250e-03 8.377777777777777146e+01 6.432799496692647168e+00
3.639818201334091174e+00 1.872714577785467623e-03 8.249863760217984066e+01 5.809943547307253375e+00
3.646271849872324999e+00 1.848931603973280732e-03 8.145505617977528345e+01 4.970626064114956222e+00
3.652754025121335069e+00 1.886957975833729447e-03 7.948033707865168651e+01 4.811719861363425110e+00
3.659208746855755479e+00 1.834720162372708565e-03 7.614454277286135664e+01 4.302726701814710175e+00
3.665582835495777569e+00 1.840575612045432024e-03 7.284684684684684441e+01 3.963813810969950779e+00
3.672040343112283445e+00 1.886479483533069204e-03 7.018263473053892199e+01 4.714623039829120899e+00
3.678529717319615866e+00 1.858096912976999176e-03 6.732298136645962927e+01 4.588580518832541699e+00
3.684932562337432049e+00 1.835190244932949138e-03 6.495498392282958378e+01 4.477282693534252012e+00
3.691340469028411508e+00 1.865394116403416890e-03 6.350161812297734798e+01 3.721167827035314346e+00
3.697825917576230470e+00 1.878575472322643403e-03 6.314802631578947256e+01 3.141135627960212950e+00
3.704288468942850354e+00 1.854378416201764085e-03 6.382252559726962460e+01 3.011124911209335231e+00
3.710695071708606907e+00 1.843173339766954189e-03 6.441403508771929864e+01 3.277546094654569586e+00
3.717119980493126530e+00 1.858275420549158159e-03 6.596785714285714164e+01 4.373899278442425320e+00
3.723579054116692877e+00 1.875547371405369762e-03 6.711272727272726968e+01 5.418023182546529704e+00
3.730020297411832164e+00 1.843995263516665269e-03 6.735984848484848442e+01 6.005734078975232926e+00
3.736426917509388268e+00 1.851423495632689448e-03 6.753875968992248602e+01 6.767355283284342882e+00
3.742862848593606184e+00 1.866246695943705233e-03 6.670750988142292215e+01 6.619250653500032833e+00
3.749304155234212121e+00 1.850203366498975400e-03 6.586475409836064898e+01 6.038266510872877468e+00
3.755769545342233950e+00 1.881542671327423493e-03 6.507053941908714023e+01 6.448284975534479990e+00
3.762207580716425692e+00 1.832713059301602828e-03 6.424561403508772628e+01 5.688743589922712118e+00
3.768650259547695391e+00 1.882711660849632198e-03 6.393832599118942994e+01 4.832468605050739718e+00
3.775101190588130873e+00 1.841328330998877110e-03 6.266976744186046488e+01 4.589281372438802187e+00
3.781544745172108257e+00 1.876261972947606757e-03 6.116509433962264097e+01 4.087709831007250827e+00
3.787984350729691752e+00 1.841817734800533721e-03 5.978606965174129328e+01 3.122369192856692788e+00
3.794443778523244770e+00 1.888119406057294294e-03 5.845728643216080656e+01 2.879353135326967905e+00
3.800887998049732097e+00 1.829598834944004332e-03 5.723118279569892763e+01 2.423330067494930518e+00
3.807319286871066577e+00 1.879776389761753357e-03 5.659782608695652328e+01 2.759210816324568771e+00
3.813728772969168901e+00 1.816176537965013323e-03 5.719298245614034926e+01 3.475751053847874417e+00
3.820127884734960233e+00 1.870328496078344947e-03 5.831360946745562046e+01 3.537367981263150440e+00
3.826558902351690605e+00 1.840091099185570860e-03 6.149685534591194624e+01 4.078818797922037831e+00
3.832976717434447789e+00 1.862754303780558536e-03 6.448701298701298867e+01 4.322217623866096758e+00
3.839467489846226655e+00 1.881591717002498556e-03 6.675675675675675791e+01 5.436364047233598562e+00
3.845958738964208923e+00 1.872212223355807642e-03 6.872857142857142776e+01 5.083878079432136765e+00
3.852379013358490312e+00 1.829949564810406546e-03 6.991538461538461036e+01 5.142570904028312739e+00
3.858770514458473411e+00 1.860590576749386821e-03 6.950400000000000489e+01 5.235839569734733523e+00
3.865201312403456324e+00 1.846877382617491750e-03 6.867521367521366926e+01 4.663307704456005176e+00
3.871669834970288271e+00 1.885989225799452511e-03 6.970535714285713880e+01 5.570154959739468836e+00
3.878154213609482870e+00 1.855219997046820071e-03 6.894174757281552957e+01 5.584820127315036409e+00
3.884570297975108666e+00 1.842018581107749764e-03 6.787368421052632073e+01 4.819213623050792705e+00
3.891030549524630455e+00 1.892572859664069882e-03 6.647777777777777430e+01 3.967833628531278745e+00
3.897480132485925619e+00 1.830223622249431631e-03 6.366250000000000142e+01 4.931467834225424340e+00
3.903837790606199842e+00 1.833538786489578550e-03 6.110958904109588730e+01 5.197777286695412613e+00
3.910297958451704581e+00 1.898394991490752427e-03 5.758823529411764497e+01 5.035256322013180075e+00
3.916760076293909876e+00 1.823271174774054393e-03 5.418965517241379359e+01 3.771726596931122444e+00
3.923205856217289345e+00 1.907998375040481686e-03 5.200000000000000000e+01 3.203771362534509670e+00
3.929647757040283906e+00 1.804292177573046203e-03 5.013953488372092693e+01 3.268248679664000456e+00
3.936002968608691699e+00 1.864030959871269735e-03 4.959459459459459651e+01 3.520263785852823624e+00
3.942404476100300759e+00 1.828532384993888883e-03 4.968965517241379359e+01 3.383002908680789567e+00
3.948822507765122225e+00 1.871711324841116540e-03 5.068181818181817988e+01 3.285329272653209731e+00
3.955157590966607906e+00 1.825831164639231917e-03 4.957142857142856940e+01 2.915475947422650371e+00
3.961507824082775464e+00 1.968979546566614058e-03 4.971428571428571530e+01 3.187987657774485228e+00
