# q qerr I(q) I(q)err
8.294532032279089417e-03 3.215448162638725495e-03 8.333333333333333703e-01 2.511814675282187537e+01
1.547771440847061503e-02 1.298069176105710962e-03 1.083333333333333259e+00 4.082482904638630172e-01
2.114153426598287117e-02 1.953452460535632252e-03 1.000000000000000000e+00 5.916079783099615907e-01
2.708829541553820289e-02 1.932501425123600049e-03 8.333333333333333703e-01 5.833333333333332593e-01
3.424760286937652415e-02 2.393094809829984012e-03 8.409090909090909394e-01 5.378254348272378804e-01
4.134659872356089005e-02 1.444308516548141333e-03 1.000000000000000000e+00 5.000000000000000000e-01
4.709622292726145520e-02 1.633576272088444088e-03 1.074999999999999956e+00 4.430011286667339121e-01
5.289360403025952090e-02 1.994215660312892175e-03 1.000000000000000000e+00 4.787135538781690514e-01
5.941266175682404643e-02 2.038777625163953021e-03 1.000000000000000000e+00 4.690415759823429176e-01
6.623959740571712385e-02 2.014614798769268252e-03 1.000000000000000000e+00 4.513354669242199968e-01
7.251770781946841049e-02 1.767162065969994948e-03 1.083333333333333259e+00 4.269562819149833599e-01
7.836204892921720677e-02 1.794558473909566021e-03 1.479999999999999982e+00 1.131017241247895821e+00
8.476368586159346852e-02 2.173163639586968114e-03 2.687500000000000000e+00 5.587985856952395913e+00
9.171767809022127182e-02 2.151270969520740432e-03 9.367647058823528994e+00 2.354944000539023108e+01
9.840741527280037759e-02 1.879523288412654567e-03 2.401666666666666572e+01 5.658400834158004500e+01
1.046713563714864598e-01 1.717715818177843919e-03 5.539999999999999858e+01 1.036427903908419665e+02
1.108696467093386595e-01 1.978629817275711061e-03 9.103773584905660243e+01 1.478614192005570089e+02
1.174911181025048434e-01 2.151142134119994175e-03 1.299016393442622928e+02 1.929047718637193611e+02
1.240901985761322518e-01 1.682567093931450772e-03 1.920200000000000102e+02 2.500377971427520265e+02
1.302695169190241364e-01 1.981638030988197227e-03 2.125593220338982974e+02 2.778314054588427098e+02
1.366843399328758479e-01 1.885635125754002352e-03 2.694107142857142776e+02 3.241361862233030138e+02
1.431380625310322841e-01 2.037281709542672608e-03 2.970645161290322562e+02 3.457336940490939128e+02
1.497407916800755912e-01 2.013243134106564892e-03 3.442380952380952408e+02 3.866047090481452528e+02
1.560440161600273323e-01 1.800320108738214832e-03 3.808947368421052602e+02 4.190541200059941502e+02
1.626324968867556287e-01 2.166758397174068339e-03 4.139459459459459367e+02 4.326949135818341006e+02
1.693678508908615654e-01 1.711853084056604935e-03 4.447166666666666401e+02 4.662200285273037821e+02
1.755753172360756398e-01 1.940749690505284321e-03 4.788260869565217490e+02 4.703816633997971053e+02
1.819629297477835528e-01 1.792019476258344991e-03 5.060153846153846189e+02 4.996348666776569303e+02
1.883474920212158954e-01 1.982820530303366913e-03 5.208750000000000000e+02 5.178077821987185416e+02
1.949500334927739553e-01 1.985593967279970003e-03 5.625866666666667015e+02 5.232144082283837179e+02
2.014306324154557237e-01 1.750557958225071797e-03 5.812898550724637516e+02 5.444352677449775229e+02
2.076332073357673447e-01 1.865361520913360683e-03 6.212972972972972912e+02 5.462041588997794861e+02
2.140129245322099916e-01 1.882829286684015863e-03 6.220133333333333212e+02 5.669393265597298068e+02
2.204163405633874917e-01 1.951475208267544961e-03 6.652820512820512704e+02 5.655111719511630781e+02
2.268599176829277919e-01 1.954094669929957399e-03 6.654500000000000455e+02 5.802005176014580456e+02
2.335135695299082048e-01 1.986313139076756155e-03 6.815529411764705401e+02 5.911700717242223391e+02
2.400224779461884173e-01 1.823737618079871109e-03 7.128125000000000000e+02 5.888209723676628755e+02
2.464005577519743639e-01 1.894426896505377799e-03 7.278235294117647527e+02 5.909531301855711263e+02
2.528350385827773383e-01 1.829527638271931031e-03 7.471428571428571104e+02 5.949438091571521454e+02
2.590859102888302123e-01 1.817056121189442432e-03 7.537261904761904816e+02 6.025486389038630932e+02
2.654612130450557106e-01 1.918447197659697845e-03 7.637078651685393424e+02 6.088742985007878588e+02
2.718942366720529247e-01 1.942478483450333455e-03 7.972637362637362912e+02 5.958008087197047189e+02
2.784185743669774227e-01 1.921358219378808702e-03 7.926774193548386620e+02 5.943335202841358296e+02
2.849156375412667530e-01 1.882334819595186037e-03 8.483936170212765546e+02 5.636637449208189992e+02
2.911870294677750826e-01 1.766712284927822799e-03 8.523707865168539684e+02 5.509288697213900150e+02
2.976511517037133681e-01 2.019527329980297554e-03 8.998834951456310591e+02 5.182857150094747567e+02
3.043178155919494809e-01 1.919359421117726450e-03 9.093600000000000136e+02 5.005156580967272362e+02
3.108074081907638564e-01 1.815555258398614735e-03 9.435408163265306030e+02 4.772118200542608406e+02
3.170970610330232087e-01 1.826000353424227750e-03 9.604545454545454959e+02 4.604291037673005462e+02
3.235319739834495723e-01 1.908097576542081529e-03 9.666000000000000227e+02 4.438698414968922066e+02
3.300700059726238145e-01 1.867687188749142220e-03 1.007207547169811278e+03 4.157211810716389664e+02
3.365262003550894554e-01 1.808122422876843900e-03 1.007009523809523785e+03 4.073044023706056578e+02
3.429039324965278412e-01 1.810371451943152679e-03 1.036716981132075489e+03 3.820620593965476814e+02
3.492243179790229801e-01 1.835371710213073819e-03 1.049879629629629562e+03 3.652526689487857539e+02
3.555659880086458058e-01 1.813249007222180170e-03 1.061657407407407391e+03 3.510867517237579136e+02
3.620245372922214488e-01 1.918012235727336494e-03 1.084094017094017090e+03 3.314950343162273612e+02
3.685406119477664388e-01 1.798147481859587110e-03 1.081063063063063055e+03 3.200805588578496668e+02
3.750909242308860247e-01 1.967614233492519498e-03 1.106588709677419274e+03 2.963083699527542763e+02
3.816999037813160189e-01 1.752662604176019427e-03 1.106704347826086860e+03 2.808236124745413349e+02
3.880273799716012495e-01 1.749306826939258557e-03 1.115025862068965580e+03 2.638035114579609512e+02
3.942361145945514900e-01 1.745527907058957431e-03 1.115500000000000000e+03 2.496696869590037124e+02
4.006128291384035145e-01 1.852638254231622501e-03 1.119983739837398389e+03 2.350518356811305978e+02
4.070503578694664726e-01 1.848743254130127446e-03 1.121758064516129025e+03 2.256404594382041466e+02
4.135933781829447264e-01 1.871256654943844995e-03 1.120527131782945844e+03 2.174325286449798114e+02
4.202179442533061082e-01 1.832712641984981681e-03 1.129907692307692287e+03 2.046914901842432641e+02
4.266798115557093873e-01 1.759393680741872749e-03 1.131330708661417248e+03 1.952827032296213474e+02
4.330910535146235696e-01 1.771858374752960505e-03 1.135138461538461570e+03 1.869547589484983519e+02
4.395078467689783608e-01 1.772659720438770270e-03 1.133803030303030255e+03 1.806916149430952601e+02
4.457793319829173595e-01 1.654526338047628432e-03 1.122751999999999953e+03 1.741384291648457747e+02
4.521562795609589402e-01 1.887763445894669913e-03 1.127232394366197241e+03 1.610291847264462319e+02
4.587656575942579140e-01 1.769717907920350091e-03 1.111211678832116831e+03 1.519225233055913975e+02
4.652405449529313231e-01 1.746242423612376143e-03 1.102812949640287798e+03 1.412300523799869723e+02
4.716282944699034529e-01 1.704407088516023735e-03 1.092912408759123991e+03 1.325857348657171428e+02
4.780637153179891352e-01 1.798647074538550902e-03 1.087347222222222172e+03 1.231424194138840988e+02
4.844976548260259142e-01 1.723433333189145671e-03 1.083866197183098620e+03 1.177133760496729167e+02
4.908596034113225648e-01 1.665744062354685903e-03 1.072014184397163035e+03 1.129007593406046226e+02
4.972011979785150859e-01 1.734256865849588200e-03 1.070458904109588957e+03 1.067094606328473532e+02
5.036178995103413047e-01 1.747915368961153139e-03 1.059114864864864785e+03 1.013662799816186748e+02
5.101756467004687767e-01 1.800451491856020327e-03 1.052748387096774195e+03 9.726664168031562951e+01
5.166235656727934389e-01 1.648057805296297825e-03 1.045537414965986500e+03 8.961824103804282515e+01
5.229884928033705638e-01 1.714260039451578075e-03 1.041335526315789366e+03 8.372893386603874433e+01
5.293925748937229336e-01 1.756900675637705763e-03 1.034333333333333258e+03 8.040327043992611777e+01
5.357749724968067229e-01 1.647361260156582873e-03 1.025993377483443737e+03 7.707650739203710089e+01
5.422269581426349960e-01 1.797131621318817348e-03 1.021335365853658573e+03 7.387843880997625945e+01
5.488258977193463117e-01 1.752106618123457169e-03 1.012118012422360266e+03 6.819413627441620918e+01
5.552607346015674405e-01 1.711536068502800701e-03 1.007268749999999955e+03 6.631273974980221908e+01
5.616696921416424182e-01 1.713298320607429745e-03 9.995398773006135116e+02 6.429285139373180868e+01
5.680596363279470928e-01 1.671719726027721563e-03 9.906875000000000000e+02 6.255043277727980922e+01
5.744116486855085357e-01 1.773350792090137981e-03 9.848035714285714448e+02 5.967597633353426545e+01
5.808465417437830292e-01 1.706594120505047427e-03 9.784909090909090992e+02 5.702650777955528127e+01
5.872915480827241019e-01 1.773275249674210931e-03 9.734393063583814865e+02 5.373387926141635518e+01
5.936297343998458986e-01 1.608871723183330060e-03 9.669382716049382225e+02 5.182105493418378472e+01
6.000917821228005655e-01 1.852508397134843563e-03 9.631868131868131968e+02 4.896415122619090710e+01
6.066068710033430955e-01 1.719733697199352486e-03 9.532046783625730768e+02 4.700261538919919957e+01
6.129319261090041548e-01 1.700305612135823196e-03 9.475348837209302246e+02 4.499627410811659445e+01
6.193292159447265632e-01 1.792945791870086646e-03 9.404277777777778056e+02 4.346253104615826857e+01
6.257789288608107681e-01 1.769335618302108433e-03 9.318418079096045403e+02 4.258878479126268246e+01
6.322945183878984077e-01 1.883051681004075783e-03 9.273280423280423292e+02 4.213275751929652557e+01
6.387697914265673127e-01 1.734308686986089703e-03 9.213295454545454959e+02 4.328002215416818643e+01
6.450797878865883739e-01 1.812617312363664322e-03 9.160380434782608745e+02 4.222048568675766234e+01
6.514777522098027518e-01 1.807195130708317372e-03 9.083945945945946505e+02 4.079789271115964056e+01
6.579453254174412180e-01 1.840076954070700866e-03 9.009523809523809632e+02 4.030659771176438255e+01
6.642487788958216788e-01 1.761967380250493336e-03 8.926318681318681456e+02 4.013212841291087329e+01
6.707545140871414846e-01 1.952870522822350513e-03 8.873700000000000045e+02 3.862913343578911451e+01
6.772291234912055646e-01 1.844192786587162299e-03 8.781111111111110858e+02 4.036177521238530375e+01
6.834443396870620857e-01 1.745041746211572261e-03 8.697880434782608745e+02 4.260285008703938558e+01
6.899300657465672337e-01 1.988575045799213618e-03 8.634637681159420026e+02 4.114748670302691380e+01
6.965346490814943170e-01 1.967867873463197050e-03 8.548090452261307064e+02 4.427004572577155983e+01
7.030970487636396538e-01 2.020648629947002003e-03 8.497038834951456465e+02 4.607479360466123097e+01
7.095716427219228573e-01 1.946516927103622520e-03 8.462777777777778283e+02 5.044719211134739822e+01
7.160970279381224657e-01 2.044543341153194464e-03 8.467476190476190823e+02 5.419718721521272897e+01
7.226116891734091219e-01 2.004959656352403585e-03 8.456146341463414728e+02 5.591326779722703577e+01
7.291288619178314390e-01 2.011427705279334160e-03 8.419142857142857110e+02 5.971489291101634223e+01
7.356079106374427967e-01 1.973711099579897668e-03 8.364134615384615472e+02 5.772601299079652648e+01
7.419803430714648762e-01 1.939746738906150680e-03 8.247902439024389878e+02 5.919792229098334957e+01
7.484516812817442188e-01 2.022257641999446187e-03 8.135681818181818699e+02 5.281870990191335835e+01
7.549512183205485671e-01 1.898119824350936232e-03 8.012980769230769056e+02 5.410232547378714685e+01
7.613853957290165342e-01 1.973382858640895885e-03 7.952181818181818471e+02 4.984114517209767570e+01
7.678481984516135617e-01 1.903941598965435333e-03 7.873116279069766961e+02 5.206129806376681302e+01
7.743372045322526320e-01 1.915374251326664194e-03 7.803828828828828819e+02 4.901814509769916839e+01
7.807807857039134047e-01 1.872160005679921477e-03 7.733715596330275730e+02 4.905577593340305498e+01
7.871827117013717734e-01 1.874571936203420349e-03 7.668733031674207723e+02 4.926139190166922788e+01
7.935705088346153291e-01 1.846468364235832015e-03 7.613497757847533194e+02 4.911869340225953806e+01
7.999497029225959288e-01 1.794315080242126848e-03 7.552968036529680376e+02 4.917135282518158590e+01
8.063895263538338742e-01 1.919941342275102670e-03 7.516228813559322361e+02 4.786904183936406554e+01
8.129038415374738591e-01 1.785391972586650427e-03 7.456311111111110677e+02 4.913952983691024912e+01
8.193543447618309994e-01 1.828478467253065801e-03 7.384297872340425783e+02 4.845037036402349173e+01
8.257450256705209934e-01 1.731942097964038994e-03 7.306562500000000000e+02 5.024401117030907216e+01
8.321389716972604766e-01 1.845140229989535984e-03 7.250750000000000455e+02 4.867056455566000039e+01
8.386208936931099922e-01 1.751195931903918061e-03 7.189230769230769056e+02 4.832402821399606552e+01
8.449970631363269424e-01 1.723661030767332288e-03 7.126250000000000000e+02 4.757784003156265129e+01
8.513046230100612677e-01 1.773741526074865430e-03 7.059915966386554373e+02 4.670153645781533669e+01
8.578256185292513214e-01 1.822821089358022794e-03 6.989554655870445004e+02 4.632718815879703556e+01
8.643009097266359797e-01 1.747841479780405487e-03 6.919626556016597760e+02 4.737686054573680394e+01
8.706520843132705689e-01 1.718512007701664341e-03 6.851470588235293917e+02 4.788804345431491072e+01
8.770655084888429043e-01 1.823306464836067656e-03 6.812569169960473801e+02 4.745988767362491956e+01
8.835379301005906738e-01 1.720994191554163586e-03 6.749423868312757122e+02 4.795171335835593140e+01
8.899818591232092624e-01 1.816014583941305376e-03 6.747058823529412166e+02 4.868158435314776256e+01
8.963154830142930907e-01 1.686559403020368615e-03 6.816000000000000227e+02 6.118364432863845082e+01
9.027402481510985455e-01 1.849914512401526186e-03 6.953625954198473664e+02 8.873999064146804017e+01
9.092741475074460622e-01 1.818523953956779297e-03 6.903921568627450824e+02 1.012823499802987186e+02
9.156513574886713247e-01 1.799905876070713017e-03 6.685793650793650613e+02 7.416096800106593889e+01
9.219738414041327434e-01 1.816254378221876130e-03 6.518007812500000000e+02 5.451972982271102808e+01
9.284093843578240524e-01 1.864548344913183461e-03 6.421346153846153584e+02 4.973160359821212495e+01
9.348720171621091035e-01 1.939851900461452830e-03 6.332247191011235827e+02 4.629727026894708075e+01
9.413551784733346084e-01 1.927152036582965508e-03 6.224236641221374384e+02 5.096887229029243827e+01
9.478756351150825488e-01 2.022964964773094239e-03 6.176123188405797464e+02 4.922070711419815581e+01
9.544794314844599059e-01 1.995588314593873917e-03 6.114981549815497601e+02 4.678518259899101395e+01
9.609640598131067302e-01 1.976081289299603128e-03 6.075441176470587834e+02 4.757814835746098936e+01
9.673540511875814429e-01 1.900963898517757681e-03 6.016931818181818699e+02 4.709564095946587514e+01
9.738764300010358532e-01 2.020370959177093719e-03 5.995590277777778283e+02 4.495794931700203279e+01
9.803887395962943563e-01 1.868024915732807104e-03 5.946779026217228648e+02 4.463002203838134108e+01
9.867609507399704993e-01 1.907798179635916648e-03 5.913261648745519778e+02 4.371136369401310873e+01
9.931792738827067701e-01 1.861169570246367679e-03 5.872181818181818471e+02 4.303833924105458664e+01
9.997024529712079666e-01 1.929714342920701943e-03 5.846130136986300840e+02 4.125421869509366957e+01
1.006152710574202525e+00 1.760100644785859590e-03 5.805330882352941444e+02 4.190922592929962320e+01
1.012546487448541255e+00 1.858180627704414780e-03 5.773910034602075712e+02 4.145787070800572849e+01
1.018988798098918291e+00 1.803978976354649174e-03 5.744718309859155170e+02 4.291742999599139097e+01
1.025394048634321598e+00 1.775790568352827222e-03 5.731859649122807241e+02 4.385543755218044026e+01
1.031778999059903112e+00 1.783042104657854955e-03 5.729446366782007090e+02 4.469473772944925116e+01
1.038243195035333466e+00 1.800042721148124251e-03 5.786484641638224957e+02 4.738468813734927920e+01
1.044593270705168830e+00 1.728638088187854378e-03 6.090419580419580825e+02 7.307589068096650919e+01
1.051019473275584426e+00 1.807666001326826760e-03 7.436555183946488796e+02 2.012458784464477048e+02
1.057452118334604840e+00 1.764796907398143069e-03 1.091867796610169535e+03 4.617612623748865985e+02
1.063812741872586898e+00 1.735604614353873946e-03 1.542095890410958873e+03 6.915345240714566444e+02
1.070275566257694377e+00 1.860876787998901613e-03 1.979180645161290386e+03 8.906395148259518919e+02
1.076675486865225739e+00 1.737707282280460301e-03 2.177343642611683663e+03 1.030387630958485033e+03
1.083000003099001241e+00 1.811785629637566912e-03 2.253019736842105431e+03 1.044897547391035687e+03
1.089457558406981885e+00 1.875700427842611059e-03 2.153217532467532692e+03 9.747447145692582353e+02
1.095857128634095679e+00 1.865882195591197666e-03 1.984493421052631675e+03 8.765229049463579258e+02
1.102286980210992473e+00 1.937596539280167377e-03 1.810638977635782794e+03 8.293394362131275557e+02
1.108924588094037933e+00 2.035521144429528872e-03 1.540399390243902417e+03 7.322463747199108184e+02
1.115518250266801070e+00 1.963453062553008333e-03 1.220088607594936775e+03 5.804393240337822135e+02
1.121980766162010701e+00 1.920251373127695831e-03 8.791050955414012833e+02 3.448796828736843736e+02
1.128426312748922689e+00 1.950613960551148517e-03 6.685434782608696196e+02 1.788237832326433647e+02
1.134959239864979930e+00 1.915365560061970144e-03 5.762153846153846644e+02 1.009450290384522475e+02
1.141388067807542761e+00 1.819889318180962796e-03 5.282253968253968424e+02 5.988192673847274250e+01
1.147829738822878420e+00 1.877407927217479219e-03 5.025410334346504442e+02 4.173436904422972304e+01
1.154234759887723172e+00 1.796226287448233561e-03 4.896332288401254118e+02 4.015408102024450443e+01
1.160592008141087206e+00 1.784421184300352767e-03 4.834024767801857365e+02 3.978148831654140594e+01
1.167026991042843242e+00 1.836276795008287468e-03 4.782417910447761074e+02 3.880843333169929821e+01
1.173494023876834547e+00 1.758155136545365687e-03 4.734067278287461704e+02 3.997890544411511371e+01
1.179808164649816637e+00 1.732605827553653768e-03 4.585476923076923299e+02 5.298473099245852325e+01
1.186220583891021807e+00 1.881017850291822648e-03 4.627009646302250871e+02 4.655556755468023056e+01
1.192681073817049464e+00 1.793318889751105601e-03 4.609103448275861865e+02 4.540539916666240572e+01
1.199065629744253458e+00 1.797529783280079436e-03 4.582323943661971839e+02 4.556874138518938366e+01
1.205502001077074059e+00 1.899328588103967692e-03 4.548458904109589298e+02 4.501532885641336179e+01
1.211991242640565014e+00 1.826306843735066819e-03 4.505144927536231876e+02 4.515414246334996307e+01
1.218362901235649165e+00 1.888953249129523074e-03 4.462086330935251794e+02 4.498945151800470654e+01
1.224837827500277143e+00 1.938626244914326818e-03 4.389136690647482055e+02 5.157779769284408644e+01
1.231306496939841066e+00 1.935692192720165272e-03 4.382826086956521863e+02 4.942107744070465003e+01
1.237900180047003751e+00 1.954996484647400414e-03 4.374516129032257936e+02 4.628556167991738590e+01
1.244387829439413284e+00 1.881879514088832415e-03 4.349925373134328197e+02 4.466228907832865502e+01
1.250735832344970877e+00 1.818331757808236372e-03 4.325542635658914605e+02 4.466352649671372177e+01
1.257083335292831006e+00 1.905720956169173206e-03 4.299520295202951843e+02 4.453724045675588883e+01
1.263603115287416090e+00 1.841854869392088893e-03 4.275075757575757507e+02 4.571301669706750914e+01
1.270020777910819465e+00 1.832011672431217405e-03 4.245513307984791140e+02 4.511698390993517194e+01
1.276488051741652807e+00 1.832185980768075541e-03 4.218403041825094988e+02 4.527311010304530470e+01
1.282839323063532211e+00 1.758750693263018286e-03 4.190669291338582525e+02 4.557951126310695855e+01
1.289363492023574365e+00 1.805471412487298991e-03 4.043771043771043878e+02 5.558977152646080810e+01
1.295761563244195891e+00 1.749310907134910172e-03 4.061040268456375770e+02 4.876914111212332870e+01
1.302096506369333051e+00 1.727886103868702576e-03 4.044119601328903855e+02 4.604624747638681725e+01
1.308490604613926855e+00 1.841981469325142248e-03 4.014018691588785259e+02 4.476030175189919902e+01
1.314923371882378955e+00 1.783204890748409099e-03 3.979614147909967983e+02 4.453162821219549272e+01
1.321263162947042602e+00 1.883891353746835161e-03 3.957283950617284063e+02 4.438349387185656525e+01
1.327809252188654421e+00 1.990407611744629372e-03 3.891479289940828608e+02 4.892143657988099648e+01
1.334395055816720577e+00 2.005908808147741692e-03 3.885718475073313698e+02 4.661170675903172622e+01
1.340924575314278222e+00 1.937181998292608577e-03 3.864686567164179110e+02 4.386995332381320623e+01
1.347326738882997477e+00 1.911240937813023883e-03 3.835502958579881465e+02 4.302432211769519199e+01
1.353867248119903444e+00 1.925349651844857632e-03 3.801076487252124707e+02 4.262392420937025150e+01
1.360292180733798650e+00 1.777880213384871099e-03 3.777305389221556879e+02 4.306058533168742031e+01
1.366716033276369036e+00 1.860440026654835337e-03 3.755070028011204499e+02 4.182164141284295056e+01
1.373134056949086190e+00 1.747663592607761902e-03 3.731549707602339367e+02 4.251686770604733567e+01
1.379508641949547476e+00 1.787974598008121871e-03 3.697211267605633793e+02 4.157413580703232014e+01
1.385849874457594222e+00 1.730044418412237826e-03 3.673746397694524717e+02 4.205248098475660612e+01
1.392210228535155858e+00 1.777760908321846531e-03 3.650861111111111086e+02 4.138717651192975211e+01
1.398630460992727143e+00 1.793834584281517276e-03 3.627611111111111200e+02 4.185279151272239062e+01
1.405027543482165298e+00 1.820682476180417696e-03 3.613994490358126654e+02 4.149965910905306998e+01
1.411380623846245186e+00 1.844474811107960554e-03 3.587638888888889142e+02 4.244308916538986409e+01
1.418011585217980208e+00 2.061904995500850411e-03 3.539201995012468842e+02 4.716304204693597057e+01
1.424633236002852632e+00 1.911062399977238009e-03 3.575191256830601105e+02 4.295635366676265932e+01
1.431027237377290762e+00 1.930893372260762729e-03 3.586596306068601621e+02 3.939448523540795577e+01
1.437551415863808524e+00 1.925262037142165712e-03 3.587922077922078188e+02 4.017811541129120911e+01
1.443999660086549230e+00 1.834928749309971486e-03 3.571909814323607293e+02 3.928253910872346211e+01
1.450408168300875378e+00 1.822080046480867126e-03 3.544240837696335120e+02 3.801369698426118759e+01
1.456762351763572827e+00 1.768742008520618686e-03 3.517026315789473756e+02 3.765812626358633253e+01
1.463211358413713192e+00 1.810126088705470279e-03 3.489413265306122298e+02 3.712728354265870934e+01
1.469593255354290973e+00 1.758193336020684059e-03 3.477786458333333144e+02 3.737667093330308887e+01
1.475950724204827313e+00 1.769305199294179780e-03 3.469018087855297381e+02 3.799561958101633508e+01
1.482355977374464340e+00 1.855140322631434503e-03 3.506875000000000000e+02 3.970574974106394706e+01
1.488803525874331735e+00 1.854999873494519958e-03 3.666005089058523936e+02 4.951990579290546179e+01
1.495319592526707764e+00 2.003828109077177445e-03 4.187129186602870732e+02 9.647788083705175666e+01
1.501939691759246465e+00 1.957822028991581826e-03 5.348150851581508505e+02 1.788551913378779830e+02
1.508463382234335848e+00 1.918938912685786129e-03 6.352347188264059241e+02 2.249732323208881155e+02
1.514901188746566207e+00 1.852902137227367511e-03 6.896108374384236868e+02 2.376386612238376870e+02
1.521228969867623793e+00 1.785136608190808364e-03 6.847959697732997029e+02 2.284649093070721051e+02
1.527563647216529041e+00 1.824993124647320475e-03 6.678725961538461888e+02 2.125067539661540366e+02
1.534022576503679458e+00 1.781774817406586286e-03 6.277718446601941196e+02 1.894427592753316674e+02
1.540418711468126034e+00 1.792491139398408621e-03 5.817894736842105203e+02 1.538441022808408718e+02
1.546838712332167631e+00 1.778278829154705072e-03 5.618096385542169173e+02 1.515559920475084255e+02
1.553238623106807825e+00 1.840983848395847744e-03 5.441698113207546612e+02 1.420319850321078832e+02
1.559673935783696619e+00 1.867161364404805587e-03 5.228313539192398594e+02 1.224540037499774598e+02
1.566161367499480317e+00 1.987417225671155377e-03 4.754489795918367463e+02 1.084921238248153372e+02
1.572795191923813007e+00 1.975399758409353626e-03 4.353280898876404308e+02 7.671645483610983263e+01
1.579229625961506400e+00 1.828964939238766603e-03 3.792235576923076792e+02 5.623943132962482139e+01
1.585615098485775532e+00 1.901195136705323549e-03 3.369417040358744657e+02 4.233889078218570035e+01
1.592069020803266399e+00 1.783565421147388207e-03 3.125258215962441568e+02 3.774216772848585322e+01
1.598398624204083740e+00 1.798472010651884717e-03 3.025525114155250890e+02 3.734886881432585426e+01
1.604843375939136507e+00 1.797152056805669104e-03 2.961742081447963528e+02 3.789804613515030240e+01
1.611212339410225569e+00 1.768878106258207515e-03 2.928990825688073301e+02 3.892289657499895128e+01
1.617590363377642504e+00 1.818287623560442892e-03 2.897685393258427098e+02 3.915979731873864722e+01
1.623974015669422899e+00 1.854816384487833732e-03 2.888239277652370447e+02 3.907292164760693254e+01
1.630543485616582799e+00 2.014479720267581264e-03 2.820711297071129593e+02 4.253090564001627882e+01
1.637155364196844820e+00 1.921442116166700376e-03 2.840330396475770840e+02 3.845560795148552558e+01
1.643640215828007012e+00 1.916406123937146409e-03 2.819313304721030136e+02 3.812869932536032280e+01
1.650095370295723063e+00 1.808845151496338592e-03 2.798797327394209447e+02 3.868389930265061594e+01
1.656466136267144007e+00 1.835556712886826517e-03 2.785913978494623393e+02 3.858009283837631642e+01
1.662921359457136594e+00 1.784847929403802829e-03 2.769629629629629903e+02 3.812567605981768537e+01
1.669278115879615276e+00 1.787810489320909016e-03 2.759653679653679887e+02 3.804330556031423072e+01
1.675603147458916142e+00 1.759339208401217896e-03 2.744878587196467947e+02 3.795441878434666449e+01
1.681944817773278311e+00 1.879012939346250957e-03 2.737194092827004397e+02 3.747965413866810280e+01
1.688494896982127180e+00 1.961244959671172398e-03 2.675884773662551197e+02 4.172522512127433458e+01
1.695047655103924189e+00 1.958531043791479891e-03 2.695555555555555429e+02 3.750850536070648644e+01
1.701563412030947964e+00 1.893890162085724253e-03 2.678517745302713706e+02 3.645594841554943599e+01
1.707975620325744792e+00 1.846204685496802061e-03 2.670354906054279809e+02 3.612063504269988101e+01
1.714377380249353600e+00 1.797036493929945892e-03 2.647949790794979208e+02 3.583150663943716552e+01
1.720768292737840266e+00 1.799184406037973973e-03 2.638412371134020873e+02 3.591262640132184458e+01
1.727152534628709324e+00 1.771490888047008889e-03 2.617181628392484072e+02 3.591449687661069134e+01
1.733526494930327289e+00 1.835615179227028260e-03 2.608289205702647564e+02 3.590733883450728570e+01
1.739975521513371870e+00 1.888347845677861795e-03 2.575853658536585158e+02 3.808609737171990162e+01
1.746497876640803248e+00 1.988580869552720402e-03 2.566918604651162923e+02 3.780382598440203878e+01
1.753090192095328348e+00 1.909790863647236811e-03 2.565139442231075577e+02 3.482134014868356076e+01
1.759542915568929722e+00 1.863330342728648260e-03 2.547450199203187253e+02 3.421312705509232899e+01
1.765978610475646082e+00 1.805054295706254351e-03 2.524319999999999879e+02 3.387763628118112536e+01
1.772332663329672986e+00 1.770928694831684115e-03 2.512258064516128968e+02 3.338479032083126441e+01
1.778664509689639184e+00 1.781133477909586536e-03 2.499421157684630828e+02 3.355721016767682130e+01
1.785069366740120511e+00 1.834600355293997381e-03 2.484609375000000000e+02 3.308008982967924538e+01
1.791506168727699633e+00 1.878728357369653049e-03 2.450019607843137237e+02 3.608785575970583182e+01
1.798039063906349488e+00 1.995486375923071192e-03 2.433611111111111143e+02 3.359375891233492695e+01
1.804647924016717919e+00 1.913848319004299433e-03 2.445000000000000000e+02 3.074287756656486081e+01
1.811089958053599736e+00 1.862622323854617795e-03 2.453754789272030621e+02 3.082442498241521633e+01
1.817521720439822408e+00 1.798364348704032875e-03 2.430694980694980813e+02 3.065106168107022455e+01
1.823812670535420288e+00 1.750448090683544159e-03 2.416607843137254861e+02 3.083345447153484287e+01
1.830221642949216854e+00 1.837728497302317443e-03 2.401173184357541857e+02 3.162212076844030406e+01
1.836582905300079060e+00 1.780128382536366044e-03 2.423098039215686299e+02 3.355637225900512988e+01
1.843061797820461534e+00 1.986079127245108083e-03 2.460870337477797420e+02 4.270600105875085006e+01
1.849632829275571488e+00 1.888944039210000737e-03 2.551860902255639019e+02 4.548576087113544730e+01
1.856090187264436642e+00 1.913060858845453587e-03 2.607018181818181688e+02 5.167485409224244108e+01
1.862531947297203283e+00 1.788974026913770074e-03 2.576283018867924284e+02 4.633062892872588634e+01
1.868931787959941415e+00 1.835149539700427039e-03 2.546775956284153040e+02 4.094651120228786567e+01
1.875342409945594868e+00 1.782793697721218873e-03 2.525158286778398633e+02 4.022827394680431468e+01
1.881685992375486283e+00 1.813583446463527945e-03 2.501365313653136582e+02 3.751127833376363441e+01
1.888176611507502489e+00 1.945205006648250507e-03 2.471957671957671892e+02 4.049731555561056950e+01
1.894684395670122701e+00 1.921537496908314263e-03 2.515813953488372192e+02 3.728667715437549646e+01
1.901176782548104516e+00 1.886986723452953362e-03 2.546067615658363081e+02 3.908728941830695192e+01
1.907561981128558237e+00 1.795440373499332084e-03 2.522700729927007330e+02 4.014281755915651217e+01
1.913985041606118376e+00 1.828239138046576940e-03 2.467035087719298190e+02 4.165159579704901205e+01
1.920403381422240097e+00 1.786024996940504313e-03 2.381793478260869676e+02 3.635785862644334543e+01
1.926716413297410169e+00 1.834639747803229817e-03 2.292704626334519560e+02 3.230658736917135343e+01
1.933271554332125497e+00 1.965820526812752777e-03 2.195404040404040416e+02 3.362706618655474955e+01
1.939792573083097382e+00 1.907526115978609412e-03 2.190000000000000000e+02 2.603229971155547418e+01
1.946288570836251841e+00 1.883695634446648113e-03 2.177597955706984578e+02 2.535193143625586742e+01
1.952655684029843908e+00 1.737190040939992066e-03 2.166220614828209818e+02 2.698015588862803682e+01
1.958969978021109171e+00 1.827434973414125523e-03 2.157576791808873793e+02 2.636917440064146589e+01
1.965496063115082181e+00 1.854230162972571750e-03 2.135202702702702595e+02 2.610397857953436329e+01
1.971963975922738088e+00 1.884120710564727479e-03 2.100616438356164508e+02 2.972821645402309443e+01
1.978442510441045021e+00 1.957066319931451050e-03 2.091581548599670555e+02 2.775445332235720031e+01
1.984931097981023740e+00 1.843590323278294961e-03 2.081316239316239205e+02 2.478767947963163820e+01
1.991287308585444338e+00 1.815152065882439042e-03 2.076797274275979532e+02 2.448103491829738942e+01
1.997701973476069481e+00 1.833321787203764366e-03 2.066594684385381981e+02 2.423602966077923782e+01
2.004164133665459424e+00 1.816322146449814287e-03 2.055325542570951711e+02 2.485210503730112208e+01
2.010465304371688244e+00 1.793999045974344238e-03 2.035701906412478195e+02 2.487866491363724109e+01
2.016906033528098163e+00 1.989616449670199121e-03 1.989937402190923308e+02 2.894690430258146563e+01
2.023555996358446407e+00 1.897180052363281293e-03 1.983139158576051670e+02 2.298513006861189822e+01
2.029968694217374470e+00 1.807083598350285245e-03 1.948026755852842768e+02 2.239787370442439496e+01
2.036339422929389187e+00 1.823287213829230622e-03 1.929886547811993580e+02 2.188136234822555437e+01
2.042808231593590484e+00 1.819045180469573350e-03 1.914139610389610482e+02 2.212064227743856648e+01
2.049121403930300289e+00 1.816823929832920258e-03 1.897123745819397982e+02 2.432961505175014594e+01
2.055546024436551544e+00 1.958593688934813937e-03 1.881851851851851904e+02 2.529169223145217416e+01
2.062179187475123410e+00 1.909374836257744399e-03 1.888421874999999943e+02 2.156689821538583374e+01
2.068587893715514436e+00 1.782255124468116103e-03 1.880654664484451644e+02 2.206801889503758218e+01
2.074943470461427353e+00 1.803325004765888358e-03 1.867020602218700560e+02 2.164966297896818404e+01
2.081348551495329602e+00 1.811685209211536278e-03 1.865151999999999930e+02 2.174170631022321487e+01
2.087807581420585645e+00 1.934124239786214495e-03 1.849877488514548247e+02 2.631866472533220502e+01
2.094354049547901386e+00 1.919763106963207067e-03 1.862561349693251600e+02 2.315268344949927837e+01
2.100814970511138302e+00 1.841726384006937703e-03 1.877405660377358458e+02 2.240268732343814051e+01
2.107147425483176129e+00 1.793021693532189254e-03 1.941151419558359521e+02 2.660058316819946000e+01
2.113573117004156288e+00 1.831442330790634650e-03 2.207083969465648750e+02 6.124821246450636636e+01
2.119956773712852627e+00 1.806996690666118864e-03 3.061993670886075734e+02 1.627363961099395624e+02
2.126392549358501416e+00 1.961143276791299343e-03 4.399250000000000114e+02 2.946608396804305130e+02
2.133022499541108896e+00 1.914261261225060897e-03 5.922721893491124092e+02 4.372969861847392963e+02
2.139480964562213483e+00 1.786119367506160778e-03 6.420015503875969216e+02 4.005324769806801442e+02
2.145796782645738254e+00 1.799418587043424183e-03 6.397996941896024055e+02 3.286580083956867497e+02
2.152165366120878165e+00 1.825425695775702338e-03 6.382348484848484986e+02 3.153761650871075517e+02
2.158655754564665852e+00 1.929951649106770133e-03 6.176119186046511231e+02 3.043637306165196605e+02
2.165204964825616862e+00 1.913631523374921799e-03 5.946695906432748870e+02 3.159484283114102823e+02
2.171687233764930003e+00 1.836559742283269984e-03 5.778281481481481023e+02 3.323498199261408104e+02
2.178057454997971210e+00 1.770075738143539208e-03 5.533247734138973328e+02 2.872341815892511363e+02
2.184381886656512783e+00 1.819268068842387707e-03 5.264903417533432730e+02 2.449613265943009424e+02
2.190889596552291430e+00 1.941484629964972597e-03 5.106643159379407848e+02 2.630734284049513576e+02
2.197415493733709368e+00 1.880394352234131695e-03 4.985878084179971097e+02 2.607100540015159140e+02
2.203858495652105454e+00 1.844129167940211774e-03 4.516830680173661108e+02 2.019011567533869425e+02
2.210218428929338064e+00 1.776952575370011446e-03 4.304349112426035617e+02 1.818463839441385517e+02
2.216548686487991304e+00 1.820372229284925253e-03 4.062438316400580334e+02 1.537407827254295682e+02
2.223054582631938558e+00 1.937499342758612587e-03 3.572334254143646604e+02 1.345081524390093648e+02
2.229555406010463425e+00 1.871681269043944497e-03 2.888354792560801343e+02 9.083805423224663400e+01
2.236023148886606471e+00 1.876509468722661325e-03 2.273949930458970812e+02 6.025801289600629218e+01
2.242466908337517939e+00 1.781536512235300631e-03 1.954575539568345448e+02 4.698856366901677717e+01
2.248784053696174290e+00 1.815619011182786555e-03 1.772668579626972871e+02 3.369790748449272400e+01
2.255261034229438355e+00 1.958337742873136802e-03 1.664456375838926192e+02 2.935728746772640818e+01
2.261752977112598817e+00 1.833135357339661826e-03 1.629377652050919494e+02 2.299499359553288969e+01
2.268193030407839927e+00 1.856919733580766289e-03 1.614270122783083252e+02 2.244911700391230980e+01
2.274620661936892052e+00 1.792548502283534354e-03 1.608533145275035281e+02 2.230597578560684369e+01
2.281045196159239286e+00 1.907452264699439036e-03 1.584837837837837924e+02 2.505527104248559667e+01
2.287566856146262317e+00 1.925687837049752790e-03 1.580013368983957207e+02 2.304857112742659453e+01
2.294017676381079784e+00 1.818149611703329506e-03 1.575000000000000000e+02 2.188549906335419948e+01
2.300373896127871021e+00 1.814054264739159471e-03 1.571627906976744100e+02 2.202196362587503486e+01
2.306733295622487301e+00 1.809288305020508025e-03 1.559519230769230660e+02 2.234062201015242977e+01
2.313210233147671158e+00 1.927057466226796351e-03 1.542903645833333428e+02 2.622455460831122309e+01
2.319750633036068876e+00 1.886628064392380537e-03 1.554132450331125881e+02 2.246346498941629477e+01
2.326167810919689938e+00 1.805281422939875990e-03 1.552178619756427622e+02 2.296962582483689630e+01
2.332524891627314911e+00 1.808157875111407291e-03 1.552567204301075208e+02 2.316587054169725945e+01
2.339018828040365428e+00 1.927078730268403945e-03 1.548333333333333428e+02 2.629734233102679752e+01
2.345529090540556361e+00 1.892646505679497623e-03 1.577905759162303525e+02 2.403172757554207806e+01
2.351902562585342693e+00 1.808634088653226840e-03 1.598556149732620213e+02 2.410622276464572877e+01
2.358283426411155403e+00 1.828495513811564770e-03 1.648083441981746944e+02 2.536131690131920635e+01
2.364665150299146479e+00 1.824483169818866225e-03 1.839364238410595931e+02 3.477372237631335850e+01
2.371140522023317931e+00 1.956229962378429419e-03 2.421612903225806406e+02 8.720459666405453447e+01
2.377698484074287411e+00 1.857249505322706908e-03 3.506705128205128403e+02 1.447971392279544034e+02
2.384135550776628865e+00 1.806484998011118103e-03 4.659522580645161156e+02 1.938755410077315275e+02
2.390495270780528703e+00 1.815820546892564329e-03 5.599498607242339858e+02 2.103892934486846684e+02
2.396907059408651008e+00 1.904650256318906557e-03 5.910437756497948385e+02 2.256454297713171968e+02
2.403395490390968892e+00 1.861409897307351969e-03 6.120169014084507353e+02 2.122997807847332581e+02
2.409868588547004364e+00 1.847911660654164229e-03 6.173821022727272521e+02 2.064505622521974146e+02
2.416315494183244539e+00 1.848423108511250412e-03 6.067130434782608290e+02 2.126642447808083318e+02
2.422721222723576151e+00 1.879130934971403807e-03 5.718343023255813478e+02 2.235968357957233366e+02
2.429135064156228374e+00 1.862177758942303550e-03 5.548255131964809834e+02 2.134587980104586507e+02
2.435558328952115659e+00 1.829358714226044739e-03 5.214142011834319419e+02 1.864980584233128695e+02
2.441961929587736613e+00 1.826990787003958654e-03 4.862275449101796312e+02 1.578616067551044466e+02
2.448435267415004279e+00 1.916283866918213176e-03 4.541526162790697754e+02 1.544366597410013071e+02
2.454898310690642571e+00 1.851262751470384186e-03 4.549287878787878867e+02 1.519334013879116583e+02
2.461278332832209870e+00 1.841207405127180587e-03 4.455861027190332493e+02 1.593301412942495574e+02
2.467732767309350983e+00 1.860175811866779036e-03 4.149384384384384248e+02 1.515691569249910913e+02
2.474317234005322774e+00 1.907302378477835920e-03 3.720858369098712615e+02 1.393629637790450317e+02
2.480763678027650521e+00 1.850982492662076430e-03 3.313407510431154606e+02 1.126304458177185097e+02
2.487114426650852028e+00 1.791691956921820849e-03 2.716460674157303288e+02 8.894950637337829846e+01
2.493514277050582706e+00 1.905910091373927331e-03 2.066948480845442475e+02 6.611218203889514200e+01
2.500016016455529844e+00 1.897218154373805617e-03 1.681303780964798023e+02 4.613572026014503535e+01
2.506504299072060071e+00 1.823698874814003905e-03 1.462608695652174049e+02 3.614129439210537953e+01
2.512828968428921783e+00 1.779539787674511890e-03 1.359717362045760467e+02 3.020144074617443053e+01
2.519262120792594928e+00 1.938201810876334251e-03 1.302378580323785684e+02 2.983524303973672431e+01
2.525775074220281358e+00 1.871497825325404334e-03 1.284904458598726080e+02 2.582643362172933266e+01
2.532197693037325781e+00 1.807973308604888651e-03 1.267205128205128233e+02 2.552469373250278650e+01
2.538545427775757091e+00 1.816891897915347926e-03 1.256203346203346172e+02 2.578144502151097583e+01
2.545039371368973402e+00 1.965732421291352915e-03 1.238693586698337299e+02 2.786333075010467653e+01
2.551577586228050976e+00 1.818913119815899733e-03 1.234406565656565675e+02 2.535970147662974838e+01
2.557912035390546901e+00 1.811160408138717511e-03 1.229035087719298218e+02 2.506114011702532807e+01
2.564418003384666633e+00 1.924750488034227642e-03 1.213081463990554880e+02 2.733507768746500943e+01
2.570930014234638072e+00 1.852202887801034569e-03 1.218841463414634205e+02 2.527670956435888527e+01
2.577333690207623373e+00 1.816621428331073769e-03 1.214290953545232270e+02 2.500234259503511680e+01
2.583698900290759326e+00 1.840143410056186736e-03 1.211650366748166192e+02 2.556084559894246411e+01
2.590116643848396460e+00 1.922552353981257615e-03 1.236487747957992980e+02 2.699705956563760267e+01
2.596553429180498362e+00 1.801710981220896188e-03 1.334696601941747645e+02 2.811140094453458005e+01
2.602955615407046341e+00 1.842317350104424401e-03 1.541988235294117544e+02 3.655843988251682930e+01
2.609495359574187212e+00 1.911716238635802895e-03 1.816180159635119651e+02 4.939093871447093420e+01
2.615974071523933020e+00 1.844748521006626301e-03 2.080341176470588209e+02 5.419107854408903080e+01
2.622378270172453618e+00 1.832507040312451657e-03 2.214222222222222172e+02 5.964046273564314049e+01
2.628819659223405658e+00 1.883705983027747803e-03 2.264344827586207032e+02 6.996229033533360564e+01
2.635224897504864661e+00 1.872415782458078902e-03 2.361275862068965523e+02 7.038126845170093304e+01
2.641639659702591736e+00 1.816527212418568051e-03 2.317439446366782079e+02 6.331726469793302670e+01
2.648064596936881454e+00 1.851525790120274028e-03 2.235450399087799269e+02 6.320025742160231630e+01
2.654540339871488630e+00 1.920962172705038655e-03 2.176952695269526998e+02 5.957369902887467106e+01
2.661017435989672553e+00 1.820997431850269717e-03 2.118022857142857163e+02 5.833059082470521162e+01
2.667377750780578261e+00 1.839233884157700843e-03 2.037741203178206604e+02 5.439240098557583991e+01
2.673833255939705111e+00 1.922629864361171097e-03 1.980812567713976193e+02 5.744378746486589904e+01
2.680310332336410362e+00 1.829470795604572599e-03 1.949160134378499549e+02 5.192743684866607623e+01
2.686679530094181256e+00 1.809753184080302099e-03 1.910493273542601003e+02 5.102060252683745034e+01
2.693172569770623248e+00 1.920456143785719515e-03 1.853393234672304573e+02 5.408445568961130334e+01
2.699710169678059213e+00 1.845827250732203417e-03 1.764165757906215788e+02 4.686975019964676648e+01
2.706108723802718607e+00 1.808001129835774996e-03 1.666079734219269142e+02 4.129149586473307920e+01
2.712552861480932442e+00 1.909490143508341294e-03 1.558124341412012654e+02 4.115160520399431476e+01
2.719028861112676942e+00 1.848278151304674159e-03 1.443989189189189233e+02 3.369558793538371333e+01
2.725349625855669977e+00 1.780111837505188701e-03 1.288435072142064257e+02 2.958964216487796861e+01
2.731792001493120292e+00 1.927874637693306574e-03 1.154108606557377072e+02 2.854916767860476412e+01
2.738310186615081410e+00 1.835670255000661395e-03 1.089680511182108660e+02 2.450559062476667549e+01
2.744685257899765141e+00 1.793617037467074102e-03 1.054062500000000000e+02 2.332314342871800150e+01
2.751066800196758422e+00 1.878288467704576767e-03 1.043438155136268364e+02 2.221081507785065057e+01
2.757601512830000434e+00 1.862141664063760894e-03 1.048110497237569092e+02 1.985398356990121016e+01
2.764058068263966828e+00 1.836587841443396716e-03 1.047061503416856425e+02 1.947993807488814610e+01
2.770529172478649382e+00 1.887167826034379927e-03 1.052466216216216282e+02 1.929431358156805132e+01
2.776955143396238501e+00 1.821333560803167642e-03 1.045813679245283083e+02 1.901950857266492534e+01
2.783316304171964184e+00 1.843620978786204888e-03 1.040000000000000000e+02 1.895277149046574650e+01
2.789755116199374552e+00 1.895104686621155434e-03 1.046300578034682047e+02 1.888983114992646506e+01
2.796202065730379438e+00 1.823396814250311405e-03 1.039892215568862213e+02 1.879313456677710903e+01
2.802598215598055997e+00 1.839199823105454800e-03 1.037173652694610837e+02 1.811688647454555223e+01
2.809058618291326859e+00 1.891542357478581855e-03 1.039824561403508767e+02 1.806255275548647177e+01
2.815539484174618412e+00 1.814857361145085640e-03 1.035837378640776762e+02 1.758729288853572470e+01
2.821989463872399906e+00 1.865090624993398201e-03 1.034480286738351253e+02 1.761870263464536279e+01
2.828483713597702565e+00 1.883630524017047489e-03 1.037142857142857082e+02 1.764319452154767731e+01
2.834900904292738222e+00 1.791954038426357698e-03 1.040487499999999983e+02 1.807280925520434423e+01
2.841279989216558999e+00 1.876324795384782303e-03 1.049734299516908180e+02 1.801094637933649523e+01
2.847767858763501359e+00 1.886990809494324501e-03 1.048876811594202962e+02 1.805652163250049469e+01
2.854224446368732959e+00 1.845718501710050556e-03 1.055235732009925584e+02 1.815512750417307331e+01
2.860652227376856871e+00 1.895283512592607677e-03 1.065412621359223238e+02 1.841719655824264734e+01
2.867113210476443186e+00 1.859648482407798373e-03 1.056287128712871350e+02 1.834063829551611846e+01
2.873572830144707879e+00 1.886954548921765396e-03 1.051449631449631426e+02 1.782490732155881119e+01
2.879995266294152589e+00 1.874768549312584749e-03 1.050669144981412586e+02 1.750735209455089603e+01
2.886377499349285003e+00 1.822646243021190660e-03 1.047506329113924011e+02 1.725250395756048150e+01
2.892826601299819611e+00 1.901257081905588812e-03 1.052818955042527307e+02 1.673522932417802167e+01
2.899287209408602628e+00 1.837036175435869181e-03 1.050754716981132049e+02 1.673697925037357948e+01
2.905651471559458798e+00 1.820821310380915442e-03 1.050000000000000000e+02 1.676206917869053115e+01
2.912064357739847953e+00 1.885695667761764669e-03 1.053095823095823107e+02 1.676639960824797271e+01
2.918524733004972394e+00 1.831846772134888184e-03 1.041883691529709210e+02 1.658091760210020382e+01
2.925008101889499557e+00 1.898964803942654149e-03 1.039561510353227760e+02 1.640899227597975241e+01
2.931494571104498625e+00 1.860470468068603543e-03 1.036168108776267047e+02 1.591086218452069900e+01
2.937893251398651540e+00 1.817351826735809622e-03 1.028368883312421644e+02 1.561510192874706071e+01
2.944305546311252186e+00 1.880927000690213848e-03 1.027521058965102299e+02 1.512585333573842661e+01
2.950769139483569781e+00 1.826098071515048831e-03 1.018366093366093423e+02 1.507104818613744435e+01
2.957217893682505760e+00 1.858471812583063982e-03 1.018898305084745743e+02 1.487212907598505041e+01
2.963641657319503686e+00 1.840162297927921053e-03 1.017202453987730024e+02 1.465714240750104658e+01
2.970043842149071800e+00 1.832295957600710810e-03 1.016398514851485118e+02 1.493649248367667681e+01
2.976510225225458495e+00 1.909562939757382871e-03 1.025950118764845627e+02 1.433114866038580715e+01
2.983008757323797777e+00 1.820848808918005624e-03 1.029491945477075632e+02 1.427191530618157067e+01
2.989442833175567138e+00 1.860876473636659213e-03 1.047709090909090861e+02 1.457654707116559223e+01
2.995851322080832713e+00 1.818248084975540883e-03 1.098608695652173850e+02 1.863851213175430388e+01
3.002288071879581022e+00 1.866109072499165002e-03 1.284762484774664983e+02 4.525081358874228954e+01
3.008748785923475388e+00 1.879638502675874765e-03 1.659709090909090889e+02 8.682621635042048069e+01
3.015199648864150372e+00 1.825469582085792030e-03 2.135796019900497527e+02 1.205827448871549024e+02
3.021614952218953931e+00 1.867358907394168870e-03 2.448739393939393949e+02 1.204407047051048352e+02
3.028035269137849372e+00 1.805619228951016193e-03 2.641764705882353041e+02 1.270039778141725719e+02
3.034481983401863037e+00 1.885823396422961745e-03 2.659554753309266175e+02 1.229783780906748234e+02
3.040948636384726900e+00 1.846244746713175374e-03 2.679197530864197461e+02 1.231783395646564401e+02
3.047399548284976056e+00 1.866575050031695892e-03 2.810416156670746659e+02 1.259109262715874848e+02
3.053818065407082116e+00 1.858882463793821993e-03 2.853820638820639033e+02 1.300420814530605185e+02
3.060168791671987076e+00 1.792825745411367891e-03 2.881475826972010168e+02 1.446345619973320140e+02
3.066596020837712544e+00 1.927764682785730512e-03 2.754063981042654063e+02 1.440665945433827346e+02
3.073140751332767540e+00 1.856356834428901387e-03 2.520346106304079115e+02 1.205660581184695701e+02
3.079593295930210139e+00 1.886716362797553155e-03 2.242084848484848578e+02 1.040586917668649249e+02
3.086017154762366044e+00 1.830431539716442747e-03 2.086750000000000114e+02 9.555671205493629827e+01
3.092486513109037993e+00 1.905108961471654438e-03 1.938860911270983252e+02 9.469308028644189790e+01
3.098964516853627060e+00 1.852397442341169754e-03 1.826687268232385577e+02 8.745935935949967188e+01
3.105440922044128804e+00 1.880034527507769499e-03 1.752812121212121212e+02 8.667218658412123489e+01
3.111821301298671738e+00 1.810318297736169049e-03 1.674540880503144535e+02 7.957869036449498878e+01
3.118233335063332667e+00 1.868901341642052608e-03 1.501461632155907466e+02 6.385230184866586711e+01
3.124683867316949026e+00 1.865189586864977357e-03 1.380183150183150076e+02 5.387724871113042724e+01
3.131144652615997170e+00 1.844489775254080271e-03 1.290283950617283892e+02 4.257315237153780885e+01
3.137527951480249655e+00 1.850518740970626434e-03 1.189360393603936075e+02 2.852959901201034043e+01
3.143946084488824955e+00 1.842734159383119935e-03 1.107583643122676591e+02 1.824827534772259696e+01
3.150358822729363073e+00 1.875642417003805899e-03 1.049478155339805880e+02 1.307826069365617450e+01
3.156784286039504561e+00 1.823981601210612454e-03 1.024287499999999937e+02 1.188130714084102912e+01
3.163270120323041557e+00 1.930117905744787839e-03 1.008525943396226410e+02 8.679936940498407694e+00
3.169756141428992979e+00 1.817110211355118556e-03 1.009836683417085368e+02 7.058243991048037458e+00
3.176136715832639901e+00 1.869400486556539428e-03 1.041842424242424272e+02 8.812812944381249736e+00
3.182603852824878121e+00 1.855271636042648588e-03 1.141803680981595051e+02 1.752742518012821904e+01
3.189050645908320547e+00 1.867823016262818358e-03 1.378715151515151547e+02 3.466942154766869777e+01
3.195475202712392715e+00 1.830177604982121797e-03 1.699937965260545809e+02 5.380101840682808501e+01
3.201930699474990760e+00 1.890160737295187680e-03 2.025125448028673816e+02 6.547761873606683025e+01
3.208380198036255848e+00 1.818817371399450607e-03 2.289838107098381101e+02 7.578727334574708152e+01
3.214769441202507405e+00 1.856295446885927562e-03 2.426213592233009706e+02 7.466831580556069525e+01
3.221219946103295317e+00 1.854520719188760538e-03 2.468471882640586728e+02 6.956663571037653071e+01
3.227683765295594753e+00 1.874065427032763596e-03 2.398604091456076901e+02 6.994737292698219733e+01
3.234131017772435612e+00 1.840716304877563787e-03 2.334007398273735987e+02 6.753449281093696754e+01
3.240599979113187423e+00 1.901252405176113557e-03 2.104045077105575388e+02 6.614853937481615276e+01
3.247028333220890239e+00 1.799593188369970169e-03 1.902075471698113347e+02 6.870848969601287592e+01
3.253443203786942295e+00 1.907653420062672836e-03 1.712995283018867951e+02 6.972688650765529417e+01
3.259883502116921683e+00 1.795580006981134817e-03 1.572254408060453272e+02 6.281284294402688317e+01
3.266300345605878341e+00 1.923600185575663262e-03 1.396166471277842902e+02 5.433292858006686288e+01
3.272853483066015201e+00 1.856140221165968399e-03 1.310548780487804947e+02 4.997201150016868354e+01
3.279208055010873757e+00 1.838273880463746476e-03 1.253509202453987683e+02 4.890457702154793651e+01
3.285677511815711327e+00 1.882917816817657360e-03 1.195477326968973699e+02 4.751715101018874066e+01
3.292103848527159204e+00 1.835553428200827411e-03 1.175862913096695195e+02 4.918294169401458760e+01
3.298586108799094418e+00 1.888317585372828586e-03 1.131627078384798040e+02 4.733676630130715068e+01
3.305031100311709658e+00 1.850386223069815962e-03 1.090645554202192500e+02 4.340319766727321849e+01
3.311493553422723224e+00 1.868513817595845007e-03 1.017267303102625249e+02 3.482852896061069004e+01
3.317903636599865536e+00 1.824831080609758517e-03 9.724049079754601621e+01 2.802991618946294139e+01
3.324331097200103002e+00 1.867240715589447552e-03 9.122857142857142776e+01 2.037935880507830433e+01
3.330698991454875468e+00 1.802295415888940022e-03 8.698628428927681000e+01 1.372702503180422973e+01
3.337129369178693850e+00 1.924555404658041986e-03 8.366898954703832203e+01 8.362179875902505444e+00
3.343680207265053550e+00 1.861922247852822480e-03 8.153799758745476822e+01 5.849911186069466140e+00
3.350044083295126374e+00 1.835162792558274860e-03 8.074848116646415974e+01 4.991813965058716995e+00
3.356505604070456616e+00 1.871227406804753775e-03 8.128554502369668455e+01 4.989974450531619254e+00
3.362916001860436488e+00 1.833654571443432820e-03 8.437271619975639680e+01 7.443520309022699344e+00
3.369285096640512123e+00 1.875337531839301689e-03 8.974024390243901905e+01 1.121102528954562949e+01
3.375802434903234950e+00 1.848095989791553092e-03 9.431799729364004747e+01 1.261003470044922281e+01
3.382214916359785661e+00 1.843501739730700950e-03 9.551685393258426870e+01 1.185239952278316800e+01
3.388621595555129762e+00 1.837214591020290208e-03 9.706550218340611025e+01 1.189725041956123164e+01
3.395087870480640202e+00 1.897809126909797642e-03 9.670348837209301962e+01 1.280103869765175695e+01
3.401600099274715294e+00 1.862825267528726196e-03 9.512368024132730682e+01 1.353120419731148516e+01
3.408008587822927371e+00 1.829521772960810344e-03 9.329813664596272815e+01 1.480578491422965470e+01
3.414429009776510870e+00 1.863403552598411495e-03 9.197368421052631504e+01 1.654005955697502728e+01
3.420895508941175223e+00 1.876279003669552520e-03 9.055868544600939174e+01 1.847343429410186388e+01
3.427361199308996742e+00 1.871984655860910217e-03 8.675000000000000000e+01 1.507645336949415515e+01
3.433789816721534383e+00 1.835455874914732619e-03 8.308603896103896602e+01 1.232273832506251487e+01
3.440207803416203358e+00 1.864980166185075923e-03 8.113268608414239225e+01 1.184966868483789959e+01
3.446682336316245543e+00 1.886495457043324163e-03 7.919674796747968060e+01 1.071920927825653536e+01
3.453142116062292821e+00 1.850491205141300763e-03 7.828403361344537359e+01 1.066379111429480631e+01
3.459552608189105705e+00 1.840426776601197887e-03 7.729965753424657748e+01 1.054327835516000889e+01
3.466037827277117955e+00 1.895781883946169978e-03 7.654499151103564714e+01 1.095775207733009005e+01
3.472473653977210972e+00 1.828931698347952819e-03 7.535241502683362569e+01 1.024397607835894419e+01
3.478868831430015351e+00 1.849798838882201271e-03 7.376607142857142208e+01 9.304964250005344439e+00
3.485296939778874226e+00 1.846836384750711896e-03 7.165934065934065700e+01 8.442902030385203815e+00
3.491740378822062674e+00 1.892374048568714641e-03 7.017304189435337491e+01 6.881343281562704917e+00
3.498222076309955408e+00 1.850392789083453492e-03 6.873496240601504326e+01 5.165742539127637478e+00
3.504611891581455030e+00 1.828338000025509641e-03 6.812815533980582927e+01 3.929887941017725428e+00
3.511032309223517167e+00 1.894740202114146826e-03 6.725000000000000000e+01 3.846158984142193926e+00
3.517510811405253346e+00 1.847376399887671770e-03 6.606126482213439033e+01 3.571174133858479927e+00
3.523886222494890585e+00 1.819823680849573695e-03 6.559304703476482246e+01 2.954186453345633012e+00
3.530333766363422221e+00 1.913949961282706506e-03 6.530297029702970235e+01 3.020048034124418024e+00
3.536838628960300657e+00 1.837400593869444173e-03 6.496666666666666856e+01 2.656138069537133717e+00
3.543212277439104163e+00 1.824314092004992007e-03 6.503426124197001457e+01 2.690488473424975435e+00
3.549634251627681092e+00 1.895848120010211945e-03 6.475840336134453423e+01 2.594424690487926011e+00
3.556117060308725097e+00 1.842284182035823720e-03 6.425764192139737929e+01 2.775381438514355370e+00
3.562580790750173865e+00 1.873137250446494902e-03 6.339254385964912331e+01 2.977299786668846426e+00
3.569027121761189303e+00 1.864198494303047999e-03 6.325225225225225500e+01 2.842328064954648958e+00
3.575415228040989657e+00 1.829283293316363293e-03 6.293735498839907194e+01 2.848961197776992194e+00
3.581824267593239686e+00 1.860007523854312686e-03 6.228306264501160427e+01 2.843868080826751132e+00
3.588330065081806630e+00 1.895947895659538546e-03 6.162877030162412950e+01 3.211143596683046386e+00
3.594804804657118602e+00 1.838793340235311087e-03 6.146097560975609753e+01 3.136463981264631329e+00
3.601203120605045882e+00 1.866742151695356807e-03 6.114950980392156765e+01 2.815846880831066379e+00
3.607629953215138574e+00 1.849946976811765471e-03 6.034837092731829244e+01 2.634323667098020572e+00
3.614090854913730499e+00 1.868416365547433599e-03 5.962626262626262275e+01 2.556588404689488669e+00
3.620574720227974552e+00 1.873754476683962313e-03 5.925964010282776684e+01 2.915271371846809512e+00
3.627004027770476924e+00 1.835919208150294619e-03 5.833422459893048284e+01 2.934925296598075217e+00
3.633382280898821648e+00 1.849285921997263250e-03 5.785907859078590576e+01 2.637303359813712333e+00
3.639818201334091174e+00 1.872714577785467623e-03 5.764577656675749040e+01 2.606634132229881384e+00
3.646271849872324999e+00 1.848931603973280732e-03 5.730617977528089568e+01 2.197376234367756975e+00
3.652754025121335069e+00 1.886957975833729447e-03 5.703370786516853741e+01 2.265166867308107346e+00
3.659208746855755479e+00 1.834720162372708565e-03 5.716814159292035669e+01 2.330118352417478000e+00
3.665582835495777569e+00 1.840575612045432024e-03 5.640540540540540349e+01 2.338267418741616144e+00
3.672040343112283445e+00 1.886479483533069204e-03 5.591916167664670922e+01 2.999369458160372037e+00
3.678529717319615866e+00 1.858096912976999176e-03 5.648447204968944391e+01 3.519646206236497488e+00
3.684932562337432049e+00 1.835190244932949138e-03 5.800964630225080043e+01 6.154751571331591009e+00
3.691340469028411508e+00 1.865394116403416890e-03 6.053398058252427205e+01 9.941483676210317810e+00
3.697825917576230470e+00 1.878575472322643403e-03 6.365131578947368496e+01 1.464656987747985717e+01
3.704288468942850354e+00 1.854378416201764085e-03 6.500000000000000000e+01 1.463631931202011494e+01
3.710695071708606907e+00 1.843173339766954189e-03 6.442807017543859160e+01 1.135553092052145985e+01
3.717119980493126530e+00 1.858275420549158159e-03 6.581785714285713595e+01 1.116332140977581844e+01
3.723579054116692877e+00 1.875547371405369762e-03 6.704000000000000625e+01 1.539865401437883996e+01
3.730020297411832164e+00 1.843995263516665269e-03 6.754545454545454675e+01 1.893399620051751597e+01
3.736426917509388268e+00 1.851423495632689448e-03 6.432558139534883423e+01 1.774965626309662525e+01
3.742862848593606184e+00 1.866246695943705233e-03 6.216996047430829719e+01 1.757219570507754725e+01
3.749304155234212121e+00 1.850203366498975400e-03 5.865163934426229275e+01 1.270440110000714817e+01
3.755769545342233950e+00 1.881542671327423493e-03 5.509958506224066355e+01 8.716062708782995827e+00
3.762207580716425692e+00 1.832713059301602828e-03 5.342982456140350678e+01 5.895771238608177534e+00
3.768650259547695391e+00 1.882711660849632198e-03 5.140088105726871959e+01 3.279841449405974885e+00
3.775101190588130873e+00 1.841328330998877110e-03 4.963720930232558004e+01 2.863839945251358099e+00
3.781544745172108257e+00 1.876261972947606757e-03 4.922169811320754462e+01 2.673950055622655420e+00
3.787984350729691752e+00 1.841817734800533721e-03 4.936318407960199295e+01 2.139245631521395019e+00
3.794443778523244770e+00 1.888119406057294294e-03 4.916080402010049966e+01 2.512296468294987761e+00
3.800887998049732097e+00 1.829598834944004332e-03 4.936559139784946382e+01 3.234978001241520129e+00
3.807319286871066577e+00 1.879776389761753357e-03 4.936956521739130466e+01 3.245598298862681474e+00
3.813728772969168901e+00 1.816176537965013323e-03 4.985380116959064623e+01 2.825529842575155381e+00
3.820127884734960233e+00 1.870328496078344947e-03 5.050887573964497079e+01 3.029192836940862499e+00
3.826558902351690605e+00 1.840091099185570860e-03 5.057232704402515822e+01 2.667638069184397498e+00
3.832976717434447789e+00 1.862754303780558536e-03 5.214935064935065157e+01 3.939241707728904363e+00
3.839467489846226655e+00 1.881591717002498556e-03 5.683783783783783861e+01 8.366174634392251619e+00
3.845958738964208923e+00 1.872212223355807642e-03 6.300714285714285978e+01 1.289185789558665718e+01
3.852379013358490312e+00 1.829949564810406546e-03 7.178461538461537828e+01 1.915157230865108318e+01
3.858770514458473411e+00 1.860590576749386821e-03 7.633599999999999852e+01 1.930144533448207156e+01
3.865201312403456324e+00 1.846877382617491750e-03 7.790598290598290987e+01 1.794813796376731574e+01
3.871669834970288271e+00 1.885989225799452511e-03 7.407142857142856940e+01 1.922644662957770834e+01
3.878154213609482870e+00 1.855219997046820071e-03 6.420388349514563231e+01 1.553665328949049318e+01
3.884570297975108666e+00 1.842018581107749764e-03 5.642105263157894512e+01 1.126782982298133362e+01
3.891030549524630455e+00 1.892572859664069882e-03 4.984444444444444144e+01 6.903836829109084583e+00
3.897480132485925619e+00 1.830223622249431631e-03 4.576250000000000284e+01 2.655772015817622123e+00
3.903837790606199842e+00 1.833538786489578550e-03 4.371232876712328874e+01 2.319279626222870760e+00
3.910297958451704581e+00 1.898394991490752427e-03 4.258823529411764497e+01 2.506048047545975432e+00
3.916760076293909876e+00 1.823271174774054393e-03 4.260344827586207117e+01 3.158138797753189397e+00
3.923205856217289345e+00 1.907998375040481686e-03 4.216981132075471805e+01 3.419261504272971930e+00
3.929647757040283906e+00 1.804292177573046203e-03 4.169767441860464885e+01 3.266345094417423933e+00
3.936002968608691699e+00 1.864030959871269735e-03 4.154054054054054035e+01 2.210110243854973344e+00
3.942404476100300759e+00 1.828532384993888883e-03 4.255172413793103203e+01 2.461595627251689677e+00
3.948822507765122225e+00 1.871711324841116540e-03 4.245454545454545325e+01 2.152261927591220925e+00
3.955157590966607906e+00 1.825831164639231917e-03 4.264285714285714590e+01 2.801238793018225426e+00
3.961507824082775464e+00 1.968979546566614058e-03 4.400000000000000000e+01 3.295017884191656421e+00
