# q qerr I(q) I(q)err
8.294532032279089417e-03 3.215448162638725495e-03 0.000000000000000000e+00 6.268374351201651429e+00
1.547771440847061503e-02 1.298069176105710962e-03 0.000000000000000000e+00 0.000000000000000000e+00
2.114153426598287117e-02 1.953452460535632252e-03 0.000000000000000000e+00 0.000000000000000000e+00
2.708829541553820289e-02 1.932501425123600049e-03 0.000000000000000000e+00 0.000000000000000000e+00
3.424760286937652415e-02 2.393094809829984012e-03 0.000000000000000000e+00 0.000000000000000000e+00
4.134659872356089005e-02 1.444308516548141333e-03 0.000000000000000000e+00 0.000000000000000000e+00
4.709622292726145520e-02 1.633576272088444088e-03 0.000000000000000000e+00 0.000000000000000000e+00
5.289360403025952090e-02 1.994215660312892175e-03 0.000000000000000000e+00 0.000000000000000000e+00
5.941266175682404643e-02 2.038777625163953021e-03 0.000000000000000000e+00 0.000000000000000000e+00
6.623959740571712385e-02 2.014614798769268252e-03 0.000000000000000000e+00 0.000000000000000000e+00
7.251770781946841049e-02 1.767162065969994948e-03 0.000000000000000000e+00 0.000000000000000000e+00
7.836204892921720677e-02 1.794558473909566021e-03 2.000000000000000042e-02 1.414213562373094479e-01
8.476368586159346852e-02 2.173163639586968114e-03 3.125000000000000000e-01 1.132354433249589842e+00
9.171767809022127182e-02 2.151270969520740432e-03 1.779411764705882248e+00 5.167020116644907901e+00
9.840741527280037759e-02 1.879523288412654567e-03 4.799999999999999822e+00 1.200860802369145652e+01
1.046713563714864598e-01 1.717715818177843919e-03 1.122000000000000064e+01 2.174203302361580015e+01
1.108696467093386595e-01 1.978629817275711061e-03 1.835849056603773732e+01 3.076586787083206076e+01
1.174911181025048434e-01 2.151142134119994175e-03 2.591803278688524514e+01 3.929053366921635870e+01
1.240901985761322518e-01 1.682567093931450772e-03 3.811999999999999744e+01 5.032681193956159404e+01
1.302695169190241364e-01 1.981638030988197227e-03 4.272881355932203462e+01 5.576044248640610590e+01
1.366843399328758479e-01 1.885635125754002352e-03 5.423214285714285410e+01 6.516328587886442847e+01
1.431380625310322841e-01 2.037281709542672608e-03 5.991935483870967971e+01 6.906267795236536244e+01
1.497407916800755912e-01 2.013243134106564892e-03 6.801587301587301226e+01 7.598569205334247556e+01
1.560440161600273323e-01 1.800320108738214832e-03 7.466666666666667140e+01 8.146911300774671361e+01
1.626324968867556287e-01 2.166758397174068339e-03 8.306756756756756488e+01 8.536564674971043587e+01
1.693678508908615654e-01 1.711853084056604935e-03 9.036666666666666003e+01 9.373262505659381816e+01
1.755753172360756398e-01 1.940749690505284321e-03 9.894202898550724967e+01 9.577938949155897319e+01
1.819629297477835528e-01 1.792019476258344991e-03 1.039230769230769198e+02 1.015818380542762469e+02
1.883474920212158954e-01 1.982820530303366913e-03 1.070138888888888857e+02 1.055997422134900887e+02
1.949500334927739553e-01 1.985593967279970003e-03 1.161200000000000045e+02 1.067910133547450329e+02
2.014306324154557237e-01 1.750557958225071797e-03 1.192898550724637659e+02 1.104921462717313290e+02
2.076332073357673447e-01 1.865361520913360683e-03 1.272297297297297263e+02 1.106393168670848013e+02
2.140129245322099916e-01 1.882829286684015863e-03 1.264266666666666623e+02 1.142128290128176076e+02
2.204163405633874917e-01 1.951475208267544961e-03 1.349358974358974308e+02 1.137943272539865234e+02
2.268599176829277919e-01 1.954094669929957399e-03 1.351500000000000057e+02 1.173272852963027049e+02
2.335135695299082048e-01 1.986313139076756155e-03 1.380470588235294258e+02 1.194607422015100724e+02
2.400224779461884173e-01 1.823737618079871109e-03 1.445124999999999886e+02 1.187472368099569735e+02
2.464005577519743639e-01 1.894426896505377799e-03 1.483647058823529505e+02 1.190501653443291730e+02
2.528350385827773383e-01 1.829527638271931031e-03 1.528214285714285836e+02 1.207522622708884086e+02
2.590859102888302123e-01 1.817056121189442432e-03 1.543690476190476204e+02 1.224061316046780519e+02
2.654612130450557106e-01 1.918447197659697845e-03 1.562247191011235827e+02 1.234736805115499010e+02
2.718942366720529247e-01 1.942478483450333455e-03 1.631648351648351536e+02 1.205017756609717736e+02
2.784185743669774227e-01 1.921358219378808702e-03 1.622473118279569917e+02 1.195933773447713548e+02
2.849156375412667530e-01 1.882334819595186037e-03 1.733297872340425556e+02 1.116178942787543207e+02
2.911870294677750826e-01 1.766712284927822799e-03 1.753146067415730442e+02 1.074737755113958144e+02
2.976511517037133681e-01 2.019527329980297554e-03 1.862912621359223238e+02 9.912606239825674947e+01
3.043178155919494809e-01 1.919359421117726450e-03 1.897500000000000000e+02 9.321794355165746992e+01
3.108074081907638564e-01 1.815555258398614735e-03 1.968775510204081627e+02 8.692510312151709684e+01
3.170970610330232087e-01 1.826000353424227750e-03 2.006969696969696884e+02 8.303106428907086922e+01
3.235319739834495723e-01 1.908097576542081529e-03 2.027047619047619094e+02 8.052686936260717232e+01
3.300700059726238145e-01 1.867687188749142220e-03 2.096320754716981014e+02 7.595258470137476081e+01
3.365262003550894554e-01 1.808122422876843900e-03 2.080571428571428498e+02 7.399805108667287357e+01
3.429039324965278412e-01 1.810371451943152679e-03 2.139245283018867951e+02 6.984749700102825898e+01
3.492243179790229801e-01 1.835371710213073819e-03 2.164259259259259238e+02 6.634051003425386739e+01
3.555659880086458058e-01 1.813249007222180170e-03 2.191944444444444571e+02 6.373847834235751719e+01
3.620245372922214488e-01 1.918012235727336494e-03 2.240598290598290703e+02 6.040268298122414592e+01
3.685406119477664388e-01 1.798147481859587110e-03 2.244144144144144093e+02 5.790169918863428933e+01
3.750909242308860247e-01 1.967614233492519498e-03 2.301774193548387188e+02 5.464978486171599315e+01
3.816999037813160189e-01 1.752662604176019427e-03 2.296521739130434696e+02 5.260697086644422171e+01
3.880273799716012495e-01 1.749306826939258557e-03 2.301810344827586334e+02 5.033674356447172471e+01
3.942361145945514900e-01 1.745527907058957431e-03 2.293103448275862206e+02 4.746815065906481834e+01
4.006128291384035145e-01 1.852638254231622501e-03 2.305447154471544593e+02 4.469072117555229084e+01
4.070503578694664726e-01 1.848743254130127446e-03 2.320725806451612812e+02 4.355978644113267961e+01
4.135933781829447264e-01 1.871256654943844995e-03 2.325891472868217136e+02 4.137274445979584669e+01
4.202179442533061082e-01 1.832712641984981681e-03 2.343307692307692207e+02 3.892785315785202727e+01
4.266798115557093873e-01 1.759393680741872749e-03 2.344724409448818960e+02 3.767579539878511952e+01
4.330910535146235696e-01 1.771858374752960505e-03 2.351923076923076792e+02 3.607464319514200213e+01
4.395078467689783608e-01 1.772659720438770270e-03 2.345303030303030312e+02 3.360639020796367760e+01
4.457793319829173595e-01 1.654526338047628432e-03 2.324159999999999968e+02 3.186656981854181936e+01
4.521562795609589402e-01 1.887763445894669913e-03 2.326971830985915517e+02 2.993851399310019801e+01
4.587656575942579140e-01 1.769717907920350091e-03 2.300291970802919650e+02 2.965543147759494857e+01
4.652405449529313231e-01 1.746242423612376143e-03 2.291223021582733850e+02 2.896959993881301187e+01
4.716282944699034529e-01 1.704407088516023735e-03 2.274160583941605864e+02 2.798027208169875024e+01
4.780637153179891352e-01 1.798647074538550902e-03 2.261111111111111143e+02 2.584224756593859595e+01
4.844976548260259142e-01 1.723433333189145671e-03 2.245704225352112644e+02 2.390936026812233450e+01
4.908596034113225648e-01 1.665744062354685903e-03 2.226099290780141757e+02 2.261803649013950235e+01
4.972011979785150859e-01 1.734256865849588200e-03 2.232328767123287605e+02 2.212871980470534439e+01
5.036178995103413047e-01 1.747915368961153139e-03 2.216959459459459367e+02 2.142097568776062744e+01
5.101756467004687767e-01 1.800451491856020327e-03 2.211483870967742007e+02 2.071756859004063855e+01
5.166235656727934389e-01 1.648057805296297825e-03 2.205306122448979522e+02 2.004809571718285710e+01
5.229884928033705638e-01 1.714260039451578075e-03 2.195855263157894797e+02 1.883733584153152307e+01
5.293925748937229336e-01 1.756900675637705763e-03 2.171410256410256352e+02 1.804482283547578092e+01
5.357749724968067229e-01 1.647361260156582873e-03 2.145894039735099454e+02 1.712616457109121981e+01
5.422269581426349960e-01 1.797131621318817348e-03 2.140975609756097526e+02 1.598294376434398245e+01
5.488258977193463117e-01 1.752106618123457169e-03 2.127329192546583840e+02 1.536598009866528258e+01
5.552607346015674405e-01 1.711536068502800701e-03 2.111062499999999886e+02 1.496878001040832906e+01
5.616696921416424182e-01 1.713298320607429745e-03 2.091411042944785379e+02 1.451736757761431384e+01
5.680596363279470928e-01 1.671719726027721563e-03 2.072249999999999943e+02 1.452435992565593459e+01
5.744116486855085357e-01 1.773350792090137981e-03 2.060595238095237960e+02 1.409564781820849433e+01
5.808465417437830292e-01 1.706594120505047427e-03 2.042484848484848499e+02 1.359301527546979571e+01
5.872915480827241019e-01 1.773275249674210931e-03 2.032427745664739973e+02 1.264249331585630998e+01
5.936297343998458986e-01 1.608871723183330060e-03 2.018271604938271651e+02 1.217490529137016608e+01
6.000917821228005655e-01 1.852508397134843563e-03 2.015384615384615472e+02 1.138216486843072417e+01
6.066068710033430955e-01 1.719733697199352486e-03 2.000935672514619910e+02 1.117447919720732052e+01
6.129319261090041548e-01 1.700305612135823196e-03 1.994534883720930338e+02 1.138493532254530294e+01
6.193292159447265632e-01 1.792945791870086646e-03 1.990222222222222115e+02 1.171441024582148671e+01
6.257789288608107681e-01 1.769335618302108433e-03 1.985536723163841941e+02 1.174308157549632448e+01
6.322945183878984077e-01 1.883051681004075783e-03 1.976296296296296191e+02 1.095148118891853528e+01
6.387697914265673127e-01 1.734308686986089703e-03 1.965795454545454675e+02 1.082491494536470533e+01
6.450797878865883739e-01 1.812617312363664322e-03 1.967119565217391255e+02 1.088188703768538623e+01
6.514777522098027518e-01 1.807195130708317372e-03 1.961783783783783690e+02 1.111105898859619501e+01
6.579453254174412180e-01 1.840076954070700866e-03 1.958941798941798993e+02 1.102373048223041252e+01
6.642487788958216788e-01 1.761967380250493336e-03 1.942032967032967008e+02 1.106218221588172668e+01
6.707545140871414846e-01 1.952870522822350513e-03 1.934099999999999966e+02 1.074936974896668040e+01
6.772291234912055646e-01 1.844192786587162299e-03 1.916190476190476204e+02 1.106311629705057342e+01
6.834443396870620857e-01 1.745041746211572261e-03 1.888423913043478137e+02 1.099586674795363272e+01
6.899300657465672337e-01 1.988575045799213618e-03 1.867729468599033851e+02 1.089987400744347390e+01
6.965346490814943170e-01 1.967867873463197050e-03 1.850100502512562741e+02 1.145034943833785057e+01
7.030970487636396538e-01 2.020648629947002003e-03 1.848786407766990294e+02 1.162330364702073382e+01
7.095716427219228573e-01 1.946516927103622520e-03 1.845252525252525118e+02 1.243201694832862714e+01
7.160970279381224657e-01 2.044543341153194464e-03 1.842238095238095354e+02 1.249241765497028034e+01
7.226116891734091219e-01 2.004959656352403585e-03 1.820536585365853739e+02 1.197730850799862878e+01
7.291288619178314390e-01 2.011427705279334160e-03 1.795190476190476261e+02 1.237777248541434005e+01
7.356079106374427967e-01 1.973711099579897668e-03 1.779567307692307736e+02 1.184486405003896081e+01
7.419803430714648762e-01 1.939746738906150680e-03 1.754634146341463463e+02 1.216962212059196347e+01
7.484516812817442188e-01 2.022257641999446187e-03 1.742363636363636488e+02 1.105809975755029484e+01
7.549512183205485671e-01 1.898119824350936232e-03 1.728125000000000000e+02 1.162360413455839669e+01
7.613853957290165342e-01 1.973382858640895885e-03 1.714863636363636488e+02 1.110209756072850951e+01
7.678481984516135617e-01 1.903941598965435333e-03 1.691395348837209269e+02 1.217105859766426157e+01
7.743372045322526320e-01 1.915374251326664194e-03 1.683828828828828819e+02 1.174826761962514610e+01
7.807807857039134047e-01 1.872160005679921477e-03 1.671009174311926699e+02 1.174516897249282188e+01
7.871827117013717734e-01 1.874571936203420349e-03 1.659185520361990882e+02 1.136885729694969172e+01
7.935705088346153291e-01 1.846468364235832015e-03 1.652331838565022508e+02 1.122719065349999568e+01
7.999497029225959288e-01 1.794315080242126848e-03 1.642557077625570798e+02 1.138891876576697193e+01
8.063895263538338742e-01 1.919941342275102670e-03 1.640720338983050794e+02 1.130993403479000747e+01
8.129038415374738591e-01 1.785391972586650427e-03 1.633955555555555463e+02 1.203683072187859970e+01
8.193543447618309994e-01 1.828478467253065801e-03 1.622680851063829834e+02 1.188533491564454891e+01
8.257450256705209934e-01 1.731942097964038994e-03 1.614955357142857224e+02 1.172936848855496450e+01
8.321389716972604766e-01 1.845140229989535984e-03 1.603499999999999943e+02 1.094435737416013410e+01
8.386208936931099922e-01 1.751195931903918061e-03 1.585897435897435912e+02 1.112462524639241579e+01
8.449970631363269424e-01 1.723661030767332288e-03 1.573750000000000000e+02 1.163336276879324416e+01
8.513046230100612677e-01 1.773741526074865430e-03 1.562478991596638593e+02 1.192846708909170772e+01
8.578256185292513214e-01 1.822821089358022794e-03 1.552267206477732771e+02 1.191000844123688474e+01
8.643009097266359797e-01 1.747841479780405487e-03 1.539792531120332058e+02 1.177959335374327488e+01
8.706520843132705689e-01 1.718512007701664341e-03 1.528235294117646959e+02 1.147291508396947179e+01
8.770655084888429043e-01 1.823306464836067656e-03 1.524743083003952506e+02 1.147872362659984624e+01
8.835379301005906738e-01 1.720994191554163586e-03 1.515761316872427926e+02 1.210429942584141827e+01
8.899818591232092624e-01 1.816014583941305376e-03 1.519019607843137294e+02 1.240500388922687591e+01
8.963154830142930907e-01 1.686559403020368615e-03 1.506208333333333371e+02 1.267397541333333066e+01
9.027402481510985455e-01 1.849914512401526186e-03 1.499961832061068776e+02 1.232743362258059605e+01
9.092741475074460622e-01 1.818523953956779297e-03 1.495019607843137237e+02 1.205498041741599380e+01
9.156513574886713247e-01 1.799905876070713017e-03 1.488214285714285836e+02 1.179483773855798034e+01
9.219738414041327434e-01 1.816254378221876130e-03 1.478437500000000000e+02 1.225854194371979489e+01
9.284093843578240524e-01 1.864548344913183461e-03 1.469153846153846246e+02 1.264105853743053665e+01
9.348720171621091035e-01 1.939851900461452830e-03 1.455617977528089853e+02 1.225437201425630995e+01
9.413551784733346084e-01 1.927152036582965508e-03 1.446984732824427340e+02 1.340415195198453979e+01
9.478756351150825488e-01 2.022964964773094239e-03 1.453985507246376869e+02 1.291296926571495263e+01
9.544794314844599059e-01 1.995588314593873917e-03 1.470922509225092369e+02 1.260378113152123269e+01
9.609640598131067302e-01 1.976081289299603128e-03 1.507242647058823479e+02 1.428762372156393567e+01
9.673540511875814429e-01 1.900963898517757681e-03 1.576893939393939377e+02 1.742344942200736213e+01
9.738764300010358532e-01 2.020370959177093719e-03 1.738993055555555429e+02 2.296283071245144924e+01
9.803887395962943563e-01 1.868024915732807104e-03 2.022134831460674036e+02 3.339688949968257958e+01
9.867609507399704993e-01 1.907798179635916648e-03 2.377849462365591364e+02 4.760134940259337810e+01
9.931792738827067701e-01 1.861169570246367679e-03 2.717854545454545701e+02 6.368285418662836150e+01
9.997024529712079666e-01 1.929714342920701943e-03 2.936952054794520564e+02 7.531740071858519059e+01
1.006152710574202525e+00 1.760100644785859590e-03 3.112794117647058556e+02 8.898223641542928419e+01
1.012546487448541255e+00 1.858180627704414780e-03 3.154913494809688359e+02 9.350735440467707349e+01
1.018988798098918291e+00 1.803978976354649174e-03 3.147852112676056322e+02 9.841187312247396335e+01
1.025394048634321598e+00 1.775790568352827222e-03 3.024350877192982239e+02 1.042470494211677732e+02
1.031778999059903112e+00 1.783042104657854955e-03 2.714809688581314617e+02 1.005308337471725650e+02
1.038243195035333466e+00 1.800042721148124251e-03 2.333651877133105756e+02 8.886103908103399363e+01
1.044593270705168830e+00 1.728638088187854378e-03 1.943111888111887993e+02 6.799500226864212493e+01
1.051019473275584426e+00 1.807666001326826760e-03 1.666020066889632005e+02 4.890015220454511535e+01
1.057452118334604840e+00 1.764796907398143069e-03 1.483898305084745743e+02 3.249044497465311565e+01
1.063812741872586898e+00 1.735604614353873946e-03 1.379589041095890423e+02 2.143958266000101176e+01
1.070275566257694377e+00 1.860876787998901613e-03 1.315354838709677381e+02 1.446381972943014560e+01
1.076675486865225739e+00 1.737707282280460301e-03 1.276116838487972558e+02 1.196310651060437991e+01
1.083000003099001241e+00 1.811785629637566912e-03 1.256480263157894797e+02 1.099715675606434040e+01
1.089457558406981885e+00 1.875700427842611059e-03 1.237435064935064872e+02 1.065432058562020678e+01
1.095857128634095679e+00 1.865882195591197666e-03 1.224572368421052602e+02 1.050624834697214105e+01
1.102286980210992473e+00 1.937596539280167377e-03 1.200702875399361034e+02 1.144210652784028071e+01
1.108924588094037933e+00 2.035521144429528872e-03 1.194085365853658516e+02 1.094451982174160776e+01
1.115518250266801070e+00 1.963453062553008333e-03 1.187594936708860729e+02 1.112991194545021933e+01
1.121980766162010701e+00 1.920251373127695831e-03 1.182229299363057322e+02 1.072122394060944472e+01
1.128426312748922689e+00 1.950613960551148517e-03 1.174068322981366492e+02 1.015517978183416403e+01
1.134959239864979930e+00 1.915365560061970144e-03 1.168092307692307656e+02 1.003332624322356104e+01
1.141388067807542761e+00 1.819889318180962796e-03 1.160984126984127016e+02 1.017467251047370347e+01
1.147829738822878420e+00 1.877407927217479219e-03 1.158753799392097221e+02 1.028111940812053859e+01
1.154234759887723172e+00 1.796226287448233561e-03 1.154169278996865273e+02 1.068397057871161770e+01
1.160592008141087206e+00 1.784421184300352767e-03 1.152043343653250815e+02 1.069123628641960799e+01
1.167026991042843242e+00 1.836276795008287468e-03 1.148029850746268608e+02 1.043126757798792603e+01
1.173494023876834547e+00 1.758155136545365687e-03 1.136544342507645240e+02 1.066412510402102498e+01
1.179808164649816637e+00 1.732605827553653768e-03 1.104061538461538419e+02 1.365157571588815699e+01
1.186220583891021807e+00 1.881017850291822648e-03 1.117427652733119032e+02 1.204401947454995003e+01
1.192681073817049464e+00 1.793318889751105601e-03 1.116241379310344826e+02 1.217850780344900485e+01
1.199065629744253458e+00 1.797529783280079436e-03 1.114225352112676006e+02 1.219800236327381882e+01
1.205502001077074059e+00 1.899328588103967692e-03 1.114931506849315070e+02 1.191960504483454564e+01
1.211991242640565014e+00 1.826306843735066819e-03 1.108695652173912976e+02 1.171091617491794068e+01
1.218362901235649165e+00 1.888953249129523074e-03 1.101474820143884870e+02 1.190143887066493811e+01
1.224837827500277143e+00 1.938626244914326818e-03 1.090000000000000000e+02 1.363725852742716249e+01
1.231306496939841066e+00 1.935692192720165272e-03 1.085688405797101410e+02 1.379826980195017860e+01
1.237900180047003751e+00 1.954996484647400414e-03 1.084265232974910447e+02 1.282535993764281912e+01
1.244387829439413284e+00 1.881879514088832415e-03 1.084514925373134275e+02 1.230835490049043202e+01
1.250735832344970877e+00 1.818331757808236372e-03 1.083914728682170505e+02 1.260488595946344503e+01
1.257083335292831006e+00 1.905720956169173206e-03 1.085977859778597718e+02 1.289580103542454204e+01
1.263603115287416090e+00 1.841854869392088893e-03 1.084318181818181870e+02 1.300512785600219345e+01
1.270020777910819465e+00 1.832011672431217405e-03 1.085361216730038052e+02 1.292122122884632240e+01
1.276488051741652807e+00 1.832185980768075541e-03 1.078821292775665341e+02 1.318502839983648656e+01
1.282839323063532211e+00 1.758750693263018286e-03 1.071889763779527556e+02 1.345012924889398676e+01
1.289363492023574365e+00 1.805471412487298991e-03 1.047205387205387268e+02 1.523845539205910882e+01
1.295761563244195891e+00 1.749310907134910172e-03 1.061644295302013461e+02 1.392201522751413023e+01
1.302096506369333051e+00 1.727886103868702576e-03 1.069069767441860535e+02 1.340926222332997853e+01
1.308490604613926855e+00 1.841981469325142248e-03 1.065514018691588802e+02 1.324651876574755960e+01
1.314923371882378955e+00 1.783204890748409099e-03 1.061479099678456635e+02 1.306837620965451485e+01
1.321263162947042602e+00 1.883891353746835161e-03 1.061141975308642031e+02 1.305034043462213944e+01
1.327809252188654421e+00 1.990407611744629372e-03 1.049674556213017809e+02 1.446906611236778950e+01
1.334395055816720577e+00 2.005908808147741692e-03 1.049002932551319702e+02 1.381523557207104069e+01
1.340924575314278222e+00 1.937181998292608577e-03 1.053940298507462643e+02 1.285480130866403314e+01
1.347326738882997477e+00 1.911240937813023883e-03 1.056745562130177518e+02 1.259072117016131998e+01
1.353867248119903444e+00 1.925349651844857632e-03 1.057195467422096300e+02 1.250732982536237792e+01
1.360292180733798650e+00 1.777880213384871099e-03 1.059071856287425106e+02 1.289385848561496850e+01
1.366716033276369036e+00 1.860440026654835337e-03 1.062661064425770263e+02 1.246462624980519251e+01
1.373134056949086190e+00 1.747663592607761902e-03 1.063245614035087669e+02 1.290827947794526054e+01
1.379508641949547476e+00 1.787974598008121871e-03 1.066309859154929569e+02 1.279714868559609009e+01
1.385849874457594222e+00 1.730044418412237826e-03 1.078126801152737784e+02 1.311956069672118019e+01
1.392210228535155858e+00 1.777760908321846531e-03 1.095472222222222172e+02 1.296584663692832962e+01
1.398630460992727143e+00 1.793834584281517276e-03 1.114583333333333286e+02 1.288677544933105423e+01
1.405027543482165298e+00 1.820682476180417696e-03 1.131955922865013804e+02 1.313296155379288344e+01
1.411380623846245186e+00 1.844474811107960554e-03 1.135472222222222172e+02 1.347845445768546746e+01
1.418011585217980208e+00 2.061904995500850411e-03 1.128054862842892732e+02 1.603453515842539900e+01
1.424633236002852632e+00 1.911062399977238009e-03 1.143879781420765056e+02 1.469873187738279263e+01
1.431027237377290762e+00 1.930893372260762729e-03 1.153113456464379993e+02 1.336760276140488912e+01
1.437551415863808524e+00 1.925262037142165712e-03 1.159194805194805156e+02 1.377994245144933672e+01
1.443999660086549230e+00 1.834928749309971486e-03 1.157771883289124730e+02 1.400559390024432993e+01
1.450408168300875378e+00 1.822080046480867126e-03 1.154214659685863893e+02 1.411012831480557139e+01
1.456762351763572827e+00 1.768742008520618686e-03 1.140894736842105317e+02 1.387965638968936588e+01
1.463211358413713192e+00 1.810126088705470279e-03 1.118724489795918373e+02 1.345319692090891195e+01
1.469593255354290973e+00 1.758193336020684059e-03 1.092578125000000000e+02 1.298905131645735267e+01
1.475950724204827313e+00 1.769305199294179780e-03 1.070878552971576170e+02 1.269825729921997137e+01
1.482355977374464340e+00 1.855140322631434503e-03 1.057425000000000068e+02 1.234364411346989421e+01
1.488803525874331735e+00 1.854999873494519958e-03 1.051119592875318034e+02 1.224331211222868454e+01
1.495319592526707764e+00 2.003828109077177445e-03 1.035119617224880386e+02 1.456185882446702884e+01
1.501939691759246465e+00 1.957822028991581826e-03 1.040583941605839442e+02 1.289133481149865545e+01
1.508463382234335848e+00 1.918938912685786129e-03 1.042176039119804472e+02 1.216249504463905673e+01
1.514901188746566207e+00 1.852902137227367511e-03 1.043004926108374377e+02 1.261710079605276569e+01
1.521228969867623793e+00 1.785136608190808364e-03 1.042115869017632264e+02 1.265890814340867898e+01
1.527563647216529041e+00 1.824993124647320475e-03 1.039567307692307736e+02 1.234706227561915881e+01
1.534022576503679458e+00 1.781774817406586286e-03 1.037208737864077648e+02 1.230030994155468704e+01
1.540418711468126034e+00 1.792491139398408621e-03 1.037224880382775183e+02 1.237294578189522554e+01
1.546838712332167631e+00 1.778278829154705072e-03 1.036626506024096415e+02 1.264591307235621365e+01
1.553238623106807825e+00 1.840983848395847744e-03 1.036226415094339615e+02 1.252989305649174234e+01
1.559673935783696619e+00 1.867161364404805587e-03 1.033016627078384744e+02 1.230124556762418742e+01
1.566161367499480317e+00 1.987417225671155377e-03 1.019138321995464906e+02 1.526772710096162911e+01
1.572795191923813007e+00 1.975399758409353626e-03 1.036966292134831491e+02 1.291073428255273470e+01
1.579229625961506400e+00 1.828964939238766603e-03 1.036490384615384670e+02 1.290259446310849256e+01
1.585615098485775532e+00 1.901195136705323549e-03 1.034304932735425950e+02 1.238587143387888467e+01
1.592069020803266399e+00 1.783565421147388207e-03 1.032183098591549282e+02 1.256045619564129545e+01
1.598398624204083740e+00 1.798472010651884717e-03 1.033493150684931550e+02 1.247434848451882061e+01
1.604843375939136507e+00 1.797152056805669104e-03 1.029886877828054281e+02 1.214858352791008222e+01
1.611212339410225569e+00 1.768878106258207515e-03 1.031146788990825627e+02 1.233695321087815167e+01
1.617590363377642504e+00 1.818287623560442892e-03 1.031685393258427013e+02 1.256708095770455103e+01
1.623974015669422899e+00 1.854816384487833732e-03 1.042550790067720072e+02 1.276744865908597681e+01
1.630543485616582799e+00 2.014479720267581264e-03 1.037175732217573199e+02 1.578640045238339162e+01
1.637155364196844820e+00 1.921442116166700376e-03 1.073920704845814953e+02 1.348123214314703588e+01
1.643640215828007012e+00 1.916406123937146409e-03 1.097896995708154577e+02 1.332034974356137447e+01
1.650095370295723063e+00 1.808845151496338592e-03 1.111469933184855279e+02 1.414193446965776957e+01
1.656466136267144007e+00 1.835556712886826517e-03 1.118107526881720446e+02 1.384003519397347581e+01
1.662921359457136594e+00 1.784847929403802829e-03 1.122832244008714611e+02 1.393084883033062482e+01
1.669278115879615276e+00 1.787810489320909016e-03 1.126060606060606091e+02 1.408146590433520018e+01
1.675603147458916142e+00 1.759339208401217896e-03 1.129403973509933792e+02 1.437040212490270008e+01
1.681944817773278311e+00 1.879012939346250957e-03 1.136962025316455680e+02 1.449020834581926209e+01
1.688494896982127180e+00 1.961244959671172398e-03 1.125246913580246968e+02 1.825402195915497927e+01
1.695047655103924189e+00 1.958531043791479891e-03 1.147901234567901270e+02 1.517642358228949995e+01
1.701563412030947964e+00 1.893890162085724253e-03 1.163152400835073053e+02 1.483265834661117388e+01
1.707975620325744792e+00 1.846204685496802061e-03 1.185929018789144038e+02 1.489393318981829317e+01
1.714377380249353600e+00 1.797036493929945892e-03 1.188410041841004130e+02 1.498470331070959105e+01
1.720768292737840266e+00 1.799184406037973973e-03 1.178103092783505161e+02 1.487295745400463787e+01
1.727152534628709324e+00 1.771490888047008889e-03 1.154300626304801654e+02 1.482949982480060136e+01
1.733526494930327289e+00 1.835615179227028260e-03 1.140875763747454243e+02 1.446178486815622577e+01
1.739975521513371870e+00 1.888347845677861795e-03 1.125121951219512226e+02 1.585102385862335517e+01
1.746497876640803248e+00 1.988580869552720402e-03 1.122887596899224860e+02 1.643122049364082571e+01
1.753090192095328348e+00 1.909790863647236811e-03 1.131135458167330654e+02 1.436044544209351947e+01
1.759542915568929722e+00 1.863330342728648260e-03 1.132071713147410321e+02 1.443957469731729404e+01
1.765978610475646082e+00 1.805054295706254351e-03 1.127980000000000018e+02 1.448553733901507989e+01
1.772332663329672986e+00 1.770928694831684115e-03 1.127540322580645125e+02 1.442239703465711109e+01
1.778664509689639184e+00 1.781133477909586536e-03 1.121936127744510969e+02 1.417078699082822801e+01
1.785069366740120511e+00 1.834600355293997381e-03 1.105214843750000000e+02 1.407487546821643321e+01
1.791506168727699633e+00 1.878728357369653049e-03 1.064490196078431410e+02 1.564474625399171615e+01
1.798039063906349488e+00 1.995486375923071192e-03 1.030981481481481552e+02 1.561533531004035424e+01
1.804647924016717919e+00 1.913848319004299433e-03 1.013563218390804650e+02 1.285604651186624814e+01
1.811089958053599736e+00 1.862622323854617795e-03 9.988505747126437484e+01 1.241252831643948795e+01
1.817521720439822408e+00 1.798364348704032875e-03 9.834362934362934539e+01 1.261068199575368354e+01
1.823812670535420288e+00 1.750448090683544159e-03 9.792352941176470438e+01 1.269228120972763030e+01
1.830221642949216854e+00 1.837728497302317443e-03 9.743016759776536162e+01 1.257788113922770101e+01
1.836582905300079060e+00 1.780128382536366044e-03 9.729607843137254974e+01 1.262409680211634466e+01
1.843061797820461534e+00 1.986079127245108083e-03 9.583126110124334218e+01 1.472258575115838752e+01
1.849632829275571488e+00 1.888944039210000737e-03 9.567293233082706649e+01 1.254096768983743537e+01
1.856090187264436642e+00 1.913060858845453587e-03 9.544181818181817789e+01 1.221586747561621777e+01
1.862531947297203283e+00 1.788974026913770074e-03 9.498113207547169168e+01 1.252490292606001887e+01
1.868931787959941415e+00 1.835149539700427039e-03 9.480145719489981104e+01 1.198634319204047927e+01
1.875342409945594868e+00 1.782793697721218873e-03 9.401489757914339407e+01 1.185039390060629927e+01
1.881685992375486283e+00 1.813583446463527945e-03 9.311623616236163059e+01 1.152014066241364354e+01
1.888176611507502489e+00 1.945205006648250507e-03 9.117460317460317754e+01 1.381158735013161021e+01
1.894684395670122701e+00 1.921537496908314263e-03 9.110554561717351874e+01 1.226830918642605006e+01
1.901176782548104516e+00 1.886986723452953362e-03 9.127402135231317004e+01 1.169596112521411335e+01
1.907561981128558237e+00 1.795440373499332084e-03 9.133394160583941357e+01 1.219378376302345757e+01
1.913985041606118376e+00 1.828239138046576940e-03 9.159298245614034784e+01 1.459026140671516636e+01
1.920403381422240097e+00 1.786024996940504313e-03 9.229166666666667140e+01 1.839671192528262011e+01
1.926716413297410169e+00 1.834639747803229817e-03 9.181494661921708200e+01 1.705614391317288536e+01
1.933271554332125497e+00 1.965820526812752777e-03 8.966161616161616621e+01 1.568012781164874170e+01
1.939792573083097382e+00 1.907526115978609412e-03 9.060558464223385045e+01 1.187731553350128522e+01
1.946288570836251841e+00 1.883695634446648113e-03 9.155366269165247672e+01 1.156542851677657602e+01
1.952655684029843908e+00 1.737190040939992066e-03 9.395298372513562413e+01 1.198527808214271673e+01
1.958969978021109171e+00 1.827434973414125523e-03 9.863822525597269930e+01 1.195240432918546603e+01
1.965496063115082181e+00 1.854230162972571750e-03 1.045236486486486456e+02 1.297087385361126977e+01
1.971963975922738088e+00 1.884120710564727479e-03 1.119811643835616479e+02 1.675328499644965063e+01
1.978442510441045021e+00 1.957066319931451050e-03 1.214942339373970412e+02 1.960185345995204287e+01
1.984931097981023740e+00 1.843590323278294961e-03 1.306512820512820383e+02 2.079075702015109073e+01
1.991287308585444338e+00 1.815152065882439042e-03 1.367734241908006823e+02 2.232711885862956436e+01
1.997701973476069481e+00 1.833321787203764366e-03 1.399186046511627808e+02 2.335067529925332863e+01
2.004164133665459424e+00 1.816322146449814287e-03 1.417495826377295600e+02 2.386950426143449633e+01
2.010465304371688244e+00 1.793999045974344238e-03 1.433136915077989499e+02 2.447732780158118615e+01
2.016906033528098163e+00 1.989616449670199121e-03 1.440751173708920305e+02 2.915251754680902962e+01
2.023555996358446407e+00 1.897180052363281293e-03 1.472880258899676278e+02 2.531676406547101621e+01
2.029968694217374470e+00 1.807083598350285245e-03 1.482759197324414799e+02 2.561177056050491885e+01
2.036339422929389187e+00 1.823287213829230622e-03 1.488541329011345340e+02 2.564126429238935145e+01
2.042808231593590484e+00 1.819045180469573350e-03 1.474448051948051841e+02 2.600853906299358798e+01
2.049121403930300289e+00 1.816823929832920258e-03 1.438010033444816145e+02 2.770240564036102882e+01
2.055546024436551544e+00 1.958593688934813937e-03 1.381296296296296191e+02 3.026016921051981257e+01
2.062179187475123410e+00 1.909374836257744399e-03 1.316093750000000000e+02 2.680251717204584594e+01
2.068587893715514436e+00 1.782255124468116103e-03 1.205008183306055685e+02 2.481371678664575953e+01
2.074943470461427353e+00 1.803325004765888358e-03 1.073724247226624442e+02 2.133176365037951783e+01
2.081348551495329602e+00 1.811685209211536278e-03 9.640000000000000568e+01 1.820814762681806087e+01
2.087807581420585645e+00 1.934124239786214495e-03 8.852986217457886653e+01 1.737070801704498635e+01
2.094354049547901386e+00 1.919763106963207067e-03 8.431288343558281895e+01 1.402651327436201534e+01
2.100814970511138302e+00 1.841726384006937703e-03 8.145911949685535092e+01 1.178071365378501056e+01
2.107147425483176129e+00 1.793021693532189254e-03 7.986908517350157410e+01 1.113836147996278569e+01
2.113573117004156288e+00 1.831442330790634650e-03 7.895572519083970064e+01 1.096578104037896040e+01
2.119956773712852627e+00 1.806996690666118864e-03 7.869462025316455822e+01 1.107931391031419111e+01
2.126392549358501416e+00 1.961143276791299343e-03 7.759411764705882320e+01 1.315750571907171285e+01
2.133022499541108896e+00 1.914261261225060897e-03 7.806360946745562046e+01 1.046127887138102430e+01
2.139480964562213483e+00 1.786119367506160778e-03 7.776279069767441854e+01 1.042153924617663208e+01
2.145796782645738254e+00 1.799418587043424183e-03 7.785321100917431636e+01 1.026556857991532823e+01
2.152165366120878165e+00 1.825425695775702338e-03 7.785151515151514445e+01 1.026979242066928499e+01
2.158655754564665852e+00 1.929951649106770133e-03 7.762063953488372192e+01 1.264690464232966427e+01
2.165204964825616862e+00 1.913631523374921799e-03 7.886257309941520077e+01 1.043091617959223427e+01
2.171687233764930003e+00 1.836559742283269984e-03 7.867111111111111654e+01 1.040367867829222526e+01
2.178057454997971210e+00 1.770075738143539208e-03 7.851057401812688852e+01 1.057614717452615238e+01
2.184381886656512783e+00 1.819268068842387707e-03 7.953343239227339723e+01 1.051066331841690094e+01
2.190889596552291430e+00 1.941484629964972597e-03 8.117771509167842225e+01 1.312491711914405990e+01
2.197415493733709368e+00 1.880394352234131695e-03 8.596806966618287049e+01 1.104504995894237496e+01
2.203858495652105454e+00 1.844129167940211774e-03 9.156439942112879748e+01 1.144125172943487634e+01
2.210218428929338064e+00 1.776952575370011446e-03 9.861242603550296337e+01 1.259608444181332843e+01
2.216548686487991304e+00 1.820372229284925253e-03 1.057024673439767781e+02 1.354451395070707953e+01
2.223054582631938558e+00 1.937499342758612587e-03 1.100704419889502788e+02 1.791706946784769627e+01
2.229555406010463425e+00 1.871681269043944497e-03 1.148669527896995675e+02 1.589591923421733632e+01
2.236023148886606471e+00 1.876509468722661325e-03 1.159109874826147433e+02 1.614038784756355582e+01
2.242466908337517939e+00 1.781536512235300631e-03 1.164676258992805771e+02 1.618728025416284311e+01
2.248784053696174290e+00 1.815619011182786555e-03 1.166226685796269749e+02 1.618776060065194855e+01
2.255261034229438355e+00 1.958337742873136802e-03 1.156926174496644251e+02 1.944616737358219893e+01
2.261752977112598817e+00 1.833135357339661826e-03 1.172376237623762307e+02 1.652880203740220111e+01
2.268193030407839927e+00 1.856919733580766289e-03 1.178826739427012313e+02 1.688940805792456601e+01
2.274620661936892052e+00 1.792548502283534354e-03 1.178335684062059272e+02 1.712297653165831335e+01
2.281045196159239286e+00 1.907452264699439036e-03 1.162743243243243256e+02 1.888663142551789775e+01
2.287566856146262317e+00 1.925687837049752790e-03 1.157232620320855574e+02 1.800235570230884008e+01
2.294017676381079784e+00 1.818149611703329506e-03 1.144265927977839397e+02 1.735968823563993624e+01
2.300373896127871021e+00 1.814054264739159471e-03 1.107004103967168334e+02 1.771418045452519507e+01
2.306733295622487301e+00 1.809288305020508025e-03 1.045013736263736206e+02 1.786059032655939660e+01
2.313210233147671158e+00 1.927057466226796351e-03 9.432161458333332860e+01 1.947647762675383021e+01
2.319750633036068876e+00 1.886628064392380537e-03 8.527814569536424472e+01 1.583762255344080216e+01
2.326167810919689938e+00 1.805281422939875990e-03 7.701759133964817750e+01 1.370952223346941423e+01
2.332524891627314911e+00 1.808157875111407291e-03 7.102688172043011150e+01 1.181877545642515770e+01
2.339018828040365428e+00 1.927078730268403945e-03 6.693333333333333712e+01 1.178479391085680028e+01
2.345529090540556361e+00 1.892646505679497623e-03 6.530366492146596613e+01 9.934000357012125804e+00
2.351902562585342693e+00 1.808634088653226840e-03 6.406417112299465089e+01 8.988033039031449789e+00
2.358283426411155403e+00 1.828495513811564770e-03 6.322033898305084421e+01 8.751307076957804298e+00
2.364665150299146479e+00 1.824483169818866225e-03 6.277218543046357269e+01 8.936834119461352088e+00
2.371140522023317931e+00 1.956229962378429419e-03 6.186352357320099316e+01 1.055029612303153641e+01
2.377698484074287411e+00 1.857249505322706908e-03 6.177179487179487438e+01 8.784539980516708368e+00
2.384135550776628865e+00 1.806484998011118103e-03 6.033032258064515929e+01 8.538169913597711158e+00
2.390495270780528703e+00 1.815820546892564329e-03 5.975626740947075177e+01 8.583045334853403929e+00
2.396907059408651008e+00 1.904650256318906557e-03 5.850068399452804613e+01 9.979955995478084319e+00
2.403395490390968892e+00 1.861409897307351969e-03 5.907746478873239226e+01 8.288445793027518604e+00
2.409868588547004364e+00 1.847911660654164229e-03 5.910937500000000000e+01 8.368271338745156385e+00
2.416315494183244539e+00 1.848423108511250412e-03 5.957536231884058253e+01 8.419280540171749649e+00
2.422721222723576151e+00 1.879130934971403807e-03 5.936482558139535115e+01 1.031486802302103278e+01
2.429135064156228374e+00 1.862177758942303550e-03 6.068328445747800259e+01 8.607460510101178741e+00
2.435558328952115659e+00 1.829358714226044739e-03 6.095266272189348911e+01 8.413802223416411152e+00
2.441961929587736613e+00 1.826990787003958654e-03 6.100449101796407092e+01 8.536816272054851495e+00
2.448435267415004279e+00 1.916283866918213176e-03 5.980959302325581461e+01 1.000275153126990269e+01
2.454898310690642571e+00 1.851262751470384186e-03 6.032878787878787818e+01 8.405083402158792794e+00
2.461278332832209870e+00 1.841207405127180587e-03 6.018126888217522463e+01 8.394217276814099904e+00
2.467732767309350983e+00 1.860175811866779036e-03 5.957957957957957973e+01 8.859078737028003303e+00
2.474317234005322774e+00 1.907302378477835920e-03 5.843061516452074500e+01 9.737162081137405778e+00
2.480763678027650521e+00 1.850982492662076430e-03 5.932545201668984447e+01 8.419723985323285476e+00
2.487114426650852028e+00 1.791691956921820849e-03 5.973455056179775369e+01 8.522653603641924036e+00
2.493514277050582706e+00 1.905910091373927331e-03 5.913474240422721095e+01 1.006119919377771410e+01
2.500016016455529844e+00 1.897218154373805617e-03 5.955280312907431295e+01 8.668392153372126430e+00
2.506504299072060071e+00 1.823698874814003905e-03 5.912779973649539045e+01 8.566698032780410088e+00
2.512828968428921783e+00 1.779539787674511890e-03 5.874697173620457846e+01 8.533772480947982686e+00
2.519262120792594928e+00 1.938201810876334251e-03 5.781195516811955315e+01 9.921636744916384032e+00
2.525775074220281358e+00 1.871497825325404334e-03 5.711464968152866106e+01 8.518305218414560898e+00
2.532197693037325781e+00 1.807973308604888651e-03 5.526923076923076650e+01 8.348094421685274824e+00
2.538545427775757091e+00 1.816891897915347926e-03 5.358944658944658812e+01 8.240092753272033832e+00
2.545039371368973402e+00 1.965732421291352915e-03 5.205938242280284811e+01 9.387228541626903677e+00
2.551577586228050976e+00 1.818913119815899733e-03 5.166666666666666430e+01 8.045299985199545034e+00
2.557912035390546901e+00 1.811160408138717511e-03 5.091604010025062621e+01 7.971148689938864607e+00
2.564418003384666633e+00 1.924750488034227642e-03 4.977804014167650593e+01 9.184585515001815637e+00
2.570930014234638072e+00 1.852202887801034569e-03 5.009146341463414842e+01 7.990713490176833744e+00
2.577333690207623373e+00 1.816621428331073769e-03 4.997921760391198376e+01 7.875298412234845280e+00
2.583698900290759326e+00 1.840143410056186736e-03 4.973349633251833524e+01 8.156000063614467166e+00
2.590116643848396460e+00 1.922552353981257615e-03 4.945857642940489995e+01 8.525220873665173116e+00
2.596553429180498362e+00 1.801710981220896188e-03 4.918689320388349273e+01 7.629179209612641621e+00
2.602955615407046341e+00 1.842317350104424401e-03 4.872588235294117709e+01 7.679296572457066539e+00
2.609495359574187212e+00 1.911716238635802895e-03 4.768072976054732237e+01 8.781153049243931363e+00
2.615974071523933020e+00 1.844748521006626301e-03 4.786588235294117766e+01 7.703977312790200926e+00
2.622378270172453618e+00 1.832507040312451657e-03 4.775555555555555287e+01 7.742165756704533663e+00
2.628819659223405658e+00 1.883705983027747803e-03 4.711034482758620356e+01 8.622245836552853149e+00
2.635224897504864661e+00 1.872415782458078902e-03 4.717816091954023250e+01 7.548506986304525768e+00
2.641639659702591736e+00 1.816527212418568051e-03 4.683044982698962144e+01 7.407165284258288906e+00
2.648064596936881454e+00 1.851525790120274028e-03 4.633181299885974624e+01 7.919116071281818492e+00
2.654540339871488630e+00 1.920962172705038655e-03 4.609900990099009732e+01 7.893208296023454196e+00
2.661017435989672553e+00 1.820997431850269717e-03 4.592228571428571371e+01 7.345563303443649161e+00
2.667377750780578261e+00 1.839233884157700843e-03 4.586606129398411014e+01 7.470111561115378329e+00
2.673833255939705111e+00 1.922629864361171097e-03 4.540303358613217455e+01 8.545428570116362366e+00
2.680310332336410362e+00 1.829470795604572599e-03 4.534826427771556467e+01 7.592213114157286391e+00
2.686679530094181256e+00 1.809753184080302099e-03 4.502466367713004303e+01 7.406251303213092996e+00
2.693172569770623248e+00 1.920456143785719515e-03 4.435306553911205185e+01 8.306905681640674999e+00
2.699710169678059213e+00 1.845827250732203417e-03 4.428789531079607400e+01 7.212484899277956885e+00
2.706108723802718607e+00 1.808001129835774996e-03 4.410852713178294238e+01 7.149833913629630722e+00
2.712552861480932442e+00 1.909490143508341294e-03 4.371759747102213112e+01 8.202651510431604009e+00
2.719028861112676942e+00 1.848278151304674159e-03 4.390810810810810949e+01 7.386700781100493884e+00
2.725349625855669977e+00 1.780111837505188701e-03 4.390788013318535121e+01 7.112171019891925461e+00
2.731792001493120292e+00 1.927874637693306574e-03 4.353483606557377072e+01 7.736327866794229458e+00
2.738310186615081410e+00 1.835670255000661395e-03 4.346858359957401774e+01 6.938440083945034864e+00
2.744685257899765141e+00 1.793617037467074102e-03 4.320474137931034164e+01 6.950897972821008075e+00
2.751066800196758422e+00 1.878288467704576767e-03 4.353459119496855578e+01 6.826764221013436718e+00
2.757601512830000434e+00 1.862141664063760894e-03 4.411270718232044175e+01 5.940461184785227999e+00
2.764058068263966828e+00 1.836587841443396716e-03 4.410022779043280394e+01 6.002019419295813840e+00
2.770529172478649382e+00 1.887167826034379927e-03 4.445945945945945965e+01 6.032662597727306064e+00
2.776955143396238501e+00 1.821333560803167642e-03 4.459669811320754462e+01 5.934853427323139030e+00
2.783316304171964184e+00 1.843620978786204888e-03 4.530070754716981440e+01 5.877645960064443287e+00
2.789755116199374552e+00 1.895104686621155434e-03 4.730057803468208277e+01 5.592640735102489380e+00
2.796202065730379438e+00 1.823396814250311405e-03 5.018083832335329220e+01 5.829090196313908123e+00
2.802598215598055997e+00 1.839199823105454800e-03 5.297485029940119716e+01 5.902952342277027142e+00
2.809058618291326859e+00 1.891542357478581855e-03 5.534385964912280542e+01 6.569667060805505443e+00
2.815539484174618412e+00 1.814857361145085640e-03 5.721601941747572795e+01 7.212176576779306458e+00
2.821989463872399906e+00 1.865090624993398201e-03 5.779330943847072888e+01 7.678192663862100531e+00
2.828483713597702565e+00 1.883630524017047489e-03 5.832380952380952266e+01 7.535965165461997906e+00
2.834900904292738222e+00 1.791954038426357698e-03 5.820750000000000313e+01 7.498313352014575273e+00
2.841279989216558999e+00 1.876324795384782303e-03 5.782125603864734131e+01 7.499385413607829953e+00
2.847767858763501359e+00 1.886990809494324501e-03 5.845289855072464036e+01 7.486188243875537829e+00
2.854224446368732959e+00 1.845718501710050556e-03 5.896650124069478949e+01 7.708319603525696451e+00
2.860652227376856871e+00 1.895283512592607677e-03 5.893810679611650727e+01 8.152876491709864837e+00
2.867113210476443186e+00 1.859648482407798373e-03 5.941707920792079278e+01 8.079574952835601565e+00
2.873572830144707879e+00 1.886954548921765396e-03 5.915847665847665837e+01 8.211554377341309774e+00
2.879995266294152589e+00 1.874768549312584749e-03 5.886369268897149709e+01 8.559281568977951338e+00
2.886377499349285003e+00 1.822646243021190660e-03 5.906075949367088640e+01 9.013782997657399321e+00
2.892826601299819611e+00 1.901257081905588812e-03 5.831105710814095033e+01 9.313017610195183593e+00
2.899287209408602628e+00 1.837036175435869181e-03 5.789559748427672758e+01 9.780241292227289662e+00
2.905651471559458798e+00 1.820821310380915442e-03 5.645997458703939031e+01 1.079742717095935234e+01
2.912064357739847953e+00 1.885695667761764669e-03 5.316707616707616779e+01 1.185976850488616741e+01
2.918524733004972394e+00 1.831846772134888184e-03 5.007206068268015287e+01 1.149698826070171265e+01
2.925008101889499557e+00 1.898964803942654149e-03 4.588915956151035402e+01 1.095149324239931055e+01
2.931494571104498625e+00 1.860470468068603543e-03 4.329295426452410567e+01 9.820066159349835289e+00
2.937893251398651540e+00 1.817351826735809622e-03 4.155332496863237424e+01 9.014315744889310977e+00
2.944305546311252186e+00 1.880927000690213848e-03 4.030204572803850738e+01 8.459963654750513484e+00
2.950769139483569781e+00 1.826098071515048831e-03 4.028869778869778884e+01 7.738464881306851950e+00
2.957217893682505760e+00 1.858471812583063982e-03 4.038740920096851994e+01 7.354925913122400516e+00
2.963641657319503686e+00 1.840162297927921053e-03 4.198282208588957332e+01 7.352120209309208398e+00
2.970043842149071800e+00 1.832295957600710810e-03 4.405569306930693330e+01 7.773761840299135528e+00
2.976510225225458495e+00 1.909562939757382871e-03 4.588123515439429667e+01 7.996585134484393009e+00
2.983008757323797777e+00 1.820848808918005624e-03 4.804956629491945819e+01 8.027529068298466797e+00
2.989442833175567138e+00 1.860876473636659213e-03 4.862060606060605750e+01 8.205457925140368758e+00
2.995851322080832713e+00 1.818248084975540883e-03 4.928571428571428470e+01 8.124311451269671025e+00
3.002288071879581022e+00 1.866109072499165002e-03 4.924238733252131794e+01 8.436912639954710968e+00
3.008748785923475388e+00 1.879638502675874765e-03 4.944969696969697281e+01 8.399827712606324326e+00
3.015199648864150372e+00 1.825469582085792030e-03 4.926243781094527208e+01 8.375432569188394183e+00
3.021614952218953931e+00 1.867358907394168870e-03 4.880848484848484503e+01 8.704338805997091200e+00
3.028035269137849372e+00 1.805619228951016193e-03 4.923153942428034924e+01 8.911285524240248890e+00
3.034481983401863037e+00 1.885823396422961745e-03 4.887966305655836408e+01 9.332141446720754629e+00
3.040948636384726900e+00 1.846244746713175374e-03 4.892716049382715937e+01 9.829637072387313879e+00
3.047399548284976056e+00 1.866575050031695892e-03 4.795348837209302673e+01 1.042571120630611858e+01
3.053818065407082116e+00 1.858882463793821993e-03 4.670270270270270174e+01 1.078405164914586223e+01
3.060168791671987076e+00 1.792825745411367891e-03 4.538167938931297840e+01 1.154507031941108863e+01
3.066596020837712544e+00 1.927764682785730512e-03 4.337322274881516648e+01 1.254427268989991262e+01
3.073140751332767540e+00 1.856356834428901387e-03 4.242521631644004998e+01 1.305698032597720371e+01
3.079593295930210139e+00 1.886716362797553155e-03 4.010303030303030170e+01 1.364770356771336601e+01
3.086017154762366044e+00 1.830431539716442747e-03 3.883124999999999716e+01 1.328509738391103134e+01
3.092486513109037993e+00 1.905108961471654438e-03 3.623860911270983109e+01 1.222803690563483592e+01
3.098964516853627060e+00 1.852397442341169754e-03 3.390234857849196715e+01 1.075822552389981723e+01
3.105440922044128804e+00 1.880034527507769499e-03 3.171151515151515099e+01 9.503623048922698047e+00
3.111821301298671738e+00 1.810318297736169049e-03 3.044528301886792576e+01 8.751841861443953263e+00
3.118233335063332667e+00 1.868901341642052608e-03 2.952984165651644233e+01 8.220769922917455119e+00
3.124683867316949026e+00 1.865189586864977357e-03 2.879975579975580047e+01 7.917458777180423013e+00
3.131144652615997170e+00 1.844489775254080271e-03 2.843703703703703667e+01 7.615912996663499079e+00
3.137527951480249655e+00 1.850518740970626434e-03 2.804674046740467475e+01 7.449400497825729772e+00
3.143946084488824955e+00 1.842734159383119935e-03 2.825526641883519119e+01 7.297337905071379360e+00
3.150358822729363073e+00 1.875642417003805899e-03 2.795266990291262132e+01 7.117862358769937892e+00
3.156784286039504561e+00 1.823981601210612454e-03 2.809499999999999886e+01 7.106588052645235187e+00
3.163270120323041557e+00 1.930117905744787839e-03 2.750943396226415061e+01 6.994559371722908203e+00
3.169756141428992979e+00 1.817110211355118556e-03 2.738944723618090293e+01 6.996828140318365641e+00
3.176136715832639901e+00 1.869400486556539428e-03 2.695151515151515298e+01 6.998788823461448594e+00
3.182603852824878121e+00 1.855271636042648588e-03 2.712515337423312900e+01 7.120036491703761961e+00
3.189050645908320547e+00 1.867823016262818358e-03 2.676969696969696955e+01 6.986308005009753685e+00
3.195475202712392715e+00 1.830177604982121797e-03 2.665880893300248289e+01 7.026697693675079570e+00
3.201930699474990760e+00 1.890160737295187680e-03 2.620908004778972611e+01 6.989548441878596030e+00
3.208380198036255848e+00 1.818817371399450607e-03 2.608219178082191902e+01 7.005837944025031128e+00
3.214769441202507405e+00 1.856295446885927562e-03 2.556432038834951470e+01 6.998973168428766378e+00
3.221219946103295317e+00 1.854520719188760538e-03 2.513814180929095343e+01 6.983085407329832961e+00
3.227683765295594753e+00 1.874065427032763596e-03 2.461612515042117977e+01 6.881248176884985135e+00
3.234131017772435612e+00 1.840716304877563787e-03 2.470530209617755801e+01 6.940585663349083667e+00
3.240599979113187423e+00 1.901252405176113557e-03 2.426453143534994084e+01 6.959830006152026627e+00
3.247028333220890239e+00 1.799593188369970169e-03 2.455471698113207424e+01 7.144239402439800379e+00
3.253443203786942295e+00 1.907653420062672836e-03 2.427712264150943255e+01 6.989729097468554642e+00
3.259883502116921683e+00 1.795580006981134817e-03 2.441435768261964867e+01 6.928847691180894053e+00
3.266300345605878341e+00 1.923600185575663262e-03 2.405744431418522922e+01 6.795819923489432313e+00
3.272853483066015201e+00 1.856140221165968399e-03 2.387195121951219434e+01 6.761929551186207199e+00
3.279208055010873757e+00 1.838273880463746476e-03 2.368711656441717750e+01 6.750860144286705555e+00
3.285677511815711327e+00 1.882917816817657360e-03 2.340811455847255473e+01 7.166435366751341185e+00
3.292103848527159204e+00 1.835553428200827411e-03 2.377233782129743034e+01 8.494178809670305696e+00
3.298586108799094418e+00 1.888317585372828586e-03 2.376128266033254022e+01 1.008696032133628684e+01
3.305031100311709658e+00 1.850386223069815962e-03 2.410475030450669820e+01 1.159408351280813498e+01
3.311493553422723224e+00 1.868513817595845007e-03 2.347016706443914202e+01 1.004335615204146137e+01
3.317903636599865536e+00 1.824831080609758517e-03 2.303312883435582847e+01 8.485219097301543556e+00
3.324331097200103002e+00 1.867240715589447552e-03 2.229523809523809419e+01 7.392972547216722035e+00
3.330698991454875468e+00 1.802295415888940022e-03 2.203117206982543763e+01 6.694086036811498275e+00
3.337129369178693850e+00 1.924555404658041986e-03 2.181997677119628420e+01 6.588706451335188952e+00
3.343680207265053550e+00 1.861922247852822480e-03 2.156332931242460660e+01 6.625196680095759127e+00
3.350044083295126374e+00 1.835162792558274860e-03 2.122843256379101007e+01 6.661425116406840097e+00
3.356505604070456616e+00 1.871227406804753775e-03 2.088625592417061583e+01 6.488959528599083981e+00
3.362916001860436488e+00 1.833654571443432820e-03 2.066017052375152119e+01 6.360356793959618393e+00
3.369285096640512123e+00 1.875337531839301689e-03 2.058658536585365795e+01 6.467879267956855749e+00
3.375802434903234950e+00 1.848095989791553092e-03 2.046278755074424893e+01 6.507431937908932262e+00
3.382214916359785661e+00 1.843501739730700950e-03 2.010252808988764173e+01 6.396937686595923545e+00
3.388621595555129762e+00 1.837214591020290208e-03 2.000291120815138157e+01 6.286465335739578997e+00
3.395087870480640202e+00 1.897809126909797642e-03 1.985465116279069875e+01 6.324706970811426743e+00
3.401600099274715294e+00 1.862825267528726196e-03 1.942684766214177827e+01 5.940330363326099317e+00
3.408008587822927371e+00 1.829521772960810344e-03 1.919720496894409933e+01 5.607109530648113349e+00
3.414429009776510870e+00 1.863403552598411495e-03 1.921826625386997023e+01 5.784232159822759733e+00
3.420895508941175223e+00 1.876279003669552520e-03 1.971048513302034522e+01 5.898880591234481940e+00
3.427361199308996742e+00 1.871984655860910217e-03 1.982436708860759467e+01 5.824616181455415820e+00
3.433789816721534383e+00 1.835455874914732619e-03 2.012175324675324717e+01 5.797725463621605790e+00
3.440207803416203358e+00 1.864980166185075923e-03 2.089320388349514701e+01 6.009410723981606139e+00
3.446682336316245543e+00 1.886495457043324163e-03 2.164552845528455194e+01 6.115204392904932895e+00
3.453142116062292821e+00 1.850491205141300763e-03 2.166050420168067348e+01 5.895601886286233828e+00
3.459552608189105705e+00 1.840426776601197887e-03 2.175171232876712324e+01 5.674496839682057647e+00
3.466037827277117955e+00 1.895781883946169978e-03 2.196095076400679247e+01 5.699620637650757438e+00
3.472473653977210972e+00 1.828931698347952819e-03 2.145438282647585027e+01 5.527301104906106488e+00
3.478868831430015351e+00 1.849798838882201271e-03 2.102857142857142847e+01 5.548579520370730656e+00
3.485296939778874226e+00 1.846836384750711896e-03 2.073626373626373720e+01 5.778696229523605510e+00
3.491740378822062674e+00 1.892374048568714641e-03 2.052094717668488144e+01 5.767746835669283811e+00
3.498222076309955408e+00 1.850392789083453492e-03 2.028383458646616688e+01 5.913604935306685739e+00
3.504611891581455030e+00 1.828338000025509641e-03 1.986213592233009706e+01 5.778949712485181855e+00
3.511032309223517167e+00 1.894740202114146826e-03 2.001335877862595325e+01 6.217268466903913549e+00
3.517510811405253346e+00 1.847376399887671770e-03 1.951581027667984358e+01 6.120639825511940302e+00
3.523886222494890585e+00 1.819823680849573695e-03 1.915337423312883303e+01 6.226904207198037611e+00
3.530333766363422221e+00 1.913949961282706506e-03 1.902376237623762378e+01 6.362753407019432927e+00
3.536838628960300657e+00 1.837400593869444173e-03 1.811874999999999858e+01 5.878341248458900381e+00
3.543212277439104163e+00 1.824314092004992007e-03 1.806209850107066472e+01 5.814266814564176045e+00
3.549634251627681092e+00 1.895848120010211945e-03 1.833403361344537785e+01 6.278585501641221533e+00
3.556117060308725097e+00 1.842284182035823720e-03 1.742576419213973793e+01 5.775910247310706680e+00
3.562580790750173865e+00 1.873137250446494902e-03 1.725438596491228083e+01 5.684262981672628001e+00
3.569027121761189303e+00 1.864198494303047999e-03 1.695495495495495319e+01 5.315719941844355034e+00
3.575415228040989657e+00 1.829283293316363293e-03 1.656380510440835252e+01 4.575877222388000654e+00
3.581824267593239686e+00 1.860007523854312686e-03 1.682830626450116185e+01 4.400517521199019733e+00
3.588330065081806630e+00 1.895947895659538546e-03 1.647099767981438490e+01 3.606470875787854080e+00
3.594804804657118602e+00 1.838793340235311087e-03 1.637804878048780566e+01 3.180267087957171501e+00
3.601203120605045882e+00 1.866742151695356807e-03 1.659068627450980316e+01 3.475839330896915769e+00
3.607629953215138574e+00 1.849946976811765471e-03 1.627067669172932440e+01 2.716808164274037818e+00
3.614090854913730499e+00 1.868416365547433599e-03 1.603030303030303116e+01 2.309218825163951383e+00
3.620574720227974552e+00 1.873754476683962313e-03 1.562724935732647857e+01 2.168113395810804978e+00
3.627004027770476924e+00 1.835919208150294619e-03 1.518181818181818166e+01 1.677802692964582842e+00
3.633382280898821648e+00 1.849285921997263250e-03 1.514905149051490518e+01 1.951964627378558470e+00
3.639818201334091174e+00 1.872714577785467623e-03 1.499182561307901906e+01 1.913644754510116730e+00
3.646271849872324999e+00 1.848931603973280732e-03 1.455617977528089924e+01 1.799213767325264168e+00
3.652754025121335069e+00 1.886957975833729447e-03 1.412640449438202239e+01 1.624460327193910647e+00
3.659208746855755479e+00 1.834720162372708565e-03 1.390560471976401224e+01 1.706213662240449347e+00
3.665582835495777569e+00 1.840575612045432024e-03 1.358858858858858909e+01 1.825927075586821768e+00
3.672040343112283445e+00 1.886479483533069204e-03 1.318862275449101773e+01 1.572885320423033528e+00
3.678529717319615866e+00 1.858096912976999176e-03 1.264596273291925499e+01 1.487302066047752280e+00
3.684932562337432049e+00 1.835190244932949138e-03 1.241479099678456599e+01 1.360804982604159052e+00
3.691340469028411508e+00 1.865394116403416890e-03 1.219741100323624572e+01 1.255609213789657730e+00
3.697825917576230470e+00 1.878575472322643403e-03 1.220394736842105310e+01 1.234854576093771028e+00
3.704288468942850354e+00 1.854378416201764085e-03 1.223890784982935109e+01 1.129068839761656839e+00
3.710695071708606907e+00 1.843173339766954189e-03 1.232631578947368389e+01 1.200846115984544049e+00
3.717119980493126530e+00 1.858275420549158159e-03 1.260357142857142776e+01 1.224161520621940280e+00
3.723579054116692877e+00 1.875547371405369762e-03 1.248000000000000043e+01 1.317187085490066467e+00
3.730020297411832164e+00 1.843995263516665269e-03 1.232954545454545503e+01 1.277217458094630054e+00
3.736426917509388268e+00 1.851423495632689448e-03 1.224806201550387641e+01 1.178575038020565513e+00
3.742862848593606184e+00 1.866246695943705233e-03 1.211067193675889264e+01 1.214230278326309032e+00
3.749304155234212121e+00 1.850203366498975400e-03 1.211065573770491888e+01 1.020532950648491255e+00
3.755769545342233950e+00 1.881542671327423493e-03 1.229875518672199242e+01 1.079396599809083535e+00
3.762207580716425692e+00 1.832713059301602828e-03 1.211842105263157876e+01 1.088055267864632469e+00
3.768650259547695391e+00 1.882711660849632198e-03 1.209251101321585864e+01 1.144128431023815784e+00
3.775101190588130873e+00 1.841328330998877110e-03 1.178604651162790695e+01 1.052006247320983690e+00
3.781544745172108257e+00 1.876261972947606757e-03 1.138679245283018915e+01 8.998684686924842691e-01
3.787984350729691752e+00 1.841817734800533721e-03 1.121393034825870672e+01 1.317722529043172663e+00
3.794443778523244770e+00 1.888119406057294294e-03 1.092462311557788901e+01 1.304792037279878025e+00
3.800887998049732097e+00 1.829598834944004332e-03 1.081182795698924792e+01 1.050411610186752220e+00
3.807319286871066577e+00 1.879776389761753357e-03 1.088043478260869534e+01 8.854193307717805883e-01
3.813728772969168901e+00 1.816176537965013323e-03 1.064327485380117011e+01 8.914245151949120594e-01
3.820127884734960233e+00 1.870328496078344947e-03 1.059171597633136130e+01 1.134244054864401274e+00
3.826558902351690605e+00 1.840091099185570860e-03 1.078616352201257911e+01 1.136904445713013967e+00
3.832976717434447789e+00 1.862754303780558536e-03 1.089610389610389696e+01 1.035831325064797914e+00
3.839467489846226655e+00 1.881591717002498556e-03 1.065540540540540526e+01 1.020337388162847247e+00
3.845958738964208923e+00 1.872212223355807642e-03 1.059285714285714342e+01 1.043297363053842686e+00
3.852379013358490312e+00 1.829949564810406546e-03 1.081538461538461604e+01 1.171404861315006984e+00
3.858770514458473411e+00 1.860590576749386821e-03 1.068800000000000061e+01 1.122568483434306152e+00
3.865201312403456324e+00 1.846877382617491750e-03 1.048717948717948723e+01 1.138742554059920531e+00
3.871669834970288271e+00 1.885989225799452511e-03 1.036607142857142883e+01 1.282983210477575131e+00
3.878154213609482870e+00 1.855219997046820071e-03 9.970873786407766559e+00 1.265231454114959631e+00
3.884570297975108666e+00 1.842018581107749764e-03 9.821052631578947256e+00 1.150647174275237994e+00
3.891030549524630455e+00 1.892572859664069882e-03 9.555555555555555358e+00 1.094317533532900288e+00
3.897480132485925619e+00 1.830223622249431631e-03 8.787499999999999645e+00 9.629057586285382220e-01
3.903837790606199842e+00 1.833538786489578550e-03 8.575342465753424293e+00 9.096963131991229190e-01
3.910297958451704581e+00 1.898394991490752427e-03 8.808823529411764497e+00 8.855334833720348575e-01
3.916760076293909876e+00 1.823271174774054393e-03 8.965517241379309610e+00 7.975885176703710888e-01
3.923205856217289345e+00 1.907998375040481686e-03 9.566037735849056034e+00 1.154032353462115301e+00
3.929647757040283906e+00 1.804292177573046203e-03 9.534883720930231732e+00 1.143561939827372198e+00
3.936002968608691699e+00 1.864030959871269735e-03 9.216216216216215784e+00 1.058893947251877243e+00
3.942404476100300759e+00 1.828532384993888883e-03 9.379310344827585411e+00 1.949419865531389462e+00
3.948822507765122225e+00 1.871711324841116540e-03 9.136363636363636687e+00 1.343795045372225605e+00
3.955157590966607906e+00 1.825831164639231917e-03 9.428571428571428825e+00 1.160576914947994531e+00
3.961507824082775464e+00 1.968979546566614058e-03 1.085714285714285765e+01 1.293626448305345455e+00
