# q qerr I(q) I(q)err
8.294532032279089417e-03 3.215448162638725495e-03 3.333333333333333148e-01 2.180065408464889032e+01
1.547771440847061503e-02 1.298069176105710962e-03 6.666666666666666297e-01 5.270462766947299205e-01
2.114153426598287117e-02 1.953452460535632252e-03 7.500000000000000000e-01 5.700877125495690256e-01
2.708829541553820289e-02 1.932501425123600049e-03 5.833333333333333703e-01 5.921946001479956312e-01
3.424760286937652415e-02 2.393094809829984012e-03 3.863636363636363535e-01 5.397428221380872193e-01
4.134659872356089005e-02 1.444308516548141333e-03 4.166666666666666852e-01 5.569427126600948741e-01
4.709622292726145520e-02 1.633576272088444088e-03 3.750000000000000000e-01 4.937104414532875185e-01
5.289360403025952090e-02 1.994215660312892175e-03 3.125000000000000000e-01 4.704829079431755989e-01
5.941266175682404643e-02 2.038777625163953021e-03 2.600000000000000089e-01 4.445222154178572471e-01
6.623959740571712385e-02 2.014614798769268252e-03 2.777777777777777901e-01 4.536092116265142415e-01
7.251770781946841049e-02 1.767162065969994948e-03 3.333333333333333148e-01 4.787135538781688848e-01
7.836204892921720677e-02 1.794558473909566021e-03 7.399999999999999911e-01 1.003593543223550322e+00
8.476368586159346852e-02 2.173163639586968114e-03 1.968750000000000000e+00 5.205024990934242091e+00
9.171767809022127182e-02 2.151270969520740432e-03 7.691176470588235503e+00 2.085037941619548008e+01
9.840741527280037759e-02 1.879523288412654567e-03 1.994999999999999929e+01 4.825536239631819768e+01
1.046713563714864598e-01 1.717715818177843919e-03 4.421999999999999886e+01 8.482131807511601096e+01
1.108696467093386595e-01 1.978629817275711061e-03 6.911320754716980730e+01 1.153941918327000025e+02
1.174911181025048434e-01 2.151142134119994175e-03 9.357377049180327333e+01 1.419339774824483982e+02
1.240901985761322518e-01 1.682567093931450772e-03 1.341399999999999864e+02 1.773459985452166734e+02
1.302695169190241364e-01 1.981638030988197227e-03 1.482372881355932179e+02 1.936968151280495078e+02
1.366843399328758479e-01 1.885635125754002352e-03 1.851428571428571388e+02 2.230890277125127454e+02
1.431380625310322841e-01 2.037281709542672608e-03 2.063387096774193594e+02 2.360036298861923569e+02
1.497407916800755912e-01 2.013243134106564892e-03 2.341428571428571388e+02 2.609738738107540712e+02
1.560440161600273323e-01 1.800320108738214832e-03 2.584210526315789593e+02 2.812103013944220038e+02
1.626324968867556287e-01 2.166758397174068339e-03 2.838378378378378102e+02 2.912141844790228333e+02
1.693678508908615654e-01 1.711853084056604935e-03 3.020166666666666515e+02 3.132323152762711516e+02
1.755753172360756398e-01 1.940749690505284321e-03 3.282753623188405641e+02 3.158058944176950149e+02
1.819629297477835528e-01 1.792019476258344991e-03 3.436923076923076792e+02 3.332238226422765592e+02
1.883474920212158954e-01 1.982820530303366913e-03 3.529861111111110858e+02 3.457781476495808306e+02
1.949500334927739553e-01 1.985593967279970003e-03 3.825333333333333599e+02 3.493559636435783773e+02
2.014306324154557237e-01 1.750557958225071797e-03 3.935362318840579974e+02 3.627240476169131966e+02
2.076332073357673447e-01 1.865361520913360683e-03 4.220540540540540633e+02 3.641923281216580222e+02
2.140129245322099916e-01 1.882829286684015863e-03 4.210799999999999841e+02 3.767091291699737212e+02
2.204163405633874917e-01 1.951475208267544961e-03 4.512948717948717672e+02 3.763295663006800282e+02
2.268599176829277919e-01 1.954094669929957399e-03 4.503125000000000000e+02 3.854529073051597265e+02
2.335135695299082048e-01 1.986313139076756155e-03 4.574235294117647186e+02 3.903921132350454286e+02
2.400224779461884173e-01 1.823737618079871109e-03 4.810249999999999773e+02 3.903171302767789257e+02
2.464005577519743639e-01 1.894426896505377799e-03 4.935764705882352814e+02 3.909715549967912693e+02
2.528350385827773383e-01 1.829527638271931031e-03 5.053809523809524080e+02 3.952920437937264069e+02
2.590859102888302123e-01 1.817056121189442432e-03 5.091071428571428328e+02 3.990846542082140900e+02
2.654612130450557106e-01 1.918447197659697845e-03 5.141011235955056691e+02 4.017532390255764767e+02
2.718942366720529247e-01 1.942478483450333455e-03 5.382747252747252560e+02 3.912060866988871908e+02
2.784185743669774227e-01 1.921358219378808702e-03 5.378279569892473546e+02 3.864596833187745801e+02
2.849156375412667530e-01 1.882334819595186037e-03 5.802021276595744439e+02 3.592792927944410053e+02
2.911870294677750826e-01 1.766712284927822799e-03 5.887752808988764173e+02 3.395750530285067725e+02
2.976511517037133681e-01 2.019527329980297554e-03 6.267475728155339993e+02 3.106091132088818085e+02
3.043178155919494809e-01 1.919359421117726450e-03 6.379500000000000455e+02 2.903905422013602902e+02
3.108074081907638564e-01 1.815555258398614735e-03 6.628673469387755404e+02 2.741806372920764829e+02
3.170970610330232087e-01 1.826000353424227750e-03 6.736161616161616621e+02 2.625070471454827725e+02
3.235319739834495723e-01 1.908097576542081529e-03 6.770000000000000000e+02 2.522310165588001212e+02
3.300700059726238145e-01 1.867687188749142220e-03 7.005943396226415416e+02 2.363940616161720243e+02
3.365262003550894554e-01 1.808122422876843900e-03 6.989523809523809632e+02 2.302361047828472920e+02
3.429039324965278412e-01 1.810371451943152679e-03 7.182169811320754889e+02 2.194033983159677632e+02
3.492243179790229801e-01 1.835371710213073819e-03 7.263055555555555429e+02 2.119669615726797645e+02
3.555659880086458058e-01 1.813249007222180170e-03 7.325555555555555429e+02 2.035390403497620184e+02
3.620245372922214488e-01 1.918012235727336494e-03 7.435982905982906459e+02 1.910818439663454456e+02
3.685406119477664388e-01 1.798147481859587110e-03 7.446306306306306624e+02 1.849456332700073062e+02
3.750909242308860247e-01 1.967614233492519498e-03 7.627822580645160997e+02 1.741469509060825658e+02
3.816999037813160189e-01 1.752662604176019427e-03 7.607043478260869733e+02 1.657206830830487547e+02
3.880273799716012495e-01 1.749306826939258557e-03 7.622672413793103487e+02 1.568395562448821750e+02
3.942361145945514900e-01 1.745527907058957431e-03 7.625258620689654663e+02 1.488505802600629409e+02
4.006128291384035145e-01 1.852638254231622501e-03 7.686097560975609895e+02 1.391682574676259776e+02
4.070503578694664726e-01 1.848743254130127446e-03 7.731693548387096371e+02 1.337025650857525250e+02
4.135933781829447264e-01 1.871256654943844995e-03 7.750930232558139323e+02 1.288603587911518389e+02
4.202179442533061082e-01 1.832712641984981681e-03 7.833538461538461206e+02 1.213731397519831603e+02
4.266798115557093873e-01 1.759393680741872749e-03 7.861259842519684753e+02 1.145339103324130718e+02
4.330910535146235696e-01 1.771858374752960505e-03 7.880384615384615472e+02 1.083777172014562353e+02
4.395078467689783608e-01 1.772659720438770270e-03 7.867651515151515014e+02 1.029907499836052693e+02
4.457793319829173595e-01 1.654526338047628432e-03 7.803120000000000118e+02 9.828803158065584000e+01
4.521562795609589402e-01 1.887763445894669913e-03 7.842323943661971271e+02 9.111289867793108499e+01
4.587656575942579140e-01 1.769717907920350091e-03 7.757299270072992385e+02 8.663644726298737453e+01
4.652405449529313231e-01 1.746242423612376143e-03 7.722661870503596901e+02 8.285157992989057618e+01
4.716282944699034529e-01 1.704407088516023735e-03 7.656642335766423457e+02 7.848670067165464559e+01
4.780637153179891352e-01 1.798647074538550902e-03 7.600208333333333712e+02 7.307515909879919036e+01
4.844976548260259142e-01 1.723433333189145671e-03 7.550492957746479306e+02 6.951875338359803891e+01
4.908596034113225648e-01 1.665744062354685903e-03 7.479361702127660010e+02 6.660928532497891297e+01
4.972011979785150859e-01 1.734256865849588200e-03 7.472876712328767326e+02 6.438227046213313542e+01
5.036178995103413047e-01 1.747915368961153139e-03 7.394797297297296836e+02 6.036535267441256991e+01
5.101756467004687767e-01 1.800451491856020327e-03 7.374774193548387302e+02 5.679880441648889899e+01
5.166235656727934389e-01 1.648057805296297825e-03 7.357346938775509670e+02 5.214568731752435582e+01
5.229884928033705638e-01 1.714260039451578075e-03 7.347631578947368780e+02 4.940822412112505191e+01
5.293925748937229336e-01 1.756900675637705763e-03 7.301987179487178992e+02 4.833928158324470559e+01
5.357749724968067229e-01 1.647361260156582873e-03 7.234437086092715390e+02 4.603358371178143926e+01
5.422269581426349960e-01 1.797131621318817348e-03 7.194756097560975832e+02 4.374513060349635651e+01
5.488258977193463117e-01 1.752106618123457169e-03 7.145341614906832319e+02 4.087692452006639598e+01
5.552607346015674405e-01 1.711536068502800701e-03 7.121499999999999773e+02 3.979372987670294748e+01
5.616696921416424182e-01 1.713298320607429745e-03 7.083190184049079789e+02 3.989447199903641206e+01
5.680596363279470928e-01 1.671719726027721563e-03 7.036062500000000455e+02 3.905843378836381419e+01
5.744116486855085357e-01 1.773350792090137981e-03 6.983869047619048160e+02 3.600018502723930425e+01
5.808465417437830292e-01 1.706594120505047427e-03 6.934666666666666970e+02 3.407554293423108760e+01
5.872915480827241019e-01 1.773275249674210931e-03 6.920173410404623837e+02 3.298002244466185573e+01
5.936297343998458986e-01 1.608871723183330060e-03 6.883827160493826796e+02 3.223167048460751261e+01
6.000917821228005655e-01 1.852508397134843563e-03 6.859450549450549488e+02 2.993100083547428980e+01
6.066068710033430955e-01 1.719733697199352486e-03 6.816900584795321265e+02 2.941697238128450564e+01
6.129319261090041548e-01 1.700305612135823196e-03 6.790116279069767415e+02 2.889203925644380888e+01
6.193292159447265632e-01 1.792945791870086646e-03 6.748944444444443889e+02 2.810831123518144281e+01
6.257789288608107681e-01 1.769335618302108433e-03 6.711299435028248581e+02 2.701946789706131469e+01
6.322945183878984077e-01 1.883051681004075783e-03 6.681534391534391943e+02 2.505007722149105476e+01
6.387697914265673127e-01 1.734308686986089703e-03 6.641704545454545041e+02 2.521713171479832383e+01
6.450797878865883739e-01 1.812617312363664322e-03 6.608315217391303804e+02 2.536779547495168785e+01
6.514777522098027518e-01 1.807195130708317372e-03 6.568216216216216026e+02 2.572220989362191901e+01
6.579453254174412180e-01 1.840076954070700866e-03 6.530529100529100788e+02 2.632424233367268229e+01
6.642487788958216788e-01 1.761967380250493336e-03 6.469340659340659840e+02 2.648347430574362704e+01
6.707545140871414846e-01 1.952870522822350513e-03 6.433049999999999500e+02 2.581120880547829444e+01
6.772291234912055646e-01 1.844192786587162299e-03 6.390899470899471453e+02 2.800591026498091196e+01
6.834443396870620857e-01 1.745041746211572261e-03 6.342391304347826235e+02 3.062906737775412580e+01
6.899300657465672337e-01 1.988575045799213618e-03 6.316763285024154584e+02 3.116288749761805121e+01
6.965346490814943170e-01 1.967867873463197050e-03 6.263919597989950034e+02 3.105755874587787346e+01
7.030970487636396538e-01 2.020648629947002003e-03 6.239077669902912930e+02 3.154909530035531873e+01
7.095716427219228573e-01 1.946516927103622520e-03 6.205454545454545041e+02 3.483798260720011086e+01
7.160970279381224657e-01 2.044543341153194464e-03 6.161142857142857565e+02 3.610535980713557791e+01
7.226116891734091219e-01 2.004959656352403585e-03 6.108926829268292522e+02 3.476236622972250956e+01
7.291288619178314390e-01 2.011427705279334160e-03 6.065285714285714675e+02 3.681542489506377080e+01
7.356079106374427967e-01 1.973711099579897668e-03 6.032884615384615472e+02 3.480370647599843892e+01
7.419803430714648762e-01 1.939746738906150680e-03 5.989756097560975832e+02 3.758644369388832729e+01
7.484516812817442188e-01 2.022257641999446187e-03 5.969909090909090992e+02 3.513150442702084320e+01
7.549512183205485671e-01 1.898119824350936232e-03 5.921778846153846416e+02 3.905534757003921698e+01
7.613853957290165342e-01 1.973382858640895885e-03 5.902818181818181529e+02 3.604799887844671247e+01
7.678481984516135617e-01 1.903941598965435333e-03 5.851674418604651464e+02 3.768912862406505582e+01
7.743372045322526320e-01 1.915374251326664194e-03 5.833288288288288186e+02 3.592273517372836977e+01
7.807807857039134047e-01 1.872160005679921477e-03 5.791972477064219902e+02 3.680145811308597814e+01
7.871827117013717734e-01 1.874571936203420349e-03 5.758733031674207723e+02 3.802608807941962255e+01
7.935705088346153291e-01 1.846468364235832015e-03 5.724887892376681293e+02 3.926158169432939360e+01
7.999497029225959288e-01 1.794315080242126848e-03 5.695388127853881315e+02 3.972634466886374582e+01
8.063895263538338742e-01 1.919941342275102670e-03 5.678601694915254257e+02 3.770515889727980152e+01
8.129038415374738591e-01 1.785391972586650427e-03 5.635066666666666606e+02 3.752331107557106549e+01
8.193543447618309994e-01 1.828478467253065801e-03 5.595659574468085111e+02 3.727649956268559350e+01
8.257450256705209934e-01 1.731942097964038994e-03 5.547410714285714448e+02 3.823118837218494548e+01
8.321389716972604766e-01 1.845140229989535984e-03 5.520416666666666288e+02 3.714496517026231004e+01
8.386208936931099922e-01 1.751195931903918061e-03 5.475470085470085451e+02 3.768524218135292614e+01
8.449970631363269424e-01 1.723661030767332288e-03 5.436896551724138362e+02 3.786155274128326909e+01
8.513046230100612677e-01 1.773741526074865430e-03 5.396512605042016730e+02 3.706329504836042332e+01
8.578256185292513214e-01 1.822821089358022794e-03 5.357854251012146278e+02 3.695699508414689660e+01
8.643009097266359797e-01 1.747841479780405487e-03 5.325975103734440381e+02 3.753474495593441418e+01
8.706520843132705689e-01 1.718512007701664341e-03 5.283949579831933079e+02 3.727894334954611111e+01
8.770655084888429043e-01 1.823306464836067656e-03 5.247075098814228795e+02 3.766248399346137177e+01
8.835379301005906738e-01 1.720994191554163586e-03 5.210493827160494220e+02 3.839519735860552885e+01
8.899818591232092624e-01 1.816014583941305376e-03 5.221921568627451506e+02 3.950575914682583090e+01
8.963154830142930907e-01 1.686559403020368615e-03 5.218583333333333485e+02 4.178072929327320395e+01
9.027402481510985455e-01 1.849914512401526186e-03 5.233549618320611216e+02 4.263914552333025654e+01
9.092741475074460622e-01 1.818523953956779297e-03 5.187843137254901649e+02 4.080138029040757885e+01
9.156513574886713247e-01 1.799905876070713017e-03 5.139603174603174693e+02 3.944292458187755557e+01
9.219738414041327434e-01 1.816254378221876130e-03 5.089179687500000000e+02 3.772558167794704076e+01
9.284093843578240524e-01 1.864548344913183461e-03 5.037846153846153925e+02 3.693954120102213778e+01
9.348720171621091035e-01 1.939851900461452830e-03 4.986966292134831633e+02 3.594248024448909717e+01
9.413551784733346084e-01 1.927152036582965508e-03 4.932824427480916256e+02 3.655532154320955129e+01
9.478756351150825488e-01 2.022964964773094239e-03 4.908514492753623131e+02 3.734376928752470803e+01
9.544794314844599059e-01 1.995588314593873917e-03 4.893505535055350606e+02 3.708159189484243967e+01
9.609640598131067302e-01 1.976081289299603128e-03 4.920625000000000000e+02 3.742934520336871884e+01
9.673540511875814429e-01 1.900963898517757681e-03 4.980492424242424363e+02 3.503582631171059347e+01
9.738764300010358532e-01 2.020370959177093719e-03 5.259201388888889142e+02 4.218770404614578240e+01
9.803887395962943563e-01 1.868024915732807104e-03 5.963970037453183295e+02 8.901626991392384980e+01
9.867609507399704993e-01 1.907798179635916648e-03 7.346344086021505291e+02 1.568981056934748608e+02
9.931792738827067701e-01 1.861169570246367679e-03 9.298690909090909145e+02 1.986339452484360208e+02
9.997024529712079666e-01 1.929714342920701943e-03 1.122619863013698705e+03 2.269662293437633025e+02
1.006152710574202525e+00 1.760100644785859590e-03 1.253025735294117567e+03 2.934741310725364656e+02
1.012546487448541255e+00 1.858180627704414780e-03 1.273851211072664455e+03 3.394317073012022092e+02
1.018988798098918291e+00 1.803978976354649174e-03 1.220926056338028275e+03 3.530935536826628436e+02
1.025394048634321598e+00 1.775790568352827222e-03 1.122347368421052579e+03 3.411696956878950573e+02
1.031778999059903112e+00 1.783042104657854955e-03 9.807024221453286827e+02 3.034626414859017132e+02
1.038243195035333466e+00 1.800042721148124251e-03 8.103822525597269077e+02 2.450256625827498738e+02
1.044593270705168830e+00 1.728638088187854378e-03 6.375454545454545041e+02 1.532023486480472343e+02
1.051019473275584426e+00 1.807666001326826760e-03 5.263277591973244398e+02 7.798735441953003544e+01
1.057452118334604840e+00 1.764796907398143069e-03 4.767762711864406810e+02 4.246969049503469051e+01
1.063812741872586898e+00 1.735604614353873946e-03 4.572089041095890138e+02 3.487705734852856665e+01
1.070275566257694377e+00 1.860876787998901613e-03 4.510612903225806463e+02 3.356865361796932490e+01
1.076675486865225739e+00 1.737707282280460301e-03 4.456288659793814304e+02 3.377739674036249795e+01
1.083000003099001241e+00 1.811785629637566912e-03 4.438026315789473415e+02 3.377255389318586509e+01
1.089457558406981885e+00 1.875700427842611059e-03 4.397727272727272521e+02 3.313832989017809894e+01
1.095857128634095679e+00 1.865882195591197666e-03 4.384901315789473415e+02 3.370013179959759952e+01
1.102286980210992473e+00 1.937596539280167377e-03 4.343514376996805026e+02 3.487740708382041532e+01
1.108924588094037933e+00 2.035521144429528872e-03 4.336890243902439011e+02 3.612976145986762333e+01
1.115518250266801070e+00 1.963453062553008333e-03 4.309778481012658062e+02 3.787495343126226999e+01
1.121980766162010701e+00 1.920251373127695831e-03 4.296305732484076430e+02 3.603301640057032529e+01
1.128426312748922689e+00 1.950613960551148517e-03 4.278850931677018821e+02 3.433144229783543722e+01
1.134959239864979930e+00 1.915365560061970144e-03 4.273169230769231035e+02 3.477521990622960146e+01
1.141388067807542761e+00 1.819889318180962796e-03 4.257968253968253975e+02 3.515628570097008065e+01
1.147829738822878420e+00 1.877407927217479219e-03 4.258510638297872219e+02 3.502294311811876781e+01
1.154234759887723172e+00 1.796226287448233561e-03 4.241912225705329433e+02 3.574094912045035244e+01
1.160592008141087206e+00 1.784421184300352767e-03 4.239256965944272224e+02 3.598202778146087866e+01
1.167026991042843242e+00 1.836276795008287468e-03 4.224597014925373060e+02 3.600164447618991659e+01
1.173494023876834547e+00 1.758155136545365687e-03 4.205015290519877453e+02 3.655803692076587197e+01
1.179808164649816637e+00 1.732605827553653768e-03 4.102123076923077178e+02 4.779219643662224115e+01
1.186220583891021807e+00 1.881017850291822648e-03 4.162958199356913269e+02 4.151051005432944407e+01
1.192681073817049464e+00 1.793318889751105601e-03 4.150000000000000000e+02 4.184779481686558711e+01
1.199065629744253458e+00 1.797529783280079436e-03 4.150528169014084483e+02 4.289067582128158307e+01
1.205502001077074059e+00 1.899328588103967692e-03 4.160376712328767326e+02 4.337415362909079164e+01
1.211991242640565014e+00 1.826306843735066819e-03 4.164275362318840621e+02 4.401605348862271683e+01
1.218362901235649165e+00 1.888953249129523074e-03 4.163525179856114846e+02 4.444816744308122480e+01
1.224837827500277143e+00 1.938626244914326818e-03 4.126762589928057423e+02 4.667488732028127885e+01
1.231306496939841066e+00 1.935692192720165272e-03 4.103804347826086882e+02 5.115235253145455374e+01
1.237900180047003751e+00 1.954996484647400414e-03 4.112508960573476884e+02 4.965673163864504858e+01
1.244387829439413284e+00 1.881879514088832415e-03 4.118955223880597032e+02 4.729310677380067318e+01
1.250735832344970877e+00 1.818331757808236372e-03 4.104689922480620226e+02 4.755073671085535381e+01
1.257083335292831006e+00 1.905720956169173206e-03 4.114095940959409745e+02 4.705327688764211302e+01
1.263603115287416090e+00 1.841854869392088893e-03 4.107916666666666856e+02 4.780184530058871673e+01
1.270020777910819465e+00 1.832011672431217405e-03 4.122243346007604714e+02 4.791127686593780055e+01
1.276488051741652807e+00 1.832185980768075541e-03 4.113764258555133324e+02 4.858770089043211016e+01
1.282839323063532211e+00 1.758750693263018286e-03 4.112716535433070817e+02 4.937489270631440519e+01
1.289363492023574365e+00 1.805471412487298991e-03 4.022592592592592382e+02 5.514600444013542813e+01
1.295761563244195891e+00 1.749310907134910172e-03 4.084765100671140772e+02 5.111707880187110931e+01
1.302096506369333051e+00 1.727886103868702576e-03 4.112325581395348877e+02 5.030131645233995386e+01
1.308490604613926855e+00 1.841981469325142248e-03 4.117507788161993858e+02 4.952024706542677990e+01
1.314923371882378955e+00 1.783204890748409099e-03 4.122315112540192672e+02 4.913383398560799975e+01
1.321263162947042602e+00 1.883891353746835161e-03 4.128611111111110858e+02 4.870779626517300898e+01
1.327809252188654421e+00 1.990407611744629372e-03 4.114881656804734007e+02 5.086820017882628520e+01
1.334395055816720577e+00 2.005908808147741692e-03 4.114340175953079211e+02 5.290059286579645459e+01
1.340924575314278222e+00 1.937181998292608577e-03 4.140119402985074544e+02 5.026924415581883210e+01
1.347326738882997477e+00 1.911240937813023883e-03 4.149526627218934891e+02 4.793882304798123783e+01
1.353867248119903444e+00 1.925349651844857632e-03 4.154419263456090903e+02 4.796045648707706022e+01
1.360292180733798650e+00 1.777880213384871099e-03 4.159071856287425248e+02 4.936149284481398780e+01
1.366716033276369036e+00 1.860440026654835337e-03 4.170448179271708682e+02 4.836405845777689194e+01
1.373134056949086190e+00 1.747663592607761902e-03 4.185643274853800904e+02 4.938536401325455927e+01
1.379508641949547476e+00 1.787974598008121871e-03 4.191999999999999886e+02 4.851368327378093426e+01
1.385849874457594222e+00 1.730044418412237826e-03 4.217146974063400648e+02 4.937746367079728316e+01
1.392210228535155858e+00 1.777760908321846531e-03 4.268666666666666742e+02 4.967926201217238003e+01
1.398630460992727143e+00 1.793834584281517276e-03 4.361250000000000000e+02 5.070430345531717364e+01
1.405027543482165298e+00 1.820682476180417696e-03 4.500440771349862530e+02 5.115878535624798218e+01
1.411380623846245186e+00 1.844474811107960554e-03 4.624361111111111313e+02 5.305450464346041173e+01
1.418011585217980208e+00 2.061904995500850411e-03 4.687655860349127011e+02 6.114527753042429481e+01
1.424633236002852632e+00 1.911062399977238009e-03 4.746967213114754145e+02 6.174617602342738820e+01
1.431027237377290762e+00 1.930893372260762729e-03 4.775224274406332370e+02 5.748075464996787076e+01
1.437551415863808524e+00 1.925262037142165712e-03 4.754233766233766119e+02 5.869098944066890766e+01
1.443999660086549230e+00 1.834928749309971486e-03 4.716100795755968420e+02 5.803925525540986996e+01
1.450408168300875378e+00 1.822080046480867126e-03 4.685104712041884909e+02 5.730208297764515635e+01
1.456762351763572827e+00 1.768742008520618686e-03 4.648078947368421154e+02 5.812802984090889424e+01
1.463211358413713192e+00 1.810126088705470279e-03 4.593290816326530717e+02 5.863184770396696166e+01
1.469593255354290973e+00 1.758193336020684059e-03 4.489921875000000000e+02 5.831487733520316397e+01
1.475950724204827313e+00 1.769305199294179780e-03 4.389715762273901873e+02 5.642313513155959726e+01
1.482355977374464340e+00 1.855140322631434503e-03 4.346800000000000068e+02 5.457022356560397469e+01
1.488803525874331735e+00 1.854999873494519958e-03 4.325012722646310408e+02 5.383186411869809262e+01
1.495319592526707764e+00 2.003828109077177445e-03 4.290669856459330163e+02 6.127924926824193363e+01
1.501939691759246465e+00 1.957822028991581826e-03 4.314184914841849263e+02 5.852388282750307980e+01
1.508463382234335848e+00 1.918938912685786129e-03 4.339559902200488750e+02 5.561879429000848774e+01
1.514901188746566207e+00 1.852902137227367511e-03 4.341822660098522420e+02 5.606814763100015142e+01
1.521228969867623793e+00 1.785136608190808364e-03 4.348589420654911919e+02 5.623204353072761563e+01
1.527563647216529041e+00 1.824993124647320475e-03 4.370288461538461320e+02 5.681821304295807096e+01
1.534022576503679458e+00 1.781774817406586286e-03 4.375291262135922352e+02 5.732733000975795790e+01
1.540418711468126034e+00 1.792491139398408621e-03 4.381531100478468943e+02 5.801864809245422805e+01
1.546838712332167631e+00 1.778278829154705072e-03 4.374578313253011856e+02 5.893673287210101819e+01
1.553238623106807825e+00 1.840983848395847744e-03 4.388797169811320487e+02 5.965260565571762896e+01
1.559673935783696619e+00 1.867161364404805587e-03 4.394750593824227849e+02 5.994939400268817309e+01
1.566161367499480317e+00 1.987417225671155377e-03 4.344376417233560232e+02 6.961163684075233959e+01
1.572795191923813007e+00 1.975399758409353626e-03 4.398988764044943878e+02 6.083435509855877399e+01
1.579229625961506400e+00 1.828964939238766603e-03 4.400961538461538680e+02 6.050147506943051923e+01
1.585615098485775532e+00 1.901195136705323549e-03 4.418946188340807453e+02 5.923336726493507598e+01
1.592069020803266399e+00 1.783565421147388207e-03 4.407347417840375670e+02 6.061313792887974472e+01
1.598398624204083740e+00 1.798472010651884717e-03 4.417899543378995304e+02 6.017103601218371267e+01
1.604843375939136507e+00 1.797152056805669104e-03 4.416674208144796125e+02 6.100485438514925107e+01
1.611212339410225569e+00 1.768878106258207515e-03 4.427637614678899354e+02 6.182001530027540070e+01
1.617590363377642504e+00 1.818287623560442892e-03 4.432831460674157142e+02 6.244972102098648037e+01
1.623974015669422899e+00 1.854816384487833732e-03 4.445575620767494343e+02 6.336375760771744581e+01
1.630543485616582799e+00 2.014479720267581264e-03 4.401820083682008544e+02 7.288159347839817315e+01
1.637155364196844820e+00 1.921442116166700376e-03 4.487555066079295329e+02 6.682343453094287611e+01
1.643640215828007012e+00 1.916406123937146409e-03 4.582145922746781252e+02 6.566749961034524574e+01
1.650095370295723063e+00 1.808845151496338592e-03 4.735723830734966668e+02 6.959897008449361522e+01
1.656466136267144007e+00 1.835556712886826517e-03 4.880967741935484128e+02 7.317245415573461287e+01
1.662921359457136594e+00 1.784847929403802829e-03 4.994836601307189312e+02 7.732600978269273639e+01
1.669278115879615276e+00 1.787810489320909016e-03 5.050064935064934843e+02 7.972686038131614339e+01
1.675603147458916142e+00 1.759339208401217896e-03 5.053311258278145601e+02 8.118849055345236820e+01
1.681944817773278311e+00 1.879012939346250957e-03 5.034472573839662459e+02 7.989461186888193822e+01
1.688494896982127180e+00 1.961244959671172398e-03 4.921810699588477291e+02 9.020438893852559659e+01
1.695047655103924189e+00 1.958531043791479891e-03 4.910041152263374329e+02 8.075256873801352242e+01
1.701563412030947964e+00 1.893890162085724253e-03 4.872609603340292210e+02 7.729535093007942237e+01
1.707975620325744792e+00 1.846204685496802061e-03 4.905887265135699522e+02 7.478367644569374306e+01
1.714377380249353600e+00 1.797036493929945892e-03 4.952092050209204785e+02 7.378928339919555413e+01
1.720768292737840266e+00 1.799184406037973973e-03 4.999484536082474051e+02 7.103133706284643267e+01
1.727152534628709324e+00 1.771490888047008889e-03 4.997494780793319364e+02 6.978956868605354202e+01
1.733526494930327289e+00 1.835615179227028260e-03 5.005010183299389155e+02 6.871629520795080737e+01
1.739975521513371870e+00 1.888347845677861795e-03 4.971930894308943039e+02 7.218483289999215913e+01
1.746497876640803248e+00 1.988580869552720402e-03 4.935775193798449436e+02 7.764600496299560461e+01
1.753090192095328348e+00 1.909790863647236811e-03 4.930836653386454032e+02 6.865270833692034103e+01
1.759542915568929722e+00 1.863330342728648260e-03 4.873864541832669488e+02 6.851606398930772457e+01
1.765978610475646082e+00 1.805054295706254351e-03 4.792040000000000077e+02 6.801541584082244185e+01
1.772332663329672986e+00 1.770928694831684115e-03 4.742520161290322562e+02 6.708924830331032751e+01
1.778664509689639184e+00 1.781133477909586536e-03 4.719920159680638676e+02 6.634675678499969820e+01
1.785069366740120511e+00 1.834600355293997381e-03 4.683378906250000000e+02 6.678821592723647882e+01
1.791506168727699633e+00 1.878728357369653049e-03 4.544980392156862763e+02 7.257628840998602016e+01
1.798039063906349488e+00 1.995486375923071192e-03 4.384814814814814667e+02 7.381954092766304143e+01
1.804647924016717919e+00 1.913848319004299433e-03 4.294693486590038560e+02 6.435124935045155325e+01
1.811089958053599736e+00 1.862622323854617795e-03 4.247681992337164729e+02 6.237956550151717039e+01
1.817521720439822408e+00 1.798364348704032875e-03 4.215386100386100452e+02 6.219269262730232839e+01
1.823812670535420288e+00 1.750448090683544159e-03 4.211156862745098124e+02 6.215021792898044595e+01
1.830221642949216854e+00 1.837728497302317443e-03 4.190931098696461845e+02 6.114299930716782683e+01
1.836582905300079060e+00 1.780128382536366044e-03 4.169058823529411484e+02 6.170792030130607486e+01
1.843061797820461534e+00 1.986079127245108083e-03 4.115772646536411798e+02 6.929645130782884621e+01
1.849632829275571488e+00 1.888944039210000737e-03 4.122894736842105203e+02 6.388402483257346631e+01
1.856090187264436642e+00 1.913060858845453587e-03 4.123309090909090742e+02 6.153119098849631285e+01
1.862531947297203283e+00 1.788974026913770074e-03 4.104075471698113233e+02 6.116652767832720627e+01
1.868931787959941415e+00 1.835149539700427039e-03 4.088524590163934249e+02 6.018465667560893451e+01
1.875342409945594868e+00 1.782793697721218873e-03 4.069273743016759681e+02 6.128732427889489287e+01
1.881685992375486283e+00 1.813583446463527945e-03 4.057767527675276824e+02 6.034598529032275138e+01
1.888176611507502489e+00 1.945205006648250507e-03 4.013527336860670403e+02 6.761777635360485306e+01
1.894684395670122701e+00 1.921537496908314263e-03 4.009821109123434439e+02 6.419233737367405013e+01
1.901176782548104516e+00 1.886986723452953362e-03 4.001103202846975364e+02 6.058259957223651782e+01
1.907561981128558237e+00 1.795440373499332084e-03 3.979306569343065689e+02 6.014136776043331878e+01
1.913985041606118376e+00 1.828239138046576940e-03 3.964052631578947512e+02 5.991455596614648016e+01
1.920403381422240097e+00 1.786024996940504313e-03 3.949076086956521863e+02 6.002377541701212493e+01
1.926716413297410169e+00 1.834639747803229817e-03 3.931316725978647924e+02 5.959527477597034562e+01
1.933271554332125497e+00 1.965820526812752777e-03 3.879074074074073906e+02 6.908251318267430463e+01
1.939792573083097382e+00 1.907526115978609412e-03 3.916457242582897038e+02 6.072233500243384441e+01
1.946288570836251841e+00 1.883695634446648113e-03 3.912879045996592708e+02 5.923601671590272844e+01
1.952655684029843908e+00 1.737190040939992066e-03 3.901030741410488076e+02 5.961672683965739594e+01
1.958969978021109171e+00 1.827434973414125523e-03 3.942935153583617875e+02 5.533327213263245881e+01
1.965496063115082181e+00 1.854230162972571750e-03 4.037280405405405190e+02 4.841544842536314519e+01
1.971963975922738088e+00 1.884120710564727479e-03 4.215667808219178028e+02 4.441497499703916674e+01
1.978442510441045021e+00 1.957066319931451050e-03 4.477611202635914083e+02 5.104183320893402254e+01
1.984931097981023740e+00 1.843590323278294961e-03 4.893264957264957502e+02 5.751236159670989423e+01
1.991287308585444338e+00 1.815152065882439042e-03 5.460255536626916637e+02 7.384917917267756593e+01
1.997701973476069481e+00 1.833321787203764366e-03 6.027823920265781226e+02 9.408686235258707597e+01
2.004164133665459424e+00 1.816322146449814287e-03 6.449632721202003722e+02 1.090553010628757420e+02
2.010465304371688244e+00 1.793999045974344238e-03 6.645840554592721219e+02 1.223204782780859290e+02
2.016906033528098163e+00 1.989616449670199121e-03 6.679420970266040740e+02 1.424528079871455475e+02
2.023555996358446407e+00 1.897180052363281293e-03 6.638996763754045105e+02 1.458636686689297051e+02
2.029968694217374470e+00 1.807083598350285245e-03 6.491822742474915913e+02 1.407842600704380231e+02
2.036339422929389187e+00 1.823287213829230622e-03 6.268330632090761583e+02 1.277380489074937486e+02
2.042808231593590484e+00 1.819045180469573350e-03 6.028327922077921812e+02 1.143577677415936336e+02
2.049121403930300289e+00 1.816823929832920258e-03 5.826939799331103131e+02 1.116080073809730067e+02
2.055546024436551544e+00 1.958593688934813937e-03 5.604598765432099299e+02 1.237209712596205975e+02
2.062179187475123410e+00 1.909374836257744399e-03 5.461015625000000000e+02 1.279740482724915580e+02
2.068587893715514436e+00 1.782255124468116103e-03 5.227054009819967177e+02 1.283158418997876140e+02
2.074943470461427353e+00 1.803325004765888358e-03 4.762044374009508942e+02 1.093243682048052534e+02
2.081348551495329602e+00 1.811685209211536278e-03 4.210767999999999915e+02 8.649342532609054501e+01
2.087807581420585645e+00 1.934124239786214495e-03 3.790000000000000000e+02 7.398094825318908363e+01
2.094354049547901386e+00 1.919763106963207067e-03 3.622239263803680842e+02 6.281872755564131694e+01
2.100814970511138302e+00 1.841726384006937703e-03 3.563238993710691602e+02 5.653503395136476684e+01
2.107147425483176129e+00 1.793021693532189254e-03 3.530977917981072665e+02 5.544865807657217971e+01
2.113573117004156288e+00 1.831442330790634650e-03 3.507694656488549754e+02 5.464551913463797206e+01
2.119956773712852627e+00 1.806996690666118864e-03 3.484604430379746987e+02 5.498810963990805334e+01
2.126392549358501416e+00 1.961143276791299343e-03 3.438529411764706083e+02 6.330687569593545305e+01
2.133022499541108896e+00 1.914261261225060897e-03 3.455236686390532554e+02 5.492038542438803717e+01
2.139480964562213483e+00 1.786119367506160778e-03 3.431395348837209553e+02 5.478194379998228669e+01
2.145796782645738254e+00 1.799418587043424183e-03 3.425137614678899354e+02 5.397062699136790798e+01
2.152165366120878165e+00 1.825425695775702338e-03 3.421651515151515355e+02 5.312268766641594908e+01
2.158655754564665852e+00 1.929951649106770133e-03 3.410479651162790447e+02 5.996331806404984377e+01
2.165204964825616862e+00 1.913631523374921799e-03 3.466725146198830316e+02 5.222787054514588334e+01
2.171687233764930003e+00 1.836559742283269984e-03 3.475081481481481660e+02 5.066766392780740347e+01
2.178057454997971210e+00 1.770075738143539208e-03 3.469199395770392584e+02 5.053131117404850414e+01
2.184381886656512783e+00 1.819268068842387707e-03 3.468736998514115726e+02 5.042419078798303644e+01
2.190889596552291430e+00 1.941484629964972597e-03 3.443413258110014112e+02 5.683174558942609877e+01
2.197415493733709368e+00 1.880394352234131695e-03 3.485224963715529611e+02 4.923458293174044798e+01
2.203858495652105454e+00 1.844129167940211774e-03 3.543212735166425205e+02 4.426160551699243939e+01
2.210218428929338064e+00 1.776952575370011446e-03 3.673594674556213135e+02 3.909143826561221147e+01
2.216548686487991304e+00 1.820372229284925253e-03 3.909216255442670445e+02 3.712374258190138931e+01
2.223054582631938558e+00 1.937499342758612587e-03 4.253729281767955968e+02 4.694358142983099924e+01
2.229555406010463425e+00 1.871681269043944497e-03 4.730200286123032924e+02 5.077985164217400182e+01
2.236023148886606471e+00 1.876509468722661325e-03 5.114937413073713515e+02 6.093678997249414664e+01
2.242466908337517939e+00 1.781536512235300631e-03 5.358791366906474423e+02 6.922254515491869142e+01
2.248784053696174290e+00 1.815619011182786555e-03 5.447589670014347121e+02 7.777929509340539482e+01
2.255261034229438355e+00 1.958337742873136802e-03 5.430375838926174765e+02 9.185088576100071123e+01
2.261752977112598817e+00 1.833135357339661826e-03 5.408910891089109327e+02 9.264211915644536077e+01
2.268193030407839927e+00 1.856919733580766289e-03 5.293328785811733042e+02 9.400477557826964414e+01
2.274620661936892052e+00 1.792548502283534354e-03 5.134795486600846743e+02 9.200926267993799001e+01
2.281045196159239286e+00 1.907452264699439036e-03 4.906054054054054063e+02 8.950596676308403232e+01
2.287566856146262317e+00 1.925687837049752790e-03 4.730681818181818130e+02 8.302821979281513620e+01
2.294017676381079784e+00 1.818149611703329506e-03 4.603462603878116397e+02 7.707865340336239512e+01
2.300373896127871021e+00 1.814054264739159471e-03 4.502749658002736055e+02 8.093712415704248997e+01
2.306733295622487301e+00 1.809288305020508025e-03 4.385700549450549488e+02 8.860396976301210259e+01
2.313210233147671158e+00 1.927057466226796351e-03 4.125130208333333144e+02 9.715096702703023368e+01
2.319750633036068876e+00 1.886628064392380537e-03 3.737139072847681973e+02 8.146112645317963086e+01
2.326167810919689938e+00 1.805281422939875990e-03 3.318132611637347509e+02 6.564883866451617678e+01
2.332524891627314911e+00 1.808157875111407291e-03 3.067123655913978268e+02 5.458746998938126183e+01
2.339018828040365428e+00 1.927078730268403945e-03 2.935102564102564315e+02 5.490224912731119389e+01
2.345529090540556361e+00 1.892646505679497623e-03 2.904031413612565302e+02 5.074737549763563749e+01
2.351902562585342693e+00 1.808634088653226840e-03 2.875855614973261822e+02 4.848527961218489679e+01
2.358283426411155403e+00 1.828495513811564770e-03 2.856023468057366586e+02 4.723586849683200484e+01
2.364665150299146479e+00 1.824483169818866225e-03 2.833682119205298022e+02 4.730877864433366398e+01
2.371140522023317931e+00 1.956229962378429419e-03 2.795508684863523854e+02 5.319586642811542987e+01
2.377698484074287411e+00 1.857249505322706908e-03 2.786487179487179446e+02 4.654846381882195061e+01
2.384135550776628865e+00 1.806484998011118103e-03 2.720180645161290158e+02 4.469295629227944033e+01
2.390495270780528703e+00 1.815820546892564329e-03 2.697047353760445958e+02 4.467766182406590048e+01
2.396907059408651008e+00 1.904650256318906557e-03 2.634500683994527890e+02 4.971197998733562429e+01
2.403395490390968892e+00 1.861409897307351969e-03 2.648084507042253790e+02 4.334172692222443857e+01
2.409868588547004364e+00 1.847911660654164229e-03 2.626789772727272521e+02 4.279692612954409725e+01
2.416315494183244539e+00 1.848423108511250412e-03 2.617492753623188264e+02 4.174990018061560448e+01
2.422721222723576151e+00 1.879130934971403807e-03 2.575130813953488200e+02 4.615118915782613840e+01
2.429135064156228374e+00 1.862177758942303550e-03 2.624149560117302258e+02 3.951450200405643898e+01
2.435558328952115659e+00 1.829358714226044739e-03 2.660266272189348911e+02 3.881368687667367112e+01
2.441961929587736613e+00 1.826990787003958654e-03 2.705748502994011915e+02 3.978602634993294629e+01
2.448435267415004279e+00 1.916283866918213176e-03 2.698546511627906739e+02 4.617436177911385187e+01
2.454898310690642571e+00 1.851262751470384186e-03 2.742303030303030482e+02 4.143108963382567822e+01
2.461278332832209870e+00 1.841207405127180587e-03 2.738987915407855098e+02 4.016559600521745210e+01
2.467732767309350983e+00 1.860175811866779036e-03 2.721531531531531414e+02 4.056164499057747719e+01
2.474317234005322774e+00 1.907302378477835920e-03 2.661316165951358812e+02 4.417568034278573208e+01
2.480763678027650521e+00 1.850982492662076430e-03 2.679401947148817840e+02 4.121878206868738204e+01
2.487114426650852028e+00 1.791691956921820849e-03 2.670983146067415532e+02 4.234784754177640309e+01
2.493514277050582706e+00 1.905910091373927331e-03 2.625033025099075417e+02 4.660423531257995222e+01
2.500016016455529844e+00 1.897218154373805617e-03 2.613311603650586790e+02 4.212307689160061841e+01
2.506504299072060071e+00 1.823698874814003905e-03 2.579038208168643109e+02 4.053902108123193671e+01
2.512828968428921783e+00 1.779539787674511890e-03 2.556931359353970379e+02 4.028768899337521958e+01
2.519262120792594928e+00 1.938201810876334251e-03 2.515778331257783407e+02 4.556723527479746139e+01
2.525775074220281358e+00 1.871497825325404334e-03 2.504012738853503208e+02 4.207398700106285361e+01
2.532197693037325781e+00 1.807973308604888651e-03 2.457807692307692378e+02 4.188074173889001628e+01
2.538545427775757091e+00 1.816891897915347926e-03 2.388326898326898231e+02 4.149480255196257872e+01
2.545039371368973402e+00 1.965732421291352915e-03 2.309560570071258780e+02 4.411578280342524039e+01
2.551577586228050976e+00 1.818913119815899733e-03 2.269873737373737299e+02 3.881074354523797609e+01
2.557912035390546901e+00 1.811160408138717511e-03 2.251478696741854719e+02 3.731300409705734467e+01
2.564418003384666633e+00 1.924750488034227642e-03 2.219645808736717925e+02 4.107143691607037539e+01
2.570930014234638072e+00 1.852202887801034569e-03 2.215317073170731703e+02 3.762322368089647995e+01
2.577333690207623373e+00 1.816621428331073769e-03 2.193985330073349758e+02 3.740744857335873519e+01
2.583698900290759326e+00 1.840143410056186736e-03 2.173606356968215039e+02 3.762954759503184476e+01
2.590116643848396460e+00 1.922552353981257615e-03 2.167059509918319691e+02 4.049487637183032973e+01
2.596553429180498362e+00 1.801710981220896188e-03 2.169975728155339709e+02 3.753666480596533717e+01
2.602955615407046341e+00 1.842317350104424401e-03 2.167717647058823616e+02 3.720130443819294186e+01
2.609495359574187212e+00 1.911716238635802895e-03 2.142805017103762850e+02 4.105539374857557533e+01
2.615974071523933020e+00 1.844748521006626301e-03 2.140235294117647129e+02 3.733557762244189604e+01
2.622378270172453618e+00 1.832507040312451657e-03 2.125368421052631618e+02 3.689928011335673830e+01
2.628819659223405658e+00 1.883705983027747803e-03 2.099988505747126339e+02 4.009464374611348347e+01
2.635224897504864661e+00 1.872415782458078902e-03 2.103632183908046045e+02 3.774910497845735335e+01
2.641639659702591736e+00 1.816527212418568051e-03 2.087289504036909022e+02 3.679056396210418001e+01
2.648064596936881454e+00 1.851525790120274028e-03 2.067366020524515307e+02 3.763075859970465586e+01
2.654540339871488630e+00 1.920962172705038655e-03 2.048624862486248617e+02 3.839698651523843864e+01
2.661017435989672553e+00 1.820997431850269717e-03 2.035600000000000023e+02 3.558968004512384198e+01
2.667377750780578261e+00 1.839233884157700843e-03 2.023053348467650494e+02 3.511090213381697822e+01
2.673833255939705111e+00 1.922629864361171097e-03 1.998385698808233997e+02 3.821800931007878432e+01
2.680310332336410362e+00 1.829470795604572599e-03 1.995856662933930465e+02 3.507088138873629646e+01
2.686679530094181256e+00 1.809753184080302099e-03 1.986390134529148099e+02 3.508555209247440132e+01
2.693172569770623248e+00 1.920456143785719515e-03 1.959799154334038178e+02 3.819711585899828066e+01
2.699710169678059213e+00 1.845827250732203417e-03 1.946739367502726168e+02 3.431679631458491997e+01
2.706108723802718607e+00 1.808001129835774996e-03 1.935570321151716371e+02 3.318818402853721494e+01
2.712552861480932442e+00 1.909490143508341294e-03 1.913698630136986196e+02 3.563789537663348739e+01
2.719028861112676942e+00 1.848278151304674159e-03 1.910789189189189301e+02 3.290514324108895039e+01
2.725349625855669977e+00 1.780111837505188701e-03 1.906637069922308569e+02 3.245729315486389766e+01
2.731792001493120292e+00 1.927874637693306574e-03 1.891383196721311606e+02 3.499000830980789800e+01
2.738310186615081410e+00 1.835670255000661395e-03 1.893109691160809405e+02 3.188114421956813160e+01
2.744685257899765141e+00 1.793617037467074102e-03 1.886961206896551744e+02 3.100286767456394799e+01
2.751066800196758422e+00 1.878288467704576767e-03 1.897809224318658323e+02 3.053106116258511804e+01
2.757601512830000434e+00 1.862141664063760894e-03 1.916320441988950165e+02 2.763903282767133973e+01
2.764058068263966828e+00 1.836587841443396716e-03 1.921526195899772347e+02 2.764149149250076221e+01
2.770529172478649382e+00 1.887167826034379927e-03 1.933592342342342363e+02 2.779922716522325388e+01
2.776955143396238501e+00 1.821333560803167642e-03 1.930294811320754604e+02 2.727946071587728483e+01
2.783316304171964184e+00 1.843620978786204888e-03 1.935023584905660243e+02 2.744057682798819897e+01
2.789755116199374552e+00 1.895104686621155434e-03 1.954520231213872705e+02 2.708380722595670420e+01
2.796202065730379438e+00 1.823396814250311405e-03 1.955389221556886241e+02 2.614393654189631278e+01
2.802598215598055997e+00 1.839199823105454800e-03 1.999700598802395177e+02 2.395805270237303830e+01
2.809058618291326859e+00 1.891542357478581855e-03 2.103064327485380147e+02 2.234561121143108764e+01
2.815539484174618412e+00 1.814857361145085640e-03 2.263640776699029118e+02 2.281370151182730410e+01
2.821989463872399906e+00 1.865090624993398201e-03 2.408291517323775395e+02 2.735957735306643812e+01
2.828483713597702565e+00 1.883630524017047489e-03 2.548583333333333201e+02 3.045423967669713861e+01
2.834900904292738222e+00 1.791954038426357698e-03 2.639412500000000250e+02 3.352245851664224574e+01
2.841279989216558999e+00 1.876324795384782303e-03 2.663152173913043725e+02 3.737657697831968306e+01
2.847767858763501359e+00 1.886990809494324501e-03 2.686521739130434980e+02 3.845250031543198332e+01
2.854224446368732959e+00 1.845718501710050556e-03 2.677642679900744156e+02 3.946190447377573918e+01
2.860652227376856871e+00 1.895283512592607677e-03 2.610679611650485299e+02 4.252285596348353636e+01
2.867113210476443186e+00 1.859648482407798373e-03 2.572611386138613625e+02 4.331417520142870359e+01
2.873572830144707879e+00 1.886954548921765396e-03 2.479791154791154781e+02 4.436694521945833714e+01
2.879995266294152589e+00 1.874768549312584749e-03 2.405873605947955411e+02 4.385675932890544715e+01
2.886377499349285003e+00 1.822646243021190660e-03 2.354594936708860757e+02 4.342687237957999002e+01
2.892826601299819611e+00 1.901257081905588812e-03 2.264969623329283195e+02 4.713887137870442245e+01
2.899287209408602628e+00 1.837036175435869181e-03 2.253735849056603797e+02 4.906342216766397257e+01
2.905651471559458798e+00 1.820821310380915442e-03 2.218894536213468882e+02 5.285230640327547746e+01
2.912064357739847953e+00 1.885695667761764669e-03 2.108132678132677995e+02 5.881648499021103760e+01
2.918524733004972394e+00 1.831846772134888184e-03 2.020328697850821698e+02 5.807144100806075926e+01
2.925008101889499557e+00 1.898964803942654149e-03 1.845176613885505503e+02 5.640329712344988877e+01
2.931494571104498625e+00 1.860470468068603543e-03 1.721186650185414067e+02 5.120245965709084857e+01
2.937893251398651540e+00 1.817351826735809622e-03 1.634240903387703838e+02 4.628537958478028003e+01
2.944305546311252186e+00 1.880927000690213848e-03 1.574163658243080590e+02 4.379815525887088512e+01
2.950769139483569781e+00 1.826098071515048831e-03 1.601990171990171916e+02 4.120017589939667602e+01
2.957217893682505760e+00 1.858471812583063982e-03 1.609818401937046133e+02 4.107548872678437135e+01
2.963641657319503686e+00 1.840162297927921053e-03 1.653963190184049097e+02 4.025989776982674329e+01
2.970043842149071800e+00 1.832295957600710810e-03 1.695074257425742701e+02 4.014169616346956815e+01
2.976510225225458495e+00 1.909562939757382871e-03 1.719026128266033311e+02 4.098927959121625264e+01
2.983008757323797777e+00 1.820848808918005624e-03 1.832379182156133766e+02 4.210257077012408189e+01
2.989442833175567138e+00 1.860876473636659213e-03 1.935745454545454436e+02 4.426511370039718685e+01
2.995851322080832713e+00 1.818248084975540883e-03 2.063031055900621027e+02 4.553047365754355980e+01
3.002288071879581022e+00 1.866109072499165002e-03 2.120341047503044933e+02 4.743921142856784456e+01
3.008748785923475388e+00 1.879638502675874765e-03 2.159296969696969768e+02 4.846494330796122085e+01
3.015199648864150372e+00 1.825469582085792030e-03 2.162636815920398021e+02 4.891237930965374403e+01
3.021614952218953931e+00 1.867358907394168870e-03 2.114763636363636294e+02 5.100570693505679287e+01
3.028035269137849372e+00 1.805619228951016193e-03 2.106282853566958693e+02 5.177363878835544853e+01
3.034481983401863037e+00 1.885823396422961745e-03 2.047785800240673950e+02 5.302334745956382278e+01
3.040948636384726900e+00 1.846244746713175374e-03 2.002345679012345556e+02 5.379967032193574994e+01
3.047399548284976056e+00 1.866575050031695892e-03 1.916034271725826272e+02 5.576156963813038914e+01
3.053818065407082116e+00 1.858882463793821993e-03 1.834226044226044223e+02 5.694611495273519353e+01
3.060168791671987076e+00 1.792825745411367891e-03 1.748651399491094196e+02 5.835879382545119398e+01
3.066596020837712544e+00 1.927764682785730512e-03 1.636883886255924097e+02 6.049273128750444783e+01
3.073140751332767540e+00 1.856356834428901387e-03 1.589925834363411639e+02 6.211257123695911986e+01
3.079593295930210139e+00 1.886716362797553155e-03 1.517951515151515025e+02 6.456686621665548387e+01
3.086017154762366044e+00 1.830431539716442747e-03 1.501875000000000000e+02 6.567564295935747509e+01
3.092486513109037993e+00 1.905108961471654438e-03 1.430887290167865729e+02 6.393451125921092881e+01
3.098964516853627060e+00 1.852397442341169754e-03 1.362447466007416494e+02 5.844336090412375739e+01
3.105440922044128804e+00 1.880034527507769499e-03 1.278254545454545479e+02 5.179526936289320105e+01
3.111821301298671738e+00 1.810318297736169049e-03 1.232729559748427732e+02 4.801929697946236786e+01
3.118233335063332667e+00 1.868901341642052608e-03 1.195468940316686997e+02 4.659124600166422425e+01
3.124683867316949026e+00 1.865189586864977357e-03 1.187167277167277177e+02 4.579306586180047134e+01
3.131144652615997170e+00 1.844489775254080271e-03 1.179012345679012412e+02 4.529480933933180609e+01
3.137527951480249655e+00 1.850518740970626434e-03 1.158290282902829063e+02 4.462856221924752020e+01
3.143946084488824955e+00 1.842734159383119935e-03 1.162131350681536617e+02 4.394143271644552584e+01
3.150358822729363073e+00 1.875642417003805899e-03 1.143665048543689267e+02 4.316413810107061977e+01
3.156784286039504561e+00 1.823981601210612454e-03 1.159512500000000017e+02 4.316846432872035422e+01
3.163270120323041557e+00 1.930117905744787839e-03 1.150660377358490507e+02 4.255927287276147553e+01
3.169756141428992979e+00 1.817110211355118556e-03 1.162349246231155746e+02 4.217612783102808294e+01
3.176136715832639901e+00 1.869400486556539428e-03 1.139854545454545445e+02 4.113312918139638441e+01
3.182603852824878121e+00 1.855271636042648588e-03 1.148638036809815901e+02 4.101199504338173796e+01
3.189050645908320547e+00 1.867823016262818358e-03 1.129890909090909048e+02 4.053451788902725639e+01
3.195475202712392715e+00 1.830177604982121797e-03 1.133213399503722059e+02 4.074908232145490672e+01
3.201930699474990760e+00 1.890160737295187680e-03 1.101827956989247355e+02 4.043945006955501498e+01
3.208380198036255848e+00 1.818817371399450607e-03 1.099987546699875480e+02 4.080087107324323625e+01
3.214769441202507405e+00 1.856295446885927562e-03 1.075412621359223238e+02 4.101491763822972558e+01
3.221219946103295317e+00 1.854520719188760538e-03 1.061491442542787240e+02 4.159244502973621849e+01
3.227683765295594753e+00 1.874065427032763596e-03 1.032490974729241913e+02 4.118413767524634750e+01
3.234131017772435612e+00 1.840716304877563787e-03 1.032120838471023490e+02 4.169120133058478928e+01
3.240599979113187423e+00 1.901252405176113557e-03 1.004958481613285954e+02 4.161620999017443978e+01
3.247028333220890239e+00 1.799593188369970169e-03 1.004880503144654114e+02 4.138068586827292705e+01
3.253443203786942295e+00 1.907653420062672836e-03 9.769457547169811562e+01 4.046457205428142601e+01
3.259883502116921683e+00 1.795580006981134817e-03 9.880478589420654600e+01 4.082128443250861238e+01
3.266300345605878341e+00 1.923600185575663262e-03 9.821336459554512999e+01 4.051264953785454992e+01
3.272853483066015201e+00 1.856140221165968399e-03 9.858292682926828832e+01 4.010446638806290309e+01
3.279208055010873757e+00 1.838273880463746476e-03 9.921595092024540463e+01 3.961705043772467150e+01
3.285677511815711327e+00 1.882917816817657360e-03 9.842840095465393802e+01 3.908929915491850693e+01
3.292103848527159204e+00 1.835553428200827411e-03 9.871603427172583167e+01 3.866595534571980863e+01
3.298586108799094418e+00 1.888317585372828586e-03 9.723871733966745978e+01 3.811094967581465909e+01
3.305031100311709658e+00 1.850386223069815962e-03 9.686723507917173492e+01 3.893007873455399448e+01
3.311493553422723224e+00 1.868513817595845007e-03 9.387350835322195053e+01 3.844641786967033426e+01
3.317903636599865536e+00 1.824831080609758517e-03 9.359999999999999432e+01 3.881109195701280612e+01
3.324331097200103002e+00 1.867240715589447552e-03 9.027380952380951840e+01 3.810957412544355805e+01
3.330698991454875468e+00 1.802295415888940022e-03 8.906483790523691368e+01 3.804731424529647654e+01
3.337129369178693850e+00 1.924555404658041986e-03 8.808594657375145687e+01 3.817539639017744690e+01
3.343680207265053550e+00 1.861922247852822480e-03 8.615199034981905868e+01 3.759775359031076647e+01
3.350044083295126374e+00 1.835162792558274860e-03 8.430012150668287063e+01 3.689318544901156827e+01
3.356505604070456616e+00 1.871227406804753775e-03 8.269549763033175793e+01 3.640704970514595118e+01
3.362916001860436488e+00 1.833654571443432820e-03 8.251278928136419211e+01 3.671093304115995437e+01
3.369285096640512123e+00 1.875337531839301689e-03 8.222560975609755474e+01 3.653567397671457684e+01
3.375802434903234950e+00 1.848095989791553092e-03 8.253450608930987187e+01 3.683251058134715095e+01
3.382214916359785661e+00 1.843501739730700950e-03 8.175421348314607428e+01 3.655728423035830588e+01
3.388621595555129762e+00 1.837214591020290208e-03 8.065065502183405499e+01 3.574034631846748766e+01
3.395087870480640202e+00 1.897809126909797642e-03 8.118023255813953654e+01 3.544191184741895029e+01
3.401600099274715294e+00 1.862825267528726196e-03 7.951432880844645013e+01 3.470559498243271435e+01
3.408008587822927371e+00 1.829521772960810344e-03 7.927329192546584125e+01 3.480775003641996079e+01
3.414429009776510870e+00 1.863403552598411495e-03 7.864086687306502199e+01 3.425191960861856444e+01
3.420895508941175223e+00 1.876279003669552520e-03 7.971361502347417627e+01 3.504801770226225699e+01
3.427361199308996742e+00 1.871984655860910217e-03 7.836392405063291733e+01 3.478875357958221315e+01
3.433789816721534383e+00 1.835455874914732619e-03 7.807792207792208217e+01 3.443340876332512579e+01
3.440207803416203358e+00 1.864980166185075923e-03 7.910517799352750501e+01 3.451075693210104589e+01
3.446682336316245543e+00 1.886495457043324163e-03 8.201626016260162544e+01 3.518956454836164482e+01
3.453142116062292821e+00 1.850491205141300763e-03 8.440504201680671770e+01 3.437645740020603569e+01
3.459552608189105705e+00 1.840426776601197887e-03 8.669691780821918314e+01 3.372131077361704854e+01
3.466037827277117955e+00 1.895781883946169978e-03 9.039219015280136205e+01 3.583912356683412526e+01
3.472473653977210972e+00 1.828931698347952819e-03 8.976744186046511231e+01 3.611226618508947439e+01
3.478868831430015351e+00 1.849798838882201271e-03 8.819642857142856940e+01 3.564213470853889021e+01
3.485296939778874226e+00 1.846836384750711896e-03 8.678021978021978100e+01 3.607740981910042422e+01
3.491740378822062674e+00 1.892374048568714641e-03 8.581420765027321806e+01 3.728062397820036011e+01
3.498222076309955408e+00 1.850392789083453492e-03 8.293796992481202324e+01 3.698216118885161308e+01
3.504611891581455030e+00 1.828338000025509641e-03 8.135533980582523839e+01 3.660689436246589423e+01
3.511032309223517167e+00 1.894740202114146826e-03 8.233015267175572660e+01 3.728593388822254440e+01
3.517510811405253346e+00 1.847376399887671770e-03 7.761067193675889087e+01 3.539505763279681361e+01
3.523886222494890585e+00 1.819823680849573695e-03 7.448261758691207035e+01 3.450735924790475906e+01
3.530333766363422221e+00 1.913949961282706506e-03 7.498019801980197485e+01 3.602295148951947823e+01
3.536838628960300657e+00 1.837400593869444173e-03 6.953333333333333144e+01 3.229573630269688778e+01
3.543212277439104163e+00 1.824314092004992007e-03 6.767023554603854052e+01 3.158737199600152934e+01
3.549634251627681092e+00 1.895848120010211945e-03 6.904621848739495249e+01 3.358521175076975140e+01
3.556117060308725097e+00 1.842284182035823720e-03 6.476419213973798605e+01 3.065355422033362842e+01
3.562580790750173865e+00 1.873137250446494902e-03 6.518201754385964364e+01 3.173385328341965561e+01
3.569027121761189303e+00 1.864198494303047999e-03 6.349774774774774500e+01 2.963518785538721190e+01
3.575415228040989657e+00 1.829283293316363293e-03 6.181902552204176260e+01 2.610596392983596203e+01
3.581824267593239686e+00 1.860007523854312686e-03 6.235266821345707910e+01 2.555530589064029456e+01
3.588330065081806630e+00 1.895947895659538546e-03 6.144547563805104318e+01 2.308904955107509593e+01
3.594804804657118602e+00 1.838793340235311087e-03 6.164390243902438726e+01 2.109141853343506057e+01
3.601203120605045882e+00 1.866742151695356807e-03 6.387745098039215463e+01 2.263379338381387385e+01
3.607629953215138574e+00 1.849946976811765471e-03 6.265162907268170756e+01 1.889857031829730261e+01
3.614090854913730499e+00 1.868416365547433599e-03 6.254797979797979934e+01 1.738850749309628796e+01
3.620574720227974552e+00 1.873754476683962313e-03 6.241388174807197942e+01 1.692238283830745971e+01
3.627004027770476924e+00 1.835919208150294619e-03 6.030748663101604023e+01 1.277279304001095461e+01
3.633382280898821648e+00 1.849285921997263250e-03 5.922764227642276325e+01 1.135413033153662710e+01
3.639818201334091174e+00 1.872714577785467623e-03 5.693188010899182672e+01 8.416318145417719165e+00
3.646271849872324999e+00 1.848931603973280732e-03 5.528089887640449263e+01 7.592351083516998500e+00
3.652754025121335069e+00 1.886957975833729447e-03 5.412921348314606718e+01 7.000037197585441184e+00
3.659208746855755479e+00 1.834720162372708565e-03 5.226548672566372034e+01 6.080184867894699252e+00
3.665582835495777569e+00 1.840575612045432024e-03 5.039039039039039380e+01 5.578713199285184388e+00
3.672040343112283445e+00 1.886479483533069204e-03 4.879041916167664539e+01 4.888003082361013441e+00
3.678529717319615866e+00 1.858096912976999176e-03 4.740062111801242395e+01 3.590325378814437585e+00
3.684932562337432049e+00 1.835190244932949138e-03 4.590032154340836001e+01 2.654735675974088771e+00
3.691340469028411508e+00 1.865394116403416890e-03 4.512944983818770339e+01 2.461319834533146178e+00
3.697825917576230470e+00 1.878575472322643403e-03 4.452631578947368496e+01 2.233356417239888980e+00
3.704288468942850354e+00 1.854378416201764085e-03 4.409897610921501609e+01 2.295736268270782698e+00
3.710695071708606907e+00 1.843173339766954189e-03 4.380701754385965074e+01 2.244832649141827563e+00
3.717119980493126530e+00 1.858275420549158159e-03 4.412142857142857366e+01 2.295953627847149292e+00
3.723579054116692877e+00 1.875547371405369762e-03 4.503999999999999915e+01 2.358427827638959418e+00
3.730020297411832164e+00 1.843995263516665269e-03 4.592424242424242209e+01 2.195388668313352110e+00
3.736426917509388268e+00 1.851423495632689448e-03 4.627131782945736660e+01 2.247547388302302274e+00
3.742862848593606184e+00 1.866246695943705233e-03 4.738339920948616424e+01 2.431019626913783149e+00
3.749304155234212121e+00 1.850203366498975400e-03 4.831147540983606348e+01 2.664766578728383628e+00
3.755769545342233950e+00 1.881542671327423493e-03 4.786307053941908407e+01 2.977330948714856262e+00
3.762207580716425692e+00 1.832713059301602828e-03 4.751315789473684248e+01 2.745389823253722827e+00
3.768650259547695391e+00 1.882711660849632198e-03 4.666079295154185047e+01 2.364888025979171804e+00
3.775101190588130873e+00 1.841328330998877110e-03 4.574883720930232300e+01 3.350936034805259922e+00
3.781544745172108257e+00 1.876261972947606757e-03 4.446226415094339757e+01 3.321712715587929576e+00
3.787984350729691752e+00 1.841817734800533721e-03 4.361691542288556889e+01 3.175715849872231544e+00
3.794443778523244770e+00 1.888119406057294294e-03 4.206030150753768737e+01 2.804641418168812628e+00
3.800887998049732097e+00 1.829598834944004332e-03 4.089784946236559193e+01 2.544186911169076470e+00
3.807319286871066577e+00 1.879776389761753357e-03 4.042934782608695343e+01 2.433362843042097712e+00
3.813728772969168901e+00 1.816176537965013323e-03 3.991812865497075791e+01 2.033019719594621577e+00
3.820127884734960233e+00 1.870328496078344947e-03 4.002366863905325545e+01 2.126097341566376198e+00
3.826558902351690605e+00 1.840091099185570860e-03 3.993710691823899595e+01 1.934961648004743795e+00
3.832976717434447789e+00 1.862754303780558536e-03 3.994805194805194759e+01 2.176516440357364246e+00
3.839467489846226655e+00 1.881591717002498556e-03 4.067567567567567721e+01 1.950585684927468755e+00
3.845958738964208923e+00 1.872212223355807642e-03 4.109285714285714164e+01 2.172696997949311815e+00
3.852379013358490312e+00 1.829949564810406546e-03 4.046153846153845990e+01 2.341546548050324805e+00
3.858770514458473411e+00 1.860590576749386821e-03 4.117600000000000193e+01 2.445083229667243785e+00
3.865201312403456324e+00 1.846877382617491750e-03 4.100000000000000000e+01 2.134374745810949658e+00
3.871669834970288271e+00 1.885989225799452511e-03 3.971428571428571530e+01 2.775163168580344841e+00
3.878154213609482870e+00 1.855219997046820071e-03 3.795145631067961034e+01 2.462749150303606527e+00
3.884570297975108666e+00 1.842018581107749764e-03 3.738947368421052886e+01 2.209974868560180994e+00
3.891030549524630455e+00 1.892572859664069882e-03 3.662222222222222001e+01 2.551204024633985323e+00
3.897480132485925619e+00 1.830223622249431631e-03 3.628750000000000142e+01 2.580394834129072112e+00
3.903837790606199842e+00 1.833538786489578550e-03 3.624657534246575352e+01 2.119085545792024572e+00
3.910297958451704581e+00 1.898394991490752427e-03 3.551470588235294201e+01 2.184504251204242742e+00
3.916760076293909876e+00 1.823271174774054393e-03 3.496551724137930961e+01 2.029508823387884409e+00
3.923205856217289345e+00 1.907998375040481686e-03 3.522641509433962170e+01 2.325045886998037936e+00
3.929647757040283906e+00 1.804292177573046203e-03 3.595348837209302673e+01 2.667027197550037254e+00
3.936002968608691699e+00 1.864030959871269735e-03 3.570270270270270174e+01 2.262696504427145872e+00
3.942404476100300759e+00 1.828532384993888883e-03 3.420689655172413524e+01 2.619328139976957903e+00
3.948822507765122225e+00 1.871711324841116540e-03 3.454545454545454675e+01 2.296241989148197771e+00
3.955157590966607906e+00 1.825831164639231917e-03 3.507142857142856940e+01 2.927700218845599611e+00
3.961507824082775464e+00 1.968979546566614058e-03 3.800000000000000000e+01 2.725540575476987470e+00
