# q qerr I(q) I(q)err
8.294532032279089417e-03 3.215448162638725495e-03 8.333333333333333703e-01 3.101516678453806719e+01
1.547771440847061503e-02 1.298069176105710962e-03 5.000000000000000000e-01 5.400617248673216242e-01
2.114153426598287117e-02 1.953452460535632252e-03 4.000000000000000222e-01 5.099019513592785158e-01
2.708829541553820289e-02 1.932501425123600049e-03 5.833333333333333703e-01 5.921946001479956312e-01
3.424760286937652415e-02 2.393094809829984012e-03 5.227272727272727071e-01 5.935256753272997177e-01
4.134659872356089005e-02 1.444308516548141333e-03 4.444444444444444198e-01 5.091750772173156969e-01
4.709622292726145520e-02 1.633576272088444088e-03 6.750000000000000444e-01 4.860555523805894507e-01
5.289360403025952090e-02 1.994215660312892175e-03 6.666666666666666297e-01 4.859126579037748583e-01
5.941266175682404643e-02 2.038777625163953021e-03 8.599999999999999867e-01 5.075431016179807742e-01
6.623959740571712385e-02 2.014614798769268252e-03 8.518518518518518601e-01 5.386310952684809639e-01
7.251770781946841049e-02 1.767162065969994948e-03 9.166666666666666297e-01 3.703414340548163430e-01
7.836204892921720677e-02 1.794558473909566021e-03 1.100000000000000089e+00 9.338094023942998811e-01
8.476368586159346852e-02 2.173163639586968114e-03 2.390625000000000000e+00 5.055357615935790250e+00
9.171767809022127182e-02 2.151270969520740432e-03 8.338235294117646745e+00 2.122136784675289078e+01
9.840741527280037759e-02 1.879523288412654567e-03 2.096666666666666501e+01 4.908103842965563501e+01
1.046713563714864598e-01 1.717715818177843919e-03 4.757999999999999829e+01 8.810105107205023955e+01
1.108696467093386595e-01 1.978629817275711061e-03 7.822641509433962881e+01 1.255907932446109356e+02
1.174911181025048434e-01 2.151142134119994175e-03 1.122295081967213122e+02 1.643362714217726648e+02
1.240901985761322518e-01 1.682567093931450772e-03 1.645600000000000023e+02 2.121109558697994544e+02
1.302695169190241364e-01 1.981638030988197227e-03 1.823389830508474461e+02 2.354158080936228430e+02
1.366843399328758479e-01 1.885635125754002352e-03 2.278392857142857224e+02 2.726732539943687925e+02
1.431380625310322841e-01 2.037281709542672608e-03 2.507741935483871032e+02 2.881614022670344752e+02
1.497407916800755912e-01 2.013243134106564892e-03 2.870952380952380736e+02 3.199782860641205389e+02
1.560440161600273323e-01 1.800320108738214832e-03 3.170350877192982466e+02 3.455557680868750481e+02
1.626324968867556287e-01 2.166758397174068339e-03 3.469864864864865126e+02 3.576594706310280003e+02
1.693678508908615654e-01 1.711853084056604935e-03 3.713666666666666742e+02 3.861750315595248821e+02
1.755753172360756398e-01 1.940749690505284321e-03 4.022753623188405641e+02 3.901436384219717297e+02
1.819629297477835528e-01 1.792019476258344991e-03 4.220769230769230944e+02 4.127463868789850494e+02
1.883474920212158954e-01 1.982820530303366913e-03 4.343055555555555429e+02 4.285663371335575675e+02
1.949500334927739553e-01 1.985593967279970003e-03 4.694266666666666765e+02 4.325267740974089179e+02
2.014306324154557237e-01 1.750557958225071797e-03 4.826376811594203105e+02 4.484597889606600347e+02
2.076332073357673447e-01 1.865361520913360683e-03 5.149459459459459367e+02 4.488654275207376259e+02
2.140129245322099916e-01 1.882829286684015863e-03 5.134533333333333758e+02 4.640791604888113966e+02
2.204163405633874917e-01 1.951475208267544961e-03 5.497435897435897232e+02 4.632481283312074538e+02
2.268599176829277919e-01 1.954094669929957399e-03 5.510625000000000000e+02 4.767697000387083790e+02
2.335135695299082048e-01 1.986313139076756155e-03 5.633764705882352928e+02 4.850315129775742662e+02
2.400224779461884173e-01 1.823737618079871109e-03 5.898750000000000000e+02 4.835194492597996714e+02
2.464005577519743639e-01 1.894426896505377799e-03 6.037176470588235588e+02 4.853305355319436671e+02
2.528350385827773383e-01 1.829527638271931031e-03 6.199166666666666288e+02 4.899237104524459028e+02
2.590859102888302123e-01 1.817056121189442432e-03 6.253452380952380736e+02 4.957586098156533581e+02
2.654612130450557106e-01 1.918447197659697845e-03 6.326404494382022676e+02 4.999673375267747701e+02
2.718942366720529247e-01 1.942478483450333455e-03 6.617362637362637088e+02 4.883328153360098440e+02
2.784185743669774227e-01 1.921358219378808702e-03 6.597741935483870748e+02 4.857900342083071905e+02
2.849156375412667530e-01 1.882334819595186037e-03 7.084148936170212210e+02 4.570592311590334020e+02
2.911870294677750826e-01 1.766712284927822799e-03 7.119101123595505669e+02 4.384338468928349926e+02
2.976511517037133681e-01 2.019527329980297554e-03 7.527961165048543535e+02 4.063006863324315532e+02
3.043178155919494809e-01 1.919359421117726450e-03 7.633400000000000318e+02 3.878999327146113387e+02
3.108074081907638564e-01 1.815555258398614735e-03 7.936632653061224119e+02 3.689586220788594915e+02
3.170970610330232087e-01 1.826000353424227750e-03 8.092222222222221717e+02 3.553020955814630497e+02
3.235319739834495723e-01 1.908097576542081529e-03 8.145714285714285552e+02 3.421939617862845466e+02
3.300700059726238145e-01 1.867687188749142220e-03 8.467075471698112779e+02 3.216170616647421525e+02
3.365262003550894554e-01 1.808122422876843900e-03 8.476476190476190595e+02 3.156316359532302727e+02
3.429039324965278412e-01 1.810371451943152679e-03 8.739150943396226694e+02 2.974721510818740740e+02
3.492243179790229801e-01 1.835371710213073819e-03 8.843518518518518476e+02 2.825130115240430655e+02
3.555659880086458058e-01 1.813249007222180170e-03 8.923981481481481524e+02 2.687734878242302443e+02
3.620245372922214488e-01 1.918012235727336494e-03 9.096239316239316395e+02 2.538960531116372294e+02
3.685406119477664388e-01 1.798147481859587110e-03 9.078018018018018438e+02 2.478630005466991406e+02
3.750909242308860247e-01 1.967614233492519498e-03 9.280887096774193878e+02 2.320886251903955610e+02
3.816999037813160189e-01 1.752662604176019427e-03 9.268260869565217490e+02 2.209540055979797160e+02
3.880273799716012495e-01 1.749306826939258557e-03 9.314827586206896513e+02 2.082977901507562137e+02
3.942361145945514900e-01 1.745527907058957431e-03 9.322327586206896513e+02 1.979308253483215196e+02
4.006128291384035145e-01 1.852638254231622501e-03 9.362520325203252014e+02 1.858611125620416828e+02
4.070503578694664726e-01 1.848743254130127446e-03 9.381209677419354875e+02 1.792164690924486763e+02
4.135933781829447264e-01 1.871256654943844995e-03 9.363565891472868543e+02 1.705503620518992136e+02
4.202179442533061082e-01 1.832712641984981681e-03 9.445692307692307850e+02 1.595157201357101542e+02
4.266798115557093873e-01 1.759393680741872749e-03 9.487244094488188466e+02 1.531493038881292250e+02
4.330910535146235696e-01 1.771858374752960505e-03 9.544846153846153811e+02 1.480218526966192485e+02
4.395078467689783608e-01 1.772659720438770270e-03 9.543181818181818699e+02 1.430854521792636831e+02
4.457793319829173595e-01 1.654526338047628432e-03 9.433120000000000118e+02 1.368704539044128410e+02
4.521562795609589402e-01 1.887763445894669913e-03 9.452253521126760916e+02 1.259988825706237634e+02
4.587656575942579140e-01 1.769717907920350091e-03 9.306277372262774179e+02 1.188020694090868972e+02
4.652405449529313231e-01 1.746242423612376143e-03 9.236043165467625613e+02 1.108125918658111573e+02
4.716282944699034529e-01 1.704407088516023735e-03 9.145547445255474486e+02 1.056047027458912737e+02
4.780637153179891352e-01 1.798647074538550902e-03 9.088125000000000000e+02 9.925041106827831072e+01
4.844976548260259142e-01 1.723433333189145671e-03 9.056338028169013796e+02 9.531868679941018740e+01
4.908596034113225648e-01 1.665744062354685903e-03 8.959432624113475185e+02 9.158654742500084467e+01
4.972011979785150859e-01 1.734256865849588200e-03 8.936506849315068166e+02 8.514591969794255988e+01
5.036178995103413047e-01 1.747915368961153139e-03 8.852500000000000000e+02 7.808030343040287846e+01
5.101756467004687767e-01 1.800451491856020327e-03 8.800064516129032199e+02 7.322246262082465762e+01
5.166235656727934389e-01 1.648057805296297825e-03 8.764285714285714448e+02 6.852470772293101220e+01
5.229884928033705638e-01 1.714260039451578075e-03 8.725000000000000000e+02 6.521313739940507048e+01
5.293925748937229336e-01 1.756900675637705763e-03 8.655769230769230944e+02 6.350043679670857699e+01
5.357749724968067229e-01 1.647361260156582873e-03 8.584701986754967038e+02 6.135717200870162458e+01
5.422269581426349960e-01 1.797131621318817348e-03 8.552743902439024168e+02 5.994305869359951799e+01
5.488258977193463117e-01 1.752106618123457169e-03 8.479689440993788594e+02 5.668770357888190858e+01
5.552607346015674405e-01 1.711536068502800701e-03 8.444125000000000227e+02 5.447620968711938616e+01
5.616696921416424182e-01 1.713298320607429745e-03 8.392638036809815958e+02 5.238466268805304082e+01
5.680596363279470928e-01 1.671719726027721563e-03 8.332937500000000455e+02 5.195926815184178338e+01
5.744116486855085357e-01 1.773350792090137981e-03 8.274107142857143344e+02 5.041128885693844808e+01
5.808465417437830292e-01 1.706594120505047427e-03 8.215333333333333030e+02 5.025550474899001330e+01
5.872915480827241019e-01 1.773275249674210931e-03 8.170462427745665082e+02 4.868411073004821787e+01
5.936297343998458986e-01 1.608871723183330060e-03 8.111975308641975744e+02 4.818770375808132655e+01
6.000917821228005655e-01 1.852508397134843563e-03 8.101428571428571104e+02 4.633706112723321979e+01
6.066068710033430955e-01 1.719733697199352486e-03 8.035730994152046378e+02 4.593495333358493582e+01
6.129319261090041548e-01 1.700305612135823196e-03 7.984127906976743816e+02 4.388118899906744019e+01
6.193292159447265632e-01 1.792945791870086646e-03 7.927277777777777601e+02 4.078523622375086433e+01
6.257789288608107681e-01 1.769335618302108433e-03 7.881242937853107833e+02 3.936439856962932282e+01
6.322945183878984077e-01 1.883051681004075783e-03 7.831693121693122066e+02 3.805925144764802326e+01
6.387697914265673127e-01 1.734308686986089703e-03 7.757727272727272521e+02 3.948307187740124391e+01
6.450797878865883739e-01 1.812617312363664322e-03 7.702717391304347530e+02 3.995926490914710172e+01
6.514777522098027518e-01 1.807195130708317372e-03 7.651675675675675166e+02 4.073506842824629359e+01
6.579453254174412180e-01 1.840076954070700866e-03 7.608941798941798424e+02 4.041195130587028927e+01
6.642487788958216788e-01 1.761967380250493336e-03 7.542802197802197952e+02 4.064135479829135278e+01
6.707545140871414846e-01 1.952870522822350513e-03 7.494299999999999500e+02 3.900233646847327407e+01
6.772291234912055646e-01 1.844192786587162299e-03 7.437724867724867863e+02 4.079896444232478103e+01
6.834443396870620857e-01 1.745041746211572261e-03 7.376467391304347530e+02 4.228228665910670969e+01
6.899300657465672337e-01 1.988575045799213618e-03 7.335748792270530885e+02 4.180979268662532178e+01
6.965346490814943170e-01 1.967867873463197050e-03 7.263266331658290937e+02 4.733204081619621206e+01
7.030970487636396538e-01 2.020648629947002003e-03 7.249466019417475309e+02 4.869049064986676001e+01
7.095716427219228573e-01 1.946516927103622520e-03 7.297878787878787534e+02 5.679854879654345723e+01
7.160970279381224657e-01 2.044543341153194464e-03 7.392000000000000455e+02 6.987297317956623033e+01
7.226116891734091219e-01 2.004959656352403585e-03 7.441219512195121979e+02 7.848044880564378900e+01
7.291288619178314390e-01 2.011427705279334160e-03 7.392857142857143344e+02 8.069024083485189180e+01
7.356079106374427967e-01 1.973711099579897668e-03 7.255000000000000000e+02 6.682970248785628087e+01
7.419803430714648762e-01 1.939746738906150680e-03 7.086341463414634063e+02 6.045858066647479490e+01
7.484516812817442188e-01 2.022257641999446187e-03 6.958909090909090764e+02 5.156140526010413794e+01
7.549512183205485671e-01 1.898119824350936232e-03 6.855528846153846416e+02 5.319489615274366656e+01
7.613853957290165342e-01 1.973382858640895885e-03 6.801454545454545269e+02 4.878233151222473651e+01
7.678481984516135617e-01 1.903941598965435333e-03 6.740325581395348991e+02 5.135334977643836396e+01
7.743372045322526320e-01 1.915374251326664194e-03 6.707522522522522195e+02 4.910716935081084955e+01
7.807807857039134047e-01 1.872160005679921477e-03 6.656330275229357767e+02 4.978450236131748596e+01
7.871827117013717734e-01 1.874571936203420349e-03 6.608280542986425417e+02 4.978761653979164947e+01
7.935705088346153291e-01 1.846468364235832015e-03 6.568699551569507094e+02 4.981085743721924786e+01
7.999497029225959288e-01 1.794315080242126848e-03 6.510000000000000000e+02 5.023774527412939506e+01
8.063895263538338742e-01 1.919941342275102670e-03 6.463516949152542566e+02 4.868500278149863192e+01
8.129038415374738591e-01 1.785391972586650427e-03 6.409199999999999591e+02 4.980689287415727051e+01
8.193543447618309994e-01 1.828478467253065801e-03 6.355063829787234226e+02 4.869830032459346825e+01
8.257450256705209934e-01 1.731942097964038994e-03 6.294732142857143344e+02 4.995307228593223670e+01
8.321389716972604766e-01 1.845140229989535984e-03 6.258791666666667197e+02 4.846611251689163424e+01
8.386208936931099922e-01 1.751195931903918061e-03 6.202564102564102768e+02 4.835078693686362072e+01
8.449970631363269424e-01 1.723661030767332288e-03 6.154396551724138362e+02 4.823275977627806554e+01
8.513046230100612677e-01 1.773741526074865430e-03 6.102521008403360838e+02 4.791225900786832170e+01
8.578256185292513214e-01 1.822821089358022794e-03 6.066072874493927429e+02 4.797458479355005778e+01
8.643009097266359797e-01 1.747841479780405487e-03 6.027261410788381681e+02 4.875387638391026002e+01
8.706520843132705689e-01 1.718512007701664341e-03 5.973739495798319012e+02 4.897362917711127039e+01
8.770655084888429043e-01 1.823306464836067656e-03 5.927865612648221258e+02 4.796776177230830029e+01
8.835379301005906738e-01 1.720994191554163586e-03 5.870246913580247110e+02 4.871851105183592523e+01
8.899818591232092624e-01 1.816014583941305376e-03 5.882156862745098351e+02 5.029635128625630358e+01
8.963154830142930907e-01 1.686559403020368615e-03 5.982708333333333712e+02 6.552046965982799520e+01
9.027402481510985455e-01 1.849914512401526186e-03 6.143664122137404320e+02 9.652506676845823108e+01
9.092741475074460622e-01 1.818523953956779297e-03 6.098039215686274019e+02 1.088101422608367415e+02
9.156513574886713247e-01 1.799905876070713017e-03 5.841111111111110858e+02 7.461001783879135019e+01
9.219738414041327434e-01 1.816254378221876130e-03 5.646367187500000000e+02 4.967369507763656600e+01
9.284093843578240524e-01 1.864548344913183461e-03 5.566884615384615245e+02 4.572318271806788204e+01
9.348720171621091035e-01 1.939851900461452830e-03 5.523558052434457295e+02 4.471229519913083550e+01
9.413551784733346084e-01 1.927152036582965508e-03 5.454503816793893520e+02 5.110691925725518558e+01
9.478756351150825488e-01 2.022964964773094239e-03 5.421847826086956275e+02 4.980264532543896649e+01
9.544794314844599059e-01 1.995588314593873917e-03 5.394907749077490280e+02 4.801880081187209015e+01
9.609640598131067302e-01 1.976081289299603128e-03 5.370661764705882888e+02 4.841092012655822430e+01
9.673540511875814429e-01 1.900963898517757681e-03 5.333257575757576205e+02 4.853947591386472737e+01
9.738764300010358532e-01 2.020370959177093719e-03 5.328784722222221717e+02 4.726328535302123157e+01
9.803887395962943563e-01 1.868024915732807104e-03 5.301161048689139079e+02 4.762389782081773149e+01
9.867609507399704993e-01 1.907798179635916648e-03 5.276523297491039557e+02 4.694818803269672713e+01
9.931792738827067701e-01 1.861169570246367679e-03 5.253709090909090946e+02 4.736172363961960485e+01
9.997024529712079666e-01 1.929714342920701943e-03 5.232534246575341967e+02 4.563961344126935415e+01
1.006152710574202525e+00 1.760100644785859590e-03 5.215514705882352473e+02 4.724081107670698998e+01
1.012546487448541255e+00 1.858180627704414780e-03 5.213079584775086914e+02 4.714025673488712442e+01
1.018988798098918291e+00 1.803978976354649174e-03 5.211408450704225288e+02 4.988915555206438057e+01
1.025394048634321598e+00 1.775790568352827222e-03 5.233789473684211089e+02 5.356735234547051761e+01
1.031778999059903112e+00 1.783042104657854955e-03 5.293737024221453566e+02 5.821589141540366796e+01
1.038243195035333466e+00 1.800042721148124251e-03 5.536587030716723348e+02 7.240899970958579956e+01
1.044593270705168830e+00 1.728638088187854378e-03 6.731748251748251732e+02 1.703505890635198909e+02
1.051019473275584426e+00 1.807666001326826760e-03 1.211555183946488341e+03 6.613120924299987564e+02
1.057452118334604840e+00 1.764796907398143069e-03 2.517535593220338797e+03 1.489614677638760668e+03
1.063812741872586898e+00 1.735604614353873946e-03 4.241284246575342877e+03 2.497846403014812040e+03
1.070275566257694377e+00 1.860876787998901613e-03 5.410096774193548299e+03 3.520229064757900687e+03
1.076675486865225739e+00 1.737707282280460301e-03 5.415625429553264439e+03 4.112487557422658938e+03
1.083000003099001241e+00 1.811785629637566912e-03 4.573904605263157464e+03 3.787522702788548486e+03
1.089457558406981885e+00 1.875700427842611059e-03 3.706889610389610425e+03 3.270179366350578675e+03
1.095857128634095679e+00 1.865882195591197666e-03 2.878667763157894569e+03 2.694057549369587832e+03
1.102286980210992473e+00 1.937596539280167377e-03 2.122028753993610280e+03 2.029217180756464359e+03
1.108924588094037933e+00 2.035521144429528872e-03 1.282750000000000000e+03 1.074381685835977123e+03
1.115518250266801070e+00 1.963453062553008333e-03 8.061582278481013191e+02 4.876413986655739450e+02
1.121980766162010701e+00 1.920251373127695831e-03 5.731019108280254386e+02 1.776425581716604256e+02
1.128426312748922689e+00 1.950613960551148517e-03 4.919844720496894297e+02 7.217617565220065501e+01
1.134959239864979930e+00 1.915365560061970144e-03 4.664307692307692150e+02 4.862491045914391918e+01
1.141388067807542761e+00 1.819889318180962796e-03 4.558825396825396865e+02 4.538836073820451844e+01
1.147829738822878420e+00 1.877407927217479219e-03 4.491428571428571672e+02 4.382943690866659381e+01
1.154234759887723172e+00 1.796226287448233561e-03 4.424357366771159832e+02 4.307007006298677254e+01
1.160592008141087206e+00 1.784421184300352767e-03 4.371424148606811286e+02 4.193104288069584129e+01
1.167026991042843242e+00 1.836276795008287468e-03 4.330089552238806050e+02 4.123539930073674498e+01
1.173494023876834547e+00 1.758155136545365687e-03 4.276360856269113242e+02 4.185870109201661649e+01
1.179808164649816637e+00 1.732605827553653768e-03 4.141261538461538407e+02 5.191952215751883415e+01
1.186220583891021807e+00 1.881017850291822648e-03 4.164630225080385912e+02 4.724662623526968730e+01
1.192681073817049464e+00 1.793318889751105601e-03 4.145172413793103487e+02 4.774172363856351353e+01
1.199065629744253458e+00 1.797529783280079436e-03 4.126056338028168966e+02 4.798981833841359901e+01
1.205502001077074059e+00 1.899328588103967692e-03 4.109075342465753238e+02 4.707809785669410729e+01
1.211991242640565014e+00 1.826306843735066819e-03 4.079673913043478137e+02 4.746145170805107227e+01
1.218362901235649165e+00 1.888953249129523074e-03 4.055575539568345107e+02 4.792935961679135914e+01
1.224837827500277143e+00 1.938626244914326818e-03 3.991402877697841518e+02 5.533406294332308306e+01
1.231306496939841066e+00 1.935692192720165272e-03 3.985688405797101268e+02 5.306566416521634721e+01
1.237900180047003751e+00 1.954996484647400414e-03 3.979677419354838435e+02 5.030176598292820245e+01
1.244387829439413284e+00 1.881879514088832415e-03 3.960820895522388128e+02 4.921481530211865163e+01
1.250735832344970877e+00 1.818331757808236372e-03 3.945155038759689887e+02 5.048190072038222098e+01
1.257083335292831006e+00 1.905720956169173206e-03 3.928339483394834133e+02 4.932325640331713856e+01
1.263603115287416090e+00 1.841854869392088893e-03 3.914128787878788103e+02 4.937685205927719068e+01
1.270020777910819465e+00 1.832011672431217405e-03 3.890228136882129206e+02 4.836241847397951688e+01
1.276488051741652807e+00 1.832185980768075541e-03 3.864714828897338634e+02 4.821963405877936992e+01
1.282839323063532211e+00 1.758750693263018286e-03 3.841456692913386064e+02 4.829061286592437341e+01
1.289363492023574365e+00 1.805471412487298991e-03 3.709360269360269626e+02 5.693101503744987468e+01
1.295761563244195891e+00 1.749310907134910172e-03 3.727550335570469997e+02 5.143438748917546377e+01
1.302096506369333051e+00 1.727886103868702576e-03 3.717176079734219343e+02 4.877437083262738327e+01
1.308490604613926855e+00 1.841981469325142248e-03 3.694236760124610441e+02 4.830767834772007774e+01
1.314923371882378955e+00 1.783204890748409099e-03 3.671189710610932480e+02 4.766960638734875033e+01
1.321263162947042602e+00 1.883891353746835161e-03 3.649228395061728634e+02 4.767521270926803822e+01
1.327809252188654421e+00 1.990407611744629372e-03 3.583491124260355036e+02 5.241852381170313890e+01
1.334395055816720577e+00 2.005908808147741692e-03 3.587008797653958823e+02 4.950997975810141583e+01
1.340924575314278222e+00 1.937181998292608577e-03 3.580029850746268494e+02 4.785010800218631744e+01
1.347326738882997477e+00 1.911240937813023883e-03 3.571153846153846416e+02 4.731174514799222663e+01
1.353867248119903444e+00 1.925349651844857632e-03 3.551104815864022726e+02 4.705159008429952650e+01
1.360292180733798650e+00 1.777880213384871099e-03 3.536107784431137588e+02 4.737508036351225371e+01
1.366716033276369036e+00 1.860440026654835337e-03 3.511400560224089418e+02 4.594663014239784360e+01
1.373134056949086190e+00 1.747663592607761902e-03 3.497163742690058257e+02 4.722898074134732838e+01
1.379508641949547476e+00 1.787974598008121871e-03 3.469887323943661954e+02 4.638379220513883183e+01
1.385849874457594222e+00 1.730044418412237826e-03 3.453371757925071961e+02 4.659707995724610186e+01
1.392210228535155858e+00 1.777760908321846531e-03 3.427444444444444684e+02 4.518275338781053563e+01
1.398630460992727143e+00 1.793834584281517276e-03 3.410388888888888914e+02 4.543672323023783122e+01
1.405027543482165298e+00 1.820682476180417696e-03 3.404380165289256297e+02 4.515457972277649645e+01
1.411380623846245186e+00 1.844474811107960554e-03 3.389805555555555543e+02 4.590672440589736425e+01
1.418011585217980208e+00 2.061904995500850411e-03 3.332992518703242126e+02 5.138654522337140662e+01
1.424633236002852632e+00 1.911062399977238009e-03 3.385027322404371830e+02 4.554334991314841119e+01
1.431027237377290762e+00 1.930893372260762729e-03 3.440817941952506658e+02 4.150590593364282910e+01
1.437551415863808524e+00 1.925262037142165712e-03 3.493870129870130086e+02 4.153148460131671982e+01
1.443999660086549230e+00 1.834928749309971486e-03 3.505066312997347495e+02 4.165899013450349031e+01
1.450408168300875378e+00 1.822080046480867126e-03 3.480654450261779971e+02 4.157140546270900927e+01
1.456762351763572827e+00 1.768742008520618686e-03 3.441447368421052602e+02 4.111419220359335469e+01
1.463211358413713192e+00 1.810126088705470279e-03 3.409948979591836746e+02 4.111423187893196740e+01
1.469593255354290973e+00 1.758193336020684059e-03 3.394817708333333144e+02 4.125667099361864842e+01
1.475950724204827313e+00 1.769305199294179780e-03 3.395064599483204120e+02 4.250819165043816383e+01
1.482355977374464340e+00 1.855140322631434503e-03 3.503324999999999818e+02 4.915788619336677101e+01
1.488803525874331735e+00 1.854999873494519958e-03 4.071170483460559808e+02 9.584486687305989960e+01
1.495319592526707764e+00 2.003828109077177445e-03 5.614449760765550081e+02 2.104971938318099944e+02
1.501939691759246465e+00 1.957822028991581826e-03 8.644622871046228738e+02 3.452047335954190999e+02
1.508463382234335848e+00 1.918938912685786129e-03 1.121520782396087952e+03 4.444358848375928233e+02
1.514901188746566207e+00 1.852902137227367511e-03 1.240940886699507473e+03 5.048665421911594535e+02
1.521228969867623793e+00 1.785136608190808364e-03 1.162846347607052849e+03 4.516123046783666837e+02
1.527563647216529041e+00 1.824993124647320475e-03 1.054334134615384528e+03 3.854913538184812865e+02
1.534022576503679458e+00 1.781774817406586286e-03 8.929126213592232943e+02 2.885843071739413972e+02
1.540418711468126034e+00 1.792491139398408621e-03 7.668755980861244552e+02 2.367044288113260109e+02
1.546838712332167631e+00 1.778278829154705072e-03 6.686650602409638395e+02 1.998584264491539670e+02
1.553238623106807825e+00 1.840983848395847744e-03 5.597476415094339472e+02 1.523053640800424944e+02
1.559673935783696619e+00 1.867161364404805587e-03 4.651923990498812600e+02 1.089594773993749897e+02
1.566161367499480317e+00 1.987417225671155377e-03 3.787800453514739161e+02 7.832449573022032041e+01
1.572795191923813007e+00 1.975399758409353626e-03 3.394539325842696371e+02 5.129513106426514213e+01
1.579229625961506400e+00 1.828964939238766603e-03 3.107908653846153584e+02 4.359377591407683639e+01
1.585615098485775532e+00 1.901195136705323549e-03 2.985941704035874409e+02 4.195134217037202973e+01
1.592069020803266399e+00 1.783565421147388207e-03 2.937605633802816669e+02 4.256139829093105931e+01
1.598398624204083740e+00 1.798472010651884717e-03 2.914566210045662160e+02 4.284345861580961667e+01
1.604843375939136507e+00 1.797152056805669104e-03 2.895542986425339222e+02 4.284948800707923766e+01
1.611212339410225569e+00 1.768878106258207515e-03 2.889701834862385113e+02 4.284823823278184562e+01
1.617590363377642504e+00 1.818287623560442892e-03 2.875168539325842971e+02 4.239479087275705638e+01
1.623974015669422899e+00 1.854816384487833732e-03 2.869142212189616430e+02 4.269318474873864488e+01
1.630543485616582799e+00 2.014479720267581264e-03 2.806422594142259186e+02 4.715483417670700561e+01
1.637155364196844820e+00 1.921442116166700376e-03 2.832246696035242053e+02 4.238673189174476619e+01
1.643640215828007012e+00 1.916406123937146409e-03 2.814549356223175778e+02 4.157657521252527033e+01
1.650095370295723063e+00 1.808845151496338592e-03 2.806458797327394450e+02 4.249342516304599826e+01
1.656466136267144007e+00 1.835556712886826517e-03 2.803483870967742178e+02 4.245012024698748831e+01
1.662921359457136594e+00 1.784847929403802829e-03 2.793050108932461626e+02 4.242087607002793703e+01
1.669278115879615276e+00 1.787810489320909016e-03 2.781926406926406798e+02 4.193831915914181963e+01
1.675603147458916142e+00 1.759339208401217896e-03 2.761986754966887361e+02 4.140784917436291579e+01
1.681944817773278311e+00 1.879012939346250957e-03 2.755168776371307899e+02 4.113571963728224290e+01
1.688494896982127180e+00 1.961244959671172398e-03 2.695082304526749226e+02 4.669309162137172819e+01
1.695047655103924189e+00 1.958531043791479891e-03 2.729382716049382793e+02 4.116680627805968129e+01
1.701563412030947964e+00 1.893890162085724253e-03 2.714175365344467536e+02 4.028945142460110418e+01
1.707975620325744792e+00 1.846204685496802061e-03 2.717703549060542514e+02 3.987507918839714449e+01
1.714377380249353600e+00 1.797036493929945892e-03 2.706736401673639989e+02 3.973088765826341984e+01
1.720768292737840266e+00 1.799184406037973973e-03 2.707628865979381203e+02 3.953368640167393977e+01
1.727152534628709324e+00 1.771490888047008889e-03 2.686847599164926805e+02 3.920233055966976110e+01
1.733526494930327289e+00 1.835615179227028260e-03 2.684012219959266758e+02 3.893972470183869206e+01
1.739975521513371870e+00 1.888347845677861795e-03 2.648353658536585158e+02 4.233121673858555312e+01
1.746497876640803248e+00 1.988580869552720402e-03 2.639476744186046631e+02 4.272386401036548875e+01
1.753090192095328348e+00 1.909790863647236811e-03 2.653585657370517765e+02 3.961796688707126890e+01
1.759542915568929722e+00 1.863330342728648260e-03 2.644003984063745065e+02 3.855577323874209128e+01
1.765978610475646082e+00 1.805054295706254351e-03 2.632540000000000191e+02 3.800399968424375885e+01
1.772332663329672986e+00 1.770928694831684115e-03 2.616411290322580498e+02 3.723291343605875170e+01
1.778664509689639184e+00 1.781133477909586536e-03 2.600698602794411158e+02 3.705917544322774404e+01
1.785069366740120511e+00 1.834600355293997381e-03 2.581660156250000000e+02 3.663499902670291419e+01
1.791506168727699633e+00 1.878728357369653049e-03 2.549588235294117737e+02 4.094992384578728917e+01
1.798039063906349488e+00 1.995486375923071192e-03 2.540444444444444514e+02 3.930349569265501941e+01
1.804647924016717919e+00 1.913848319004299433e-03 2.564923371647509498e+02 3.560621587017542566e+01
1.811089958053599736e+00 1.862622323854617795e-03 2.578390804597701162e+02 3.557347158934278752e+01
1.817521720439822408e+00 1.798364348704032875e-03 2.555057915057915068e+02 3.511033322078409924e+01
1.823812670535420288e+00 1.750448090683544159e-03 2.550470588235294258e+02 3.504685708397859401e+01
1.830221642949216854e+00 1.837728497302317443e-03 2.575698324022346242e+02 3.677950812742830777e+01
1.836582905300079060e+00 1.780128382536366044e-03 2.686843137254901990e+02 4.296133370568965404e+01
1.843061797820461534e+00 1.986079127245108083e-03 2.820000000000000000e+02 6.030803109507747450e+01
1.849632829275571488e+00 1.888944039210000737e-03 2.991428571428571672e+02 6.219337243349097122e+01
1.856090187264436642e+00 1.913060858845453587e-03 3.042909090909091105e+02 6.439731425024359623e+01
1.862531947297203283e+00 1.788974026913770074e-03 2.989169811320754775e+02 6.026265253746168327e+01
1.868931787959941415e+00 1.835149539700427039e-03 2.900546448087431486e+02 5.140797949480897699e+01
1.875342409945594868e+00 1.782793697721218873e-03 2.814506517690875285e+02 4.938033883963750981e+01
1.881685992375486283e+00 1.813583446463527945e-03 2.751863468634686569e+02 4.621594917496848609e+01
1.888176611507502489e+00 1.945205006648250507e-03 2.686031746031745797e+02 5.084881484193593337e+01
1.894684395670122701e+00 1.921537496908314263e-03 2.693076923076923208e+02 4.571703402091763024e+01
1.901176782548104516e+00 1.886986723452953362e-03 2.672099644128113596e+02 4.469533947066566526e+01
1.907561981128558237e+00 1.795440373499332084e-03 2.585675182481751904e+02 4.085221427548296447e+01
1.913985041606118376e+00 1.828239138046576940e-03 2.485245614035087840e+02 3.717494630540971201e+01
1.920403381422240097e+00 1.786024996940504313e-03 2.410072463768115938e+02 3.579179370818682315e+01
1.926716413297410169e+00 1.834639747803229817e-03 2.354341637010676038e+02 3.293338197148042212e+01
1.933271554332125497e+00 1.965820526812752777e-03 2.291279461279461316e+02 3.705318327270155265e+01
1.939792573083097382e+00 1.907526115978609412e-03 2.344153577661431029e+02 3.039023564739266803e+01
1.946288570836251841e+00 1.883695634446648113e-03 2.370221465076660934e+02 3.105053676607721869e+01
1.952655684029843908e+00 1.737190040939992066e-03 2.373598553345388780e+02 3.256904610630210328e+01
1.958969978021109171e+00 1.827434973414125523e-03 2.373361774744027173e+02 3.191734496983164604e+01
1.965496063115082181e+00 1.854230162972571750e-03 2.334729729729729684e+02 3.103401143548703089e+01
1.971963975922738088e+00 1.884120710564727479e-03 2.284126712328767042e+02 3.519130591242821993e+01
1.978442510441045021e+00 1.957066319931451050e-03 2.273986820428335989e+02 3.317943125439617802e+01
1.984931097981023740e+00 1.843590323278294961e-03 2.268290598290598155e+02 2.977252031462935378e+01
1.991287308585444338e+00 1.815152065882439042e-03 2.243356047700170279e+02 2.866921199291758526e+01
1.997701973476069481e+00 1.833321787203764366e-03 2.210481727574750721e+02 2.828370306509391696e+01
2.004164133665459424e+00 1.816322146449814287e-03 2.185358931552587762e+02 2.833202598611670098e+01
2.010465304371688244e+00 1.793999045974344238e-03 2.160935875216637783e+02 2.845127306643992426e+01
2.016906033528098163e+00 1.989616449670199121e-03 2.109311424100156387e+02 3.398853487555209085e+01
2.023555996358446407e+00 1.897180052363281293e-03 2.121957928802588924e+02 2.699495053029886904e+01
2.029968694217374470e+00 1.807083598350285245e-03 2.104498327759197309e+02 2.724460134353194363e+01
2.036339422929389187e+00 1.823287213829230622e-03 2.094570502431118371e+02 2.674583440147143421e+01
2.042808231593590484e+00 1.819045180469573350e-03 2.085081168831168839e+02 2.667829227034215833e+01
2.049121403930300289e+00 1.816823929832920258e-03 2.067658862876254204e+02 2.953021212314123645e+01
2.055546024436551544e+00 1.958593688934813937e-03 2.051712962962963047e+02 3.193732184863475609e+01
2.062179187475123410e+00 1.909374836257744399e-03 2.070171875000000057e+02 2.684078718006073672e+01
2.068587893715514436e+00 1.782255124468116103e-03 2.062733224222585875e+02 2.730112221328257149e+01
2.074943470461427353e+00 1.803325004765888358e-03 2.058161648177496090e+02 2.705170524001240651e+01
2.081348551495329602e+00 1.811685209211536278e-03 2.065039999999999907e+02 2.763848748394166677e+01
2.087807581420585645e+00 1.934124239786214495e-03 2.060474732006125578e+02 3.416843191255507151e+01
2.094354049547901386e+00 1.919763106963207067e-03 2.095276073619631916e+02 3.081500388163572879e+01
2.100814970511138302e+00 1.841726384006937703e-03 2.147735849056603854e+02 3.252971959510317390e+01
2.107147425483176129e+00 1.793021693532189254e-03 2.374731861198738159e+02 5.014825838615222864e+01
2.113573117004156288e+00 1.831442330790634650e-03 3.398992366412213642e+02 1.587665300589332276e+02
2.119956773712852627e+00 1.806996690666118864e-03 6.231977848101265636e+02 4.047434635923128212e+02
2.126392549358501416e+00 1.961143276791299343e-03 1.084820588235294053e+03 7.655416949227685564e+02
2.133022499541108896e+00 1.914261261225060897e-03 1.464076923076923094e+03 9.849038760631441392e+02
2.139480964562213483e+00 1.786119367506160778e-03 1.611562790697674473e+03 9.747264154183820892e+02
2.145796782645738254e+00 1.799418587043424183e-03 1.574191131498470895e+03 9.432072499511380101e+02
2.152165366120878165e+00 1.825425695775702338e-03 1.438599999999999909e+03 8.772055812739578187e+02
2.158655754564665852e+00 1.929951649106770133e-03 1.295828488372093034e+03 8.272614789997156777e+02
2.165204964825616862e+00 1.913631523374921799e-03 1.146154970760233937e+03 6.638407515828555461e+02
2.171687233764930003e+00 1.836559742283269984e-03 1.038728888888888832e+03 5.808152611447126219e+02
2.178057454997971210e+00 1.770075738143539208e-03 9.421102719033232233e+02 5.115778758429634081e+02
2.184381886656512783e+00 1.819268068842387707e-03 7.894561664190192687e+02 4.119639592660252561e+02
2.190889596552291430e+00 1.941484629964972597e-03 6.621918194640338697e+02 3.706968813765531650e+02
2.197415493733709368e+00 1.880394352234131695e-03 5.522394775036284500e+02 2.901279826839685825e+02
2.203858495652105454e+00 1.844129167940211774e-03 4.270549927641100112e+02 2.057368212119879445e+02
2.210218428929338064e+00 1.776952575370011446e-03 3.438239644970414020e+02 1.380314681756136679e+02
2.216548686487991304e+00 1.820372229284925253e-03 2.853962264150943611e+02 9.303882974839478948e+01
2.223054582631938558e+00 1.937499342758612587e-03 2.393867403314917226e+02 6.671137531127642717e+01
2.229555406010463425e+00 1.871681269043944497e-03 2.111115879828326172e+02 3.895667979813724457e+01
2.236023148886606471e+00 1.876509468722661325e-03 1.951140472878998651e+02 3.087864357265225479e+01
2.242466908337517939e+00 1.781536512235300631e-03 1.896446043165467756e+02 2.849957369037472077e+01
2.248784053696174290e+00 1.815619011182786555e-03 1.872496413199426115e+02 2.781780784604733370e+01
2.255261034229438355e+00 1.958337742873136802e-03 1.840738255033556925e+02 3.332353126752942529e+01
2.261752977112598817e+00 1.833135357339661826e-03 1.844625176803394595e+02 2.781933580199621403e+01
2.268193030407839927e+00 1.856919733580766289e-03 1.832155525238744929e+02 2.741115272405241043e+01
2.274620661936892052e+00 1.792548502283534354e-03 1.828194640338504939e+02 2.723221229101408269e+01
2.281045196159239286e+00 1.907452264699439036e-03 1.805594594594594469e+02 3.109768704450374344e+01
2.287566856146262317e+00 1.925687837049752790e-03 1.809558823529411882e+02 2.926918448518522808e+01
2.294017676381079784e+00 1.818149611703329506e-03 1.807853185595567993e+02 2.793399694231981911e+01
2.300373896127871021e+00 1.814054264739159471e-03 1.802886456908344712e+02 2.771321731027683555e+01
2.306733295622487301e+00 1.809288305020508025e-03 1.798612637362637372e+02 2.759859570257618699e+01
2.313210233147671158e+00 1.927057466226796351e-03 1.781484375000000000e+02 3.294809733383586092e+01
2.319750633036068876e+00 1.886628064392380537e-03 1.809112582781457093e+02 2.785653800016887871e+01
2.326167810919689938e+00 1.805281422939875990e-03 1.815060893098782060e+02 2.822604073831555738e+01
2.332524891627314911e+00 1.808157875111407291e-03 1.820631720430107521e+02 2.859177108490368013e+01
2.339018828040365428e+00 1.927078730268403945e-03 1.825923076923076849e+02 3.431892178529113835e+01
2.345529090540556361e+00 1.892646505679497623e-03 1.882513089005235543e+02 3.099282132723623917e+01
2.351902562585342693e+00 1.808634088653226840e-03 1.938930481283422580e+02 3.157643592956458889e+01
2.358283426411155403e+00 1.828495513811564770e-03 2.113389830508474461e+02 3.705524969344189401e+01
2.364665150299146479e+00 1.824483169818866225e-03 2.893072847682119004e+02 8.956357775285727030e+01
2.371140522023317931e+00 1.956229962378429419e-03 5.035818858560793956e+02 2.182324598854777946e+02
2.377698484074287411e+00 1.857249505322706908e-03 8.894461538461538339e+02 3.731025056520874159e+02
2.384135550776628865e+00 1.806484998011118103e-03 1.233366451612903120e+03 5.038184149257689342e+02
2.390495270780528703e+00 1.815820546892564329e-03 1.448335654596100312e+03 5.258282714826063966e+02
2.396907059408651008e+00 1.904650256318906557e-03 1.454384404924760702e+03 5.630126912559019274e+02
2.403395490390968892e+00 1.861409897307351969e-03 1.431254929577464736e+03 5.702603780294122089e+02
2.409868588547004364e+00 1.847911660654164229e-03 1.301497159090909008e+03 5.415408119266840004e+02
2.416315494183244539e+00 1.848423108511250412e-03 1.142007246376811509e+03 4.671509934513996427e+02
2.422721222723576151e+00 1.879130934971403807e-03 9.941177325581395507e+02 4.293471341477259671e+02
2.429135064156228374e+00 1.862177758942303550e-03 9.120879765395894765e+02 3.590374734552621021e+02
2.435558328952115659e+00 1.829358714226044739e-03 7.941804733727810799e+02 2.802522695006045979e+02
2.441961929587736613e+00 1.826990787003958654e-03 6.925778443113772482e+02 2.275848250427315520e+02
2.448435267415004279e+00 1.916283866918213176e-03 5.819796511627906739e+02 2.057853493848974438e+02
2.454898310690642571e+00 1.851262751470384186e-03 5.067727272727272521e+02 1.636716811634683779e+02
2.461278332832209870e+00 1.841207405127180587e-03 4.126344410876133111e+02 1.353815809517803643e+02
2.467732767309350983e+00 1.860175811866779036e-03 3.257927927927927954e+02 1.060109717124634159e+02
2.474317234005322774e+00 1.907302378477835920e-03 2.598369098712446430e+02 8.822926018526986525e+01
2.480763678027650521e+00 1.850982492662076430e-03 2.186133518776077835e+02 6.205916156633846725e+01
2.487114426650852028e+00 1.791691956921820849e-03 1.853483146067415817e+02 4.451437348811634109e+01
2.493514277050582706e+00 1.905910091373927331e-03 1.622694848084544219e+02 3.838047883141605610e+01
2.500016016455529844e+00 1.897218154373805617e-03 1.547353324641460119e+02 3.028052260633058879e+01
2.506504299072060071e+00 1.823698874814003905e-03 1.502714097496706245e+02 2.804100989333948846e+01
2.512828968428921783e+00 1.779539787674511890e-03 1.482045760430686414e+02 2.742539394180852241e+01
2.519262120792594928e+00 1.938201810876334251e-03 1.454271481942714956e+02 3.151393602096852931e+01
2.525775074220281358e+00 1.871497825325404334e-03 1.463350318471337630e+02 2.817211029170450587e+01
2.532197693037325781e+00 1.807973308604888651e-03 1.452974358974358893e+02 2.813142900441381755e+01
2.538545427775757091e+00 1.816891897915347926e-03 1.444002574002574022e+02 2.859657979670638994e+01
2.545039371368973402e+00 1.965732421291352915e-03 1.424370546318289712e+02 3.208949778528451446e+01
2.551577586228050976e+00 1.818913119815899733e-03 1.423876262626262701e+02 2.815645292589654503e+01
2.557912035390546901e+00 1.811160408138717511e-03 1.419436090225563873e+02 2.758691905189371951e+01
2.564418003384666633e+00 1.924750488034227642e-03 1.403919716646989286e+02 3.064278435509800858e+01
2.570930014234638072e+00 1.852202887801034569e-03 1.418231707317073074e+02 2.786214283879299813e+01
2.577333690207623373e+00 1.816621428331073769e-03 1.420061124694376531e+02 2.794876065130465292e+01
2.583698900290759326e+00 1.840143410056186736e-03 1.430647921760391057e+02 2.928893727932334201e+01
2.590116643848396460e+00 1.922552353981257615e-03 1.534690781796966235e+02 3.364754685203355677e+01
2.596553429180498362e+00 1.801710981220896188e-03 1.923446601941747645e+02 4.678252802701410928e+01
2.602955615407046341e+00 1.842317350104424401e-03 2.695729411764705787e+02 8.148126851208871813e+01
2.609495359574187212e+00 1.911716238635802895e-03 3.647879133409350061e+02 1.313634115096756432e+02
2.615974071523933020e+00 1.844748521006626301e-03 4.375799999999999841e+02 1.462431441932558016e+02
2.622378270172453618e+00 1.832507040312451657e-03 4.527017543859649322e+02 1.502028088956516285e+02
2.628819659223405658e+00 1.883705983027747803e-03 4.333298850574712446e+02 1.444476266415734358e+02
2.635224897504864661e+00 1.872415782458078902e-03 4.267471264367816275e+02 1.267690864585807873e+02
2.641639659702591736e+00 1.816527212418568051e-03 3.994717416378315988e+02 1.215737800746045849e+02
2.648064596936881454e+00 1.851525790120274028e-03 3.614982896237171985e+02 1.119681129561251538e+02
2.654540339871488630e+00 1.920962172705038655e-03 3.356776677667766648e+02 9.817499829786019916e+01
2.661017435989672553e+00 1.820997431850269717e-03 3.065679999999999836e+02 8.405600358944369077e+01
2.667377750780578261e+00 1.839233884157700843e-03 2.830170261066969601e+02 7.627727186979367957e+01
2.673833255939705111e+00 1.922629864361171097e-03 2.545763813651137468e+02 6.970613087820814258e+01
2.680310332336410362e+00 1.829470795604572599e-03 2.366606942889137599e+02 5.743048625487384840e+01
2.686679530094181256e+00 1.809753184080302099e-03 2.161188340807174768e+02 5.308356558719601992e+01
2.693172569770623248e+00 1.920456143785719515e-03 1.913720930232558146e+02 5.023665343301518504e+01
2.699710169678059213e+00 1.845827250732203417e-03 1.704471101417666432e+02 3.866568297982900049e+01
2.706108723802718607e+00 1.808001129835774996e-03 1.547375415282392055e+02 3.456384682105650086e+01
2.712552861480932442e+00 1.909490143508341294e-03 1.409841938883034800e+02 3.435100149318867579e+01
2.719028861112676942e+00 1.848278151304674159e-03 1.333924324324324289e+02 2.904263295821093749e+01
2.725349625855669977e+00 1.780111837505188701e-03 1.278845726970033354e+02 2.818875414599233409e+01
2.731792001493120292e+00 1.927874637693306574e-03 1.237387295081967267e+02 3.022216431588870122e+01
2.738310186615081410e+00 1.835670255000661395e-03 1.230660276890308893e+02 2.733749492289259564e+01
2.744685257899765141e+00 1.793617037467074102e-03 1.224181034482758577e+02 2.670129698607732749e+01
2.751066800196758422e+00 1.878288467704576767e-03 1.232358490566037688e+02 2.611125948550974130e+01
2.757601512830000434e+00 1.862141664063760894e-03 1.245955801104972380e+02 2.272143529774385584e+01
2.764058068263966828e+00 1.836587841443396716e-03 1.245341685649202788e+02 2.237002471661326553e+01
2.770529172478649382e+00 1.887167826034379927e-03 1.253153153153153170e+02 2.272557165424926495e+01
2.776955143396238501e+00 1.821333560803167642e-03 1.243667452830188722e+02 2.227146274993041075e+01
2.783316304171964184e+00 1.843620978786204888e-03 1.245625000000000000e+02 2.198582438883299872e+01
2.789755116199374552e+00 1.895104686621155434e-03 1.259872832369942159e+02 2.201331303439145159e+01
2.796202065730379438e+00 1.823396814250311405e-03 1.248850299401197645e+02 2.208263869246124145e+01
2.802598215598055997e+00 1.839199823105454800e-03 1.249532934131736539e+02 2.201649168853405669e+01
2.809058618291326859e+00 1.891542357478581855e-03 1.258619883040935719e+02 2.226096094057666264e+01
2.815539484174618412e+00 1.814857361145085640e-03 1.255072815533980588e+02 2.194171072200273187e+01
2.821989463872399906e+00 1.865090624993398201e-03 1.256379928315412116e+02 2.178407532256638035e+01
2.828483713597702565e+00 1.883630524017047489e-03 1.262285714285714278e+02 2.126584403330795325e+01
2.834900904292738222e+00 1.791954038426357698e-03 1.272500000000000000e+02 2.223311859591451878e+01
2.841279989216558999e+00 1.876324795384782303e-03 1.291582125603864597e+02 2.239261633092257497e+01
2.847767858763501359e+00 1.886990809494324501e-03 1.297500000000000000e+02 2.284813864658402593e+01
2.854224446368732959e+00 1.845718501710050556e-03 1.301923076923076792e+02 2.281665472354415769e+01
2.860652227376856871e+00 1.895283512592607677e-03 1.309526699029126178e+02 2.279935984229793533e+01
2.867113210476443186e+00 1.859648482407798373e-03 1.300742574257425872e+02 2.241777105168119277e+01
2.873572830144707879e+00 1.886954548921765396e-03 1.299742014742014646e+02 2.214810634753812124e+01
2.879995266294152589e+00 1.874768549312584749e-03 1.302242874845105405e+02 2.215425890040125623e+01
2.886377499349285003e+00 1.822646243021190660e-03 1.302481012658227826e+02 2.196186626725321034e+01
2.892826601299819611e+00 1.901257081905588812e-03 1.309489671931956138e+02 2.113800070063527059e+01
2.899287209408602628e+00 1.837036175435869181e-03 1.304000000000000057e+02 2.082702646674605873e+01
2.905651471559458798e+00 1.820821310380915442e-03 1.302935196950444663e+02 2.049611766225698162e+01
2.912064357739847953e+00 1.885695667761764669e-03 1.308255528255528191e+02 2.018714816229266518e+01
2.918524733004972394e+00 1.831846772134888184e-03 1.297977243994943137e+02 2.002632381511422111e+01
2.925008101889499557e+00 1.898964803942654149e-03 1.292192448233861057e+02 1.960926957642963231e+01
2.931494571104498625e+00 1.860470468068603543e-03 1.285648949320148233e+02 1.910427465646285938e+01
2.937893251398651540e+00 1.817351826735809622e-03 1.279422835633626079e+02 1.909939948366794482e+01
2.944305546311252186e+00 1.880927000690213848e-03 1.284801444043321226e+02 1.872358636999986814e+01
2.950769139483569781e+00 1.826098071515048831e-03 1.286474201474201493e+02 1.867892612892400450e+01
2.957217893682505760e+00 1.858471812583063982e-03 1.297021791767554362e+02 1.848605384476099189e+01
2.963641657319503686e+00 1.840162297927921053e-03 1.301742331288343451e+02 1.828242755252413332e+01
2.970043842149071800e+00 1.832295957600710810e-03 1.301980198019801946e+02 1.839414843362890295e+01
2.976510225225458495e+00 1.909562939757382871e-03 1.324144893111638908e+02 1.801479853933879127e+01
2.983008757323797777e+00 1.820848808918005624e-03 1.346183395291201919e+02 1.842904161542511687e+01
2.989442833175567138e+00 1.860876473636659213e-03 1.409551515151515275e+02 2.017464041983868483e+01
2.995851322080832713e+00 1.818248084975540883e-03 1.591490683229813783e+02 3.007161763882363914e+01
3.002288071879581022e+00 1.866109072499165002e-03 2.122302070645554295e+02 6.680017031449935416e+01
3.008748785923475388e+00 1.879638502675874765e-03 3.158824242424242357e+02 1.368262932271193506e+02
3.015199648864150372e+00 1.825469582085792030e-03 4.599651741293532154e+02 2.344224377930958383e+02
3.021614952218953931e+00 1.867358907394168870e-03 5.831903030303030846e+02 2.996576962544394860e+02
3.028035269137849372e+00 1.805619228951016193e-03 6.377847309136420790e+02 3.036844765124707237e+02
3.034481983401863037e+00 1.885823396422961745e-03 6.116425992779783201e+02 2.680351569486944641e+02
3.040948636384726900e+00 1.846244746713175374e-03 5.756493827160493311e+02 2.625633658359518563e+02
3.047399548284976056e+00 1.866575050031695892e-03 5.492815177478580608e+02 2.503579677877360439e+02
3.053818065407082116e+00 1.858882463793821993e-03 5.178882063882064131e+02 2.388253109155132279e+02
3.060168791671987076e+00 1.792825745411367891e-03 4.982735368956742832e+02 2.387094128753580264e+02
3.066596020837712544e+00 1.927764682785730512e-03 4.476812796208531040e+02 2.136768803055910837e+02
3.073140751332767540e+00 1.856356834428901387e-03 3.966291718170580793e+02 1.826802964346723002e+02
3.079593295930210139e+00 1.886716362797553155e-03 3.345321212121212398e+02 1.512890868339197823e+02
3.086017154762366044e+00 1.830431539716442747e-03 2.920500000000000114e+02 1.255126988097220959e+02
3.092486513109037993e+00 1.905108961471654438e-03 2.570647482014388743e+02 1.214426548922271110e+02
3.098964516853627060e+00 1.852397442341169754e-03 2.318467243510506819e+02 1.035481462486180249e+02
3.105440922044128804e+00 1.880034527507769499e-03 2.037709090909091003e+02 8.246626838585339669e+01
3.111821301298671738e+00 1.810318297736169049e-03 1.784075471698113233e+02 5.391064540869992783e+01
3.118233335063332667e+00 1.868901341642052608e-03 1.604531059683313003e+02 3.357366684747980656e+01
3.124683867316949026e+00 1.865189586864977357e-03 1.497936507936507837e+02 2.284448460713691276e+01
3.131144652615997170e+00 1.844489775254080271e-03 1.421802469135802482e+02 1.661755223308095708e+01
3.137527951480249655e+00 1.850518740970626434e-03 1.372521525215252041e+02 1.259368635065436592e+01
3.143946084488824955e+00 1.842734159383119935e-03 1.347596034696406377e+02 1.116354277689540808e+01
3.150358822729363073e+00 1.875642417003805899e-03 1.335339805825242649e+02 1.030838701588479367e+01
3.156784286039504561e+00 1.823981601210612454e-03 1.342549999999999955e+02 9.927124142973131171e+00
3.163270120323041557e+00 1.930117905744787839e-03 1.364634433962264097e+02 9.538732498363152956e+00
3.169756141428992979e+00 1.817110211355118556e-03 1.393994974874371735e+02 9.375497259608565059e+00
3.176136715832639901e+00 1.869400486556539428e-03 1.495563636363636419e+02 1.453010189768209770e+01
3.182603852824878121e+00 1.855271636042648588e-03 1.849006134969325217e+02 4.144879093912183521e+01
3.189050645908320547e+00 1.867823016262818358e-03 2.682872727272727502e+02 9.375039202268817462e+01
3.195475202712392715e+00 1.830177604982121797e-03 3.907456575682381867e+02 1.518089991245898602e+02
3.201930699474990760e+00 1.890160737295187680e-03 4.997658303464755249e+02 1.772840159296816296e+02
3.208380198036255848e+00 1.818817371399450607e-03 5.443985056039850861e+02 1.567516492659230778e+02
3.214769441202507405e+00 1.856295446885927562e-03 5.407791262135922352e+02 1.553256857868857423e+02
3.221219946103295317e+00 1.854520719188760538e-03 5.157114914425427514e+02 1.521287160235146985e+02
3.227683765295594753e+00 1.874065427032763596e-03 4.739927797833935301e+02 1.375225961061729265e+02
3.234131017772435612e+00 1.840716304877563787e-03 4.401023427866830957e+02 1.354930285988167213e+02
3.240599979113187423e+00 1.901252405176113557e-03 3.757817319098458029e+02 1.344144350743263772e+02
3.247028333220890239e+00 1.799593188369970169e-03 3.293559748427672957e+02 1.364437987145837496e+02
3.253443203786942295e+00 1.907653420062672836e-03 2.782087264150943611e+02 1.320196002107287256e+02
3.259883502116921683e+00 1.795580006981134817e-03 2.513274559193954758e+02 1.240388244093456791e+02
3.266300345605878341e+00 1.923600185575663262e-03 2.216037514654161669e+02 1.112978412314212306e+02
3.272853483066015201e+00 1.856140221165968399e-03 2.004439024390243844e+02 9.765534755763871999e+01
3.279208055010873757e+00 1.838273880463746476e-03 1.831779141104294411e+02 8.533084210265703007e+01
3.285677511815711327e+00 1.882917816817657360e-03 1.637482100238663350e+02 6.755686741372369397e+01
3.292103848527159204e+00 1.835553428200827411e-03 1.485936352509179983e+02 5.184330123705592541e+01
3.298586108799094418e+00 1.888317585372828586e-03 1.343087885985748358e+02 3.671369656063038889e+01
3.305031100311709658e+00 1.850386223069815962e-03 1.257697929354445847e+02 2.526303189124946869e+01
3.311493553422723224e+00 1.868513817595845007e-03 1.184880668257756611e+02 1.837873462234860966e+01
3.317903636599865536e+00 1.824831080609758517e-03 1.139791411042944844e+02 1.306748057259649620e+01
3.324331097200103002e+00 1.867240715589447552e-03 1.096095238095238074e+02 1.017908297238656523e+01
3.330698991454875468e+00 1.802295415888940022e-03 1.071620947630922700e+02 8.548387269373298736e+00
3.337129369178693850e+00 1.924555404658041986e-03 1.057572590011614437e+02 8.419877509257418069e+00
3.343680207265053550e+00 1.861922247852822480e-03 1.057780458383594748e+02 8.265274523173546939e+00
3.350044083295126374e+00 1.835162792558274860e-03 1.068298906439854221e+02 7.721379526954574857e+00
3.356505604070456616e+00 1.871227406804753775e-03 1.132227488151658719e+02 8.772894622705493362e+00
3.362916001860436488e+00 1.833654571443432820e-03 1.266820950060901367e+02 1.362320103519379622e+01
3.369285096640512123e+00 1.875337531839301689e-03 1.445768292682926699e+02 2.138562135440214007e+01
3.375802434903234950e+00 1.848095989791553092e-03 1.583694181326116279e+02 2.558840755448579074e+01
3.382214916359785661e+00 1.843501739730700950e-03 1.639325842696629252e+02 2.651289427206090110e+01
3.388621595555129762e+00 1.837214591020290208e-03 1.588791848617176186e+02 2.263249366128421869e+01
3.395087870480640202e+00 1.897809126909797642e-03 1.496584302325581461e+02 2.229761659279547104e+01
3.401600099274715294e+00 1.862825267528726196e-03 1.424343891402714917e+02 2.565572420513221630e+01
3.408008587822927371e+00 1.829521772960810344e-03 1.351537267080745437e+02 2.688169777243012959e+01
3.414429009776510870e+00 1.863403552598411495e-03 1.292879256965944137e+02 2.745431707259901799e+01
3.420895508941175223e+00 1.876279003669552520e-03 1.227918622848200272e+02 2.631428292748522324e+01
3.427361199308996742e+00 1.871984655860910217e-03 1.175237341772151893e+02 2.365800529945920871e+01
3.433789816721534383e+00 1.835455874914732619e-03 1.124253246753246742e+02 2.080471156130093391e+01
3.440207803416203358e+00 1.864980166185075923e-03 1.079045307443365687e+02 1.769488214477771137e+01
3.446682336316245543e+00 1.886495457043324163e-03 1.044682926829268297e+02 1.509609328668596895e+01
3.453142116062292821e+00 1.850491205141300763e-03 1.015495798319327747e+02 1.339401829206046379e+01
3.459552608189105705e+00 1.840426776601197887e-03 9.918664383561643660e+01 1.230003358288053938e+01
3.466037827277117955e+00 1.895781883946169978e-03 9.806791171477080127e+01 1.227122404781973231e+01
3.472473653977210972e+00 1.828931698347952819e-03 9.631663685152057042e+01 1.102309106008929263e+01
3.478868831430015351e+00 1.849798838882201271e-03 9.445714285714285552e+01 9.068531595915752419e+00
3.485296939778874226e+00 1.846836384750711896e-03 9.255677655677655480e+01 7.587498960937549164e+00
3.491740378822062674e+00 1.892374048568714641e-03 9.115664845173041897e+01 7.116732237780737158e+00
3.498222076309955408e+00 1.850392789083453492e-03 8.996428571428570820e+01 5.979332467439500753e+00
3.504611891581455030e+00 1.828338000025509641e-03 8.896310679611650585e+01 5.603615707897078302e+00
3.511032309223517167e+00 1.894740202114146826e-03 8.832442748091602880e+01 5.817709826506455961e+00
3.517510811405253346e+00 1.847376399887671770e-03 8.817984189723320299e+01 6.432196409523711189e+00
3.523886222494890585e+00 1.819823680849573695e-03 8.794887525562371877e+01 6.179600776750279856e+00
3.530333766363422221e+00 1.913949961282706506e-03 8.881386138613861192e+01 5.951173747558549998e+00
3.536838628960300657e+00 1.837400593869444173e-03 8.939791666666666003e+01 5.717006033415663602e+00
3.543212277439104163e+00 1.824314092004992007e-03 8.983725910064239883e+01 5.817986757973212519e+00
3.549634251627681092e+00 1.895848120010211945e-03 9.013235294117646390e+01 5.616376511693934148e+00
3.556117060308725097e+00 1.842284182035823720e-03 8.874454148471615156e+01 5.602918744826473230e+00
3.562580790750173865e+00 1.873137250446494902e-03 8.793640350877193157e+01 6.246243099849634994e+00
3.569027121761189303e+00 1.864198494303047999e-03 8.691666666666667140e+01 6.525216736128661488e+00
3.575415228040989657e+00 1.829283293316363293e-03 8.515313225058004321e+01 6.458334496088723675e+00
3.581824267593239686e+00 1.860007523854312686e-03 8.377726218097447486e+01 6.496544580661762325e+00
3.588330065081806630e+00 1.895947895659538546e-03 8.307656612529002871e+01 6.660398231579458539e+00
3.594804804657118602e+00 1.838793340235311087e-03 8.219512195121950526e+01 6.403235722788463313e+00
3.601203120605045882e+00 1.866742151695356807e-03 8.178186274509803866e+01 5.974079559725371524e+00
3.607629953215138574e+00 1.849946976811765471e-03 8.079949874686717237e+01 5.608523632792282498e+00
3.614090854913730499e+00 1.868416365547433599e-03 7.976767676767676107e+01 5.704064194221771800e+00
3.620574720227974552e+00 1.873754476683962313e-03 7.896401028277634282e+01 6.132315714828137310e+00
3.627004027770476924e+00 1.835919208150294619e-03 7.918449197860962840e+01 5.665699060439176371e+00
3.633382280898821648e+00 1.849285921997263250e-03 7.889972899728996936e+01 5.958799305651480083e+00
3.639818201334091174e+00 1.872714577785467623e-03 7.771117166212533789e+01 5.488431074697903256e+00
3.646271849872324999e+00 1.848931603973280732e-03 7.744382022471910432e+01 5.337834068360103323e+00
3.652754025121335069e+00 1.886957975833729447e-03 7.710955056179774658e+01 5.241857537710342463e+00
3.659208746855755479e+00 1.834720162372708565e-03 7.695870206489675525e+01 5.737723981906677650e+00
3.665582835495777569e+00 1.840575612045432024e-03 7.703003003003003357e+01 5.887006542821611177e+00
3.672040343112283445e+00 1.886479483533069204e-03 7.737724550898204257e+01 6.025853558783848207e+00
3.678529717319615866e+00 1.858096912976999176e-03 8.144409937888198669e+01 1.188779554343886602e+01
3.684932562337432049e+00 1.835190244932949138e-03 9.336012861736334401e+01 2.706399619025404135e+01
3.691340469028411508e+00 1.865394116403416890e-03 1.086537216828479018e+02 3.557755564721806962e+01
3.697825917576230470e+00 1.878575472322643403e-03 1.246348684210526301e+02 4.815521455009467644e+01
3.704288468942850354e+00 1.854378416201764085e-03 1.332150170648464211e+02 4.586092155726744579e+01
3.710695071708606907e+00 1.843173339766954189e-03 1.354631578947368382e+02 4.910369716011456376e+01
3.717119980493126530e+00 1.858275420549158159e-03 1.292500000000000000e+02 5.352742121033453770e+01
3.723579054116692877e+00 1.875547371405369762e-03 1.200581818181818221e+02 4.371016637612007827e+01
3.730020297411832164e+00 1.843995263516665269e-03 1.171818181818181870e+02 4.914390027138971817e+01
3.736426917509388268e+00 1.851423495632689448e-03 1.049689922480620226e+02 4.411000699142821446e+01
3.742862848593606184e+00 1.866246695943705233e-03 9.701185770750987558e+01 3.819773684315697437e+01
3.749304155234212121e+00 1.850203366498975400e-03 8.649590163934426812e+01 2.837566290142671477e+01
3.755769545342233950e+00 1.881542671327423493e-03 8.033609958506224302e+01 2.504784732745307707e+01
3.762207580716425692e+00 1.832713059301602828e-03 7.645614035087719174e+01 2.024055091908707027e+01
3.768650259547695391e+00 1.882711660849632198e-03 7.185022026431718700e+01 1.157103281826140062e+01
3.775101190588130873e+00 1.841328330998877110e-03 6.919534883720930907e+01 6.346942386976735406e+00
3.781544745172108257e+00 1.876261972947606757e-03 6.763679245283019270e+01 4.902189446987389232e+00
3.787984350729691752e+00 1.841817734800533721e-03 6.751243781094527208e+01 5.019232336739061218e+00
3.794443778523244770e+00 1.888119406057294294e-03 6.700502512562813706e+01 4.680763585003356653e+00
3.800887998049732097e+00 1.829598834944004332e-03 6.690860215053763227e+01 4.150628167712833161e+00
3.807319286871066577e+00 1.879776389761753357e-03 6.679347826086956275e+01 4.456886252324882669e+00
3.813728772969168901e+00 1.816176537965013323e-03 6.746198830409356617e+01 4.980643768883568079e+00
3.820127884734960233e+00 1.870328496078344947e-03 6.794674556213017524e+01 4.082338533620727183e+00
3.826558902351690605e+00 1.840091099185570860e-03 7.205031446540880324e+01 4.989074729722495327e+00
3.832976717434447789e+00 1.862754303780558536e-03 8.058441558441558072e+01 8.967468989872854124e+00
3.839467489846226655e+00 1.881591717002498556e-03 9.883108108108108070e+01 1.584033683356293132e+01
3.845958738964208923e+00 1.872212223355807642e-03 1.320642857142857167e+02 3.065737917629593667e+01
3.852379013358490312e+00 1.829949564810406546e-03 1.542692307692307736e+02 4.557376490193977503e+01
3.858770514458473411e+00 1.860590576749386821e-03 1.632319999999999993e+02 4.917328575558074277e+01
3.865201312403456324e+00 1.846877382617491750e-03 1.634615384615384528e+02 4.747581826766222690e+01
3.871669834970288271e+00 1.885989225799452511e-03 1.407857142857142776e+02 3.887682504410826567e+01
3.878154213609482870e+00 1.855219997046820071e-03 1.128155339805825292e+02 3.052904246422801648e+01
3.884570297975108666e+00 1.842018581107749764e-03 8.698947368421052317e+01 2.858670632292835379e+01
3.891030549524630455e+00 1.892572859664069882e-03 6.847777777777777430e+01 1.699311407382196037e+01
3.897480132485925619e+00 1.830223622249431631e-03 5.851250000000000284e+01 4.975565294516796300e+00
3.903837790606199842e+00 1.833538786489578550e-03 5.730136986301369717e+01 3.555183814828037470e+00
3.910297958451704581e+00 1.898394991490752427e-03 5.741176470588235503e+01 4.043663076056703609e+00
3.916760076293909876e+00 1.823271174774054393e-03 5.618965517241379359e+01 4.162855966504209526e+00
3.923205856217289345e+00 1.907998375040481686e-03 5.515094339622641684e+01 3.576504555352986170e+00
3.929647757040283906e+00 1.804292177573046203e-03 5.423255813953488058e+01 3.095033443649140015e+00
3.936002968608691699e+00 1.864030959871269735e-03 5.589189189189189477e+01 3.185522399601636856e+00
3.942404476100300759e+00 1.828532384993888883e-03 5.568965517241379359e+01 3.247792628233021617e+00
3.948822507765122225e+00 1.871711324841116540e-03 5.354545454545454675e+01 2.421494654884944975e+00
3.955157590966607906e+00 1.825831164639231917e-03 5.521428571428571530e+01 2.261027398763487462e+00
3.961507824082775464e+00 1.968979546566614058e-03 5.471428571428571530e+01 2.931183504097598647e+00
