# q qerr I(q) I(q)err
8.294532032279089417e-03 3.215448162638725495e-03 5.833333333333333703e-01 3.089292289805522884e+01
1.547771440847061503e-02 1.298069176105710962e-03 7.500000000000000000e-01 4.999999999999999445e-01
2.114153426598287117e-02 1.953452460535632252e-03 9.000000000000000222e-01 4.847679857416328786e-01
2.708829541553820289e-02 1.932501425123600049e-03 8.750000000000000000e-01 5.590169943749474513e-01
3.424760286937652415e-02 2.393094809829984012e-03 9.545454545454545858e-01 4.488276740484433147e-01
4.134659872356089005e-02 1.444308516548141333e-03 9.166666666666666297e-01 3.967460238079361656e-01
4.709622292726145520e-02 1.633576272088444088e-03 8.499999999999999778e-01 4.987484335815002834e-01
5.289360403025952090e-02 1.994215660312892175e-03 7.500000000000000000e-01 5.352180241110470194e-01
5.941266175682404643e-02 2.038777625163953021e-03 7.399999999999999911e-01 6.059702963017246091e-01
6.623959740571712385e-02 2.014614798769268252e-03 8.148148148148147696e-01 5.925925925925924487e-01
7.251770781946841049e-02 1.767162065969994948e-03 8.750000000000000000e-01 5.025974200756174737e-01
7.836204892921720677e-02 1.794558473909566021e-03 1.080000000000000071e+00 9.461500938011896400e-01
8.476368586159346852e-02 2.173163639586968114e-03 2.296875000000000000e+00 5.033724158736749388e+00
9.171767809022127182e-02 2.151270969520740432e-03 8.352941176470588758e+00 2.111449263676393784e+01
9.840741527280037759e-02 1.879523288412654567e-03 2.148333333333333428e+01 5.020067507292882425e+01
1.046713563714864598e-01 1.717715818177843919e-03 4.965999999999999659e+01 9.208809695069173529e+01
1.108696467093386595e-01 1.978629817275711061e-03 8.166037735849056389e+01 1.312039710606044025e+02
1.174911181025048434e-01 2.151142134119994175e-03 1.160655737704918096e+02 1.700993828729222628e+02
1.240901985761322518e-01 1.682567093931450772e-03 1.688600000000000136e+02 2.169993953908627873e+02
1.302695169190241364e-01 1.981638030988197227e-03 1.870847457627118615e+02 2.408458843684824728e+02
1.366843399328758479e-01 1.885635125754002352e-03 2.352142857142857224e+02 2.810234688616243943e+02
1.431380625310322841e-01 2.037281709542672608e-03 2.607419354838709751e+02 2.999827579158946378e+02
1.497407916800755912e-01 2.013243134106564892e-03 2.988571428571428328e+02 3.340434952058524800e+02
1.560440161600273323e-01 1.800320108738214832e-03 3.281754385964912331e+02 3.592789665537642918e+02
1.626324968867556287e-01 2.166758397174068339e-03 3.572432432432432279e+02 3.708218568601383254e+02
1.693678508908615654e-01 1.711853084056604935e-03 3.841666666666666856e+02 4.014138450527087230e+02
1.755753172360756398e-01 1.940749690505284321e-03 4.160144927536231876e+02 4.055475632856848165e+02
1.819629297477835528e-01 1.792019476258344991e-03 4.374923076923076906e+02 4.287205605674334379e+02
1.883474920212158954e-01 1.982820530303366913e-03 4.487222222222222285e+02 4.437336408043472602e+02
1.949500334927739553e-01 1.985593967279970003e-03 4.854266666666666765e+02 4.489764622387732516e+02
2.014306324154557237e-01 1.750557958225071797e-03 5.011594202898550634e+02 4.666870658967530971e+02
2.076332073357673447e-01 1.865361520913360683e-03 5.338378378378378102e+02 4.665798198259429341e+02
2.140129245322099916e-01 1.882829286684015863e-03 5.319333333333332803e+02 4.822055522976344832e+02
2.204163405633874917e-01 1.951475208267544961e-03 5.688717948717949184e+02 4.804155731712185116e+02
2.268599176829277919e-01 1.954094669929957399e-03 5.702500000000000000e+02 4.944509992152912901e+02
2.335135695299082048e-01 1.986313139076756155e-03 5.852705882352940989e+02 5.042302234105885645e+02
2.400224779461884173e-01 1.823737618079871109e-03 6.150375000000000227e+02 5.042261636036948858e+02
2.464005577519743639e-01 1.894426896505377799e-03 6.306941176470588744e+02 5.070881666137783554e+02
2.528350385827773383e-01 1.829527638271931031e-03 6.473095238095238528e+02 5.111624387924053394e+02
2.590859102888302123e-01 1.817056121189442432e-03 6.508333333333333712e+02 5.163956643339070069e+02
2.654612130450557106e-01 1.918447197659697845e-03 6.575842696629213151e+02 5.214688330528240385e+02
2.718942366720529247e-01 1.942478483450333455e-03 6.847692307692307168e+02 5.083927369454320910e+02
2.784185743669774227e-01 1.921358219378808702e-03 6.814623655913978837e+02 5.057840988313028561e+02
2.849156375412667530e-01 1.882334819595186037e-03 7.332872340425532229e+02 4.783042578793100574e+02
2.911870294677750826e-01 1.766712284927822799e-03 7.400337078651685943e+02 4.632054769206226865e+02
2.976511517037133681e-01 2.019527329980297554e-03 7.814271844660194120e+02 4.317153034283728630e+02
3.043178155919494809e-01 1.919359421117726450e-03 7.906900000000000546e+02 4.126922349645072359e+02
3.108074081907638564e-01 1.815555258398614735e-03 8.201734693877550626e+02 3.902674413272261518e+02
3.170970610330232087e-01 1.826000353424227750e-03 8.373333333333333712e+02 3.744829881550139703e+02
3.235319739834495723e-01 1.908097576542081529e-03 8.431904761904761472e+02 3.597082598433714793e+02
3.300700059726238145e-01 1.867687188749142220e-03 8.760849056603773306e+02 3.384561831783374259e+02
3.365262003550894554e-01 1.808122422876843900e-03 8.763428571428571558e+02 3.330089373890021420e+02
3.429039324965278412e-01 1.810371451943152679e-03 9.043773584905660528e+02 3.142200479266813886e+02
3.492243179790229801e-01 1.835371710213073819e-03 9.156111111111110858e+02 3.005062900336600364e+02
3.555659880086458058e-01 1.813249007222180170e-03 9.253703703703703241e+02 2.897836126855174825e+02
3.620245372922214488e-01 1.918012235727336494e-03 9.442735042735042725e+02 2.747883648951929558e+02
3.685406119477664388e-01 1.798147481859587110e-03 9.409099099099098567e+02 2.654164500799717530e+02
3.750909242308860247e-01 1.967614233492519498e-03 9.604354838709676869e+02 2.453145268661668013e+02
3.816999037813160189e-01 1.752662604176019427e-03 9.593913043478261216e+02 2.320900646508609952e+02
3.880273799716012495e-01 1.749306826939258557e-03 9.665517241379310462e+02 2.190698448176798649e+02
3.942361145945514900e-01 1.745527907058957431e-03 9.680086206896551175e+02 2.096541692637071606e+02
4.006128291384035145e-01 1.852638254231622501e-03 9.720162601626016112e+02 1.981483386138925482e+02
4.070503578694664726e-01 1.848743254130127446e-03 9.736209677419354875e+02 1.913260771404792422e+02
4.135933781829447264e-01 1.871256654943844995e-03 9.706589147286821344e+02 1.830923359875720564e+02
4.202179442533061082e-01 1.832712641984981681e-03 9.793846153846153584e+02 1.708611256557647380e+02
4.266798115557093873e-01 1.759393680741872749e-03 9.810472440944881782e+02 1.606479195181440502e+02
4.330910535146235696e-01 1.771858374752960505e-03 9.851230769230769511e+02 1.529179557260426918e+02
4.395078467689783608e-01 1.772659720438770270e-03 9.853333333333333712e+02 1.488530561434071728e+02
4.457793319829173595e-01 1.654526338047628432e-03 9.757039999999999509e+02 1.445831456844123579e+02
4.521562795609589402e-01 1.887763445894669913e-03 9.792112676056337932e+02 1.337887464803552291e+02
4.587656575942579140e-01 1.769717907920350091e-03 9.653430656934306171e+02 1.262503658729424956e+02
4.652405449529313231e-01 1.746242423612376143e-03 9.585971223021582546e+02 1.179232171833524347e+02
4.716282944699034529e-01 1.704407088516023735e-03 9.499781021897809978e+02 1.115136374236388974e+02
4.780637153179891352e-01 1.798647074538550902e-03 9.433680555555555429e+02 1.029867460833051069e+02
4.844976548260259142e-01 1.723433333189145671e-03 9.387464788732394254e+02 9.638602039504343111e+01
4.908596034113225648e-01 1.665744062354685903e-03 9.291347517730496293e+02 9.134695663014316835e+01
4.972011979785150859e-01 1.734256865849588200e-03 9.281575342465753238e+02 8.701462380033328259e+01
5.036178995103413047e-01 1.747915368961153139e-03 9.187567567567567721e+02 8.321439259608358441e+01
5.101756467004687767e-01 1.800451491856020327e-03 9.131806451612902720e+02 7.938107853608786968e+01
5.166235656727934389e-01 1.648057805296297825e-03 9.060340136054421691e+02 7.433500489009692558e+01
5.229884928033705638e-01 1.714260039451578075e-03 9.018092105263158373e+02 6.990610602781632110e+01
5.293925748937229336e-01 1.756900675637705763e-03 8.964487179487178992e+02 6.701879943208138002e+01
5.357749724968067229e-01 1.647361260156582873e-03 8.900066225165562628e+02 6.538733295721945638e+01
5.422269581426349960e-01 1.797131621318817348e-03 8.855121951219512084e+02 6.394864974093105303e+01
5.488258977193463117e-01 1.752106618123457169e-03 8.785403726708074146e+02 6.109368266689423166e+01
5.552607346015674405e-01 1.711536068502800701e-03 8.746375000000000455e+02 5.806868844846592737e+01
5.616696921416424182e-01 1.713298320607429745e-03 8.690920245398773432e+02 5.542964986162054686e+01
5.680596363279470928e-01 1.671719726027721563e-03 8.630187499999999545e+02 5.345184529672479812e+01
5.744116486855085357e-01 1.773350792090137981e-03 8.575892857142856656e+02 5.136310110149021568e+01
5.808465417437830292e-01 1.706594120505047427e-03 8.517818181818181529e+02 4.968445444778582498e+01
5.872915480827241019e-01 1.773275249674210931e-03 8.475895953757225243e+02 4.650436307873361130e+01
5.936297343998458986e-01 1.608871723183330060e-03 8.407839506172839492e+02 4.421832912946136673e+01
6.000917821228005655e-01 1.852508397134843563e-03 8.379670329670329920e+02 4.170670547391321747e+01
6.066068710033430955e-01 1.719733697199352486e-03 8.310116959064326920e+02 4.193694712234149335e+01
6.129319261090041548e-01 1.700305612135823196e-03 8.259709302325580893e+02 4.188916893792998053e+01
6.193292159447265632e-01 1.792945791870086646e-03 8.182444444444444116e+02 4.202601633967601913e+01
6.257789288608107681e-01 1.769335618302108433e-03 8.117344632768362089e+02 4.201561817743655780e+01
6.322945183878984077e-01 1.883051681004075783e-03 8.073915343915343783e+02 4.037931381377096329e+01
6.387697914265673127e-01 1.734308686986089703e-03 8.031931818181818699e+02 4.163631944097495818e+01
6.450797878865883739e-01 1.812617312363664322e-03 7.986413043478261216e+02 4.156026055694835009e+01
6.514777522098027518e-01 1.807195130708317372e-03 7.916918918918919417e+02 4.213229676829298853e+01
6.579453254174412180e-01 1.840076954070700866e-03 7.850529100529100788e+02 4.195087349927266729e+01
6.642487788958216788e-01 1.761967380250493336e-03 7.778406593406593856e+02 4.268619329119798067e+01
6.707545140871414846e-01 1.952870522822350513e-03 7.727899999999999636e+02 4.024487358658242897e+01
6.772291234912055646e-01 1.844192786587162299e-03 7.660211640211640542e+02 4.138411732426655476e+01
6.834443396870620857e-01 1.745041746211572261e-03 7.604130434782608745e+02 4.343179446351901873e+01
6.899300657465672337e-01 1.988575045799213618e-03 7.571497584541062906e+02 4.273078895669635813e+01
6.965346490814943170e-01 1.967867873463197050e-03 7.486432160804019986e+02 4.560218585289254634e+01
7.030970487636396538e-01 2.020648629947002003e-03 7.440048543689320013e+02 4.613030299454939609e+01
7.095716427219228573e-01 1.946516927103622520e-03 7.439242424242423795e+02 5.089143663348619384e+01
7.160970279381224657e-01 2.044543341153194464e-03 7.500238095238095184e+02 5.664454350058814214e+01
7.226116891734091219e-01 2.004959656352403585e-03 7.514682926829268581e+02 5.970882649933277264e+01
7.291288619178314390e-01 2.011427705279334160e-03 7.477714285714286007e+02 6.448088679527261036e+01
7.356079106374427967e-01 1.973711099579897668e-03 7.402307692307692832e+02 6.042148249867159393e+01
7.419803430714648762e-01 1.939746738906150680e-03 7.280390243902438669e+02 5.937239757908647420e+01
7.484516812817442188e-01 2.022257641999446187e-03 7.179363636363635806e+02 5.166821800745710647e+01
7.549512183205485671e-01 1.898119824350936232e-03 7.073894230769230944e+02 5.315963107226803430e+01
7.613853957290165342e-01 1.973382858640895885e-03 7.006499999999999773e+02 4.892437113452854902e+01
7.678481984516135617e-01 1.903941598965435333e-03 6.941720930232557976e+02 5.006232416401661567e+01
7.743372045322526320e-01 1.915374251326664194e-03 6.896576576576576372e+02 4.815682150886014057e+01
7.807807857039134047e-01 1.872160005679921477e-03 6.831926605504587542e+02 4.891956986866304646e+01
7.871827117013717734e-01 1.874571936203420349e-03 6.775701357466062973e+02 4.864367314250545604e+01
7.935705088346153291e-01 1.846468364235832015e-03 6.734618834080717988e+02 4.831570727024607947e+01
7.999497029225959288e-01 1.794315080242126848e-03 6.691278538812784973e+02 4.856128961492750307e+01
8.063895263538338742e-01 1.919941342275102670e-03 6.649491525423728717e+02 4.714089676950646890e+01
8.129038415374738591e-01 1.785391972586650427e-03 6.593600000000000136e+02 4.825392096906622896e+01
8.193543447618309994e-01 1.828478467253065801e-03 6.534212765957446436e+02 4.756866100896266403e+01
8.257450256705209934e-01 1.731942097964038994e-03 6.471339285714285552e+02 4.867224183576175989e+01
8.321389716972604766e-01 1.845140229989535984e-03 6.424208333333333485e+02 4.752222798625688682e+01
8.386208936931099922e-01 1.751195931903918061e-03 6.364145299145299077e+02 4.826623127761753551e+01
8.449970631363269424e-01 1.723661030767332288e-03 6.317284482758620925e+02 4.867200306421543132e+01
8.513046230100612677e-01 1.773741526074865430e-03 6.267563025210083651e+02 4.846737713579388185e+01
8.578256185292513214e-01 1.822821089358022794e-03 6.198340080971660200e+02 4.766117035146727687e+01
8.643009097266359797e-01 1.747841479780405487e-03 6.137842323651452716e+02 4.791142260720585710e+01
8.706520843132705689e-01 1.718512007701664341e-03 6.082647058823529278e+02 4.776274471281184475e+01
8.770655084888429043e-01 1.823306464836067656e-03 6.049525691699604977e+02 4.639452670625351516e+01
8.835379301005906738e-01 1.720994191554163586e-03 6.002880658436214389e+02 4.716681383115331272e+01
8.899818591232092624e-01 1.816014583941305376e-03 6.019333333333332803e+02 4.912001309318340958e+01
8.963154830142930907e-01 1.686559403020368615e-03 6.122000000000000455e+02 6.377148657511443730e+01
9.027402481510985455e-01 1.849914512401526186e-03 6.278473282442747632e+02 9.585456820633518760e+01
9.092741475074460622e-01 1.818523953956779297e-03 6.227450980392156907e+02 1.093970135533619583e+02
9.156513574886713247e-01 1.799905876070713017e-03 5.980714285714285552e+02 7.575568462389117030e+01
9.219738414041327434e-01 1.816254378221876130e-03 5.784218750000000000e+02 5.081764501070070139e+01
9.284093843578240524e-01 1.864548344913183461e-03 5.698576923076923322e+02 4.618198084783269053e+01
9.348720171621091035e-01 1.939851900461452830e-03 5.646104868913857899e+02 4.508519198188501775e+01
9.413551784733346084e-01 1.927152036582965508e-03 5.573587786259541872e+02 5.155015469238036019e+01
9.478756351150825488e-01 2.022964964773094239e-03 5.551195652173912549e+02 4.873494468057057105e+01
9.544794314844599059e-01 1.995588314593873917e-03 5.517712177121770765e+02 4.643034646384062114e+01
9.609640598131067302e-01 1.976081289299603128e-03 5.498198529411764639e+02 4.679374300835351619e+01
9.673540511875814429e-01 1.900963898517757681e-03 5.436250000000000000e+02 4.617241650005494336e+01
9.738764300010358532e-01 2.020370959177093719e-03 5.408541666666666288e+02 4.428250254704113331e+01
9.803887395962943563e-01 1.868024915732807104e-03 5.370936329588015496e+02 4.441470185487723654e+01
9.867609507399704993e-01 1.907798179635916648e-03 5.353906810035841772e+02 4.416098792673550122e+01
9.931792738827067701e-01 1.861169570246367679e-03 5.333054545454544950e+02 4.424212913143584558e+01
9.997024529712079666e-01 1.929714342920701943e-03 5.315102739726027039e+02 4.272108007828199305e+01
1.006152710574202525e+00 1.760100644785859590e-03 5.301139705882352473e+02 4.447188391699071985e+01
1.012546487448541255e+00 1.858180627704414780e-03 5.297785467128027221e+02 4.490010463595255885e+01
1.018988798098918291e+00 1.803978976354649174e-03 5.293732394366197695e+02 4.748438623509613166e+01
1.025394048634321598e+00 1.775790568352827222e-03 5.301719298245614027e+02 4.997082472903286998e+01
1.031778999059903112e+00 1.783042104657854955e-03 5.338546712802767615e+02 5.335769973153188062e+01
1.038243195035333466e+00 1.800042721148124251e-03 5.517098976109215300e+02 6.324684970218661562e+01
1.044593270705168830e+00 1.728638088187854378e-03 6.322517482517482676e+02 1.267598374256422886e+02
1.051019473275584426e+00 1.807666001326826760e-03 9.991906354515050452e+02 4.766396566474640508e+02
1.057452118334604840e+00 1.764796907398143069e-03 1.890155932203389739e+03 1.009540501253594357e+03
1.063812741872586898e+00 1.735604614353873946e-03 3.155352739726027266e+03 1.590354862636470443e+03
1.070275566257694377e+00 1.860876787998901613e-03 4.151587096774193924e+03 2.200935021783801858e+03
1.076675486865225739e+00 1.737707282280460301e-03 4.441213058419243680e+03 2.907289208690310261e+03
1.083000003099001241e+00 1.811785629637566912e-03 4.160000000000000000e+03 3.078322866603279181e+03
1.089457558406981885e+00 1.875700427842611059e-03 3.686107142857142662e+03 2.976723603929821365e+03
1.095857128634095679e+00 1.865882195591197666e-03 3.120171052631578732e+03 2.657245287389989244e+03
1.102286980210992473e+00 1.937596539280167377e-03 2.591932907348242679e+03 2.276754313260865729e+03
1.108924588094037933e+00 2.035521144429528872e-03 1.805750000000000000e+03 1.487419591237234499e+03
1.115518250266801070e+00 1.963453062553008333e-03 1.200250000000000000e+03 9.063085153522501969e+02
1.121980766162010701e+00 1.920251373127695831e-03 7.627579617834394412e+02 4.175347590819042125e+02
1.128426312748922689e+00 1.950613960551148517e-03 5.577515527950311025e+02 1.560492424648057863e+02
1.134959239864979930e+00 1.915365560061970144e-03 4.875753846153846212e+02 6.299237996557846486e+01
1.141388067807542761e+00 1.819889318180962796e-03 4.660000000000000000e+02 4.638287861454298167e+01
1.147829738822878420e+00 1.877407927217479219e-03 4.561094224924012224e+02 4.249971107403187887e+01
1.154234759887723172e+00 1.796226287448233561e-03 4.481034482758620925e+02 4.209802300867328029e+01
1.160592008141087206e+00 1.784421184300352767e-03 4.430959752321981568e+02 4.206485927946679482e+01
1.167026991042843242e+00 1.836276795008287468e-03 4.381343283582089612e+02 4.193509873752637418e+01
1.173494023876834547e+00 1.758155136545365687e-03 4.326819571865443663e+02 4.190865286583807858e+01
1.179808164649816637e+00 1.732605827553653768e-03 4.184584615384615631e+02 5.119630839132259581e+01
1.186220583891021807e+00 1.881017850291822648e-03 4.212057877813504660e+02 4.693828593031968666e+01
1.192681073817049464e+00 1.793318889751105601e-03 4.185931034482758832e+02 4.698042803457131100e+01
1.199065629744253458e+00 1.797529783280079436e-03 4.155880281690140805e+02 4.596256848615917789e+01
1.205502001077074059e+00 1.899328588103967692e-03 4.122705479452054647e+02 4.524453714319894004e+01
1.211991242640565014e+00 1.826306843735066819e-03 4.090217391304348098e+02 4.586925698776857985e+01
1.218362901235649165e+00 1.888953249129523074e-03 4.070431654676258972e+02 4.647187302725544811e+01
1.224837827500277143e+00 1.938626244914326818e-03 4.011510791366906687e+02 5.253073118227642624e+01
1.231306496939841066e+00 1.935692192720165272e-03 4.011594202898550634e+02 5.070417703284443434e+01
1.237900180047003751e+00 1.954996484647400414e-03 3.998351254480286912e+02 4.871820260293292648e+01
1.244387829439413284e+00 1.881879514088832415e-03 3.978320895522388128e+02 4.773782864801899706e+01
1.250735832344970877e+00 1.818331757808236372e-03 3.957403100775193820e+02 4.811732033098252970e+01
1.257083335292831006e+00 1.905720956169173206e-03 3.939151291512915236e+02 4.714486440981712434e+01
1.263603115287416090e+00 1.841854869392088893e-03 3.924431818181818130e+02 4.728330119212643012e+01
1.270020777910819465e+00 1.832011672431217405e-03 3.897338403041825359e+02 4.603177538093552101e+01
1.276488051741652807e+00 1.832185980768075541e-03 3.870190114068441289e+02 4.673800140669165870e+01
1.282839323063532211e+00 1.758750693263018286e-03 3.849960629921259851e+02 4.815493335884926296e+01
1.289363492023574365e+00 1.805471412487298991e-03 3.703131313131312936e+02 5.645952013495451638e+01
1.295761563244195891e+00 1.749310907134910172e-03 3.712885906040268651e+02 5.033640088800461854e+01
1.302096506369333051e+00 1.727886103868702576e-03 3.705681063122923433e+02 4.704675069107049268e+01
1.308490604613926855e+00 1.841981469325142248e-03 3.690404984423676069e+02 4.601467712547439959e+01
1.314923371882378955e+00 1.783204890748409099e-03 3.660514469453376023e+02 4.549347956161646778e+01
1.321263162947042602e+00 1.883891353746835161e-03 3.635586419753086602e+02 4.588147116683889948e+01
1.327809252188654421e+00 1.990407611744629372e-03 3.564674556213017809e+02 5.052513023641475343e+01
1.334395055816720577e+00 2.005908808147741692e-03 3.566041055718475263e+02 4.731085689284028462e+01
1.340924575314278222e+00 1.937181998292608577e-03 3.554626865671641553e+02 4.552587410190230344e+01
1.347326738882997477e+00 1.911240937813023883e-03 3.540147928994082918e+02 4.460878402196534154e+01
1.353867248119903444e+00 1.925349651844857632e-03 3.513201133144476103e+02 4.379976804460751794e+01
1.360292180733798650e+00 1.777880213384871099e-03 3.499251497005988085e+02 4.460938429682663298e+01
1.366716033276369036e+00 1.860440026654835337e-03 3.475770308123249492e+02 4.363101936299433703e+01
1.373134056949086190e+00 1.747663592607761902e-03 3.464649122807017534e+02 4.454767942642664735e+01
1.379508641949547476e+00 1.787974598008121871e-03 3.432704225352112530e+02 4.366509257361546048e+01
1.385849874457594222e+00 1.730044418412237826e-03 3.406945244956772285e+02 4.439533928471229984e+01
1.392210228535155858e+00 1.777760908321846531e-03 3.381111111111110858e+02 4.354632484386492308e+01
1.398630460992727143e+00 1.793834584281517276e-03 3.367972222222222172e+02 4.381593426687387449e+01
1.405027543482165298e+00 1.820682476180417696e-03 3.351377410468319340e+02 4.312868343956944983e+01
1.411380623846245186e+00 1.844474811107960554e-03 3.320166666666666515e+02 4.353299887143936076e+01
1.418011585217980208e+00 2.061904995500850411e-03 3.266982543640897916e+02 4.784766941982415744e+01
1.424633236002852632e+00 1.911062399977238009e-03 3.312759562841529828e+02 4.360285260293895249e+01
1.431027237377290762e+00 1.930893372260762729e-03 3.342585751978891722e+02 3.976722899401316624e+01
1.437551415863808524e+00 1.925262037142165712e-03 3.380051948051948330e+02 3.939859562416343408e+01
1.443999660086549230e+00 1.834928749309971486e-03 3.386525198938991821e+02 3.922580122529767266e+01
1.450408168300875378e+00 1.822080046480867126e-03 3.370340314136125812e+02 3.971790553334344054e+01
1.456762351763572827e+00 1.768742008520618686e-03 3.345368421052631334e+02 3.962239601447618043e+01
1.463211358413713192e+00 1.810126088705470279e-03 3.320637755102040956e+02 3.879503536338527425e+01
1.469593255354290973e+00 1.758193336020684059e-03 3.303776041666666856e+02 3.850847529143205605e+01
1.475950724204827313e+00 1.769305199294179780e-03 3.303074935400516665e+02 3.884144925545741955e+01
1.482355977374464340e+00 1.855140322631434503e-03 3.379375000000000000e+02 4.400986750150470073e+01
1.488803525874331735e+00 1.854999873494519958e-03 3.762697201017811608e+02 7.458218956956558543e+01
1.495319592526707764e+00 2.003828109077177445e-03 4.936483253588516504e+02 1.691205294281285774e+02
1.501939691759246465e+00 1.957822028991581826e-03 7.324914841849148388e+02 2.880263285971532810e+02
1.508463382234335848e+00 1.918938912685786129e-03 9.654767726161369410e+02 3.950933519292133838e+02
1.514901188746566207e+00 1.852902137227367511e-03 1.094849753694581295e+03 4.606512328614469993e+02
1.521228969867623793e+00 1.785136608190808364e-03 1.032317380352644932e+03 3.862313174093316661e+02
1.527563647216529041e+00 1.824993124647320475e-03 9.632475961538461888e+02 3.355634639375824690e+02
1.534022576503679458e+00 1.781774817406586286e-03 8.473834951456310591e+02 2.647916418073361342e+02
1.540418711468126034e+00 1.792491139398408621e-03 7.656937799043062114e+02 2.304017528093611418e+02
1.546838712332167631e+00 1.778278829154705072e-03 6.866771084337349293e+02 2.027998206412941613e+02
1.553238623106807825e+00 1.840983848395847744e-03 6.027995283018867667e+02 1.650358791710437174e+02
1.559673935783696619e+00 1.867161364404805587e-03 5.359524940617577613e+02 1.419639227059469420e+02
1.566161367499480317e+00 1.987417225671155377e-03 4.445532879818593983e+02 1.078979692627314080e+02
1.572795191923813007e+00 1.975399758409353626e-03 3.856337078651685601e+02 6.666907926872148948e+01
1.579229625961506400e+00 1.828964939238766603e-03 3.297355769230769056e+02 4.612213741999182304e+01
1.585615098485775532e+00 1.901195136705323549e-03 2.992780269058296199e+02 4.072913927769350551e+01
1.592069020803266399e+00 1.783565421147388207e-03 2.857464788732394254e+02 4.084656869520121347e+01
1.598398624204083740e+00 1.798472010651884717e-03 2.814109589041095774e+02 4.117302388446019279e+01
1.604843375939136507e+00 1.797152056805669104e-03 2.788009049773755805e+02 4.083930767045679744e+01
1.611212339410225569e+00 1.768878106258207515e-03 2.766146788990825485e+02 4.156011123324933010e+01
1.617590363377642504e+00 1.818287623560442892e-03 2.738561797752809071e+02 4.189802096866594638e+01
1.623974015669422899e+00 1.854816384487833732e-03 2.732009029345372255e+02 4.172484090865695805e+01
1.630543485616582799e+00 2.014479720267581264e-03 2.673221757322175449e+02 4.498297462943609304e+01
1.637155364196844820e+00 1.921442116166700376e-03 2.705770925110132339e+02 4.036893129892389709e+01
1.643640215828007012e+00 1.916406123937146409e-03 2.685751072961373325e+02 4.015229714998200450e+01
1.650095370295723063e+00 1.808845151496338592e-03 2.670779510022271666e+02 4.095723636718238936e+01
1.656466136267144007e+00 1.835556712886826517e-03 2.662881720430107748e+02 4.072545564986072719e+01
1.662921359457136594e+00 1.784847929403802829e-03 2.656427015250544628e+02 4.016662044722842495e+01
1.669278115879615276e+00 1.787810489320909016e-03 2.650822510822511049e+02 4.031305946515923466e+01
1.675603147458916142e+00 1.759339208401217896e-03 2.631434878587196522e+02 4.038131758204955446e+01
1.681944817773278311e+00 1.879012939346250957e-03 2.621983122362869381e+02 4.053944156873272675e+01
1.688494896982127180e+00 1.961244959671172398e-03 2.564526748971193228e+02 4.454781645629475406e+01
1.695047655103924189e+00 1.958531043791479891e-03 2.595658436213991536e+02 4.019297480862216787e+01
1.701563412030947964e+00 1.893890162085724253e-03 2.578810020876826457e+02 3.923288686199723685e+01
1.707975620325744792e+00 1.846204685496802061e-03 2.578643006263047823e+02 3.936463138734646350e+01
1.714377380249353600e+00 1.797036493929945892e-03 2.566192468619246938e+02 3.930945041056958900e+01
1.720768292737840266e+00 1.799184406037973973e-03 2.564721649484536101e+02 3.899466911469359331e+01
1.727152534628709324e+00 1.771490888047008889e-03 2.545803757828809921e+02 3.788641512135565392e+01
1.733526494930327289e+00 1.835615179227028260e-03 2.542769857433808625e+02 3.727807671970007419e+01
1.739975521513371870e+00 1.888347845677861795e-03 2.507886178861788551e+02 3.968506110560223732e+01
1.746497876640803248e+00 1.988580869552720402e-03 2.498236434108527249e+02 4.018346431853709788e+01
1.753090192095328348e+00 1.909790863647236811e-03 2.499601593625498026e+02 3.769824526300380541e+01
1.759542915568929722e+00 1.863330342728648260e-03 2.491235059760956290e+02 3.623450255721253654e+01
1.765978610475646082e+00 1.805054295706254351e-03 2.479859999999999900e+02 3.587062553120588859e+01
1.772332663329672986e+00 1.770928694831684115e-03 2.471149193548387188e+02 3.540501731450760303e+01
1.778664509689639184e+00 1.781133477909586536e-03 2.458762475049900331e+02 3.526739045529986072e+01
1.785069366740120511e+00 1.834600355293997381e-03 2.443222656250000000e+02 3.468716633954108630e+01
1.791506168727699633e+00 1.878728357369653049e-03 2.411823529411764753e+02 3.817481007899677792e+01
1.798039063906349488e+00 1.995486375923071192e-03 2.401370370370370324e+02 3.614420696107459463e+01
1.804647924016717919e+00 1.913848319004299433e-03 2.414061302681992345e+02 3.297506623679032600e+01
1.811089958053599736e+00 1.862622323854617795e-03 2.425383141762452226e+02 3.277410995867963095e+01
1.817521720439822408e+00 1.798364348704032875e-03 2.402683397683397573e+02 3.244050000780963927e+01
1.823812670535420288e+00 1.750448090683544159e-03 2.398588235294117510e+02 3.261888344338944279e+01
1.830221642949216854e+00 1.837728497302317443e-03 2.409627560521415148e+02 3.517120187187109792e+01
1.836582905300079060e+00 1.780128382536366044e-03 2.493529411764705799e+02 4.046338997771989909e+01
1.843061797820461534e+00 1.986079127245108083e-03 2.587868561278863240e+02 5.334090918352275423e+01
1.849632829275571488e+00 1.888944039210000737e-03 2.724473684210526585e+02 5.293210954808926516e+01
1.856090187264436642e+00 1.913060858845453587e-03 2.786436363636363467e+02 5.668260589960775064e+01
1.862531947297203283e+00 1.788974026913770074e-03 2.757452830188679513e+02 5.389830323388328992e+01
1.868931787959941415e+00 1.835149539700427039e-03 2.697395264116575504e+02 4.685554073184655977e+01
1.875342409945594868e+00 1.782793697721218873e-03 2.636275605214152620e+02 4.520631660319510559e+01
1.881685992375486283e+00 1.813583446463527945e-03 2.595627306273062800e+02 4.309760932679506595e+01
1.888176611507502489e+00 1.945205006648250507e-03 2.555679012345678984e+02 4.703814174708517726e+01
1.894684395670122701e+00 1.921537496908314263e-03 2.581627906976744384e+02 4.288626112484872266e+01
1.901176782548104516e+00 1.886986723452953362e-03 2.566708185053381044e+02 4.172496739777255925e+01
1.907561981128558237e+00 1.795440373499332084e-03 2.492171532846715252e+02 3.860246521931009056e+01
1.913985041606118376e+00 1.828239138046576940e-03 2.402929824561403507e+02 3.697097877762950446e+01
1.920403381422240097e+00 1.786024996940504313e-03 2.326648550724637801e+02 3.622048181091738428e+01
1.926716413297410169e+00 1.834639747803229817e-03 2.253309608540925240e+02 3.261486060223453620e+01
1.933271554332125497e+00 1.965820526812752777e-03 2.172575757575757507e+02 3.555786407794962400e+01
1.939792573083097382e+00 1.907526115978609412e-03 2.196195462478185050e+02 2.863846620015043953e+01
1.946288570836251841e+00 1.883695634446648113e-03 2.200017035775127852e+02 2.854695167166650549e+01
1.952655684029843908e+00 1.737190040939992066e-03 2.200289330922242357e+02 3.047198238834515038e+01
1.958969978021109171e+00 1.827434973414125523e-03 2.209982935153583696e+02 3.084520408971595629e+01
1.965496063115082181e+00 1.854230162972571750e-03 2.180236486486486456e+02 2.979280059301148142e+01
1.971963975922738088e+00 1.884120710564727479e-03 2.133869863013698591e+02 3.276059715829577357e+01
1.978442510441045021e+00 1.957066319931451050e-03 2.130197693574958748e+02 3.084570686265405826e+01
1.984931097981023740e+00 1.843590323278294961e-03 2.122615384615384642e+02 2.803164408928692808e+01
1.991287308585444338e+00 1.815152065882439042e-03 2.111720613287904484e+02 2.722493827041935432e+01
1.997701973476069481e+00 1.833321787203764366e-03 2.089700996677740932e+02 2.687940435651324478e+01
2.004164133665459424e+00 1.816322146449814287e-03 2.068931552587646081e+02 2.668608258047978410e+01
2.010465304371688244e+00 1.793999045974344238e-03 2.043726169844020717e+02 2.661775316029032723e+01
2.016906033528098163e+00 1.989616449670199121e-03 1.993208137715180044e+02 3.139626469191875202e+01
2.023555996358446407e+00 1.897180052363281293e-03 1.993009708737864116e+02 2.479251506437767105e+01
2.029968694217374470e+00 1.807083598350285245e-03 1.967173913043478137e+02 2.427490124189821330e+01
2.036339422929389187e+00 1.823287213829230622e-03 1.953225283630470130e+02 2.374486686434302740e+01
2.042808231593590484e+00 1.819045180469573350e-03 1.940746753246753258e+02 2.406055130784923435e+01
2.049121403930300289e+00 1.816823929832920258e-03 1.928729096989966649e+02 2.645868913698351932e+01
2.055546024436551544e+00 1.958593688934813937e-03 1.913271604938271651e+02 2.847085278917554163e+01
2.062179187475123410e+00 1.909374836257744399e-03 1.927984375000000057e+02 2.419283845722091897e+01
2.068587893715514436e+00 1.782255124468116103e-03 1.924075286415711901e+02 2.449609785207725565e+01
2.074943470461427353e+00 1.803325004765888358e-03 1.919508716323296369e+02 2.427795423086283932e+01
2.081348551495329602e+00 1.811685209211536278e-03 1.925999999999999943e+02 2.460974116076802787e+01
2.087807581420585645e+00 1.934124239786214495e-03 1.919050535987748844e+02 3.019436826632804483e+01
2.094354049547901386e+00 1.919763106963207067e-03 1.946717791411042811e+02 2.713436325956537232e+01
2.100814970511138302e+00 1.841726384006937703e-03 1.982216981132075375e+02 2.799584319616732841e+01
2.107147425483176129e+00 1.793021693532189254e-03 2.132223974763406886e+02 3.777183001276362972e+01
2.113573117004156288e+00 1.831442330790634650e-03 2.818625954198473096e+02 1.238929203762817224e+02
2.119956773712852627e+00 1.806996690666118864e-03 4.856819620253164658e+02 3.194110996252507562e+02
2.126392549358501416e+00 1.961143276791299343e-03 8.473338235294118022e+02 6.195867130072441569e+02
2.133022499541108896e+00 1.914261261225060897e-03 1.174698224852071007e+03 7.402893036914036884e+02
2.139480964562213483e+00 1.786119367506160778e-03 1.327905426356589260e+03 7.505161026697327316e+02
2.145796782645738254e+00 1.799418587043424183e-03 1.295051987767584023e+03 7.247862611060443214e+02
2.152165366120878165e+00 1.825425695775702338e-03 1.219304545454545405e+03 6.854739557978371067e+02
2.158655754564665852e+00 1.929951649106770133e-03 1.126049418604651237e+03 6.231241131751590956e+02
2.165204964825616862e+00 1.913631523374921799e-03 1.042397660818713348e+03 5.375884073002531522e+02
2.171687233764930003e+00 1.836559742283269984e-03 9.836725925925925367e+02 5.137056605223217502e+02
2.178057454997971210e+00 1.770075738143539208e-03 9.094743202416918848e+02 4.713586977667528117e+02
2.184381886656512783e+00 1.819268068842387707e-03 8.089257057949480441e+02 4.311878255217218907e+02
2.190889596552291430e+00 1.941484629964972597e-03 7.160634696755994355e+02 4.085766380029198785e+02
2.197415493733709368e+00 1.880394352234131695e-03 6.468635703918722584e+02 3.469771976279010346e+02
2.203858495652105454e+00 1.844129167940211774e-03 5.588639652677279628e+02 3.075341310972258384e+02
2.210218428929338064e+00 1.776952575370011446e-03 4.851213017751479128e+02 2.585304371725111423e+02
2.216548686487991304e+00 1.820372229284925253e-03 3.972278664731495041e+02 1.863328733726771134e+02
2.223054582631938558e+00 1.937499342758612587e-03 3.106698895027624303e+02 1.273388526286672686e+02
2.229555406010463425e+00 1.871681269043944497e-03 2.416652360515021485e+02 6.582996402676769776e+01
2.236023148886606471e+00 1.876509468722661325e-03 1.985910987482614871e+02 3.824542613813855496e+01
2.242466908337517939e+00 1.781536512235300631e-03 1.819165467625899169e+02 2.867453376610659177e+01
2.248784053696174290e+00 1.815619011182786555e-03 1.770129124820659854e+02 2.608918312053687316e+01
2.255261034229438355e+00 1.958337742873136802e-03 1.736174496644295289e+02 3.066348178052736628e+01
2.261752977112598817e+00 1.833135357339661826e-03 1.737298444130127280e+02 2.570590744732935917e+01
2.268193030407839927e+00 1.856919733580766289e-03 1.723287858117326152e+02 2.509235577670090578e+01
2.274620661936892052e+00 1.792548502283534354e-03 1.712595204513399096e+02 2.488941714252276682e+01
2.281045196159239286e+00 1.907452264699439036e-03 1.681229729729729740e+02 2.856769893089027690e+01
2.287566856146262317e+00 1.925687837049752790e-03 1.678155080213903716e+02 2.622216771548763958e+01
2.294017676381079784e+00 1.818149611703329506e-03 1.677590027700831001e+02 2.487881502321820548e+01
2.300373896127871021e+00 1.814054264739159471e-03 1.676621067031463781e+02 2.482648960549693129e+01
2.306733295622487301e+00 1.809288305020508025e-03 1.675274725274725256e+02 2.507759874512307618e+01
2.313210233147671158e+00 1.927057466226796351e-03 1.660976562500000000e+02 2.976312239998929954e+01
2.319750633036068876e+00 1.886628064392380537e-03 1.681337748344370766e+02 2.534241327533656829e+01
2.326167810919689938e+00 1.805281422939875990e-03 1.682990527740189464e+02 2.585426022612017150e+01
2.332524891627314911e+00 1.808157875111407291e-03 1.685403225806451530e+02 2.599165836630269766e+01
2.339018828040365428e+00 1.927078730268403945e-03 1.686512820512820383e+02 3.066334569532113719e+01
2.345529090540556361e+00 1.892646505679497623e-03 1.734685863874345557e+02 2.784614880878977772e+01
2.351902562585342693e+00 1.808634088653226840e-03 1.779491978609625562e+02 2.836988354579273874e+01
2.358283426411155403e+00 1.828495513811564770e-03 1.908565840938722431e+02 3.236318269744555920e+01
2.364665150299146479e+00 1.824483169818866225e-03 2.428794701986755058e+02 6.455921775930285378e+01
2.371140522023317931e+00 1.956229962378429419e-03 3.938945409429280176e+02 1.603661672738535344e+02
2.377698484074287411e+00 1.857249505322706908e-03 6.836461538461538794e+02 2.799562144899772989e+02
2.384135550776628865e+00 1.806484998011118103e-03 9.718412903225806758e+02 3.812511987416373813e+02
2.390495270780528703e+00 1.815820546892564329e-03 1.169970752089136568e+03 4.104067829801071525e+02
2.396907059408651008e+00 1.904650256318906557e-03 1.219482900136798889e+03 4.692443149494544627e+02
2.403395490390968892e+00 1.861409897307351969e-03 1.221946478873239357e+03 4.531325427349697179e+02
2.409868588547004364e+00 1.847911660654164229e-03 1.124308238636363740e+03 3.977495329200848460e+02
2.416315494183244539e+00 1.848423108511250412e-03 1.023178260869565179e+03 3.515419167127145101e+02
2.422721222723576151e+00 1.879130934971403807e-03 9.283473837209302246e+02 3.561365819512049029e+02
2.429135064156228374e+00 1.862177758942303550e-03 8.732800586510263656e+02 3.068585142769331355e+02
2.435558328952115659e+00 1.829358714226044739e-03 8.029008875739644964e+02 2.728882535138707794e+02
2.441961929587736613e+00 1.826990787003958654e-03 7.356392215568862412e+02 2.451386803265463641e+02
2.448435267415004279e+00 1.916283866918213176e-03 6.275130813953488769e+02 2.224360614799856819e+02
2.454898310690642571e+00 1.851262751470384186e-03 5.657954545454545041e+02 1.865941194866474291e+02
2.461278332832209870e+00 1.841207405127180587e-03 5.095528700906344284e+02 1.731534132940294342e+02
2.467732767309350983e+00 1.860175811866779036e-03 4.507042042042041885e+02 1.622286389017937154e+02
2.474317234005322774e+00 1.907302378477835920e-03 3.624005722460657921e+02 1.392191808452647592e+02
2.480763678027650521e+00 1.850982492662076430e-03 2.859791376912378382e+02 9.373929362104084362e+01
2.487114426650852028e+00 1.791691956921820849e-03 2.220674157303370748e+02 6.450882736673550255e+01
2.493514277050582706e+00 1.905910091373927331e-03 1.741307793923381837e+02 4.728306764188301514e+01
2.500016016455529844e+00 1.897218154373805617e-03 1.532203389830508513e+02 3.234113681434823206e+01
2.506504299072060071e+00 1.823698874814003905e-03 1.439644268774703448e+02 2.803766532977308401e+01
2.512828968428921783e+00 1.779539787674511890e-03 1.405948855989232982e+02 2.684564460994342383e+01
2.519262120792594928e+00 1.938201810876334251e-03 1.372552926525529244e+02 2.952749357945122810e+01
2.525775074220281358e+00 1.871497825325404334e-03 1.370458598726114587e+02 2.582837512623918741e+01
2.532197693037325781e+00 1.807973308604888651e-03 1.356076923076923038e+02 2.569554390028281077e+01
2.538545427775757091e+00 1.816891897915347926e-03 1.349536679536679458e+02 2.613580229865629434e+01
2.545039371368973402e+00 1.965732421291352915e-03 1.335760095011876558e+02 2.920696097440406902e+01
2.551577586228050976e+00 1.818913119815899733e-03 1.337626262626262701e+02 2.599007037379650242e+01
2.557912035390546901e+00 1.811160408138717511e-03 1.331867167919799613e+02 2.581703421255652842e+01
2.564418003384666633e+00 1.924750488034227642e-03 1.313553719008264409e+02 2.912184613971620806e+01
2.570930014234638072e+00 1.852202887801034569e-03 1.323243902439024282e+02 2.627068375783365184e+01
2.577333690207623373e+00 1.816621428331073769e-03 1.322530562347188265e+02 2.615841504697370823e+01
2.583698900290759326e+00 1.840143410056186736e-03 1.329914425427872970e+02 2.740397619723298561e+01
2.590116643848396460e+00 1.922552353981257615e-03 1.400758459743290416e+02 3.023077604259065154e+01
2.596553429180498362e+00 1.801710981220896188e-03 1.664077669902912646e+02 3.737515460984114668e+01
2.602955615407046341e+00 1.842317350104424401e-03 2.203494117647058772e+02 6.144764939856526809e+01
2.609495359574187212e+00 1.911716238635802895e-03 2.938574686431014698e+02 9.774830406510574221e+01
2.615974071523933020e+00 1.844748521006626301e-03 3.594117647058823763e+02 1.110227390281598474e+02
2.622378270172453618e+00 1.832507040312451657e-03 3.797742690058479411e+02 1.103182276625437765e+02
2.628819659223405658e+00 1.883705983027747803e-03 3.726574712643678140e+02 1.144278047951595596e+02
2.635224897504864661e+00 1.872415782458078902e-03 3.785816091954022795e+02 1.101874071666572377e+02
2.641639659702591736e+00 1.816527212418568051e-03 3.633102652825836003e+02 1.063434667874741990e+02
2.648064596936881454e+00 1.851525790120274028e-03 3.325815279361459602e+02 9.861644947727242538e+01
2.654540339871488630e+00 1.920962172705038655e-03 3.104312431243124593e+02 8.842496265045411974e+01
2.661017435989672553e+00 1.820997431850269717e-03 2.893371428571428510e+02 7.369765943172339462e+01
2.667377750780578261e+00 1.839233884157700843e-03 2.759977298524403864e+02 6.744239559251406035e+01
2.673833255939705111e+00 1.922629864361171097e-03 2.589902491874323118e+02 7.155347803834888509e+01
2.680310332336410362e+00 1.829470795604572599e-03 2.437659574468084998e+02 6.150277309695645300e+01
2.686679530094181256e+00 1.809753184080302099e-03 2.253789237668161434e+02 5.540951601394618109e+01
2.693172569770623248e+00 1.920456143785719515e-03 2.091849894291754879e+02 5.657425859487280917e+01
2.699710169678059213e+00 1.845827250732203417e-03 1.954754634678298828e+02 4.865835958904636271e+01
2.706108723802718607e+00 1.808001129835774996e-03 1.775935769656699961e+02 4.308267357375658690e+01
2.712552861480932442e+00 1.909490143508341294e-03 1.562824025289778831e+02 4.010450781950114418e+01
2.719028861112676942e+00 1.848278151304674159e-03 1.409232432432432347e+02 3.221566638384420145e+01
2.725349625855669977e+00 1.780111837505188701e-03 1.285260821309655910e+02 2.941975227118970793e+01
2.731792001493120292e+00 1.927874637693306574e-03 1.199764344262295026e+02 2.948058604074151035e+01
2.738310186615081410e+00 1.835670255000661395e-03 1.170425985090521834e+02 2.587426257808496644e+01
2.744685257899765141e+00 1.793617037467074102e-03 1.154773706896551744e+02 2.506966591069990002e+01
2.751066800196758422e+00 1.878288467704576767e-03 1.158438155136268364e+02 2.485664501056785980e+01
2.757601512830000434e+00 1.862141664063760894e-03 1.167922651933701701e+02 2.202333614466563461e+01
2.764058068263966828e+00 1.836587841443396716e-03 1.167152619589977292e+02 2.151858683658988980e+01
2.770529172478649382e+00 1.887167826034379927e-03 1.173896396396396398e+02 2.146132532252993386e+01
2.776955143396238501e+00 1.821333560803167642e-03 1.167287735849056673e+02 2.113518780515317630e+01
2.783316304171964184e+00 1.843620978786204888e-03 1.161485849056603712e+02 2.121546658153341269e+01
2.789755116199374552e+00 1.895104686621155434e-03 1.169757225433526031e+02 2.104301858321634100e+01
2.796202065730379438e+00 1.823396814250311405e-03 1.163233532934131773e+02 2.056294609370896609e+01
2.802598215598055997e+00 1.839199823105454800e-03 1.163880239520958071e+02 2.029615072981260937e+01
2.809058618291326859e+00 1.891542357478581855e-03 1.164514619883040893e+02 2.057325201330425557e+01
2.815539484174618412e+00 1.814857361145085640e-03 1.161177184466019412e+02 2.038095017141537468e+01
2.821989463872399906e+00 1.865090624993398201e-03 1.165579450418160121e+02 1.999459298506991090e+01
2.828483713597702565e+00 1.883630524017047489e-03 1.173523809523809547e+02 1.968305554879529495e+01
2.834900904292738222e+00 1.791954038426357698e-03 1.184612500000000068e+02 2.065118822247282537e+01
2.841279989216558999e+00 1.876324795384782303e-03 1.196896135265700423e+02 2.086247006840027396e+01
2.847767858763501359e+00 1.886990809494324501e-03 1.195024154589371932e+02 2.098068175118756074e+01
2.854224446368732959e+00 1.845718501710050556e-03 1.194392059553349839e+02 2.104066605792224465e+01
2.860652227376856871e+00 1.895283512592607677e-03 1.203349514563106766e+02 2.118543556398637051e+01
2.867113210476443186e+00 1.859648482407798373e-03 1.199170792079207928e+02 2.091316799949074934e+01
2.873572830144707879e+00 1.886954548921765396e-03 1.201830466830466833e+02 2.062452170812883168e+01
2.879995266294152589e+00 1.874768549312584749e-03 1.204175960346964018e+02 2.020418349370407185e+01
2.886377499349285003e+00 1.822646243021190660e-03 1.205278481012658176e+02 1.972794122044436804e+01
2.892826601299819611e+00 1.901257081905588812e-03 1.209489671931956281e+02 1.919778761521027732e+01
2.899287209408602628e+00 1.837036175435869181e-03 1.203786163522012629e+02 1.916749787952077355e+01
2.905651471559458798e+00 1.820821310380915442e-03 1.203557814485387496e+02 1.908666574790158421e+01
2.912064357739847953e+00 1.885695667761764669e-03 1.209938574938574902e+02 1.928010148951245739e+01
2.918524733004972394e+00 1.831846772134888184e-03 1.201592920353982237e+02 1.890839212259771429e+01
2.925008101889499557e+00 1.898964803942654149e-03 1.198940316686967122e+02 1.869244881920289814e+01
2.931494571104498625e+00 1.860470468068603543e-03 1.192805933250927097e+02 1.823133130554297310e+01
2.937893251398651540e+00 1.817351826735809622e-03 1.192057716436637378e+02 1.826795739897715265e+01
2.944305546311252186e+00 1.880927000690213848e-03 1.194127557160048099e+02 1.780881343027591512e+01
2.950769139483569781e+00 1.826098071515048831e-03 1.186400491400491433e+02 1.744166037164668737e+01
2.957217893682505760e+00 1.858471812583063982e-03 1.189794188861985447e+02 1.709698972200722622e+01
2.963641657319503686e+00 1.840162297927921053e-03 1.195938650306748485e+02 1.684305624854458827e+01
2.970043842149071800e+00 1.832295957600710810e-03 1.199368811881188179e+02 1.697339640210519818e+01
2.976510225225458495e+00 1.909562939757382871e-03 1.211258907363420434e+02 1.695080843904367995e+01
2.983008757323797777e+00 1.820848808918005624e-03 1.220322180916976436e+02 1.730981608858694187e+01
2.989442833175567138e+00 1.860876473636659213e-03 1.262557575757575705e+02 1.769921384691698663e+01
2.995851322080832713e+00 1.818248084975540883e-03 1.371739130434782510e+02 2.267904130235082860e+01
3.002288071879581022e+00 1.866109072499165002e-03 1.724859926918392148e+02 5.052189953287629720e+01
3.008748785923475388e+00 1.879638502675874765e-03 2.557284848484848396e+02 1.291575730558837165e+02
3.015199648864150372e+00 1.825469582085792030e-03 3.808184079601990106e+02 2.215991638867039057e+02
3.021614952218953931e+00 1.867358907394168870e-03 4.802436363636363694e+02 2.554038614660918540e+02
3.028035269137849372e+00 1.805619228951016193e-03 5.206032540675844302e+02 2.440425798287128885e+02
3.034481983401863037e+00 1.885823396422961745e-03 5.101853188929001135e+02 2.136474756655326814e+02
3.040948636384726900e+00 1.846244746713175374e-03 4.950074074074074133e+02 2.092992097776160278e+02
3.047399548284976056e+00 1.866575050031695892e-03 4.778004895960832528e+02 2.095405777147946083e+02
3.053818065407082116e+00 1.858882463793821993e-03 4.643992628992629079e+02 2.104101634967476286e+02
3.060168791671987076e+00 1.792825745411367891e-03 4.454541984732824176e+02 1.998118972474049997e+02
3.066596020837712544e+00 1.927764682785730512e-03 4.126563981042654063e+02 1.807437209644273537e+02
3.073140751332767540e+00 1.856356834428901387e-03 3.770457354758961515e+02 1.622269098401842200e+02
3.079593295930210139e+00 1.886716362797553155e-03 3.256339393939393858e+02 1.401362846774367483e+02
3.086017154762366044e+00 1.830431539716442747e-03 2.961850000000000023e+02 1.435728421612178920e+02
3.092486513109037993e+00 1.905108961471654438e-03 2.620887290167865444e+02 1.337139808860337666e+02
3.098964516853627060e+00 1.852397442341169754e-03 2.381050679851668690e+02 1.169980199841399298e+02
3.105440922044128804e+00 1.880034527507769499e-03 2.122072727272727377e+02 9.627042570288008960e+01
3.111821301298671738e+00 1.810318297736169049e-03 1.964729559748427619e+02 7.995496091852940879e+01
3.118233335063332667e+00 1.868901341642052608e-03 1.791266747868453137e+02 6.807560059569078703e+01
3.124683867316949026e+00 1.865189586864977357e-03 1.612637362637362628e+02 5.245408826493985543e+01
3.131144652615997170e+00 1.844489775254080271e-03 1.456999999999999886e+02 3.606413696885925901e+01
3.137527951480249655e+00 1.850518740970626434e-03 1.332730627306273163e+02 2.147536857128385179e+01
3.143946084488824955e+00 1.842734159383119935e-03 1.261598513011152392e+02 1.281024117071445545e+01
3.150358822729363073e+00 1.875642417003805899e-03 1.226723300970873822e+02 9.424083577830280944e+00
3.156784286039504561e+00 1.823981601210612454e-03 1.224962500000000034e+02 8.635282638686469170e+00
3.163270120323041557e+00 1.930117905744787839e-03 1.233808962264150892e+02 8.612145289070783249e+00
3.169756141428992979e+00 1.817110211355118556e-03 1.254723618090452248e+02 9.023132215416913127e+00
3.176136715832639901e+00 1.869400486556539428e-03 1.327163636363636385e+02 1.260900810529714633e+01
3.182603852824878121e+00 1.855271636042648588e-03 1.565092024539877400e+02 3.314597182281111287e+01
3.189050645908320547e+00 1.867823016262818358e-03 2.166472727272727354e+02 7.487928874659263556e+01
3.195475202712392715e+00 1.830177604982121797e-03 3.081203473945409428e+02 1.159306685437257016e+02
3.201930699474990760e+00 1.890160737295187680e-03 3.906714456391875956e+02 1.270111582177867717e+02
3.208380198036255848e+00 1.818817371399450607e-03 4.350348692403487121e+02 1.239380999766267593e+02
3.214769441202507405e+00 1.856295446885927562e-03 4.464514563106795890e+02 1.258981158319491556e+02
3.221219946103295317e+00 1.854520719188760538e-03 4.366063569682151524e+02 1.170832976908625938e+02
3.227683765295594753e+00 1.874065427032763596e-03 4.184440433212996595e+02 1.141625268710611181e+02
3.234131017772435612e+00 1.840716304877563787e-03 3.988606658446362303e+02 1.125964286879264904e+02
3.240599979113187423e+00 1.901252405176113557e-03 3.489347568208777943e+02 1.261267525399178595e+02
3.247028333220890239e+00 1.799593188369970169e-03 3.068490566037735903e+02 1.245432547721638059e+02
3.253443203786942295e+00 1.907653420062672836e-03 2.557040094339622556e+02 1.169402383778145804e+02
3.259883502116921683e+00 1.795580006981134817e-03 2.333010075566750743e+02 1.132047940269404478e+02
3.266300345605878341e+00 1.923600185575663262e-03 2.121711606096131391e+02 1.095087891022220248e+02
3.272853483066015201e+00 1.856140221165968399e-03 1.938524390243902360e+02 1.003704661981325188e+02
3.279208055010873757e+00 1.838273880463746476e-03 1.755815950920245427e+02 8.669372013628951379e+01
3.285677511815711327e+00 1.882917816817657360e-03 1.576097852028639750e+02 7.255286122883025257e+01
3.292103848527159204e+00 1.835553428200827411e-03 1.482864137086903327e+02 6.587220357574172169e+01
3.298586108799094418e+00 1.888317585372828586e-03 1.381662707838479776e+02 5.751733073905342053e+01
3.305031100311709658e+00 1.850386223069815962e-03 1.316954933008526325e+02 5.185238075100805588e+01
3.311493553422723224e+00 1.868513817595845007e-03 1.199069212410501137e+02 3.835860572787657929e+01
3.317903636599865536e+00 1.824831080609758517e-03 1.111938650306748428e+02 2.507496889856554034e+01
3.324331097200103002e+00 1.867240715589447552e-03 1.038238095238095298e+02 1.580399842486551876e+01
3.330698991454875468e+00 1.802295415888940022e-03 1.002817955112219437e+02 1.083488616078525979e+01
3.337129369178693850e+00 1.924555404658041986e-03 9.762717770034842601e+01 8.749909654055704422e+00
3.343680207265053550e+00 1.861922247852822480e-03 9.635585042219541663e+01 7.983727417008218197e+00
3.350044083295126374e+00 1.835162792558274860e-03 9.694167679222357492e+01 7.672847627857255048e+00
3.356505604070456616e+00 1.871227406804753775e-03 1.003613744075829430e+02 7.654037606556215678e+00
3.362916001860436488e+00 1.833654571443432820e-03 1.092496954933008482e+02 1.197149792758476039e+01
3.369285096640512123e+00 1.875337531839301689e-03 1.224109756097560933e+02 1.825894074997573568e+01
3.375802434903234950e+00 1.848095989791553092e-03 1.338159675236806549e+02 2.063080934877036299e+01
3.382214916359785661e+00 1.843501739730700950e-03 1.399550561797752835e+02 2.340653529375440556e+01
3.388621595555129762e+00 1.837214591020290208e-03 1.375109170305676969e+02 1.941402046824256544e+01
3.395087870480640202e+00 1.897809126909797642e-03 1.329389534883721069e+02 1.892558772243374321e+01
3.401600099274715294e+00 1.862825267528726196e-03 1.284268476621417676e+02 2.147960655310364686e+01
3.408008587822927371e+00 1.829521772960810344e-03 1.228649068322981321e+02 2.456421777143382101e+01
3.414429009776510870e+00 1.863403552598411495e-03 1.187956656346749185e+02 2.602266883678885989e+01
3.420895508941175223e+00 1.876279003669552520e-03 1.138513302034428847e+02 2.448827536195042143e+01
3.427361199308996742e+00 1.871984655860910217e-03 1.086867088607594951e+02 2.235751845418579009e+01
3.433789816721534383e+00 1.835455874914732619e-03 1.032922077922077904e+02 1.941133249494254898e+01
3.440207803416203358e+00 1.864980166185075923e-03 9.929935275080906365e+01 1.746929433286967281e+01
3.446682336316245543e+00 1.886495457043324163e-03 9.641463414634147000e+01 1.631317901689064342e+01
3.453142116062292821e+00 1.850491205141300763e-03 9.369411764705881751e+01 1.478689082889185080e+01
3.459552608189105705e+00 1.840426776601197887e-03 9.204452054794521132e+01 1.383481852948085411e+01
3.466037827277117955e+00 1.895781883946169978e-03 9.119694397283531373e+01 1.394217694142793462e+01
3.472473653977210972e+00 1.828931698347952819e-03 8.881932021466904814e+01 1.276606432389473511e+01
3.478868831430015351e+00 1.849798838882201271e-03 8.716249999999999432e+01 1.157470880534674151e+01
3.485296939778874226e+00 1.846836384750711896e-03 8.519597069597070060e+01 9.631414860196141348e+00
3.491740378822062674e+00 1.892374048568714641e-03 8.380327868852458550e+01 7.880315724289189028e+00
3.498222076309955408e+00 1.850392789083453492e-03 8.240977443609023112e+01 6.245461351657972671e+00
3.504611891581455030e+00 1.828338000025509641e-03 8.109514563106796459e+01 5.909582971127345097e+00
3.511032309223517167e+00 1.894740202114146826e-03 8.079389312977099280e+01 5.804468920474127103e+00
3.517510811405253346e+00 1.847376399887671770e-03 8.007114624505928191e+01 5.194918062751465726e+00
3.523886222494890585e+00 1.819823680849573695e-03 7.937423312883436211e+01 4.941765076019785319e+00
3.530333766363422221e+00 1.913949961282706506e-03 8.018415841584157988e+01 4.918757273975035815e+00
3.536838628960300657e+00 1.837400593869444173e-03 8.028541666666666288e+01 5.201398716798307120e+00
3.543212277439104163e+00 1.824314092004992007e-03 8.065524625267666181e+01 5.422245774160729503e+00
3.549634251627681092e+00 1.895848120010211945e-03 8.100420168067226712e+01 5.357590193878660756e+00
3.556117060308725097e+00 1.842284182035823720e-03 8.037772925764191712e+01 5.722481247894241285e+00
3.562580790750173865e+00 1.873137250446494902e-03 7.971710526315789025e+01 5.916491908256243271e+00
3.569027121761189303e+00 1.864198494303047999e-03 7.825675675675675791e+01 5.954971139801641833e+00
3.575415228040989657e+00 1.829283293316363293e-03 7.699767981438515108e+01 5.918235486632882569e+00
3.581824267593239686e+00 1.860007523854312686e-03 7.647331786542923737e+01 6.182813630771093472e+00
3.588330065081806630e+00 1.895947895659538546e-03 7.540139211136890651e+01 5.895643237223035626e+00
3.594804804657118602e+00 1.838793340235311087e-03 7.410487804878049189e+01 5.770952308011603193e+00
3.601203120605045882e+00 1.866742151695356807e-03 7.370833333333332860e+01 5.344962811000685932e+00
3.607629953215138574e+00 1.849946976811765471e-03 7.264411027568922918e+01 4.909228119101042509e+00
3.614090854913730499e+00 1.868416365547433599e-03 7.230808080808080263e+01 5.440384489119314715e+00
3.620574720227974552e+00 1.873754476683962313e-03 7.198200514138817141e+01 5.549231874664692477e+00
3.627004027770476924e+00 1.835919208150294619e-03 7.113101604278074319e+01 5.106803480779421811e+00
3.633382280898821648e+00 1.849285921997263250e-03 7.053116531165311187e+01 4.880252438111729596e+00
3.639818201334091174e+00 1.872714577785467623e-03 6.983923705722071418e+01 4.699514214396712575e+00
3.646271849872324999e+00 1.848931603973280732e-03 6.939887640449438777e+01 4.641882617327945049e+00
3.652754025121335069e+00 1.886957975833729447e-03 6.958707865168538831e+01 4.713680675107345230e+00
3.659208746855755479e+00 1.834720162372708565e-03 6.928908554572271328e+01 4.879358335294019966e+00
3.665582835495777569e+00 1.840575612045432024e-03 6.857057057057056682e+01 4.746474007301471509e+00
3.672040343112283445e+00 1.886479483533069204e-03 6.857185628742514893e+01 4.663640512572405861e+00
3.678529717319615866e+00 1.858096912976999176e-03 7.173291925465838403e+01 1.001253313595610095e+01
3.684932562337432049e+00 1.835190244932949138e-03 7.860450160771704020e+01 1.614434071046025565e+01
3.691340469028411508e+00 1.865394116403416890e-03 8.944336569579287755e+01 2.415629409798056670e+01
3.697825917576230470e+00 1.878575472322643403e-03 1.003256578947368354e+02 2.985012372838214745e+01
3.704288468942850354e+00 1.854378416201764085e-03 1.100170648464163889e+02 3.615046918537731813e+01
3.710695071708606907e+00 1.843173339766954189e-03 1.098877192982456137e+02 3.835239623963870059e+01
3.717119980493126530e+00 1.858275420549158159e-03 1.078392857142857082e+02 3.521797466913619701e+01
3.723579054116692877e+00 1.875547371405369762e-03 1.062945454545454567e+02 3.685289855942684056e+01
3.730020297411832164e+00 1.843995263516665269e-03 1.015454545454545467e+02 3.971923242262399611e+01
3.736426917509388268e+00 1.851423495632689448e-03 9.190310077519379206e+01 3.289556416811520734e+01
3.742862848593606184e+00 1.866246695943705233e-03 8.626482213438735869e+01 3.358462391326978036e+01
3.749304155234212121e+00 1.850203366498975400e-03 7.911475409836064898e+01 3.082684996638111841e+01
3.755769545342233950e+00 1.881542671327423493e-03 7.292531120331949523e+01 2.429244208343461864e+01
3.762207580716425692e+00 1.832713059301602828e-03 6.862719298245613686e+01 1.885051288293034233e+01
3.768650259547695391e+00 1.882711660849632198e-03 6.377092511013216125e+01 1.007283148159198838e+01
3.775101190588130873e+00 1.841328330998877110e-03 6.119534883720930196e+01 4.666052909754156097e+00
3.781544745172108257e+00 1.876261972947606757e-03 5.979245283018867951e+01 4.190431810819137404e+00
3.787984350729691752e+00 1.841817734800533721e-03 6.032338308457711662e+01 4.396008752060710734e+00
3.794443778523244770e+00 1.888119406057294294e-03 5.975376884422110635e+01 4.240679073696298929e+00
3.800887998049732097e+00 1.829598834944004332e-03 5.906451612903225623e+01 3.737553051071431209e+00
3.807319286871066577e+00 1.879776389761753357e-03 5.950000000000000000e+01 4.071040354162236419e+00
3.813728772969168901e+00 1.816176537965013323e-03 5.978362573099415300e+01 4.243176688291120158e+00
3.820127884734960233e+00 1.870328496078344947e-03 5.952662721893491238e+01 3.828928198892031620e+00
3.826558902351690605e+00 1.840091099185570860e-03 6.149056603773584584e+01 4.230189801334018895e+00
3.832976717434447789e+00 1.862754303780558536e-03 6.704545454545454675e+01 6.369431498580712336e+00
3.839467489846226655e+00 1.881591717002498556e-03 8.304054054054054745e+01 1.490483263215489274e+01
3.845958738964208923e+00 1.872212223355807642e-03 1.075285714285714249e+02 2.700481627489467584e+01
3.852379013358490312e+00 1.829949564810406546e-03 1.250923076923076991e+02 3.687838481105415411e+01
3.858770514458473411e+00 1.860590576749386821e-03 1.366080000000000041e+02 3.700404302235097020e+01
3.865201312403456324e+00 1.846877382617491750e-03 1.294871794871794748e+02 3.513231618591824201e+01
3.871669834970288271e+00 1.885989225799452511e-03 1.138303571428571388e+02 2.631397088573881859e+01
3.878154213609482870e+00 1.855219997046820071e-03 9.558252427184466171e+01 3.088416049679602793e+01
3.884570297975108666e+00 1.842018581107749764e-03 7.846315789473683822e+01 2.746060991589423494e+01
3.891030549524630455e+00 1.892572859664069882e-03 6.229999999999999716e+01 1.546724136863311294e+01
3.897480132485925619e+00 1.830223622249431631e-03 5.400000000000000000e+01 5.641365083027333860e+00
3.903837790606199842e+00 1.833538786489578550e-03 5.150684931506849296e+01 3.711797970443822869e+00
3.910297958451704581e+00 1.898394991490752427e-03 5.016176470588235503e+01 3.696942999729992518e+00
3.916760076293909876e+00 1.823271174774054393e-03 5.012068965517241281e+01 3.630037194805560308e+00
3.923205856217289345e+00 1.907998375040481686e-03 4.932075471698113489e+01 2.334595939053951685e+00
3.929647757040283906e+00 1.804292177573046203e-03 4.904651162790697327e+01 2.706381297892733517e+00
3.936002968608691699e+00 1.864030959871269735e-03 4.978378378378378244e+01 3.698261293642664427e+00
3.942404476100300759e+00 1.828532384993888883e-03 4.944827586206896797e+01 2.682129170017940378e+00
3.948822507765122225e+00 1.871711324841116540e-03 4.840909090909090651e+01 3.043079127875645273e+00
3.955157590966607906e+00 1.825831164639231917e-03 4.914285714285714590e+01 2.657296462534039616e+00
3.961507824082775464e+00 1.968979546566614058e-03 5.400000000000000000e+01 2.878491668515697377e+00
