# q qerr I(q) I(q)err
8.294532032279089417e-03 3.215448162638725495e-03 2.500000000000000000e-01 6.699480574342044292e+01
1.547771440847061503e-02 1.298069176105710962e-03 3.333333333333333148e-01 5.000000000000000000e-01
2.114153426598287117e-02 1.953452460535632252e-03 4.000000000000000222e-01 5.099019513592785158e-01
2.708829541553820289e-02 1.932501425123600049e-03 3.750000000000000000e-01 5.000000000000000000e-01
3.424760286937652415e-02 2.393094809829984012e-03 4.318181818181818232e-01 5.051388811566560610e-01
4.134659872356089005e-02 1.444308516548141333e-03 4.166666666666666852e-01 5.046083923495817691e-01
4.709622292726145520e-02 1.633576272088444088e-03 3.499999999999999778e-01 4.860555523805894507e-01
5.289360403025952090e-02 1.994215660312892175e-03 3.333333333333333148e-01 4.787135538781688848e-01
5.941266175682404643e-02 2.038777625163953021e-03 2.200000000000000011e-01 4.195235392680606301e-01
6.623959740571712385e-02 2.014614798769268252e-03 2.222222222222222099e-01 4.206598774666871488e-01
7.251770781946841049e-02 1.767162065969994948e-03 3.541666666666666852e-01 4.859126579037751914e-01
7.836204892921720677e-02 1.794558473909566021e-03 6.199999999999999956e-01 1.003992031840890364e+00
8.476368586159346852e-02 2.173163639586968114e-03 1.875000000000000000e+00 4.744857413558388970e+00
9.171767809022127182e-02 2.151270969520740432e-03 7.485294117647058876e+00 1.990213947567805164e+01
9.840741527280037759e-02 1.879523288412654567e-03 1.894999999999999929e+01 4.544626864037720537e+01
1.046713563714864598e-01 1.717715818177843919e-03 4.138000000000000256e+01 7.849957452113993384e+01
1.108696467093386595e-01 1.978629817275711061e-03 6.386792452830188438e+01 1.050367360171494795e+02
1.174911181025048434e-01 2.151142134119994175e-03 8.709836065573770725e+01 1.298671773040819630e+02
1.240901985761322518e-01 1.682567093931450772e-03 1.242399999999999949e+02 1.628412331075885788e+02
1.302695169190241364e-01 1.981638030988197227e-03 1.377627118644067821e+02 1.779995448802963551e+02
1.366843399328758479e-01 1.885635125754002352e-03 1.703214285714285836e+02 2.042432257887939500e+02
1.431380625310322841e-01 2.037281709542672608e-03 1.891935483870967687e+02 2.146630093804097896e+02
1.497407916800755912e-01 2.013243134106564892e-03 2.118095238095237960e+02 2.352991181052397280e+02
1.560440161600273323e-01 1.800320108738214832e-03 2.332982456140350962e+02 2.529626984522593602e+02
1.626324968867556287e-01 2.166758397174068339e-03 2.591756756756756772e+02 2.635570068056945274e+02
1.693678508908615654e-01 1.711853084056604935e-03 2.735000000000000000e+02 2.822962539602677339e+02
1.755753172360756398e-01 1.940749690505284321e-03 2.987971014492753739e+02 2.849767332613578787e+02
1.819629297477835528e-01 1.792019476258344991e-03 3.105538461538461661e+02 2.987142863206763082e+02
1.883474920212158954e-01 1.982820530303366913e-03 3.180138888888889142e+02 3.090934100091930077e+02
1.949500334927739553e-01 1.985593967279970003e-03 3.456666666666666856e+02 3.116536182651787499e+02
2.014306324154557237e-01 1.750557958225071797e-03 3.542028985507246261e+02 3.223846690154714452e+02
2.076332073357673447e-01 1.865361520913360683e-03 3.795405405405405190e+02 3.245566605869254317e+02
2.140129245322099916e-01 1.882829286684015863e-03 3.782400000000000091e+02 3.351046785707415552e+02
2.204163405633874917e-01 1.951475208267544961e-03 4.067692307692307736e+02 3.352595744322906057e+02
2.268599176829277919e-01 1.954094669929957399e-03 4.062124999999999773e+02 3.443737722301162307e+02
2.335135695299082048e-01 1.986313139076756155e-03 4.132705882352940989e+02 3.498115130627925282e+02
2.400224779461884173e-01 1.823737618079871109e-03 4.328625000000000114e+02 3.483605235600038554e+02
2.464005577519743639e-01 1.894426896505377799e-03 4.429529411764705742e+02 3.475103513431757278e+02
2.528350385827773383e-01 1.829527638271931031e-03 4.527380952380952408e+02 3.517372019567490042e+02
2.590859102888302123e-01 1.817056121189442432e-03 4.552023809523809632e+02 3.545988135824827054e+02
2.654612130450557106e-01 1.918447197659697845e-03 4.618988764044943878e+02 3.589007560353447843e+02
2.718942366720529247e-01 1.942478483450333455e-03 4.850439560439560296e+02 3.493339167101964335e+02
2.784185743669774227e-01 1.921358219378808702e-03 4.856666666666666856e+02 3.439104399127824649e+02
2.849156375412667530e-01 1.882334819595186037e-03 5.250425531914893327e+02 3.181901758439777836e+02
2.911870294677750826e-01 1.766712284927822799e-03 5.338202247191011338e+02 2.981022926729287406e+02
2.976511517037133681e-01 2.019527329980297554e-03 5.684854368932038824e+02 2.695413618779711555e+02
3.043178155919494809e-01 1.919359421117726450e-03 5.786200000000000045e+02 2.480579404090906905e+02
3.108074081907638564e-01 1.815555258398614735e-03 5.989081632653061433e+02 2.319646146843076906e+02
3.170970610330232087e-01 1.826000353424227750e-03 6.095757575757576205e+02 2.213472923120961582e+02
3.235319739834495723e-01 1.908097576542081529e-03 6.149333333333332803e+02 2.132555691600521186e+02
3.300700059726238145e-01 1.867687188749142220e-03 6.350471698113207140e+02 2.006306992094932298e+02
3.365262003550894554e-01 1.808122422876843900e-03 6.355809523809523398e+02 1.972268006239358442e+02
3.429039324965278412e-01 1.810371451943152679e-03 6.500660377358490223e+02 1.855972664632179772e+02
3.492243179790229801e-01 1.835371710213073819e-03 6.579351851851852189e+02 1.782725358846798258e+02
3.555659880086458058e-01 1.813249007222180170e-03 6.655277777777778283e+02 1.713773301822954522e+02
3.620245372922214488e-01 1.918012235727336494e-03 6.773931623931623562e+02 1.624077728470248871e+02
3.685406119477664388e-01 1.798147481859587110e-03 6.773783783783783292e+02 1.591425075713414685e+02
3.750909242308860247e-01 1.967614233492519498e-03 6.907177419354839003e+02 1.488175934445468158e+02
3.816999037813160189e-01 1.752662604176019427e-03 6.906869565217391482e+02 1.412758454197136473e+02
3.880273799716012495e-01 1.749306826939258557e-03 6.954741379310345337e+02 1.325523447857657686e+02
3.942361145945514900e-01 1.745527907058957431e-03 6.976206896551724412e+02 1.258764765017839125e+02
4.006128291384035145e-01 1.852638254231622501e-03 7.033333333333333712e+02 1.181318908315460590e+02
4.070503578694664726e-01 1.848743254130127446e-03 7.097822580645160997e+02 1.134100077802847437e+02
4.135933781829447264e-01 1.871256654943844995e-03 7.144728682170542697e+02 1.071459421980666633e+02
4.202179442533061082e-01 1.832712641984981681e-03 7.231153846153846416e+02 1.008082866181524508e+02
4.266798115557093873e-01 1.759393680741872749e-03 7.321968503937007426e+02 9.519140583480995588e+01
4.330910535146235696e-01 1.771858374752960505e-03 7.452000000000000455e+02 8.917433228492119213e+01
4.395078467689783608e-01 1.772659720438770270e-03 7.619696969696969973e+02 8.416622480313873211e+01
4.457793319829173595e-01 1.654526338047628432e-03 7.826799999999999500e+02 7.665036881842122796e+01
4.521562795609589402e-01 1.887763445894669913e-03 8.290774647887324136e+02 6.769438496655976678e+01
4.587656575942579140e-01 1.769717907920350091e-03 8.763138686131386521e+02 6.379654119163836157e+01
4.652405449529313231e-01 1.746242423612376143e-03 9.251798561151078957e+02 8.489365685658570726e+01
4.716282944699034529e-01 1.704407088516023735e-03 9.580291970802919650e+02 1.148603059006756411e+02
4.780637153179891352e-01 1.798647074538550902e-03 9.682291666666666288e+02 1.267227854485997938e+02
4.844976548260259142e-01 1.723433333189145671e-03 9.541549295774648272e+02 1.259209663397471104e+02
4.908596034113225648e-01 1.665744062354685903e-03 9.378085106382978893e+02 1.199285141180631484e+02
4.972011979785150859e-01 1.734256865849588200e-03 9.559246575342465349e+02 1.230675306290810198e+02
5.036178995103413047e-01 1.747915368961153139e-03 9.880067567567567721e+02 1.366758099556283241e+02
5.101756467004687767e-01 1.800451491856020327e-03 1.015058064516128979e+03 1.523854521776268882e+02
5.166235656727934389e-01 1.648057805296297825e-03 9.956734693877550626e+02 1.564373339576659987e+02
5.229884928033705638e-01 1.714260039451578075e-03 9.352434210526315610e+02 1.352505286700949227e+02
5.293925748937229336e-01 1.756900675637705763e-03 8.590512820512821008e+02 1.035802253497147802e+02
5.357749724968067229e-01 1.647361260156582873e-03 7.961920529801324165e+02 7.950149411385177700e+01
5.422269581426349960e-01 1.797131621318817348e-03 7.540609756097560421e+02 6.163669377595761034e+01
5.488258977193463117e-01 1.752106618123457169e-03 7.246708074534161597e+02 5.172563930495315532e+01
5.552607346015674405e-01 1.711536068502800701e-03 7.077937500000000455e+02 4.536408184759171291e+01
5.616696921416424182e-01 1.713298320607429745e-03 6.938404907975460674e+02 4.268055786828541187e+01
5.680596363279470928e-01 1.671719726027721563e-03 6.803062499999999773e+02 4.347070134009802445e+01
5.744116486855085357e-01 1.773350792090137981e-03 6.714285714285714448e+02 4.340195377902629303e+01
5.808465417437830292e-01 1.706594120505047427e-03 6.652060606060606460e+02 4.352360557702270683e+01
5.872915480827241019e-01 1.773275249674210931e-03 6.629884393063583730e+02 4.375608729363363381e+01
5.936297343998458986e-01 1.608871723183330060e-03 6.606358024691357969e+02 4.537716754324611657e+01
6.000917821228005655e-01 1.852508397134843563e-03 6.640989010989011376e+02 4.437405431162676450e+01
6.066068710033430955e-01 1.719733697199352486e-03 6.663216374269005655e+02 4.678991441651668026e+01
6.129319261090041548e-01 1.700305612135823196e-03 6.761220930232558430e+02 5.150584512661254877e+01
6.193292159447265632e-01 1.792945791870086646e-03 6.941444444444443889e+02 5.804597741297118318e+01
6.257789288608107681e-01 1.769335618302108433e-03 7.276779661016948921e+02 7.280871626414877085e+01
6.322945183878984077e-01 1.883051681004075783e-03 7.913915343915343783e+02 9.465784717438931750e+01
6.387697914265673127e-01 1.734308686986089703e-03 8.823125000000000000e+02 1.331031752276474549e+02
6.450797878865883739e-01 1.812617312363664322e-03 9.871467391304347530e+02 1.722387149200109207e+02
6.514777522098027518e-01 1.807195130708317372e-03 1.058562162162162167e+03 2.096499282561843245e+02
6.579453254174412180e-01 1.840076954070700866e-03 1.059878306878306830e+03 2.207754500883646358e+02
6.642487788958216788e-01 1.761967380250493336e-03 9.882692307692307168e+02 1.976737527102836225e+02
6.707545140871414846e-01 1.952870522822350513e-03 8.786000000000000227e+02 1.503336389501697852e+02
6.772291234912055646e-01 1.844192786587162299e-03 7.722539682539683099e+02 1.144179672752830754e+02
6.834443396870620857e-01 1.745041746211572261e-03 6.997826086956521294e+02 8.933927415964605245e+01
6.899300657465672337e-01 1.988575045799213618e-03 6.546570048309179128e+02 7.030593271974537117e+01
6.965346490814943170e-01 1.967867873463197050e-03 6.254321608040200999e+02 6.278479900892610033e+01
7.030970487636396538e-01 2.020648629947002003e-03 6.085922330097087070e+02 5.662842350420827131e+01
7.095716427219228573e-01 1.946516927103622520e-03 5.960252525252525402e+02 5.451266644532523031e+01
7.160970279381224657e-01 2.044543341153194464e-03 5.873190476190476375e+02 5.001842245647111440e+01
7.226116891734091219e-01 2.004959656352403585e-03 5.799658536585366164e+02 4.539553684031967862e+01
7.291288619178314390e-01 2.011427705279334160e-03 5.726142857142857565e+02 4.666202552237032108e+01
7.356079106374427967e-01 1.973711099579897668e-03 5.671009615384615472e+02 4.506160210719827575e+01
7.419803430714648762e-01 1.939746738906150680e-03 5.593365853658536935e+02 4.835433807537761197e+01
7.484516812817442188e-01 2.022257641999446187e-03 5.548818181818181756e+02 4.438467226680180033e+01
7.549512183205485671e-01 1.898119824350936232e-03 5.495576923076922640e+02 4.756952732300088371e+01
7.613853957290165342e-01 1.973382858640895885e-03 5.480909090909091219e+02 4.386167682858096128e+01
7.678481984516135617e-01 1.903941598965435333e-03 5.434558139534883594e+02 4.592718129399715821e+01
7.743372045322526320e-01 1.915374251326664194e-03 5.407702702702703164e+02 4.283059307254792003e+01
7.807807857039134047e-01 1.872160005679921477e-03 5.368990825688073301e+02 4.373254193741450280e+01
7.871827117013717734e-01 1.874571936203420349e-03 5.329049773755656361e+02 4.475877575177373302e+01
7.935705088346153291e-01 1.846468364235832015e-03 5.305470852017937204e+02 4.478707986993745749e+01
7.999497029225959288e-01 1.794315080242126848e-03 5.291963470319634553e+02 4.478338291711244779e+01
8.063895263538338742e-01 1.919941342275102670e-03 5.309533898305085131e+02 4.460663478989999930e+01
8.129038415374738591e-01 1.785391972586650427e-03 5.336266666666666652e+02 4.826170631355977747e+01
8.193543447618309994e-01 1.828478467253065801e-03 5.397787234042552882e+02 5.065361184494131663e+01
8.257450256705209934e-01 1.731942097964038994e-03 5.462901785714285552e+02 5.488569406744626633e+01
8.321389716972604766e-01 1.845140229989535984e-03 5.527250000000000227e+02 5.712663473226243838e+01
8.386208936931099922e-01 1.751195931903918061e-03 5.536068376068376438e+02 6.119561726309543559e+01
8.449970631363269424e-01 1.723661030767332288e-03 5.484741379310345337e+02 6.173442561396235106e+01
8.513046230100612677e-01 1.773741526074865430e-03 5.372310924369747909e+02 5.781415898399719566e+01
8.578256185292513214e-01 1.822821089358022794e-03 5.225748987854251482e+02 5.256817202072203088e+01
8.643009097266359797e-01 1.747841479780405487e-03 5.095062240663900184e+02 4.972662806740690655e+01
8.706520843132705689e-01 1.718512007701664341e-03 4.993319327731092585e+02 4.802022111025438278e+01
8.770655084888429043e-01 1.823306464836067656e-03 4.932648221343873729e+02 4.587965533515320260e+01
8.835379301005906738e-01 1.720994191554163586e-03 4.880617283950617207e+02 4.580294776407380652e+01
8.899818591232092624e-01 1.816014583941305376e-03 4.890156862745097897e+02 4.554458935348043269e+01
8.963154830142930907e-01 1.686559403020368615e-03 4.915291666666666401e+02 4.741006068511899940e+01
9.027402481510985455e-01 1.849914512401526186e-03 4.987786259541984464e+02 4.787587078638436111e+01
9.092741475074460622e-01 1.818523953956779297e-03 5.024313725490196134e+02 4.976954657462484022e+01
9.156513574886713247e-01 1.799905876070713017e-03 5.032738095238095184e+02 5.058810407220812522e+01
9.219738414041327434e-01 1.816254378221876130e-03 4.996953125000000000e+02 4.996607949741300558e+01
9.284093843578240524e-01 1.864548344913183461e-03 4.949076923076922867e+02 4.948537827198952499e+01
9.348720171621091035e-01 1.939851900461452830e-03 4.917078651685393424e+02 4.843362659170948348e+01
9.413551784733346084e-01 1.927152036582965508e-03 4.874351145038168056e+02 5.316637547500409511e+01
9.478756351150825488e-01 2.022964964773094239e-03 4.888695652173913118e+02 5.383806146216430477e+01
9.544794314844599059e-01 1.995588314593873917e-03 4.945018450184501830e+02 5.280907094319873352e+01
9.609640598131067302e-01 1.976081289299603128e-03 5.096360294117646959e+02 5.711670852881920979e+01
9.673540511875814429e-01 1.900963898517757681e-03 5.480946969696969973e+02 7.097515376376887275e+01
9.738764300010358532e-01 2.020370959177093719e-03 6.767708333333333712e+02 1.403655896943927814e+02
9.803887395962943563e-01 1.868024915732807104e-03 1.013531835205992479e+03 3.140499376499896584e+02
9.867609507399704993e-01 1.907798179635916648e-03 1.699444444444444343e+03 5.409880789381279556e+02
9.931792738827067701e-01 1.861169570246367679e-03 2.679567272727272666e+03 7.915915040949921604e+02
9.997024529712079666e-01 1.929714342920701943e-03 3.471191780821917746e+03 1.085614614211336630e+03
1.006152710574202525e+00 1.760100644785859590e-03 3.544591911764705856e+03 1.382863187979761960e+03
1.012546487448541255e+00 1.858180627704414780e-03 2.866726643598615738e+03 1.244627630326130202e+03
1.018988798098918291e+00 1.803978976354649174e-03 1.901355633802817010e+03 8.673390471229540708e+02
1.025394048634321598e+00 1.775790568352827222e-03 1.134628070175438552e+03 4.686778087699098592e+02
1.031778999059903112e+00 1.783042104657854955e-03 7.055951557093425208e+02 2.002609476583051560e+02
1.038243195035333466e+00 1.800042721148124251e-03 5.297440273037542511e+02 8.986207759682254448e+01
1.044593270705168830e+00 1.728638088187854378e-03 4.634090909090909349e+02 5.464822486238961829e+01
1.051019473275584426e+00 1.807666001326826760e-03 4.335752508361204036e+02 4.356537516654041298e+01
1.057452118334604840e+00 1.764796907398143069e-03 4.173559322033898411e+02 3.977551342181487115e+01
1.063812741872586898e+00 1.735604614353873946e-03 4.044041095890410702e+02 3.735339925015362894e+01
1.070275566257694377e+00 1.860876787998901613e-03 3.966645161290322790e+02 3.588475164501420522e+01
1.076675486865225739e+00 1.737707282280460301e-03 3.888419243986254514e+02 3.616597717904552667e+01
1.083000003099001241e+00 1.811785629637566912e-03 3.847631578947368212e+02 3.608203876540437705e+01
1.089457558406981885e+00 1.875700427842611059e-03 3.795746753246752974e+02 3.591742229740040671e+01
1.095857128634095679e+00 1.865882195591197666e-03 3.765427631578947398e+02 3.617337577020133210e+01
1.102286980210992473e+00 1.937596539280167377e-03 3.695143769968051402e+02 3.909682008593926383e+01
1.108924588094037933e+00 2.035521144429528872e-03 3.674878048780487916e+02 3.758719290125709733e+01
1.115518250266801070e+00 1.963453062553008333e-03 3.639367088607594951e+02 3.788618326713412188e+01
1.121980766162010701e+00 1.920251373127695831e-03 3.619808917197452161e+02 3.671068963197093638e+01
1.128426312748922689e+00 1.950613960551148517e-03 3.591583850931676807e+02 3.546934993657794166e+01
1.134959239864979930e+00 1.915365560061970144e-03 3.567938461538461752e+02 3.607249032961103552e+01
1.141388067807542761e+00 1.819889318180962796e-03 3.536222222222222058e+02 3.585223938309947300e+01
1.147829738822878420e+00 1.877407927217479219e-03 3.522492401215805558e+02 3.485575188347203834e+01
1.154234759887723172e+00 1.796226287448233561e-03 3.503103448275862206e+02 3.547441950927530030e+01
1.160592008141087206e+00 1.784421184300352767e-03 3.493065015479876365e+02 3.623469946544010156e+01
1.167026991042843242e+00 1.836276795008287468e-03 3.470537313432835731e+02 3.645099292577799588e+01
1.173494023876834547e+00 1.758155136545365687e-03 3.436972477064219902e+02 3.723627858317311734e+01
1.179808164649816637e+00 1.732605827553653768e-03 3.346707692307692241e+02 4.671756194497781678e+01
1.186220583891021807e+00 1.881017850291822648e-03 3.397556270096462754e+02 4.094789973687184670e+01
1.192681073817049464e+00 1.793318889751105601e-03 3.386999999999999886e+02 4.067913131002099902e+01
1.199065629744253458e+00 1.797529783280079436e-03 3.370246478873239653e+02 4.063665226662994456e+01
1.205502001077074059e+00 1.899328588103967692e-03 3.363458904109589298e+02 4.007879272846912500e+01
1.211991242640565014e+00 1.826306843735066819e-03 3.349963768115941889e+02 4.059306683652132364e+01
1.218362901235649165e+00 1.888953249129523074e-03 3.338956834532373819e+02 4.108387063400833483e+01
1.224837827500277143e+00 1.938626244914326818e-03 3.310035971223021534e+02 4.415676781519331939e+01
1.231306496939841066e+00 1.935692192720165272e-03 3.309275362318840621e+02 4.481020677680434972e+01
1.237900180047003751e+00 1.954996484647400414e-03 3.311254480286738158e+02 4.271493131901189599e+01
1.244387829439413284e+00 1.881879514088832415e-03 3.305373134328358447e+02 4.082914730097871114e+01
1.250735832344970877e+00 1.818331757808236372e-03 3.297945736434108426e+02 4.108451805657295353e+01
1.257083335292831006e+00 1.905720956169173206e-03 3.295830258302582934e+02 4.122637822788190221e+01
1.263603115287416090e+00 1.841854869392088893e-03 3.289962121212121247e+02 4.144227421988409077e+01
1.270020777910819465e+00 1.832011672431217405e-03 3.277262357414448388e+02 4.140085115164090013e+01
1.276488051741652807e+00 1.832185980768075541e-03 3.263346007604562828e+02 4.197205705147738541e+01
1.282839323063532211e+00 1.758750693263018286e-03 3.255196850393700743e+02 4.222842463885783104e+01
1.289363492023574365e+00 1.805471412487298991e-03 3.164444444444444571e+02 4.598183574094227311e+01
1.295761563244195891e+00 1.749310907134910172e-03 3.194060402684563655e+02 4.131339038853204926e+01
1.302096506369333051e+00 1.727886103868702576e-03 3.197142857142857224e+02 3.971723739598771630e+01
1.308490604613926855e+00 1.841981469325142248e-03 3.188785046728971793e+02 3.952849597887281163e+01
1.314923371882378955e+00 1.783204890748409099e-03 3.171125401929260192e+02 3.807946394559741776e+01
1.321263162947042602e+00 1.883891353746835161e-03 3.154876543209876445e+02 3.780686944698670260e+01
1.327809252188654421e+00 1.990407611744629372e-03 3.101775147928993874e+02 4.034604482742545173e+01
1.334395055816720577e+00 2.005908808147741692e-03 3.092199413489736344e+02 3.999163124845671291e+01
1.340924575314278222e+00 1.937181998292608577e-03 3.092059701492537442e+02 3.787063581200512630e+01
1.347326738882997477e+00 1.911240937813023883e-03 3.088757396449703947e+02 3.709007334641449916e+01
1.353867248119903444e+00 1.925349651844857632e-03 3.084702549575071089e+02 3.654615646296241493e+01
1.360292180733798650e+00 1.777880213384871099e-03 3.091227544910179859e+02 3.697527454402287361e+01
1.366716033276369036e+00 1.860440026654835337e-03 3.105126050420167871e+02 3.641050214343552938e+01
1.373134056949086190e+00 1.747663592607761902e-03 3.142485380116959277e+02 3.717274841307705913e+01
1.379508641949547476e+00 1.787974598008121871e-03 3.192676056338028161e+02 3.755164875397663593e+01
1.385849874457594222e+00 1.730044418412237826e-03 3.306109510086455430e+02 3.965743401958575731e+01
1.392210228535155858e+00 1.777760908321846531e-03 3.554388888888888687e+02 4.519126311960840781e+01
1.398630460992727143e+00 1.793834584281517276e-03 4.070638888888888687e+02 5.737940480415435474e+01
1.405027543482165298e+00 1.820682476180417696e-03 4.827878787878788103e+02 7.122755708681135900e+01
1.411380623846245186e+00 1.844474811107960554e-03 5.506472222222222399e+02 8.581334467002663757e+01
1.418011585217980208e+00 2.061904995500850411e-03 5.737955112219451621e+02 1.152792665458112822e+02
1.424633236002852632e+00 1.911062399977238009e-03 5.642513661202185631e+02 1.101850049511000122e+02
1.431027237377290762e+00 1.930893372260762729e-03 5.167783641160949628e+02 9.614561517037797955e+01
1.437551415863808524e+00 1.925262037142165712e-03 4.501844155844156035e+02 7.626655393496237423e+01
1.443999660086549230e+00 1.834928749309971486e-03 3.914297082228116551e+02 5.460909595185936638e+01
1.450408168300875378e+00 1.822080046480867126e-03 3.551256544502617771e+02 4.185136671505990336e+01
1.456762351763572827e+00 1.768742008520618686e-03 3.398289473684210407e+02 3.791124366361362519e+01
1.463211358413713192e+00 1.810126088705470279e-03 3.376020408163265074e+02 3.769877658682406008e+01
1.469593255354290973e+00 1.758193336020684059e-03 3.417291666666666856e+02 3.825543134436925641e+01
1.475950724204827313e+00 1.769305199294179780e-03 3.453462532299741383e+02 3.942286972251881849e+01
1.482355977374464340e+00 1.855140322631434503e-03 3.496299999999999955e+02 3.985099967378484109e+01
1.488803525874331735e+00 1.854999873494519958e-03 3.472061068702290072e+02 3.963630816322493899e+01
1.495319592526707764e+00 2.003828109077177445e-03 3.388492822966506992e+02 4.498522761429061489e+01
1.501939691759246465e+00 1.957822028991581826e-03 3.336131386861313786e+02 3.967768873599020907e+01
1.508463382234335848e+00 1.918938912685786129e-03 3.309828850855745941e+02 3.631382714286755942e+01
1.514901188746566207e+00 1.852902137227367511e-03 3.295640394088670178e+02 3.675150876614623741e+01
1.521228969867623793e+00 1.785136608190808364e-03 3.336523929471032943e+02 3.796809221899015796e+01
1.527563647216529041e+00 1.824993124647320475e-03 3.387668269230769056e+02 3.912526569823955214e+01
1.534022576503679458e+00 1.781774817406586286e-03 3.422500000000000000e+02 4.046865921476490513e+01
1.540418711468126034e+00 1.792491139398408621e-03 3.410478468899521545e+02 4.100478706179890054e+01
1.546838712332167631e+00 1.778278829154705072e-03 3.362795180722891359e+02 4.193557466761198071e+01
1.553238623106807825e+00 1.840983848395847744e-03 3.310636792452830264e+02 4.088664565911254556e+01
1.559673935783696619e+00 1.867161364404805587e-03 3.271971496437054725e+02 3.817946848875254773e+01
1.566161367499480317e+00 1.987417225671155377e-03 3.218662131519274112e+02 4.411197288094516722e+01
1.572795191923813007e+00 1.975399758409353626e-03 3.211842696629213378e+02 3.545968035234623272e+01
1.579229625961506400e+00 1.828964939238766603e-03 3.129471153846153584e+02 3.398782954029584857e+01
1.585615098485775532e+00 1.901195136705323549e-03 3.079035874439462077e+02 3.406695984412720435e+01
1.592069020803266399e+00 1.783565421147388207e-03 3.049600938967136017e+02 3.423576369389992635e+01
1.598398624204083740e+00 1.798472010651884717e-03 3.026369863013698591e+02 3.459068941323216961e+01
1.604843375939136507e+00 1.797152056805669104e-03 3.004660633484162986e+02 3.436885550229305863e+01
1.611212339410225569e+00 1.768878106258207515e-03 2.998417431192660274e+02 3.458807140515819611e+01
1.617590363377642504e+00 1.818287623560442892e-03 2.985483146067415987e+02 3.460203149035747572e+01
1.623974015669422899e+00 1.854816384487833732e-03 3.016185101580135210e+02 3.444871041848016091e+01
1.630543485616582799e+00 2.014479720267581264e-03 3.046255230125523212e+02 4.098434730658750169e+01
1.637155364196844820e+00 1.921442116166700376e-03 3.308061674008810655e+02 4.022967511289046882e+01
1.643640215828007012e+00 1.916406123937146409e-03 3.843497854077253351e+02 5.574355627350175979e+01
1.650095370295723063e+00 1.808845151496338592e-03 4.731447661469933337e+02 8.568654658088983922e+01
1.656466136267144007e+00 1.835556712886826517e-03 5.606043010752688360e+02 1.129343876094826697e+02
1.662921359457136594e+00 1.784847929403802829e-03 6.135359477124183059e+02 1.313787759609882073e+02
1.669278115879615276e+00 1.787810489320909016e-03 6.217337662337662323e+02 1.360021802967976612e+02
1.675603147458916142e+00 1.759339208401217896e-03 5.915452538631346897e+02 1.274680228051647219e+02
1.681944817773278311e+00 1.879012939346250957e-03 5.382405063291139413e+02 1.066519520057397727e+02
1.688494896982127180e+00 1.961244959671172398e-03 4.664238683127571790e+02 9.495087648060957974e+01
1.695047655103924189e+00 1.958531043791479891e-03 4.171234567901234414e+02 6.435935819875717812e+01
1.701563412030947964e+00 1.893890162085724253e-03 3.825908141962421496e+02 5.021187656123757392e+01
1.707975620325744792e+00 1.846204685496802061e-03 3.834488517745302829e+02 4.754762354350824438e+01
1.714377380249353600e+00 1.797036493929945892e-03 4.298870292887029336e+02 6.101367887323456785e+01
1.720768292737840266e+00 1.799184406037973973e-03 5.192536082474226760e+02 8.055709456100659338e+01
1.727152534628709324e+00 1.771490888047008889e-03 6.036910229645094432e+02 9.670601946775566660e+01
1.733526494930327289e+00 1.835615179227028260e-03 6.490101832993890412e+02 1.043441934720743518e+02
1.739975521513371870e+00 1.888347845677861795e-03 6.470101626016260070e+02 1.192274246101367652e+02
1.746497876640803248e+00 1.988580869552720402e-03 6.172674418604651692e+02 1.206821884996142416e+02
1.753090192095328348e+00 1.909790863647236811e-03 5.776035856573705587e+02 9.591606678130503383e+01
1.759542915568929722e+00 1.863330342728648260e-03 5.466972111553784544e+02 8.743553884320914449e+01
1.765978610475646082e+00 1.805054295706254351e-03 5.492999999999999545e+02 9.094464580171830903e+01
1.772332663329672986e+00 1.770928694831684115e-03 5.713870967741935374e+02 9.692890086873588018e+01
1.778664509689639184e+00 1.781133477909586536e-03 5.908502994011976170e+02 9.834718556061274342e+01
1.785069366740120511e+00 1.834600355293997381e-03 5.994667968750000000e+02 9.835032749635425375e+01
1.791506168727699633e+00 1.878728357369653049e-03 5.876372549019607732e+02 1.089079439423431666e+02
1.798039063906349488e+00 1.995486375923071192e-03 5.659500000000000455e+02 1.078143088146707385e+02
1.804647924016717919e+00 1.913848319004299433e-03 5.392375478927202721e+02 8.944991301252701987e+01
1.811089958053599736e+00 1.862622323854617795e-03 5.031590038314176354e+02 7.811290778983205030e+01
1.817521720439822408e+00 1.798364348704032875e-03 4.655849420849420994e+02 7.011801066677189453e+01
1.823812670535420288e+00 1.750448090683544159e-03 4.367470588235294144e+02 6.310826547970540901e+01
1.830221642949216854e+00 1.837728497302317443e-03 4.162383612662942483e+02 5.726467883052100660e+01
1.836582905300079060e+00 1.780128382536366044e-03 3.995725490196078340e+02 5.376638625254108916e+01
1.843061797820461534e+00 1.986079127245108083e-03 3.772646536412078149e+02 5.819933943429342804e+01
1.849632829275571488e+00 1.888944039210000737e-03 3.623928571428571672e+02 4.817307623454239263e+01
1.856090187264436642e+00 1.913060858845453587e-03 3.503072727272727320e+02 4.449084437339722342e+01
1.862531947297203283e+00 1.788974026913770074e-03 3.408132075471698386e+02 4.370176199450079224e+01
1.868931787959941415e+00 1.835149539700427039e-03 3.358051001821493742e+02 4.244563544943274991e+01
1.875342409945594868e+00 1.782793697721218873e-03 3.321657355679702164e+02 4.343162642231102666e+01
1.881685992375486283e+00 1.813583446463527945e-03 3.302785977859778654e+02 4.341193763270676698e+01
1.888176611507502489e+00 1.945205006648250507e-03 3.266455026455026314e+02 5.164224361370718697e+01
1.894684395670122701e+00 1.921537496908314263e-03 3.283470483005366987e+02 4.822148178278388286e+01
1.901176782548104516e+00 1.886986723452953362e-03 3.311405693950177920e+02 4.613667294043634826e+01
1.907561981128558237e+00 1.795440373499332084e-03 3.338339416058394136e+02 4.744489163251844843e+01
1.913985041606118376e+00 1.828239138046576940e-03 3.370578947368421154e+02 4.847600504949468103e+01
1.920403381422240097e+00 1.786024996940504313e-03 3.391721014492753739e+02 5.032963483023204532e+01
1.926716413297410169e+00 1.834639747803229817e-03 3.391459074733095918e+02 5.089349673363953031e+01
1.933271554332125497e+00 1.965820526812752777e-03 3.323383838383838338e+02 6.086884010458315686e+01
1.939792573083097382e+00 1.907526115978609412e-03 3.319965095986038364e+02 5.133138393312657399e+01
1.946288570836251841e+00 1.883695634446648113e-03 3.265383304940374956e+02 4.761766428668981632e+01
1.952655684029843908e+00 1.737190040939992066e-03 3.218318264014466763e+02 4.627477473744557557e+01
1.958969978021109171e+00 1.827434973414125523e-03 3.303276450511945654e+02 4.548816407949328067e+01
1.965496063115082181e+00 1.854230162972571750e-03 3.683108108108108354e+02 7.034371600304895367e+01
1.971963975922738088e+00 1.884120710564727479e-03 4.502876712328767326e+02 1.423055748801117204e+02
1.978442510441045021e+00 1.957066319931451050e-03 5.843953871499176103e+02 2.274825608482281041e+02
1.984931097981023740e+00 1.843590323278294961e-03 7.979641025641025180e+02 2.658897278346037751e+02
1.991287308585444338e+00 1.815152065882439042e-03 1.100289608177172113e+03 2.743550375653952642e+02
1.997701973476069481e+00 1.833321787203764366e-03 1.411892026578073001e+03 2.976948812378308276e+02
2.004164133665459424e+00 1.816322146449814287e-03 1.595884808013355496e+03 3.515236545294751522e+02
2.010465304371688244e+00 1.793999045974344238e-03 1.615608318890814644e+03 4.083603072465152763e+02
2.016906033528098163e+00 1.989616449670199121e-03 1.499995305164319234e+03 4.842237952142330073e+02
2.023555996358446407e+00 1.897180052363281293e-03 1.314901294498381958e+03 3.931568028801032710e+02
2.029968694217374470e+00 1.807083598350285245e-03 1.054020066889632062e+03 3.262085883436201925e+02
2.036339422929389187e+00 1.823287213829230622e-03 8.039189627228524841e+02 2.440716074054686828e+02
2.042808231593590484e+00 1.819045180469573350e-03 5.850000000000000000e+02 1.657181978658231287e+02
2.049121403930300289e+00 1.816823929832920258e-03 4.294632107023411436e+02 1.077368756321631480e+02
2.055546024436551544e+00 1.958593688934813937e-03 3.326836419753086602e+02 7.179807966936303387e+01
2.062179187475123410e+00 1.909374836257744399e-03 2.882906249999999773e+02 4.450000411472944251e+01
2.068587893715514436e+00 1.782255124468116103e-03 2.697921440261865769e+02 3.829167914029827813e+01
2.074943470461427353e+00 1.803325004765888358e-03 2.637242472266244135e+02 3.581347485796366215e+01
2.081348551495329602e+00 1.811685209211536278e-03 2.600144000000000233e+02 3.507497990990160019e+01
2.087807581420585645e+00 1.934124239786214495e-03 2.550321592649310958e+02 4.006693016090308390e+01
2.094354049547901386e+00 1.919763106963207067e-03 2.569677914110429242e+02 3.793167273720872856e+01
2.100814970511138302e+00 1.841726384006937703e-03 2.621666666666666856e+02 3.582233632629527165e+01
2.107147425483176129e+00 1.793021693532189254e-03 2.681025236593059731e+02 3.658546104338155658e+01
2.113573117004156288e+00 1.831442330790634650e-03 2.743099236641221523e+02 3.761314524601042564e+01
2.119956773712852627e+00 1.806996690666118864e-03 2.809873417721519218e+02 4.012060311640355081e+01
2.126392549358501416e+00 1.961143276791299343e-03 2.867588235294117567e+02 5.256079401487433245e+01
2.133022499541108896e+00 1.914261261225060897e-03 3.019526627218934891e+02 4.573742330236775899e+01
2.139480964562213483e+00 1.786119367506160778e-03 3.105782945736434044e+02 4.805974760840805260e+01
2.145796782645738254e+00 1.799418587043424183e-03 3.172293577981651538e+02 4.955728816148641869e+01
2.152165366120878165e+00 1.825425695775702338e-03 3.237666666666666515e+02 5.074173814424364082e+01
2.158655754564665852e+00 1.929951649106770133e-03 3.313444767441860677e+02 6.436427381274803849e+01
2.165204964825616862e+00 1.913631523374921799e-03 3.520789473684210407e+02 5.701353865824755474e+01
2.171687233764930003e+00 1.836559742283269984e-03 3.646681481481481342e+02 5.630254692394879612e+01
2.178057454997971210e+00 1.770075738143539208e-03 3.667311178247734347e+02 5.617074302284169107e+01
2.184381886656512783e+00 1.819268068842387707e-03 3.635482912332838055e+02 5.501349596440930867e+01
2.190889596552291430e+00 1.941484629964972597e-03 3.539732016925246967e+02 6.661567417043632133e+01
2.197415493733709368e+00 1.880394352234131695e-03 3.593425253991291584e+02 5.600008431637863282e+01
2.203858495652105454e+00 1.844129167940211774e-03 3.820911722141823361e+02 5.693896174989398418e+01
2.210218428929338064e+00 1.776952575370011446e-03 4.441272189349112409e+02 7.664058886467701370e+01
2.216548686487991304e+00 1.820372229284925253e-03 5.687808417997097195e+02 1.114954989293293437e+02
2.223054582631938558e+00 1.937499342758612587e-03 7.631754143646409148e+02 1.771303399121380835e+02
2.229555406010463425e+00 1.871681269043944497e-03 1.048577968526466293e+03 2.045045622777022913e+02
2.236023148886606471e+00 1.876509468722661325e-03 1.288061196105702265e+03 2.564908079984846836e+02
2.242466908337517939e+00 1.781536512235300631e-03 1.403899280575539478e+03 3.078332652704713723e+02
2.248784053696174290e+00 1.815619011182786555e-03 1.395977044476327137e+03 3.378771809357174902e+02
2.255261034229438355e+00 1.958337742873136802e-03 1.278100671140939539e+03 3.865391817057347339e+02
2.261752977112598817e+00 1.833135357339661826e-03 1.130195190947666106e+03 3.192249570586690766e+02
2.268193030407839927e+00 1.856919733580766289e-03 9.251364256480218273e+02 2.705493968153250535e+02
2.274620661936892052e+00 1.792548502283534354e-03 7.216332863187587918e+02 2.142145105757916497e+02
2.281045196159239286e+00 1.907452264699439036e-03 5.433486486486486911e+02 1.643786227523801813e+02
2.287566856146262317e+00 1.925687837049752790e-03 4.154919786096256757e+02 1.133089126427916966e+02
2.294017676381079784e+00 1.818149611703329506e-03 3.356163434903047005e+02 7.586991658794256921e+01
2.300373896127871021e+00 1.814054264739159471e-03 2.945718194254445734e+02 6.042009286219999353e+01
2.306733295622487301e+00 1.809288305020508025e-03 2.757170329670329920e+02 5.644268494521161017e+01
2.313210233147671158e+00 1.927057466226796351e-03 2.633867187500000000e+02 6.206989016140143178e+01
2.319750633036068876e+00 1.886628064392380537e-03 2.602569536423841328e+02 5.399213099333411492e+01
2.326167810919689938e+00 1.805281422939875990e-03 2.547023004059539915e+02 5.229516013163283361e+01
2.332524891627314911e+00 1.808157875111407291e-03 2.494435483870967687e+02 5.128141670922487094e+01
2.339018828040365428e+00 1.927078730268403945e-03 2.410000000000000000e+02 5.485882814680810782e+01
2.345529090540556361e+00 1.892646505679497623e-03 2.356151832460732862e+02 5.009899204576958454e+01
2.351902562585342693e+00 1.808634088653226840e-03 2.285868983957219314e+02 4.602882058234204976e+01
2.358283426411155403e+00 1.828495513811564770e-03 2.214067796610169410e+02 4.328171703350292887e+01
2.364665150299146479e+00 1.824483169818866225e-03 2.144953642384105876e+02 4.192653981169389965e+01
2.371140522023317931e+00 1.956229962378429419e-03 2.072890818858560920e+02 4.672732439286706096e+01
2.377698484074287411e+00 1.857249505322706908e-03 2.051320512820512931e+02 3.992914446753486857e+01
2.384135550776628865e+00 1.806484998011118103e-03 2.004077419354838696e+02 3.755377325297553170e+01
2.390495270780528703e+00 1.815820546892564329e-03 2.002367688022284256e+02 3.739576015457092950e+01
2.396907059408651008e+00 1.904650256318906557e-03 1.972024623803009717e+02 4.345170815074640558e+01
2.403395490390968892e+00 1.861409897307351969e-03 2.021915492957746494e+02 3.905471317150530552e+01
2.409868588547004364e+00 1.847911660654164229e-03 2.040667613636363740e+02 3.961013717847063020e+01
2.416315494183244539e+00 1.848423108511250412e-03 2.085652173913043441e+02 3.997731477078335871e+01
2.422721222723576151e+00 1.879130934971403807e-03 2.139767441860465169e+02 4.850715609893990177e+01
2.429135064156228374e+00 1.862177758942303550e-03 2.381378299120234487e+02 4.509659202907277376e+01
2.435558328952115659e+00 1.829358714226044739e-03 2.694023668639053426e+02 5.105800678709296392e+01
2.441961929587736613e+00 1.826990787003958654e-03 3.062410179640718297e+02 6.027750741270614299e+01
2.448435267415004279e+00 1.916283866918213176e-03 3.267005813953488200e+02 8.140861101985125003e+01
2.454898310690642571e+00 1.851262751470384186e-03 3.467242424242424477e+02 7.353890473512558401e+01
2.461278332832209870e+00 1.841207405127180587e-03 3.453519637462235892e+02 7.410772701302866494e+01
2.467732767309350983e+00 1.860175811866779036e-03 3.304789789789790007e+02 7.511497378228484934e+01
2.474317234005322774e+00 1.907302378477835920e-03 3.010858369098712615e+02 7.697819336740232643e+01
2.480763678027650521e+00 1.850982492662076430e-03 2.811488178025034586e+02 6.268765126196080217e+01
2.487114426650852028e+00 1.791691956921820849e-03 2.552457865168539399e+02 5.692385058703064260e+01
2.493514277050582706e+00 1.905910091373927331e-03 2.277357992073976334e+02 5.642313830205614522e+01
2.500016016455529844e+00 1.897218154373805617e-03 2.102268578878748428e+02 4.616506794977733819e+01
2.506504299072060071e+00 1.823698874814003905e-03 1.954782608695652186e+02 4.065852641424860536e+01
2.512828968428921783e+00 1.779539787674511890e-03 1.880188425302826261e+02 3.851296743822597790e+01
2.519262120792594928e+00 1.938201810876334251e-03 1.824707347447073573e+02 4.230304201399604125e+01
2.525775074220281358e+00 1.871497825325404334e-03 1.830573248407643234e+02 3.740434045638390614e+01
2.532197693037325781e+00 1.807973308604888651e-03 1.828961538461538510e+02 3.723968596867278791e+01
2.538545427775757091e+00 1.816891897915347926e-03 1.846615186615186701e+02 3.780241664094096166e+01
2.545039371368973402e+00 1.965732421291352915e-03 1.851733966745843247e+02 4.340733786334567412e+01
2.551577586228050976e+00 1.818913119815899733e-03 1.884494949494949481e+02 3.908098993577004165e+01
2.557912035390546901e+00 1.811160408138717511e-03 1.883796992481202892e+02 3.879985806673565918e+01
2.564418003384666633e+00 1.924750488034227642e-03 1.859752066115702576e+02 4.345009560633974388e+01
2.570930014234638072e+00 1.852202887801034569e-03 1.894670731707317088e+02 4.025445859336397803e+01
2.577333690207623373e+00 1.816621428331073769e-03 1.926797066014669895e+02 4.056147441108624463e+01
2.583698900290759326e+00 1.840143410056186736e-03 1.969156479217603817e+02 4.364611095682978004e+01
2.590116643848396460e+00 1.922552353981257615e-03 2.029428238039673147e+02 5.045033072934556628e+01
2.596553429180498362e+00 1.801710981220896188e-03 2.131565533980582643e+02 4.909743583220399188e+01
2.602955615407046341e+00 1.842317350104424401e-03 2.205788235294117783e+02 5.128540438676667890e+01
2.609495359574187212e+00 1.911716238635802895e-03 2.210649942987457166e+02 5.928654457399946409e+01
2.615974071523933020e+00 1.844748521006626301e-03 2.242599999999999909e+02 5.456094056460278807e+01
2.622378270172453618e+00 1.832507040312451657e-03 2.240152046783625792e+02 5.377041097613559373e+01
2.628819659223405658e+00 1.883705983027747803e-03 2.191011494252873604e+02 5.818895301406928411e+01
2.635224897504864661e+00 1.872415782458078902e-03 2.175908045977011511e+02 5.275079034371562869e+01
2.641639659702591736e+00 1.816527212418568051e-03 2.150772779700115223e+02 4.975699773027216821e+01
2.648064596936881454e+00 1.851525790120274028e-03 2.112360319270239586e+02 5.076030126055944436e+01
2.654540339871488630e+00 1.920962172705038655e-03 2.083608360836083477e+02 5.080885908261328154e+01
2.661017435989672553e+00 1.820997431850269717e-03 2.071405714285714339e+02 4.666354772240121207e+01
2.667377750780578261e+00 1.839233884157700843e-03 2.044994324631101108e+02 4.559891207292795201e+01
2.673833255939705111e+00 1.922629864361171097e-03 1.997345612134344606e+02 5.085549495722161595e+01
2.680310332336410362e+00 1.829470795604572599e-03 2.001993281075027937e+02 4.481072198779168758e+01
2.686679530094181256e+00 1.809753184080302099e-03 1.988497757847533762e+02 4.408840893465025346e+01
2.693172569770623248e+00 1.920456143785719515e-03 1.952579281183932380e+02 4.938443835946223004e+01
2.699710169678059213e+00 1.845827250732203417e-03 1.980261723009814716e+02 4.564374633071427212e+01
2.706108723802718607e+00 1.808001129835774996e-03 2.045526024363233546e+02 4.920848367901106002e+01
2.712552861480932442e+00 1.909490143508341294e-03 2.146638566912539545e+02 6.254383022994885977e+01
2.719028861112676942e+00 1.848278151304674159e-03 2.300475675675675689e+02 6.488339607363514006e+01
2.725349625855669977e+00 1.780111837505188701e-03 2.415860155382907806e+02 6.816463527787178123e+01
2.731792001493120292e+00 1.927874637693306574e-03 2.436075819672131217e+02 7.241206022946471421e+01
2.738310186615081410e+00 1.835670255000661395e-03 2.406528221512247114e+02 5.683527636843054864e+01
2.744685257899765141e+00 1.793617037467074102e-03 2.351206896551724128e+02 4.849957344560331052e+01
2.751066800196758422e+00 1.878288467704576767e-03 2.341771488469601650e+02 4.556329528635850323e+01
2.757601512830000434e+00 1.862141664063760894e-03 2.407325966850828820e+02 3.316028412254361513e+01
2.764058068263966828e+00 1.836587841443396716e-03 2.440660592255125323e+02 3.422410789305306622e+01
2.770529172478649382e+00 1.887167826034379927e-03 2.478479729729729684e+02 3.516794206395758238e+01
2.776955143396238501e+00 1.821333560803167642e-03 2.475648584905660243e+02 3.315230714319704219e+01
2.783316304171964184e+00 1.843620978786204888e-03 2.499893867924528195e+02 3.285608437572297902e+01
2.789755116199374552e+00 1.895104686621155434e-03 2.593213872832370157e+02 3.278396576437839371e+01
2.796202065730379438e+00 1.823396814250311405e-03 2.741592814371257418e+02 3.211248894010712718e+01
2.802598215598055997e+00 1.839199823105454800e-03 3.121221556886227404e+02 3.144689777975878187e+01
2.809058618291326859e+00 1.891542357478581855e-03 3.860000000000000000e+02 3.725869732446089699e+01
2.815539484174618412e+00 1.814857361145085640e-03 4.893762135922330003e+02 4.769671517357893009e+01
2.821989463872399906e+00 1.865090624993398201e-03 5.969641577060931468e+02 5.574825957378793362e+01
2.828483713597702565e+00 1.883630524017047489e-03 6.879023809523810087e+02 5.550368818310578689e+01
2.834900904292738222e+00 1.791954038426357698e-03 7.448925000000000409e+02 5.571467095276611303e+01
2.841279989216558999e+00 1.876324795384782303e-03 7.650664251207729194e+02 5.733390643717900303e+01
2.847767858763501359e+00 1.886990809494324501e-03 7.453345410628019181e+02 6.230088734205224199e+01
2.854224446368732959e+00 1.845718501710050556e-03 6.961563275434243678e+02 6.634237517037649923e+01
2.860652227376856871e+00 1.895283512592607677e-03 6.260279126213591780e+02 6.900325715122842496e+01
2.867113210476443186e+00 1.859648482407798373e-03 5.412029702970296512e+02 6.829522325613937994e+01
2.873572830144707879e+00 1.886954548921765396e-03 4.566793611793611944e+02 6.315448467396161192e+01
2.879995266294152589e+00 1.874768549312584749e-03 3.794460966542750953e+02 5.542740154256724594e+01
2.886377499349285003e+00 1.822646243021190660e-03 3.159759493670886172e+02 4.597256362563535959e+01
2.892826601299819611e+00 1.901257081905588812e-03 2.700060753341433610e+02 3.575002614004878154e+01
2.899287209408602628e+00 1.837036175435869181e-03 2.383534591194968471e+02 2.794712058494326712e+01
2.905651471559458798e+00 1.820821310380915442e-03 2.207687420584498170e+02 2.358834484333635828e+01
2.912064357739847953e+00 1.885695667761764669e-03 2.123648648648648702e+02 2.091015647322237925e+01
2.918524733004972394e+00 1.831846772134888184e-03 2.083286978508217544e+02 1.906429560589566563e+01
2.925008101889499557e+00 1.898964803942654149e-03 2.075517661388550437e+02 1.848107310137494963e+01
2.931494571104498625e+00 1.860470468068603543e-03 2.088627935723114888e+02 1.744454866062542209e+01
2.937893251398651540e+00 1.817351826735809622e-03 2.139222082810539405e+02 1.742814965518848780e+01
2.944305546311252186e+00 1.880927000690213848e-03 2.261468110709988082e+02 1.925396284589876927e+01
2.950769139483569781e+00 1.826098071515048831e-03 2.460687960687960754e+02 2.429376458700090424e+01
2.957217893682505760e+00 1.858471812583063982e-03 2.756658595641646343e+02 3.294322364890368959e+01
2.963641657319503686e+00 1.840162297927921053e-03 3.034147239263803613e+02 3.874467686432858216e+01
2.970043842149071800e+00 1.832295957600710810e-03 3.269603960396039497e+02 4.134208433263813731e+01
2.976510225225458495e+00 1.909562939757382871e-03 3.629216152019002379e+02 4.335321082250518288e+01
2.983008757323797777e+00 1.820848808918005624e-03 4.160941759603469450e+02 4.218201159980300474e+01
2.989442833175567138e+00 1.860876473636659213e-03 4.894266666666666765e+02 4.027687869703606083e+01
2.995851322080832713e+00 1.818248084975540883e-03 5.526993788819876272e+02 3.387991121499294422e+01
3.002288071879581022e+00 1.866109072499165002e-03 5.925590742996346307e+02 2.946619988069335605e+01
3.008748785923475388e+00 1.879638502675874765e-03 6.026496969696969472e+02 2.938807039189618564e+01
3.015199648864150372e+00 1.825469582085792030e-03 5.889937810945273213e+02 2.972644689720831934e+01
3.021614952218953931e+00 1.867358907394168870e-03 5.571842424242423704e+02 3.019273802702250720e+01
3.028035269137849372e+00 1.805619228951016193e-03 5.088072590738423173e+02 3.109916162475702706e+01
3.034481983401863037e+00 1.885823396422961745e-03 4.499711191335740068e+02 3.168780619332577686e+01
3.040948636384726900e+00 1.846244746713175374e-03 3.876209876543209703e+02 2.986893725242905262e+01
3.047399548284976056e+00 1.866575050031695892e-03 3.287282741738065965e+02 2.648096716434867659e+01
3.053818065407082116e+00 1.858882463793821993e-03 2.779631449631449414e+02 2.399756482050463191e+01
3.060168791671987076e+00 1.792825745411367891e-03 2.375089058524173140e+02 2.044286852406533583e+01
3.066596020837712544e+00 1.927764682785730512e-03 2.099336492890995203e+02 1.817881879050082361e+01
3.073140751332767540e+00 1.856356834428901387e-03 1.916810877626699607e+02 1.648835232328793765e+01
3.079593295930210139e+00 1.886716362797553155e-03 1.821915151515151479e+02 1.557075472066676447e+01
3.086017154762366044e+00 1.830431539716442747e-03 1.771125000000000114e+02 1.459738792986607869e+01
3.092486513109037993e+00 1.905108961471654438e-03 1.757661870503597186e+02 1.459218495307952956e+01
3.098964516853627060e+00 1.852397442341169754e-03 1.749011124845488325e+02 1.444151883095854139e+01
3.105440922044128804e+00 1.880034527507769499e-03 1.745745454545454436e+02 1.494094394811137505e+01
3.111821301298671738e+00 1.810318297736169049e-03 1.731924528301886710e+02 1.440679203769432881e+01
3.118233335063332667e+00 1.868901341642052608e-03 1.725749086479902417e+02 1.437310462118885823e+01
3.124683867316949026e+00 1.865189586864977357e-03 1.716959706959706864e+02 1.414822081489744576e+01
3.131144652615997170e+00 1.844489775254080271e-03 1.712456790123456756e+02 1.351648995434358547e+01
3.137527951480249655e+00 1.850518740970626434e-03 1.714366543665436780e+02 1.380426446910138161e+01
3.143946084488824955e+00 1.842734159383119935e-03 1.711313506815365599e+02 1.413771916085389968e+01
3.150358822729363073e+00 1.875642417003805899e-03 1.743106796116504995e+02 1.569292620536946359e+01
3.156784286039504561e+00 1.823981601210612454e-03 1.786462500000000091e+02 1.767510731933472812e+01
3.163270120323041557e+00 1.930117905744787839e-03 1.860695754716981014e+02 2.019477575303521633e+01
3.169756141428992979e+00 1.817110211355118556e-03 1.911256281407035260e+02 2.115082719357448582e+01
3.176136715832639901e+00 1.869400486556539428e-03 1.950145454545454413e+02 2.227635898653480240e+01
3.182603852824878121e+00 1.855271636042648588e-03 1.940699386503067387e+02 2.138737324396778305e+01
3.189050645908320547e+00 1.867823016262818358e-03 1.947539393939393904e+02 2.192653860774208141e+01
3.195475202712392715e+00 1.830177604982121797e-03 1.921191066997518533e+02 2.085631706148369702e+01
3.201930699474990760e+00 1.890160737295187680e-03 1.903572281959378643e+02 1.955473725471881252e+01
3.208380198036255848e+00 1.818817371399450607e-03 1.856264009962640102e+02 1.760616424868080188e+01
3.214769441202507405e+00 1.856295446885927562e-03 1.809745145631067942e+02 1.599982703639780190e+01
3.221219946103295317e+00 1.854520719188760538e-03 1.749523227383863002e+02 1.437933916266437606e+01
3.227683765295594753e+00 1.874065427032763596e-03 1.705728038507821793e+02 1.319573638299070240e+01
3.234131017772435612e+00 1.840716304877563787e-03 1.666448828606658310e+02 1.170972232698150606e+01
3.240599979113187423e+00 1.901252405176113557e-03 1.644519572953736599e+02 1.120536519031614553e+01
3.247028333220890239e+00 1.799593188369970169e-03 1.628855345911949826e+02 1.122516653557682709e+01
3.253443203786942295e+00 1.907653420062672836e-03 1.644976415094339757e+02 1.158970819287121934e+01
3.259883502116921683e+00 1.795580006981134817e-03 1.671284634760705217e+02 1.213992856145476473e+01
3.266300345605878341e+00 1.923600185575663262e-03 1.741840562719812340e+02 1.344339386010127413e+01
3.272853483066015201e+00 1.856140221165968399e-03 1.846841463414634177e+02 1.553649825759553238e+01
3.279208055010873757e+00 1.838273880463746476e-03 1.955423312883435472e+02 1.672534654521313158e+01
3.285677511815711327e+00 1.882917816817657360e-03 2.039773269689737560e+02 1.589758941136479287e+01
3.292103848527159204e+00 1.835553428200827411e-03 2.086291309669522605e+02 1.591913684107705329e+01
3.298586108799094418e+00 1.888317585372828586e-03 2.100866983372921482e+02 1.551570952123701908e+01
3.305031100311709658e+00 1.850386223069815962e-03 2.082362971985383808e+02 1.531028626706220130e+01
3.311493553422723224e+00 1.868513817595845007e-03 2.032625298329355701e+02 1.442069523407638698e+01
3.317903636599865536e+00 1.824831080609758517e-03 1.946699386503067615e+02 1.444816771177954884e+01
3.324331097200103002e+00 1.867240715589447552e-03 1.853261904761904759e+02 1.548478323725462147e+01
3.330698991454875468e+00 1.802295415888940022e-03 1.780074812967581011e+02 1.568327263807827698e+01
3.337129369178693850e+00 1.924555404658041986e-03 1.696167247386759698e+02 1.516656019241902698e+01
3.343680207265053550e+00 1.861922247852822480e-03 1.631013268998793819e+02 1.403900261885932821e+01
3.350044083295126374e+00 1.835162792558274860e-03 1.575637910085054614e+02 1.298189995039509093e+01
3.356505604070456616e+00 1.871227406804753775e-03 1.529028436018957393e+02 1.253152120531038349e+01
3.362916001860436488e+00 1.833654571443432820e-03 1.493252131546894077e+02 1.227067314240195550e+01
3.369285096640512123e+00 1.875337531839301689e-03 1.472365853658536707e+02 1.181975088592623635e+01
3.375802434903234950e+00 1.848095989791553092e-03 1.459661705006765828e+02 1.121376259301852585e+01
3.382214916359785661e+00 1.843501739730700950e-03 1.452162921348314626e+02 1.074904668515146255e+01
3.388621595555129762e+00 1.837214591020290208e-03 1.454090247452692779e+02 1.060563917665741407e+01
3.395087870480640202e+00 1.897809126909797642e-03 1.452369186046511516e+02 1.028175873916600480e+01
3.401600099274715294e+00 1.862825267528726196e-03 1.450437405731523484e+02 1.015660001066791018e+01
3.408008587822927371e+00 1.829521772960810344e-03 1.451816770186335361e+02 1.107336667328937629e+01
3.414429009776510870e+00 1.863403552598411495e-03 1.443684210526315894e+02 1.083114733755725645e+01
3.420895508941175223e+00 1.876279003669552520e-03 1.428935837245696518e+02 1.033489744916768238e+01
3.427361199308996742e+00 1.871984655860910217e-03 1.425110759493670969e+02 1.076477741633637208e+01
3.433789816721534383e+00 1.835455874914732619e-03 1.428116883116883002e+02 1.077597793890280720e+01
3.440207803416203358e+00 1.864980166185075923e-03 1.455906148867314016e+02 1.080819958581352047e+01
3.446682336316245543e+00 1.886495457043324163e-03 1.552390243902439124e+02 1.181944810722519534e+01
3.453142116062292821e+00 1.850491205141300763e-03 1.744487394957983213e+02 1.436157544400373531e+01
3.459552608189105705e+00 1.840426776601197887e-03 1.979880136986301409e+02 1.436408335392869340e+01
3.466037827277117955e+00 1.895781883946169978e-03 2.171375212224108679e+02 1.295931981057700000e+01
3.472473653977210972e+00 1.828931698347952819e-03 2.284490161001788806e+02 1.162801087059682814e+01
3.478868831430015351e+00 1.849798838882201271e-03 2.324732142857142776e+02 1.063754061840250742e+01
3.485296939778874226e+00 1.846836384750711896e-03 2.305073260073260144e+02 1.022682119894175656e+01
3.491740378822062674e+00 1.892374048568714641e-03 2.229398907103825138e+02 1.023849981576939960e+01
3.498222076309955408e+00 1.850392789083453492e-03 2.117725563909774564e+02 9.935624734842550154e+00
3.504611891581455030e+00 1.828338000025509641e-03 1.964582524271844761e+02 9.042543533356305119e+00
3.511032309223517167e+00 1.894740202114146826e-03 1.788950381679389352e+02 9.123633656713600715e+00
3.517510811405253346e+00 1.847376399887671770e-03 1.629743083003952506e+02 8.478249352747459611e+00
3.523886222494890585e+00 1.819823680849573695e-03 1.482740286298568435e+02 7.513798376139607882e+00
3.530333766363422221e+00 1.913949961282706506e-03 1.365782178217821752e+02 7.097306505387005693e+00
3.536838628960300657e+00 1.837400593869444173e-03 1.290166666666666799e+02 7.051726049541187535e+00
3.543212277439104163e+00 1.824314092004992007e-03 1.256745182012847977e+02 6.353639851917381343e+00
3.549634251627681092e+00 1.895848120010211945e-03 1.254705882352941160e+02 6.754714945799813464e+00
3.556117060308725097e+00 1.842284182035823720e-03 1.281462882096069791e+02 7.203126592211124724e+00
3.562580790750173865e+00 1.873137250446494902e-03 1.307631578947368496e+02 7.660158976770639505e+00
3.569027121761189303e+00 1.864198494303047999e-03 1.350000000000000000e+02 7.728938250916906227e+00
3.575415228040989657e+00 1.829283293316363293e-03 1.410904872389791080e+02 8.046927543382171422e+00
3.581824267593239686e+00 1.860007523854312686e-03 1.484872389791183309e+02 7.902269498875861942e+00
3.588330065081806630e+00 1.895947895659538546e-03 1.565962877030162304e+02 7.740026191677941370e+00
3.594804804657118602e+00 1.838793340235311087e-03 1.648829268292682855e+02 8.066078234462739971e+00
3.601203120605045882e+00 1.866742151695356807e-03 1.747622549019607732e+02 9.166047347223846842e+00
3.607629953215138574e+00 1.849946976811765471e-03 1.851353383458646533e+02 9.821186635866066439e+00
3.614090854913730499e+00 1.868416365547433599e-03 1.926287878787878753e+02 1.063407195663735472e+01
3.620574720227974552e+00 1.873754476683962313e-03 1.948200514138817425e+02 1.083247327485041644e+01
3.627004027770476924e+00 1.835919208150294619e-03 1.928957219251336994e+02 1.102159145862171208e+01
3.633382280898821648e+00 1.849285921997263250e-03 1.867804878048780495e+02 1.086677140954058274e+01
3.639818201334091174e+00 1.872714577785467623e-03 1.780435967302452411e+02 1.033437506748950163e+01
3.646271849872324999e+00 1.848931603973280732e-03 1.675224719101123583e+02 9.843771585905237487e+00
3.652754025121335069e+00 1.886957975833729447e-03 1.560786516853932540e+02 9.184726636291962620e+00
3.659208746855755479e+00 1.834720162372708565e-03 1.439351032448377623e+02 8.409944137575612544e+00
3.665582835495777569e+00 1.840575612045432024e-03 1.328318318318318347e+02 7.502434922944428486e+00
3.672040343112283445e+00 1.886479483533069204e-03 1.237005988023952057e+02 6.992673770754460172e+00
3.678529717319615866e+00 1.858096912976999176e-03 1.174968944099378945e+02 6.258408949084001804e+00
3.684932562337432049e+00 1.835190244932949138e-03 1.128713826366559516e+02 5.532054120426479926e+00
3.691340469028411508e+00 1.865394116403416890e-03 1.099255663430420782e+02 4.906640897188006001e+00
3.697825917576230470e+00 1.878575472322643403e-03 1.084013157894736850e+02 5.068426774194727535e+00
3.704288468942850354e+00 1.854378416201764085e-03 1.078941979522184340e+02 5.047763108975881430e+00
3.710695071708606907e+00 1.843173339766954189e-03 1.081789473684210492e+02 4.984204042308535421e+00
3.717119980493126530e+00 1.858275420549158159e-03 1.097107142857142890e+02 4.897987404255431443e+00
3.723579054116692877e+00 1.875547371405369762e-03 1.140109090909090952e+02 5.464256809424218098e+00
3.730020297411832164e+00 1.843995263516665269e-03 1.196401515151515156e+02 6.290461317047198797e+00
3.736426917509388268e+00 1.851423495632689448e-03 1.266627906976744242e+02 6.143101501026981381e+00
3.742862848593606184e+00 1.866246695943705233e-03 1.338932806324110629e+02 6.770084117887363639e+00
3.749304155234212121e+00 1.850203366498975400e-03 1.389795081967212980e+02 6.703276984632689839e+00
3.755769545342233950e+00 1.881542671327423493e-03 1.429502074688796540e+02 6.299691323892750994e+00
3.762207580716425692e+00 1.832713059301602828e-03 1.442631578947368496e+02 5.854400685543163618e+00
3.768650259547695391e+00 1.882711660849632198e-03 1.431277533039647665e+02 5.811435979060427748e+00
3.775101190588130873e+00 1.841328330998877110e-03 1.386697674418604720e+02 5.721531448839979994e+00
3.781544745172108257e+00 1.876261972947606757e-03 1.337500000000000000e+02 5.037360419902471520e+00
3.787984350729691752e+00 1.841817734800533721e-03 1.281940298507462614e+02 4.541476553055015408e+00
3.794443778523244770e+00 1.888119406057294294e-03 1.216331658291457245e+02 5.328341908535447757e+00
3.800887998049732097e+00 1.829598834944004332e-03 1.146989247311827995e+02 4.504381803130504736e+00
3.807319286871066577e+00 1.879776389761753357e-03 1.095217391304347814e+02 4.463276958673961126e+00
3.813728772969168901e+00 1.816176537965013323e-03 1.061637426900584842e+02 3.524002033978963500e+00
3.820127884734960233e+00 1.870328496078344947e-03 1.057751479289940875e+02 3.425652245785874683e+00
3.826558902351690605e+00 1.840091099185570860e-03 1.070880503144654057e+02 4.459358998633267568e+00
3.832976717434447789e+00 1.862754303780558536e-03 1.090129870129870113e+02 4.484451502596102479e+00
3.839467489846226655e+00 1.881591717002498556e-03 1.129797297297297263e+02 4.576614261744539114e+00
3.845958738964208923e+00 1.872212223355807642e-03 1.156285714285714334e+02 4.499455749400844695e+00
3.852379013358490312e+00 1.829949564810406546e-03 1.177769230769230830e+02 4.013733819225890898e+00
3.858770514458473411e+00 1.860590576749386821e-03 1.190079999999999956e+02 4.489988864128728885e+00
3.865201312403456324e+00 1.846877382617491750e-03 1.177350427350427395e+02 4.514479428320572474e+00
3.871669834970288271e+00 1.885989225799452511e-03 1.167232142857142918e+02 6.064491835635513084e+00
3.878154213609482870e+00 1.855219997046820071e-03 1.130582524271844704e+02 4.720034492493760503e+00
3.884570297975108666e+00 1.842018581107749764e-03 1.110736842105263094e+02 5.671310898991466232e+00
3.891030549524630455e+00 1.892572859664069882e-03 1.072222222222222285e+02 5.321630679257980390e+00
3.897480132485925619e+00 1.830223622249431631e-03 1.033375000000000057e+02 4.747663899224543016e+00
3.903837790606199842e+00 1.833538786489578550e-03 1.021917808219178028e+02 6.463286039544709816e+00
3.910297958451704581e+00 1.898394991490752427e-03 1.000882352941176521e+02 4.645615933850351098e+00
3.916760076293909876e+00 1.823271174774054393e-03 9.893103448275861922e+01 4.403476628861276332e+00
3.923205856217289345e+00 1.907998375040481686e-03 9.867924528301887221e+01 4.144162557582267148e+00
3.929647757040283906e+00 1.804292177573046203e-03 1.003255813953488342e+02 4.699746261979210082e+00
3.936002968608691699e+00 1.864030959871269735e-03 1.017567567567567579e+02 3.968005719970428835e+00
3.942404476100300759e+00 1.828532384993888883e-03 1.004137931034482705e+02 4.199541337279539377e+00
3.948822507765122225e+00 1.871711324841116540e-03 1.033636363636363598e+02 6.877018862105299668e+00
3.955157590966607906e+00 1.825831164639231917e-03 1.072857142857142918e+02 5.210859931382707977e+00
3.961507824082775464e+00 1.968979546566614058e-03 1.162857142857142918e+02 5.876275371772323730e+00
