# q qerr I(q) I(q)err
8.294532032279089417e-03 3.215448162638725495e-03 0.000000000000000000e+00 6.944698952252355184e+01
1.547771440847061503e-02 1.298069176105710962e-03 8.333333333333332871e-02 2.886751345948128655e-01
2.114153426598287117e-02 1.953452460535632252e-03 5.000000000000000278e-02 2.236067977499789083e-01
2.708829541553820289e-02 1.932501425123600049e-03 0.000000000000000000e+00 0.000000000000000000e+00
3.424760286937652415e-02 2.393094809829984012e-03 0.000000000000000000e+00 0.000000000000000000e+00
4.134659872356089005e-02 1.444308516548141333e-03 0.000000000000000000e+00 0.000000000000000000e+00
4.709622292726145520e-02 1.633576272088444088e-03 2.500000000000000139e-02 1.581138830084189428e-01
5.289360403025952090e-02 1.994215660312892175e-03 2.083333333333333218e-02 1.443375672974064605e-01
5.941266175682404643e-02 2.038777625163953021e-03 2.000000000000000042e-02 1.414213562373093924e-01
6.623959740571712385e-02 2.014614798769268252e-03 1.851851851851851749e-02 1.360827634879543113e-01
7.251770781946841049e-02 1.767162065969994948e-03 2.083333333333333218e-02 1.443375672974064605e-01
7.836204892921720677e-02 1.794558473909566021e-03 2.200000000000000011e-01 7.589466384404111032e-01
8.476368586159346852e-02 2.173163639586968114e-03 1.343750000000000000e+00 4.475246588876416354e+00
9.171767809022127182e-02 2.151270969520740432e-03 6.602941176470587870e+00 1.907526977410849511e+01
9.840741527280037759e-02 1.879523288412654567e-03 1.719999999999999929e+01 4.374143725728880838e+01
1.046713563714864598e-01 1.717715818177843919e-03 3.688000000000000256e+01 7.428245553291840508e+01
1.108696467093386595e-01 1.978629817275711061e-03 5.584905660377358316e+01 9.910206683576986109e+01
1.174911181025048434e-01 2.151142134119994175e-03 7.216393442622950261e+01 1.197400548312313333e+02
1.240901985761322518e-01 1.682567093931450772e-03 9.304000000000000625e+01 1.375048333695946781e+02
1.302695169190241364e-01 1.981638030988197227e-03 1.012372881355932179e+02 1.424220223909779577e+02
1.366843399328758479e-01 1.885635125754002352e-03 1.195178571428571388e+02 1.575878156548187974e+02
1.431380625310322841e-01 2.037281709542672608e-03 1.346774193548387188e+02 1.624066096802897619e+02
1.497407916800755912e-01 2.013243134106564892e-03 1.405555555555555429e+02 1.690800557597847273e+02
1.560440161600273323e-01 1.800320108738214832e-03 1.490350877192982466e+02 1.734854746390652735e+02
1.626324968867556287e-01 2.166758397174068339e-03 1.695810810810810949e+02 1.810438051588991186e+02
1.693678508908615654e-01 1.711853084056604935e-03 1.676833333333333371e+02 1.831890947748922542e+02
1.755753172360756398e-01 1.940749690505284321e-03 1.897536231884058111e+02 1.866631689068280195e+02
1.819629297477835528e-01 1.792019476258344991e-03 1.895076923076923094e+02 1.884673305232401219e+02
1.883474920212158954e-01 1.982820530303366913e-03 1.933750000000000000e+02 1.935964534942609703e+02
1.949500334927739553e-01 1.985593967279970003e-03 2.121200000000000045e+02 1.947559169832845214e+02
2.014306324154557237e-01 1.750557958225071797e-03 2.107536231884058111e+02 1.964028529714487661e+02
2.076332073357673447e-01 1.865361520913360683e-03 2.270000000000000000e+02 1.983445337135713942e+02
2.140129245322099916e-01 1.882829286684015863e-03 2.213066666666666720e+02 1.987958166338293040e+02
2.204163405633874917e-01 1.951475208267544961e-03 2.372692307692307736e+02 1.979864219439347437e+02
2.268599176829277919e-01 1.954094669929957399e-03 2.332750000000000057e+02 2.000644029119123104e+02
2.335135695299082048e-01 1.986313139076756155e-03 2.331176470588235361e+02 2.010588424603302542e+02
2.400224779461884173e-01 1.823737618079871109e-03 2.454625000000000057e+02 2.002167996822444991e+02
2.464005577519743639e-01 1.894426896505377799e-03 2.540823529411764810e+02 1.989414488466497346e+02
2.528350385827773383e-01 1.829527638271931031e-03 2.558809523809523796e+02 2.006219107602594818e+02
2.590859102888302123e-01 1.817056121189442432e-03 2.559285714285714164e+02 2.006817398626135684e+02
2.654612130450557106e-01 1.918447197659697845e-03 2.591348314606741496e+02 2.015705613441754167e+02
2.718942366720529247e-01 1.942478483450333455e-03 2.750219780219780432e+02 1.943898591513992926e+02
2.784185743669774227e-01 1.921358219378808702e-03 2.781075268817204460e+02 1.846569918739504033e+02
2.849156375412667530e-01 1.882334819595186037e-03 3.068191489361702224e+02 1.617296386171783240e+02
2.911870294677750826e-01 1.766712284927822799e-03 3.244382022471909863e+02 1.358865334794548119e+02
2.976511517037133681e-01 2.019527329980297554e-03 3.615339805825242934e+02 1.105331811117588785e+02
3.043178155919494809e-01 1.919359421117726450e-03 3.870299999999999727e+02 9.371883161883741309e+01
3.108074081907638564e-01 1.815555258398614735e-03 4.051122448979591582e+02 8.470939985615530077e+01
3.170970610330232087e-01 1.826000353424227750e-03 4.103030303030303116e+02 7.823877026731399553e+01
3.235319739834495723e-01 1.908097576542081529e-03 4.110952380952380736e+02 7.262205770498468382e+01
3.300700059726238145e-01 1.867687188749142220e-03 4.139528301886792292e+02 6.811801059739288178e+01
3.365262003550894554e-01 1.808122422876843900e-03 4.123714285714285666e+02 6.740473953339353841e+01
3.429039324965278412e-01 1.810371451943152679e-03 4.156886792452830264e+02 6.411740521756469491e+01
3.492243179790229801e-01 1.835371710213073819e-03 4.163518518518518476e+02 6.183288270886124849e+01
3.555659880086458058e-01 1.813249007222180170e-03 4.180555555555555429e+02 6.069228108696438539e+01
3.620245372922214488e-01 1.918012235727336494e-03 4.205299145299145493e+02 5.929728631412609730e+01
3.685406119477664388e-01 1.798147481859587110e-03 4.210900900900900865e+02 5.727224294992485909e+01
3.750909242308860247e-01 1.967614233492519498e-03 4.235080645161290249e+02 5.487878872217300597e+01
3.816999037813160189e-01 1.752662604176019427e-03 4.229217391304347871e+02 5.503320874047062006e+01
3.880273799716012495e-01 1.749306826939258557e-03 4.249137931034482563e+02 5.409267683593640186e+01
3.942361145945514900e-01 1.745527907058957431e-03 4.260000000000000000e+02 5.297722347289023048e+01
4.006128291384035145e-01 1.852638254231622501e-03 4.270569105691056961e+02 5.094311019075296088e+01
4.070503578694664726e-01 1.848743254130127446e-03 4.275967741935484128e+02 5.094394733460705993e+01
4.135933781829447264e-01 1.871256654943844995e-03 4.293023255813953369e+02 5.084956621951123168e+01
4.202179442533061082e-01 1.832712641984981681e-03 4.335846153846154039e+02 5.348336577106178424e+01
4.266798115557093873e-01 1.759393680741872749e-03 4.373070866141732154e+02 5.223284714181911426e+01
4.330910535146235696e-01 1.771858374752960505e-03 4.414153846153845961e+02 5.293486451911259394e+01
4.395078467689783608e-01 1.772659720438770270e-03 4.424242424242424363e+02 5.230191104529450286e+01
4.457793319829173595e-01 1.654526338047628432e-03 4.407839999999999918e+02 5.215269519401658016e+01
4.521562795609589402e-01 1.887763445894669913e-03 4.394084507042253449e+02 4.753454772619824809e+01
4.587656575942579140e-01 1.769717907920350091e-03 4.335036496350364814e+02 4.695173417230708424e+01
4.652405449529313231e-01 1.746242423612376143e-03 4.289280575539568190e+02 4.637555550545481964e+01
4.716282944699034529e-01 1.704407088516023735e-03 4.216204379562043982e+02 4.547252986527164609e+01
4.780637153179891352e-01 1.798647074538550902e-03 4.169375000000000000e+02 4.368871699942166487e+01
4.844976548260259142e-01 1.723433333189145671e-03 4.149577464788732186e+02 4.363587361765223704e+01
4.908596034113225648e-01 1.665744062354685903e-03 4.130212765957446663e+02 4.390624743077620451e+01
4.972011979785150859e-01 1.734256865849588200e-03 4.124452054794520564e+02 4.342561794020276267e+01
5.036178995103413047e-01 1.747915368961153139e-03 4.094256756756756772e+02 4.361344388163983155e+01
5.101756467004687767e-01 1.800451491856020327e-03 4.076967741935483787e+02 4.404736784353644907e+01
5.166235656727934389e-01 1.648057805296297825e-03 4.058639455782312666e+02 4.613947671954410623e+01
5.229884928033705638e-01 1.714260039451578075e-03 4.050592105263157805e+02 4.583376185479185949e+01
5.293925748937229336e-01 1.756900675637705763e-03 4.031538461538461320e+02 4.498044172823406939e+01
5.357749724968067229e-01 1.647361260156582873e-03 4.007748344370860991e+02 4.589948124808201158e+01
5.422269581426349960e-01 1.797131621318817348e-03 3.998414634146341200e+02 4.487813577006415500e+01
5.488258977193463117e-01 1.752106618123457169e-03 3.982608695652173765e+02 4.588354854416920858e+01
5.552607346015674405e-01 1.711536068502800701e-03 3.958562499999999886e+02 4.622401634972884921e+01
5.616696921416424182e-01 1.713298320607429745e-03 3.946748466257668611e+02 4.636587237363323766e+01
5.680596363279470928e-01 1.671719726027721563e-03 3.937875000000000227e+02 4.715563079447671413e+01
5.744116486855085357e-01 1.773350792090137981e-03 3.925535714285714448e+02 4.615399117476780333e+01
5.808465417437830292e-01 1.706594120505047427e-03 3.916424242424242266e+02 4.714577942834687718e+01
5.872915480827241019e-01 1.773275249674210931e-03 3.923179190751445162e+02 4.854768422650961668e+01
5.936297343998458986e-01 1.608871723183330060e-03 3.924938271604938222e+02 5.216361887051786539e+01
6.000917821228005655e-01 1.852508397134843563e-03 3.917857142857142776e+02 5.064639473687157789e+01
6.066068710033430955e-01 1.719733697199352486e-03 3.911695906432748302e+02 5.279549264508627004e+01
6.129319261090041548e-01 1.700305612135823196e-03 3.898720930232557862e+02 5.269245224951164630e+01
6.193292159447265632e-01 1.792945791870086646e-03 3.889055555555555657e+02 5.113502278825693992e+01
6.257789288608107681e-01 1.769335618302108433e-03 3.888248587570621453e+02 5.197024330473948339e+01
6.322945183878984077e-01 1.883051681004075783e-03 3.882169312169312434e+02 5.075109521331450679e+01
6.387697914265673127e-01 1.734308686986089703e-03 3.881136363636363740e+02 5.348958272141169346e+01
6.450797878865883739e-01 1.812617312363664322e-03 3.861304347826086882e+02 5.328313421059563382e+01
6.514777522098027518e-01 1.807195130708317372e-03 3.850918918918919189e+02 5.381653165729058230e+01
6.579453254174412180e-01 1.840076954070700866e-03 3.840317460317460245e+02 5.403574367046616089e+01
6.642487788958216788e-01 1.761967380250493336e-03 3.826318681318681456e+02 5.447607434466356580e+01
6.707545140871414846e-01 1.952870522822350513e-03 3.813500000000000227e+02 5.208813924493750847e+01
6.772291234912055646e-01 1.844192786587162299e-03 3.809100529100529116e+02 5.397816435616605446e+01
6.834443396870620857e-01 1.745041746211572261e-03 3.806684782608695627e+02 5.555331583518263017e+01
6.899300657465672337e-01 1.988575045799213618e-03 3.805217391304348098e+02 5.424805140929512248e+01
6.965346490814943170e-01 1.967867873463197050e-03 3.785326633165828980e+02 5.796256244321597251e+01
7.030970487636396538e-01 2.020648629947002003e-03 3.763592233009708821e+02 5.917211101388852512e+01
7.095716427219228573e-01 1.946516927103622520e-03 3.755151515151515014e+02 6.189870226348761406e+01
7.160970279381224657e-01 2.044543341153194464e-03 3.743857142857143003e+02 6.126912307334640673e+01
7.226116891734091219e-01 2.004959656352403585e-03 3.752243902439024623e+02 5.984732210481261205e+01
7.291288619178314390e-01 2.011427705279334160e-03 3.751285714285714334e+02 6.293869493187708741e+01
7.356079106374427967e-01 1.973711099579897668e-03 3.758028846153846416e+02 6.092139959508693892e+01
7.419803430714648762e-01 1.939746738906150680e-03 3.760829268292682741e+02 6.555614511095389219e+01
7.484516812817442188e-01 2.022257641999446187e-03 3.764681818181817903e+02 6.188263251197034975e+01
7.549512183205485671e-01 1.898119824350936232e-03 3.778653846153846416e+02 6.742510432359253514e+01
7.613853957290165342e-01 1.973382858640895885e-03 3.785863636363636147e+02 6.469319008191826015e+01
7.678481984516135617e-01 1.903941598965435333e-03 3.808883720930232357e+02 7.122209643088874031e+01
7.743372045322526320e-01 1.915374251326664194e-03 3.828963963963963693e+02 6.920967989090407002e+01
7.807807857039134047e-01 1.872160005679921477e-03 3.853532110091742879e+02 7.184256347345333893e+01
7.871827117013717734e-01 1.874571936203420349e-03 3.882217194570135916e+02 7.454915343668889705e+01
7.935705088346153291e-01 1.846468364235832015e-03 3.905560538116591829e+02 7.583447887053596048e+01
7.999497029225959288e-01 1.794315080242126848e-03 3.959041095890410702e+02 8.146497946104724974e+01
8.063895263538338742e-01 1.919941342275102670e-03 3.990466101694915437e+02 8.312604106391040659e+01
8.129038415374738591e-01 1.785391972586650427e-03 4.062933333333333508e+02 9.166244677155501108e+01
8.193543447618309994e-01 1.828478467253065801e-03 4.140553191489361780e+02 9.914014014494004812e+01
8.257450256705209934e-01 1.731942097964038994e-03 4.219553571428571672e+02 1.100297343929084519e+02
8.321389716972604766e-01 1.845140229989535984e-03 4.304375000000000000e+02 1.196306729758997420e+02
8.386208936931099922e-01 1.751195931903918061e-03 4.452777777777777715e+02 1.382608123501337332e+02
8.449970631363269424e-01 1.723661030767332288e-03 4.571939655172413950e+02 1.544121704589704507e+02
8.513046230100612677e-01 1.773741526074865430e-03 4.714789915966386502e+02 1.713441285680548845e+02
8.578256185292513214e-01 1.822821089358022794e-03 4.903076923076923208e+02 1.916952173861739652e+02
8.643009097266359797e-01 1.747841479780405487e-03 5.046265560165975330e+02 2.119150481224409930e+02
8.706520843132705689e-01 1.718512007701664341e-03 5.198739495798319012e+02 2.351128648371247607e+02
8.770655084888429043e-01 1.823306464836067656e-03 5.373952569169960043e+02 2.541479282719457444e+02
8.835379301005906738e-01 1.720994191554163586e-03 5.496502057613168972e+02 2.738618566608467972e+02
8.899818591232092624e-01 1.816014583941305376e-03 5.637490196078431381e+02 2.902975193660738569e+02
8.963154830142930907e-01 1.686559403020368615e-03 5.764874999999999545e+02 3.101425374592570279e+02
9.027402481510985455e-01 1.849914512401526186e-03 5.799656488549618416e+02 3.140543095961437530e+02
9.092741475074460622e-01 1.818523953956779297e-03 5.930235294117646845e+02 3.327993264649160210e+02
9.156513574886713247e-01 1.799905876070713017e-03 6.033690476190475920e+02 3.449592916379803000e+02
9.219738414041327434e-01 1.816254378221876130e-03 6.146132812500000000e+02 3.550051349107337728e+02
9.284093843578240524e-01 1.864548344913183461e-03 6.274269230769231172e+02 3.659860497470734799e+02
9.348720171621091035e-01 1.939851900461452830e-03 6.376928838951311036e+02 3.747827760830954844e+02
9.413551784733346084e-01 1.927152036582965508e-03 6.825038167938931792e+02 4.223008225575985648e+02
9.478756351150825488e-01 2.022964964773094239e-03 7.439891304347826235e+02 4.457212074492376246e+02
9.544794314844599059e-01 1.995588314593873917e-03 9.003321033210331734e+02 5.156159661145040900e+02
9.609640598131067302e-01 1.976081289299603128e-03 1.307878676470588289e+03 8.472150676563600200e+02
9.673540511875814429e-01 1.900963898517757681e-03 2.060204545454545496e+03 1.634893404410340509e+03
9.738764300010358532e-01 2.020370959177093719e-03 2.722003472222222172e+03 2.306214101647738062e+03
9.803887395962943563e-01 1.868024915732807104e-03 3.258823970037453364e+03 2.711344576782346849e+03
9.867609507399704993e-01 1.907798179635916648e-03 3.881856630824372587e+03 3.301593650233346580e+03
9.931792738827067701e-01 1.861169570246367679e-03 4.496465454545454122e+03 4.137410995862147502e+03
9.997024529712079666e-01 1.929714342920701943e-03 4.698770547945205180e+03 4.446470710820255590e+03
1.006152710574202525e+00 1.760100644785859590e-03 4.966746323529411711e+03 4.754154093064081280e+03
1.012546487448541255e+00 1.858180627704414780e-03 4.640311418685120771e+03 4.469571405369264539e+03
1.018988798098918291e+00 1.803978976354649174e-03 4.208721830985915403e+03 4.059036652754333318e+03
1.025394048634321598e+00 1.775790568352827222e-03 3.642396491228070317e+03 3.559268255465066431e+03
1.031778999059903112e+00 1.783042104657854955e-03 2.837906574394463860e+03 2.801574726725292294e+03
1.038243195035333466e+00 1.800042721148124251e-03 2.145737201365187502e+03 2.116173151510306070e+03
1.044593270705168830e+00 1.728638088187854378e-03 1.485653846153846189e+03 1.422788300064121358e+03
1.051019473275584426e+00 1.807666001326826760e-03 1.015331103678929821e+03 8.879306248169158380e+02
1.057452118334604840e+00 1.764796907398143069e-03 7.122271186440677866e+02 5.187643467819470970e+02
1.063812741872586898e+00 1.735604614353873946e-03 5.841164383561643945e+02 3.480685068646798186e+02
1.070275566257694377e+00 1.860876787998901613e-03 5.132451612903225850e+02 2.586317135763319470e+02
1.076675486865225739e+00 1.737707282280460301e-03 4.799862542955326603e+02 2.236918592032019717e+02
1.083000003099001241e+00 1.811785629637566912e-03 4.501381578947368212e+02 1.900986788030163552e+02
1.089457558406981885e+00 1.875700427842611059e-03 4.311558441558441359e+02 1.689808034448656144e+02
1.095857128634095679e+00 1.865882195591197666e-03 4.118519736842105203e+02 1.510653634975588204e+02
1.102286980210992473e+00 1.937596539280167377e-03 4.008242811501597203e+02 1.465926541855500034e+02
1.108924588094037933e+00 2.035521144429528872e-03 3.814420731707317032e+02 1.239959718742790358e+02
1.115518250266801070e+00 1.963453062553008333e-03 3.686424050632911644e+02 1.116398939937715653e+02
1.121980766162010701e+00 1.920251373127695831e-03 3.548407643312102095e+02 9.464844235414832951e+01
1.128426312748922689e+00 1.950613960551148517e-03 3.435652173913043725e+02 8.199096101620465049e+01
1.134959239864979930e+00 1.915365560061970144e-03 3.318676923076923231e+02 7.208198704811580626e+01
1.141388067807542761e+00 1.819889318180962796e-03 3.231809523809523625e+02 6.526395409185458618e+01
1.147829738822878420e+00 1.877407927217479219e-03 3.140668693009118329e+02 5.788434637667559457e+01
1.154234759887723172e+00 1.796226287448233561e-03 3.066206896551724412e+02 5.263757088592655720e+01
1.160592008141087206e+00 1.784421184300352767e-03 3.001795665634675174e+02 4.838595364282213040e+01
1.167026991042843242e+00 1.836276795008287468e-03 2.928477611940298289e+02 4.522006170763213362e+01
1.173494023876834547e+00 1.758155136545365687e-03 2.861253822629969363e+02 4.208452193953429799e+01
1.179808164649816637e+00 1.732605827553653768e-03 2.752215384615384437e+02 3.913814864412905337e+01
1.186220583891021807e+00 1.881017850291822648e-03 2.731864951768488936e+02 4.012874657308739046e+01
1.192681073817049464e+00 1.793318889751105601e-03 2.711551724137930819e+02 4.145014339702299822e+01
1.199065629744253458e+00 1.797529783280079436e-03 2.692570422535211492e+02 4.252933920851806704e+01
1.205502001077074059e+00 1.899328588103967692e-03 2.683390410958904226e+02 4.296604959400378476e+01
1.211991242640565014e+00 1.826306843735066819e-03 2.676159420289855007e+02 4.323004297021793718e+01
1.218362901235649165e+00 1.888953249129523074e-03 2.667553956834532300e+02 4.355176041929044572e+01
1.224837827500277143e+00 1.938626244914326818e-03 2.632194244604316395e+02 4.639100455986362448e+01
1.231306496939841066e+00 1.935692192720165272e-03 2.626666666666666856e+02 4.794025569333177117e+01
1.237900180047003751e+00 1.954996484647400414e-03 2.625949820788530360e+02 4.653429105050852854e+01
1.244387829439413284e+00 1.881879514088832415e-03 2.630970149253731165e+02 4.428682693140798676e+01
1.250735832344970877e+00 1.818331757808236372e-03 2.631976744186046631e+02 4.423125084676289021e+01
1.257083335292831006e+00 1.905720956169173206e-03 2.629261992619926218e+02 4.413930690399376999e+01
1.263603115287416090e+00 1.841854869392088893e-03 2.631060606060606233e+02 4.379878822367417257e+01
1.270020777910819465e+00 1.832011672431217405e-03 2.627528517110266080e+02 4.342905093008524631e+01
1.276488051741652807e+00 1.832185980768075541e-03 2.623498098859315633e+02 4.405967985556442557e+01
1.282839323063532211e+00 1.758750693263018286e-03 2.630629921259842376e+02 4.416888023008916520e+01
1.289363492023574365e+00 1.805471412487298991e-03 2.575488215488215360e+02 4.427451444480828968e+01
1.295761563244195891e+00 1.749310907134910172e-03 2.612114093959731349e+02 4.305416023430690586e+01
1.302096506369333051e+00 1.727886103868702576e-03 2.623056478405315488e+02 4.178032195280579231e+01
1.308490604613926855e+00 1.841981469325142248e-03 2.627445482866043562e+02 4.163256414419515750e+01
1.314923371882378955e+00 1.783204890748409099e-03 2.632572347266881252e+02 4.089743576646338141e+01
1.321263162947042602e+00 1.883891353746835161e-03 2.644012345679012128e+02 4.072765011350051623e+01
1.327809252188654421e+00 1.990407611744629372e-03 2.622869822485207010e+02 4.312022033213123962e+01
1.334395055816720577e+00 2.005908808147741692e-03 2.642697947214076066e+02 4.223740502477440373e+01
1.340924575314278222e+00 1.937181998292608577e-03 2.658388059701492807e+02 3.987312469097405199e+01
1.347326738882997477e+00 1.911240937813023883e-03 2.677928994082840291e+02 3.963275555887218360e+01
1.353867248119903444e+00 1.925349651844857632e-03 2.720000000000000000e+02 3.919942475151719208e+01
1.360292180733798650e+00 1.777880213384871099e-03 2.844431137724550922e+02 4.062302458671929628e+01
1.366716033276369036e+00 1.860440026654835337e-03 3.129635854341736945e+02 4.378587733242909508e+01
1.373134056949086190e+00 1.747663592607761902e-03 3.492660818713450226e+02 5.071967600458883396e+01
1.379508641949547476e+00 1.787974598008121871e-03 3.756845070422535287e+02 5.816717890908599031e+01
1.385849874457594222e+00 1.730044418412237826e-03 3.872910662824207293e+02 6.535522296051267688e+01
1.392210228535155858e+00 1.777760908321846531e-03 4.076055555555555543e+02 7.613503344651027760e+01
1.398630460992727143e+00 1.793834584281517276e-03 4.262527777777777942e+02 8.232544243562996655e+01
1.405027543482165298e+00 1.820682476180417696e-03 4.474517906336088231e+02 9.152150326331917540e+01
1.411380623846245186e+00 1.844474811107960554e-03 4.517027777777777828e+02 8.984651882206924256e+01
1.418011585217980208e+00 2.061904995500850411e-03 4.504289276807979832e+02 1.033474233285225523e+02
1.424633236002852632e+00 1.911062399977238009e-03 4.522076502732240328e+02 9.198286883489237198e+01
1.431027237377290762e+00 1.930893372260762729e-03 4.534511873350923565e+02 8.638905826704318258e+01
1.437551415863808524e+00 1.925262037142165712e-03 4.386753246753247026e+02 7.893836311447333287e+01
1.443999660086549230e+00 1.834928749309971486e-03 4.223925729442970578e+02 7.346029245142062791e+01
1.450408168300875378e+00 1.822080046480867126e-03 3.984554973821989279e+02 6.364864284082373302e+01
1.456762351763572827e+00 1.768742008520618686e-03 3.733657894736842309e+02 5.599937784082567305e+01
1.463211358413713192e+00 1.810126088705470279e-03 3.470510204081632537e+02 4.745626425318338448e+01
1.469593255354290973e+00 1.758193336020684059e-03 3.221536458333333144e+02 4.197755130912938881e+01
1.475950724204827313e+00 1.769305199294179780e-03 2.994418604651162923e+02 3.849953467019471987e+01
1.482355977374464340e+00 1.855140322631434503e-03 2.837749999999999773e+02 3.722463985722360036e+01
1.488803525874331735e+00 1.854999873494519958e-03 2.738066157760814008e+02 3.697227863986493190e+01
1.495319592526707764e+00 2.003828109077177445e-03 2.663851674641148293e+02 4.326842261082609298e+01
1.501939691759246465e+00 1.957822028991581826e-03 2.663017031630170095e+02 3.937031408832676505e+01
1.508463382234335848e+00 1.918938912685786129e-03 2.667677261613691826e+02 3.698878775835317612e+01
1.514901188746566207e+00 1.852902137227367511e-03 2.650862068965517437e+02 3.710499909773810856e+01
1.521228969867623793e+00 1.785136608190808364e-03 2.654785894206548846e+02 3.727920884473557095e+01
1.527563647216529041e+00 1.824993124647320475e-03 2.666802884615384528e+02 3.749990893110243206e+01
1.534022576503679458e+00 1.781774817406586286e-03 2.666237864077669997e+02 3.751508792523206637e+01
1.540418711468126034e+00 1.792491139398408621e-03 2.667894736842105203e+02 3.699793939554599831e+01
1.546838712332167631e+00 1.778278829154705072e-03 2.673108433734939808e+02 3.747648940265686690e+01
1.553238623106807825e+00 1.840983848395847744e-03 2.687264150943396430e+02 3.768704892924586858e+01
1.559673935783696619e+00 1.867161364404805587e-03 2.695035629453681736e+02 3.736355217853259347e+01
1.566161367499480317e+00 1.987417225671155377e-03 2.672925170068027114e+02 4.609869521232899814e+01
1.572795191923813007e+00 1.975399758409353626e-03 2.732943820224718934e+02 3.887241390183059764e+01
1.579229625961506400e+00 1.828964939238766603e-03 2.755937500000000000e+02 3.843694691597075064e+01
1.585615098485775532e+00 1.901195136705323549e-03 2.786233183856502365e+02 3.833395095123619001e+01
1.592069020803266399e+00 1.783565421147388207e-03 2.830915492957746551e+02 3.909920334451194890e+01
1.598398624204083740e+00 1.798472010651884717e-03 2.922191780821917746e+02 4.177240951315454254e+01
1.604843375939136507e+00 1.797152056805669104e-03 3.177398190045248612e+02 4.840362956653000026e+01
1.611212339410225569e+00 1.768878106258207515e-03 3.674793577981651538e+02 6.806001624271532080e+01
1.617590363377642504e+00 1.818287623560442892e-03 4.101393258426966213e+02 8.158791358390269011e+01
1.623974015669422899e+00 1.854816384487833732e-03 4.306997742663656936e+02 8.262815847399066627e+01
1.630543485616582799e+00 2.014479720267581264e-03 4.349142259414226146e+02 9.758708585305704730e+01
1.637155364196844820e+00 1.921442116166700376e-03 4.701365638766519623e+02 9.766712401654996256e+01
1.643640215828007012e+00 1.916406123937146409e-03 4.962124463519313053e+02 1.076168112760368700e+02
1.650095370295723063e+00 1.808845151496338592e-03 5.158663697104676658e+02 1.172659005089099367e+02
1.656466136267144007e+00 1.835556712886826517e-03 5.286580645161290022e+02 1.195821334725844878e+02
1.662921359457136594e+00 1.784847929403802829e-03 5.362352941176470722e+02 1.211269956321470858e+02
1.669278115879615276e+00 1.787810489320909016e-03 5.547229437229436826e+02 1.214291632506354830e+02
1.675603147458916142e+00 1.759339208401217896e-03 5.982781456953642873e+02 1.277812807077446564e+02
1.681944817773278311e+00 1.879012939346250957e-03 6.755548523206750815e+02 1.455407973360857738e+02
1.688494896982127180e+00 1.961244959671172398e-03 7.078209876543210157e+02 1.799910677191229524e+02
1.695047655103924189e+00 1.958531043791479891e-03 7.126563786008230181e+02 1.498467685897840340e+02
1.701563412030947964e+00 1.893890162085724253e-03 6.973340292275573802e+02 1.426387314238245381e+02
1.707975620325744792e+00 1.846204685496802061e-03 6.923736951983298695e+02 1.464138932843106033e+02
1.714377380249353600e+00 1.797036493929945892e-03 6.824476987447699230e+02 1.537157938284698560e+02
1.720768292737840266e+00 1.799184406037973973e-03 6.685814432989690204e+02 1.561602838642491520e+02
1.727152534628709324e+00 1.771490888047008889e-03 6.531336116910230203e+02 1.598896708757075658e+02
1.733526494930327289e+00 1.835615179227028260e-03 6.345091649694501257e+02 1.582772015850479761e+02
1.739975521513371870e+00 1.888347845677861795e-03 6.150243902439024168e+02 1.660213445707017286e+02
1.746497876640803248e+00 1.988580869552720402e-03 6.010872093023256184e+02 1.648403042246683299e+02
1.753090192095328348e+00 1.909790863647236811e-03 5.937011952191235196e+02 1.499830460570061348e+02
1.759542915568929722e+00 1.863330342728648260e-03 5.746334661354582067e+02 1.422978974405668851e+02
1.765978610475646082e+00 1.805054295706254351e-03 5.460900000000000318e+02 1.301193685813146033e+02
1.772332663329672986e+00 1.770928694831684115e-03 5.103669354838709751e+02 1.171955870085089515e+02
1.778664509689639184e+00 1.781133477909586536e-03 4.708183632734530875e+02 1.006900670356466918e+02
1.785069366740120511e+00 1.834600355293997381e-03 4.310019531250000000e+02 8.577787447821262390e+01
1.791506168727699633e+00 1.878728357369653049e-03 3.897823529411764980e+02 7.882826485629217927e+01
1.798039063906349488e+00 1.995486375923071192e-03 3.516037037037037294e+02 6.710253067337265520e+01
1.804647924016717919e+00 1.913848319004299433e-03 3.168505747126436631e+02 4.754318858116453583e+01
1.811089958053599736e+00 1.862622323854617795e-03 2.885670498084291467e+02 3.935448292453715169e+01
1.817521720439822408e+00 1.798364348704032875e-03 2.713011583011582957e+02 3.630124710578110836e+01
1.823812670535420288e+00 1.750448090683544159e-03 2.648588235294117794e+02 3.516723893552531166e+01
1.830221642949216854e+00 1.837728497302317443e-03 2.620409683426443053e+02 3.428740232807753330e+01
1.836582905300079060e+00 1.780128382536366044e-03 2.607137254901960546e+02 3.462286781562940519e+01
1.843061797820461534e+00 1.986079127245108083e-03 2.563552397868561457e+02 4.213147204357407816e+01
1.849632829275571488e+00 1.888944039210000737e-03 2.583063909774435842e+02 3.623890456748422650e+01
1.856090187264436642e+00 1.913060858845453587e-03 2.587509090909090901e+02 3.471315248392028252e+01
1.862531947297203283e+00 1.788974026913770074e-03 2.581622641509433720e+02 3.553590285328957066e+01
1.868931787959941415e+00 1.835149539700427039e-03 2.587012750455373293e+02 3.542476340447781524e+01
1.875342409945594868e+00 1.782793697721218873e-03 2.593724394785847380e+02 3.638043564674364916e+01
1.881685992375486283e+00 1.813583446463527945e-03 2.594760147601476206e+02 3.678451925022018543e+01
1.888176611507502489e+00 1.945205006648250507e-03 2.591957671957671892e+02 4.522455174391682675e+01
1.894684395670122701e+00 1.921537496908314263e-03 2.628407871198568841e+02 4.186646441116340611e+01
1.901176782548104516e+00 1.886986723452953362e-03 2.656548042704626482e+02 4.084025574144006043e+01
1.907561981128558237e+00 1.795440373499332084e-03 2.688229927007299125e+02 4.240972923435320041e+01
1.913985041606118376e+00 1.828239138046576940e-03 2.764140350877192986e+02 4.459043052389087336e+01
1.920403381422240097e+00 1.786024996940504313e-03 2.940507246376811850e+02 5.019961296755183611e+01
1.926716413297410169e+00 1.834639747803229817e-03 3.382544483985765282e+02 6.844912478517593968e+01
1.933271554332125497e+00 1.965820526812752777e-03 4.288619528619528865e+02 1.255487989293616380e+02
1.939792573083097382e+00 1.907526115978609412e-03 6.085898778359511425e+02 2.616096408926366053e+02
1.946288570836251841e+00 1.883695634446648113e-03 9.492708688245314761e+02 5.613447610160320664e+02
1.952655684029843908e+00 1.737190040939992066e-03 1.342130198915009032e+03 8.489825042402861754e+02
1.958969978021109171e+00 1.827434973414125523e-03 1.501249146757679227e+03 8.793681400432201372e+02
1.965496063115082181e+00 1.854230162972571750e-03 1.467734797297297291e+03 7.947419234114030360e+02
1.971963975922738088e+00 1.884120710564727479e-03 1.466678082191780732e+03 8.626811643739773672e+02
1.978442510441045021e+00 1.957066319931451050e-03 1.560057660626029701e+03 9.668589720811424968e+02
1.984931097981023740e+00 1.843590323278294961e-03 1.636396581196581110e+03 1.014770920542685076e+03
1.991287308585444338e+00 1.815152065882439042e-03 1.661032367972742804e+03 1.021013637219922998e+03
1.997701973476069481e+00 1.833321787203764366e-03 1.687116279069767415e+03 1.021402819278697734e+03
2.004164133665459424e+00 1.816322146449814287e-03 1.697143572621034991e+03 1.011693722579973610e+03
2.010465304371688244e+00 1.793999045974344238e-03 1.717398613518197635e+03 1.018853019877511656e+03
2.016906033528098163e+00 1.989616449670199121e-03 1.756602503912363090e+03 1.094426684535046888e+03
2.023555996358446407e+00 1.897180052363281293e-03 1.697508090614886669e+03 9.908999684733310005e+02
2.029968694217374470e+00 1.807083598350285245e-03 1.613789297658862779e+03 9.209191417383349290e+02
2.036339422929389187e+00 1.823287213829230622e-03 1.521115072933549527e+03 8.484639929888198822e+02
2.042808231593590484e+00 1.819045180469573350e-03 1.405610389610389575e+03 7.806971223988912243e+02
2.049121403930300289e+00 1.816823929832920258e-03 1.287974916387959865e+03 7.192813030896546707e+02
2.055546024436551544e+00 1.958593688934813937e-03 1.146987654320987758e+03 6.366508807536000631e+02
2.062179187475123410e+00 1.909374836257744399e-03 9.748421875000000227e+02 4.893680457729467435e+02
2.068587893715514436e+00 1.782255124468116103e-03 8.180507364975450173e+02 3.927635343412006819e+02
2.074943470461427353e+00 1.803325004765888358e-03 6.804675118858954193e+02 3.097135058527732099e+02
2.081348551495329602e+00 1.811685209211536278e-03 5.617056000000000040e+02 2.380546207440637829e+02
2.087807581420585645e+00 1.934124239786214495e-03 4.511546707503828202e+02 1.733356052764308686e+02
2.094354049547901386e+00 1.919763106963207067e-03 3.671947852760736168e+02 9.989532448708079926e+01
2.100814970511138302e+00 1.841726384006937703e-03 3.230833333333333144e+02 6.030853150878680680e+01
2.107147425483176129e+00 1.793021693532189254e-03 3.123044164037854671e+02 4.903527591429747901e+01
2.113573117004156288e+00 1.831442330790634650e-03 3.209236641221373816e+02 4.609514068990053204e+01
2.119956773712852627e+00 1.806996690666118864e-03 3.365268987341772231e+02 4.652099141037514585e+01
2.126392549358501416e+00 1.961143276791299343e-03 3.434926470588235361e+02 5.831120182821238984e+01
2.133022499541108896e+00 1.914261261225060897e-03 3.543653846153846416e+02 4.541252589281295826e+01
2.139480964562213483e+00 1.786119367506160778e-03 3.630666666666666629e+02 4.775209236862187367e+01
2.145796782645738254e+00 1.799418587043424183e-03 3.770978593272171224e+02 4.999040939920048032e+01
2.152165366120878165e+00 1.825425695775702338e-03 3.961742424242424363e+02 5.284120201939008865e+01
2.158655754564665852e+00 1.929951649106770133e-03 4.239941860465116292e+02 6.776071496546616402e+01
2.165204964825616862e+00 1.913631523374921799e-03 4.903596491228070136e+02 6.262685239016550298e+01
2.171687233764930003e+00 1.836559742283269984e-03 5.904207407407407118e+02 8.928848733694097461e+01
2.178057454997971210e+00 1.770075738143539208e-03 7.424758308157099691e+02 1.465976345267125964e+02
2.184381886656512783e+00 1.819268068842387707e-03 9.039851411589895633e+02 2.075343106546232548e+02
2.190889596552291430e+00 1.941484629964972597e-03 9.668095909732016935e+02 2.374289533831446022e+02
2.197415493733709368e+00 1.880394352234131695e-03 9.931552975326560500e+02 1.886643048902254804e+02
2.203858495652105454e+00 1.844129167940211774e-03 1.032098408104196778e+03 1.978912249511659809e+02
2.210218428929338064e+00 1.776952575370011446e-03 1.097770710059171506e+03 2.272439362323939918e+02
2.216548686487991304e+00 1.820372229284925253e-03 1.156419448476052139e+03 2.541013311663122352e+02
2.223054582631938558e+00 1.937499342758612587e-03 1.178664364640884060e+03 3.093662388791788658e+02
2.229555406010463425e+00 1.871681269043944497e-03 1.231728183118741072e+03 2.954316598485693817e+02
2.236023148886606471e+00 1.876509468722661325e-03 1.238616133518775996e+03 3.002174239211441886e+02
2.242466908337517939e+00 1.781536512235300631e-03 1.241553956834532300e+03 3.020341380499738762e+02
2.248784053696174290e+00 1.815619011182786555e-03 1.237203730272596886e+03 3.053646461325366772e+02
2.255261034229438355e+00 1.958337742873136802e-03 1.198914093959731645e+03 3.289441710573807427e+02
2.261752977112598817e+00 1.833135357339661826e-03 1.188705799151343626e+03 2.952079733709061315e+02
2.268193030407839927e+00 1.856919733580766289e-03 1.159688949522510256e+03 2.954410645204332013e+02
2.274620661936892052e+00 1.792548502283534354e-03 1.108296191819463957e+03 2.867735553839887643e+02
2.281045196159239286e+00 1.907452264699439036e-03 1.024386486486486547e+03 2.857743861844924140e+02
2.287566856146262317e+00 1.925687837049752790e-03 9.488422459893048426e+02 2.519464500103632929e+02
2.294017676381079784e+00 1.818149611703329506e-03 8.702160664819944031e+02 2.285378385349727353e+02
2.300373896127871021e+00 1.814054264739159471e-03 7.799534883720930338e+02 2.001463362456978814e+02
2.306733295622487301e+00 1.809288305020508025e-03 6.865384615384615472e+02 1.739873426838894659e+02
2.313210233147671158e+00 1.927057466226796351e-03 5.887187500000000000e+02 1.624747014311558075e+02
2.319750633036068876e+00 1.886628064392380537e-03 5.170874172185430098e+02 1.298314205884983039e+02
2.326167810919689938e+00 1.805281422939875990e-03 4.415142083897158045e+02 1.089745045664090810e+02
2.332524891627314911e+00 1.808157875111407291e-03 3.708454301075269086e+02 8.394977433007504430e+01
2.339018828040365428e+00 1.927078730268403945e-03 3.123076923076923208e+02 6.888054004466124525e+01
2.345529090540556361e+00 1.892646505679497623e-03 2.820222513089005361e+02 4.937190104237463828e+01
2.351902562585342693e+00 1.808634088653226840e-03 2.665374331550802367e+02 4.203020446424094558e+01
2.358283426411155403e+00 1.828495513811564770e-03 2.579778357235984458e+02 3.851795837523559385e+01
2.364665150299146479e+00 1.824483169818866225e-03 2.534198675496688793e+02 3.719487470664188322e+01
2.371140522023317931e+00 1.956229962378429419e-03 2.514119106699751853e+02 4.383901660205815887e+01
2.377698484074287411e+00 1.857249505322706908e-03 2.625653846153846303e+02 3.778607515137246509e+01
2.384135550776628865e+00 1.806484998011118103e-03 2.748554838709677597e+02 4.425732189727766297e+01
2.390495270780528703e+00 1.815820546892564329e-03 2.954986072423398582e+02 4.898415122597681659e+01
2.396907059408651008e+00 1.904650256318906557e-03 3.038030095759233973e+02 6.156454729332144638e+01
2.403395490390968892e+00 1.861409897307351969e-03 3.077859154929577699e+02 4.990691680688769338e+01
2.409868588547004364e+00 1.847911660654164229e-03 3.050781250000000000e+02 4.660554037688032025e+01
2.416315494183244539e+00 1.848423108511250412e-03 3.104391304347826122e+02 4.761713828920405689e+01
2.422721222723576151e+00 1.879130934971403807e-03 3.118938953488371908e+02 6.162005143412260821e+01
2.429135064156228374e+00 1.862177758942303550e-03 3.245014662756598227e+02 5.235082143002940569e+01
2.435558328952115659e+00 1.829358714226044739e-03 3.283786982248520872e+02 5.314660186569601308e+01
2.441961929587736613e+00 1.826990787003958654e-03 3.308682634730539007e+02 5.420825438516425265e+01
2.448435267415004279e+00 1.916283866918213176e-03 3.251700581395348877e+02 6.600341641589089647e+01
2.454898310690642571e+00 1.851262751470384186e-03 3.314696969696969973e+02 5.515344797645438035e+01
2.461278332832209870e+00 1.841207405127180587e-03 3.308625377643504635e+02 5.461976991041750296e+01
2.467732767309350983e+00 1.860175811866779036e-03 3.274519519519519690e+02 5.717401936292161224e+01
2.474317234005322774e+00 1.907302378477835920e-03 3.181917024320457585e+02 6.325232192016839150e+01
2.480763678027650521e+00 1.850982492662076430e-03 3.183866481223922165e+02 5.288964155902494468e+01
2.487114426650852028e+00 1.791691956921820849e-03 3.141432584269662698e+02 5.031127170178895369e+01
2.493514277050582706e+00 1.905910091373927331e-03 3.024848084544253766e+02 5.777745717495083255e+01
2.500016016455529844e+00 1.897218154373805617e-03 2.978239895697522570e+02 4.658957057977325888e+01
2.506504299072060071e+00 1.823698874814003905e-03 2.864005270092226851e+02 4.486487750588636914e+01
2.512828968428921783e+00 1.779539787674511890e-03 2.756460296096904585e+02 4.293040397221971460e+01
2.519262120792594928e+00 1.938201810876334251e-03 2.613486924034869503e+02 4.840676695409670316e+01
2.525775074220281358e+00 1.871497825325404334e-03 2.537477707006369485e+02 3.809023490837337533e+01
2.532197693037325781e+00 1.807973308604888651e-03 2.442820512820512704e+02 3.665420937748839236e+01
2.538545427775757091e+00 1.816891897915347926e-03 2.377413127413127540e+02 3.719610878289714151e+01
2.545039371368973402e+00 1.965732421291352915e-03 2.305486935866983345e+02 4.380849401169913193e+01
2.551577586228050976e+00 1.818913119815899733e-03 2.244053030303030312e+02 3.632414574951765474e+01
2.557912035390546901e+00 1.811160408138717511e-03 2.159085213032581407e+02 3.306112343717120439e+01
2.564418003384666633e+00 1.924750488034227642e-03 2.084746162927981175e+02 3.735697919754416318e+01
2.570930014234638072e+00 1.852202887801034569e-03 2.097024390243902303e+02 3.159424726813751150e+01
2.577333690207623373e+00 1.816621428331073769e-03 2.097872860635696952e+02 3.167088500953896713e+01
2.583698900290759326e+00 1.840143410056186736e-03 2.088068459657701794e+02 3.374299326902900731e+01
2.590116643848396460e+00 1.922552353981257615e-03 2.084142357059510005e+02 3.663386539804996289e+01
2.596553429180498362e+00 1.801710981220896188e-03 2.091334951456310591e+02 3.226630785522512213e+01
2.602955615407046341e+00 1.842317350104424401e-03 2.088482352941176430e+02 3.163751069608641941e+01
2.609495359574187212e+00 1.911716238635802895e-03 2.062394526795895047e+02 3.749782136415545608e+01
2.615974071523933020e+00 1.844748521006626301e-03 2.080247058823529471e+02 3.168069566011217120e+01
2.622378270172453618e+00 1.832507040312451657e-03 2.081894736842105260e+02 3.178129750399191522e+01
2.628819659223405658e+00 1.883705983027747803e-03 2.059988505747126339e+02 3.730383169899050699e+01
2.635224897504864661e+00 1.872415782458078902e-03 2.072471264367815991e+02 3.116332789804496173e+01
2.641639659702591736e+00 1.816527212418568051e-03 2.062572087658592750e+02 3.086884671330359353e+01
2.648064596936881454e+00 1.851525790120274028e-03 2.046100342075256435e+02 3.337399491750893787e+01
2.654540339871488630e+00 1.920962172705038655e-03 2.041056105610560962e+02 3.243298866234388811e+01
2.661017435989672553e+00 1.820997431850269717e-03 2.035565714285714307e+02 2.942041091848047074e+01
2.667377750780578261e+00 1.839233884157700843e-03 2.019318955732122447e+02 2.927740904903047436e+01
2.673833255939705111e+00 1.922629864361171097e-03 1.987258938244853823e+02 3.413189599154584641e+01
2.680310332336410362e+00 1.829470795604572599e-03 1.986674132138857658e+02 2.797629153715979555e+01
2.686679530094181256e+00 1.809753184080302099e-03 1.976188340807174768e+02 2.749508766605484311e+01
2.693172569770623248e+00 1.920456143785719515e-03 1.950232558139534831e+02 3.259243663199939078e+01
2.699710169678059213e+00 1.845827250732203417e-03 1.959694656488549640e+02 2.711595349657012122e+01
2.706108723802718607e+00 1.808001129835774996e-03 1.953787375415282384e+02 2.686209914414832411e+01
2.712552861480932442e+00 1.909490143508341294e-03 1.933108535300316078e+02 3.195061074433322545e+01
2.719028861112676942e+00 1.848278151304674159e-03 1.957762162162162269e+02 2.699362192881211797e+01
2.725349625855669977e+00 1.780111837505188701e-03 1.976281908990011118e+02 2.778337145393739149e+01
2.731792001493120292e+00 1.927874637693306574e-03 1.978370901639344197e+02 3.261714283293757433e+01
2.738310186615081410e+00 1.835670255000661395e-03 2.052481363152289759e+02 2.824449077581611789e+01
2.744685257899765141e+00 1.793617037467074102e-03 2.198275862068965409e+02 3.233342993159708811e+01
2.751066800196758422e+00 1.878288467704576767e-03 2.600220125786163408e+02 5.002362711935781903e+01
2.757601512830000434e+00 1.862141664063760894e-03 3.364762430939226761e+02 7.645294089693103956e+01
2.764058068263966828e+00 1.836587841443396716e-03 4.179806378132118425e+02 1.013182622415395002e+02
2.770529172478649382e+00 1.887167826034379927e-03 4.753119369369369451e+02 1.093011682873063108e+02
2.776955143396238501e+00 1.821333560803167642e-03 5.101497641509433834e+02 1.136035711559422339e+02
2.783316304171964184e+00 1.843620978786204888e-03 5.234445754716981583e+02 1.211102279366848364e+02
2.789755116199374552e+00 1.895104686621155434e-03 5.264936416184971222e+02 1.317478354613541285e+02
2.796202065730379438e+00 1.823396814250311405e-03 5.416922155688622524e+02 1.493207999822043064e+02
2.802598215598055997e+00 1.839199823105454800e-03 5.606946107784431206e+02 1.633182405276673990e+02
2.809058618291326859e+00 1.891542357478581855e-03 5.758690058479531899e+02 1.731505486906812905e+02
2.815539484174618412e+00 1.814857361145085640e-03 5.948725728155339993e+02 1.817695933427224873e+02
2.821989463872399906e+00 1.865090624993398201e-03 6.051027479091994792e+02 1.865858768667933987e+02
2.828483713597702565e+00 1.883630524017047489e-03 6.194357142857143117e+02 1.889514990813833890e+02
2.834900904292738222e+00 1.791954038426357698e-03 6.266325000000000500e+02 1.884256570490733793e+02
2.841279989216558999e+00 1.876324795384782303e-03 6.310712560386473342e+02 1.865682124778648188e+02
2.847767858763501359e+00 1.886990809494324501e-03 6.371799516908212127e+02 1.858728312062191605e+02
2.854224446368732959e+00 1.845718501710050556e-03 6.416997518610421594e+02 1.845759913296226387e+02
2.860652227376856871e+00 1.895283512592607677e-03 6.345691747572815302e+02 1.768317951322009378e+02
2.867113210476443186e+00 1.859648482407798373e-03 6.302153465346534631e+02 1.690922647296377761e+02
2.873572830144707879e+00 1.886954548921765396e-03 6.182727272727272521e+02 1.585998384484148858e+02
2.879995266294152589e+00 1.874768549312584749e-03 6.044981412639405107e+02 1.491372555666735877e+02
2.886377499349285003e+00 1.822646243021190660e-03 5.878810126582278599e+02 1.378488380331579606e+02
2.892826601299819611e+00 1.901257081905588812e-03 5.724787363304981227e+02 1.259862277986113384e+02
2.899287209408602628e+00 1.837036175435869181e-03 5.620452830188679627e+02 1.147670345536750744e+02
2.905651471559458798e+00 1.820821310380915442e-03 5.440559085133418193e+02 1.026172592735037767e+02
2.912064357739847953e+00 1.885695667761764669e-03 5.146425061425061358e+02 8.945518700063698248e+01
2.918524733004972394e+00 1.831846772134888184e-03 4.967193426042983333e+02 8.109430458988015289e+01
2.925008101889499557e+00 1.898964803942654149e-03 5.024019488428745603e+02 8.300753351214227393e+01
2.931494571104498625e+00 1.860470468068603543e-03 5.341990111248454696e+02 9.447834238335043722e+01
2.937893251398651540e+00 1.817351826735809622e-03 5.551179422835633659e+02 9.934940200123020304e+01
2.944305546311252186e+00 1.880927000690213848e-03 5.471251504211793417e+02 8.847264025683409727e+01
2.950769139483569781e+00 1.826098071515048831e-03 5.320208845208844650e+02 7.043491311182859249e+01
2.957217893682505760e+00 1.858471812583063982e-03 5.210145278450363548e+02 6.011861600660217420e+01
2.963641657319503686e+00 1.840162297927921053e-03 5.284306748466257204e+02 5.824539017862042556e+01
2.970043842149071800e+00 1.832295957600710810e-03 5.426113861386138524e+02 6.137019008429301437e+01
2.976510225225458495e+00 1.909562939757382871e-03 5.534596199524941085e+02 6.571353821962748043e+01
2.983008757323797777e+00 1.820848808918005624e-03 5.661524163568773247e+02 6.844484574133915089e+01
2.989442833175567138e+00 1.860876473636659213e-03 5.703018181818181347e+02 6.951771650442050543e+01
2.995851322080832713e+00 1.818248084975540883e-03 5.754881987577639393e+02 6.947201613739865422e+01
3.002288071879581022e+00 1.866109072499165002e-03 5.737295980511571543e+02 6.889049104803734735e+01
3.008748785923475388e+00 1.879638502675874765e-03 5.719890909090909190e+02 6.801977333642248880e+01
3.015199648864150372e+00 1.825469582085792030e-03 5.693296019900496958e+02 6.722753175754871791e+01
3.021614952218953931e+00 1.867358907394168870e-03 5.596509090909090673e+02 6.636648581678421976e+01
3.028035269137849372e+00 1.805619228951016193e-03 5.517772215269086473e+02 6.571629129823240589e+01
3.034481983401863037e+00 1.885823396422961745e-03 5.350084235860408626e+02 6.596410749101380588e+01
3.040948636384726900e+00 1.846244746713175374e-03 5.172580246913580595e+02 6.569661218753034859e+01
3.047399548284976056e+00 1.866575050031695892e-03 4.932093023255814046e+02 6.793061492305615445e+01
3.053818065407082116e+00 1.858882463793821993e-03 4.677985257985258158e+02 6.782323423183812849e+01
3.060168791671987076e+00 1.792825745411367891e-03 4.390559796437659088e+02 6.621885789609139294e+01
3.066596020837712544e+00 1.927764682785730512e-03 4.028744075829383746e+02 6.689028260608922949e+01
3.073140751332767540e+00 1.856356834428901387e-03 3.696551297898640200e+02 6.783037482027164344e+01
3.079593295930210139e+00 1.886716362797553155e-03 3.308242424242424136e+02 6.994354727439822739e+01
3.086017154762366044e+00 1.830431539716442747e-03 3.026162499999999795e+02 6.610616277057684442e+01
3.092486513109037993e+00 1.905108961471654438e-03 2.776726618705035889e+02 5.977795954751962171e+01
3.098964516853627060e+00 1.852397442341169754e-03 2.637082818294190361e+02 4.961003505579089534e+01
3.105440922044128804e+00 1.880034527507769499e-03 2.514945454545454595e+02 3.816286819790813922e+01
3.111821301298671738e+00 1.810318297736169049e-03 2.388037735849056560e+02 2.806076498221685611e+01
3.118233335063332667e+00 1.868901341642052608e-03 2.243483556638246057e+02 1.997735376322426504e+01
3.124683867316949026e+00 1.865189586864977357e-03 2.130622710622710656e+02 1.467011641276115697e+01
3.131144652615997170e+00 1.844489775254080271e-03 2.070518518518518647e+02 1.202666143518784736e+01
3.137527951480249655e+00 1.850518740970626434e-03 2.049938499384993804e+02 1.082034682492203004e+01
3.143946084488824955e+00 1.842734159383119935e-03 2.035613382899628334e+02 1.008859608028040711e+01
3.150358822729363073e+00 1.875642417003805899e-03 2.030048543689320297e+02 9.931866522340543568e+00
3.156784286039504561e+00 1.823981601210612454e-03 2.021312499999999943e+02 9.359710866260769535e+00
3.163270120323041557e+00 1.930117905744787839e-03 2.013832547169811278e+02 9.486822133271138213e+00
3.169756141428992979e+00 1.817110211355118556e-03 1.997148241206030264e+02 8.999300635829547090e+00
3.176136715832639901e+00 1.869400486556539428e-03 1.990000000000000000e+02 9.548663241363666287e+00
3.182603852824878121e+00 1.855271636042648588e-03 1.979312883435582933e+02 9.546533333832059043e+00
3.189050645908320547e+00 1.867823016262818358e-03 1.968496969696969643e+02 9.600897187950215184e+00
3.195475202712392715e+00 1.830177604982121797e-03 1.954665012406947824e+02 8.992005136266577381e+00
3.201930699474990760e+00 1.890160737295187680e-03 1.962305854241338068e+02 9.158417767706660939e+00
3.208380198036255848e+00 1.818817371399450607e-03 1.991905354919053650e+02 9.498445740670216964e+00
3.214769441202507405e+00 1.856295446885927562e-03 2.033628640776699115e+02 1.062511373467706832e+01
3.221219946103295317e+00 1.854520719188760538e-03 2.041136919315403304e+02 1.246552901490311882e+01
3.227683765295594753e+00 1.874065427032763596e-03 1.989687123947051646e+02 1.438051543266421817e+01
3.234131017772435612e+00 1.840716304877563787e-03 1.935215782983970314e+02 1.528818495467918126e+01
3.240599979113187423e+00 1.901252405176113557e-03 1.900960854092526802e+02 1.620470009170156089e+01
3.247028333220890239e+00 1.799593188369970169e-03 1.900855345911949712e+02 1.615445376142600153e+01
3.253443203786942295e+00 1.907653420062672836e-03 1.898808962264151035e+02 1.514991326548645034e+01
3.259883502116921683e+00 1.795580006981134817e-03 1.897808564231738160e+02 1.509439859216033319e+01
3.266300345605878341e+00 1.923600185575663262e-03 1.890011723329425593e+02 1.520489216021447021e+01
3.272853483066015201e+00 1.856140221165968399e-03 1.873939024390244015e+02 1.462028174525132762e+01
3.279208055010873757e+00 1.838273880463746476e-03 1.864760736196319044e+02 1.401619394305488164e+01
3.285677511815711327e+00 1.882917816817657360e-03 1.850954653937947398e+02 1.350477058085017745e+01
3.292103848527159204e+00 1.835553428200827411e-03 1.842399020807833665e+02 1.347517864548899169e+01
3.298586108799094418e+00 1.888317585372828586e-03 1.823693586698337299e+02 1.311218263701188214e+01
3.305031100311709658e+00 1.850386223069815962e-03 1.808294762484774765e+02 1.397165026567036428e+01
3.311493553422723224e+00 1.868513817595845007e-03 1.785525059665871197e+02 1.494611411904348941e+01
3.317903636599865536e+00 1.824831080609758517e-03 1.758834355828220737e+02 1.679102191506187580e+01
3.324331097200103002e+00 1.867240715589447552e-03 1.703785714285714334e+02 1.903755664273044701e+01
3.330698991454875468e+00 1.802295415888940022e-03 1.663653366583541242e+02 2.097678094400493620e+01
3.337129369178693850e+00 1.924555404658041986e-03 1.617560975609756042e+02 2.261603289193970312e+01
3.343680207265053550e+00 1.861922247852822480e-03 1.579252110977080861e+02 2.381627729711994590e+01
3.350044083295126374e+00 1.835162792558274860e-03 1.551032806804374218e+02 2.402159125037922749e+01
3.356505604070456616e+00 1.871227406804753775e-03 1.513838862559241818e+02 2.276140942845651693e+01
3.362916001860436488e+00 1.833654571443432820e-03 1.488818514007308238e+02 2.144915585212867981e+01
3.369285096640512123e+00 1.875337531839301689e-03 1.467353658536585499e+02 2.050836562669410057e+01
3.375802434903234950e+00 1.848095989791553092e-03 1.452476319350473659e+02 1.980606005414757220e+01
3.382214916359785661e+00 1.843501739730700950e-03 1.469297752808988662e+02 1.914651589668991249e+01
3.388621595555129762e+00 1.837214591020290208e-03 1.535604075691412049e+02 2.025157651934410552e+01
3.395087870480640202e+00 1.897809126909797642e-03 1.656584302325581461e+02 2.536897452618070758e+01
3.401600099274715294e+00 1.862825267528726196e-03 1.753378582202111602e+02 2.853083478201808276e+01
3.408008587822927371e+00 1.829521772960810344e-03 1.787422360248447148e+02 2.794026329077797755e+01
3.414429009776510870e+00 1.863403552598411495e-03 1.780773993808049624e+02 2.560071494957358240e+01
3.420895508941175223e+00 1.876279003669552520e-03 1.791596244131455364e+02 2.558342326708885750e+01
3.427361199308996742e+00 1.871984655860910217e-03 1.803196202531645440e+02 2.744233759951606189e+01
3.433789816721534383e+00 1.835455874914732619e-03 1.834756493506493484e+02 2.993556690989665725e+01
3.440207803416203358e+00 1.864980166185075923e-03 1.866715210355987153e+02 3.168960990412832857e+01
3.446682336316245543e+00 1.886495457043324163e-03 1.895495934959349711e+02 3.328550520718214756e+01
3.453142116062292821e+00 1.850491205141300763e-03 1.904386554621848688e+02 3.372321718705223503e+01
3.459552608189105705e+00 1.840426776601197887e-03 1.906678082191780845e+02 3.383446362977075239e+01
3.466037827277117955e+00 1.895781883946169978e-03 1.929168081494057674e+02 3.554236192705739228e+01
3.472473653977210972e+00 1.828931698347952819e-03 1.920894454382826382e+02 3.583892650822730275e+01
3.478868831430015351e+00 1.849798838882201271e-03 1.903714285714285666e+02 3.681224355442361684e+01
3.485296939778874226e+00 1.846836384750711896e-03 1.896263736263736348e+02 3.960693797663940074e+01
3.491740378822062674e+00 1.892374048568714641e-03 1.884244080145719522e+02 4.187387901532213164e+01
3.498222076309955408e+00 1.850392789083453492e-03 1.874530075187969942e+02 4.205316359129994197e+01
3.504611891581455030e+00 1.828338000025509641e-03 1.871281553398058293e+02 4.070864200378174758e+01
3.511032309223517167e+00 1.894740202114146826e-03 1.901507633587786188e+02 4.112662536424760162e+01
3.517510811405253346e+00 1.847376399887671770e-03 1.884466403162055315e+02 3.944930969525977815e+01
3.523886222494890585e+00 1.819823680849573695e-03 1.873231083844580667e+02 3.827193282945520281e+01
3.530333766363422221e+00 1.913949961282706506e-03 1.902732673267326788e+02 3.897652409397219486e+01
3.536838628960300657e+00 1.837400593869444173e-03 1.880374999999999943e+02 3.635339743694297709e+01
3.543212277439104163e+00 1.824314092004992007e-03 1.902633832976445376e+02 3.344216994606789939e+01
3.549634251627681092e+00 1.895848120010211945e-03 1.933508403361344676e+02 3.046260141703037405e+01
3.556117060308725097e+00 1.842284182035823720e-03 1.912816593886462897e+02 2.562647152440120379e+01
3.562580790750173865e+00 1.873137250446494902e-03 1.888596491228070136e+02 2.258948468658953956e+01
3.569027121761189303e+00 1.864198494303047999e-03 1.858536036036036023e+02 1.852666314754272392e+01
3.575415228040989657e+00 1.829283293316363293e-03 1.844315545243619567e+02 1.550960801030749536e+01
3.581824267593239686e+00 1.860007523854312686e-03 1.864709976798143884e+02 1.241919202499808250e+01
3.588330065081806630e+00 1.895947895659538546e-03 1.871415313225058128e+02 9.007796071798743753e+00
3.594804804657118602e+00 1.838793340235311087e-03 1.882634146341463293e+02 7.562715771426390177e+00
3.601203120605045882e+00 1.866742151695356807e-03 1.879681372549019613e+02 6.433017223051710864e+00
3.607629953215138574e+00 1.849946976811765471e-03 1.879072681704260788e+02 5.857428116206954805e+00
3.614090854913730499e+00 1.868416365547433599e-03 1.881287878787878753e+02 6.343803268883302593e+00
3.620574720227974552e+00 1.873754476683962313e-03 1.864755784061696602e+02 6.901341766874029560e+00
3.627004027770476924e+00 1.835919208150294619e-03 1.852620320855614864e+02 7.597421263834322147e+00
3.633382280898821648e+00 1.849285921997263250e-03 1.829783197831978327e+02 8.881149135534883499e+00
3.639818201334091174e+00 1.872714577785467623e-03 1.792779291553133589e+02 9.664808653499303404e+00
3.646271849872324999e+00 1.848931603973280732e-03 1.751320224719101191e+02 1.158116532801225596e+01
3.652754025121335069e+00 1.886957975833729447e-03 1.710112359550561791e+02 1.459769166492425008e+01
3.659208746855755479e+00 1.834720162372708565e-03 1.665221238938053148e+02 1.562532418020662028e+01
3.665582835495777569e+00 1.840575612045432024e-03 1.632522522522522479e+02 1.669763456868605900e+01
3.672040343112283445e+00 1.886479483533069204e-03 1.611946107784431206e+02 1.713328735704915928e+01
3.678529717319615866e+00 1.858096912976999176e-03 1.596614906832298004e+02 1.629309993564467618e+01
3.684932562337432049e+00 1.835190244932949138e-03 1.565723472668810246e+02 1.461386102958969779e+01
3.691340469028411508e+00 1.865394116403416890e-03 1.499870550161812162e+02 1.207392752211654674e+01
3.697825917576230470e+00 1.878575472322643403e-03 1.431250000000000000e+02 9.201039522221046596e+00
3.704288468942850354e+00 1.854378416201764085e-03 1.399419795221843117e+02 7.072987510634731301e+00
3.710695071708606907e+00 1.843173339766954189e-03 1.388421052631578902e+02 6.431484192600307459e+00
3.717119980493126530e+00 1.858275420549158159e-03 1.379607142857142890e+02 6.434429870245073069e+00
3.723579054116692877e+00 1.875547371405369762e-03 1.378981818181818255e+02 5.528454419135857556e+00
3.730020297411832164e+00 1.843995263516665269e-03 1.373712121212121247e+02 4.910175128118856591e+00
3.736426917509388268e+00 1.851423495632689448e-03 1.376279069767441854e+02 5.581637591642331309e+00
3.742862848593606184e+00 1.866246695943705233e-03 1.369011857707509989e+02 5.666429409524197602e+00
3.749304155234212121e+00 1.850203366498975400e-03 1.352049180327868783e+02 5.575472859603019415e+00
3.755769545342233950e+00 1.881542671327423493e-03 1.348298755186721962e+02 4.991633985122340356e+00
3.762207580716425692e+00 1.832713059301602828e-03 1.364649122807017534e+02 4.886960905130441013e+00
3.768650259547695391e+00 1.882711660849632198e-03 1.381409691629955887e+02 5.464192592413973593e+00
3.775101190588130873e+00 1.841328330998877110e-03 1.374465116279069719e+02 6.872453065766065627e+00
3.781544745172108257e+00 1.876261972947606757e-03 1.353537735849056673e+02 7.825279775189238229e+00
3.787984350729691752e+00 1.841817734800533721e-03 1.323980099502487633e+02 8.011359228384446141e+00
3.794443778523244770e+00 1.888119406057294294e-03 1.282010050251256246e+02 9.204041280850423945e+00
3.800887998049732097e+00 1.829598834944004332e-03 1.236021505376344152e+02 1.103809661262716624e+01
3.807319286871066577e+00 1.879776389761753357e-03 1.185706521739130466e+02 1.032610983979157737e+01
3.813728772969168901e+00 1.816176537965013323e-03 1.148304093567251414e+02 8.569261085978148174e+00
3.820127884734960233e+00 1.870328496078344947e-03 1.122721893491124234e+02 6.488839521747609140e+00
3.826558902351690605e+00 1.840091099185570860e-03 1.105220125786163550e+02 5.563919577068367595e+00
3.832976717434447789e+00 1.862754303780558536e-03 1.091948051948051983e+02 5.428012150398554780e+00
3.839467489846226655e+00 1.881591717002498556e-03 1.080945945945945965e+02 5.816315745656996938e+00
3.845958738964208923e+00 1.872212223355807642e-03 1.077857142857142918e+02 4.787899287979723084e+00
3.852379013358490312e+00 1.829949564810406546e-03 1.072076923076923123e+02 5.617691833703727156e+00
3.858770514458473411e+00 1.860590576749386821e-03 1.049680000000000035e+02 5.408763259748017305e+00
3.865201312403456324e+00 1.846877382617491750e-03 1.037350427350427395e+02 6.110465568677611259e+00
3.871669834970288271e+00 1.885989225799452511e-03 1.032678571428571388e+02 8.076217368904572425e+00
3.878154213609482870e+00 1.855219997046820071e-03 1.009708737864077648e+02 6.332136784968391829e+00
3.884570297975108666e+00 1.842018581107749764e-03 9.761052631578947114e+01 6.075143489750066905e+00
3.891030549524630455e+00 1.892572859664069882e-03 9.515555555555555145e+01 6.809289225248580379e+00
3.897480132485925619e+00 1.830223622249431631e-03 9.300000000000000000e+01 6.153251173160413146e+00
3.903837790606199842e+00 1.833538786489578550e-03 9.149315068493150704e+01 7.252528823048028706e+00
3.910297958451704581e+00 1.898394991490752427e-03 9.029411764705882604e+01 7.010928197239737258e+00
3.916760076293909876e+00 1.823271174774054393e-03 9.063793103448276156e+01 7.490263200060671700e+00
3.923205856217289345e+00 1.907998375040481686e-03 9.020754716981132049e+01 6.432412805181429327e+00
3.929647757040283906e+00 1.804292177573046203e-03 9.069767441860464885e+01 5.139377036405909926e+00
3.936002968608691699e+00 1.864030959871269735e-03 9.675675675675675791e+01 5.076622540700173047e+00
3.942404476100300759e+00 1.828532384993888883e-03 1.044827586206896513e+02 7.592473900426420563e+00
3.948822507765122225e+00 1.871711324841116540e-03 1.136818181818181870e+02 8.945426829225356258e+00
3.955157590966607906e+00 1.825831164639231917e-03 1.208571428571428612e+02 7.438180598254178655e+00
3.961507824082775464e+00 1.968979546566614058e-03 1.202857142857142918e+02 5.421047417431506865e+00
