# q qerr I(q) I(q)err
8.294532032279089417e-03 3.215448162638725495e-03 0.000000000000000000e+00 4.379614184852732706e+01
1.547771440847061503e-02 1.298069176105710962e-03 0.000000000000000000e+00 0.000000000000000000e+00
2.114153426598287117e-02 1.953452460535632252e-03 1.000000000000000056e-01 3.082207001484488784e-01
2.708829541553820289e-02 1.932501425123600049e-03 1.666666666666666574e-01 3.818813079129866339e-01
3.424760286937652415e-02 2.393094809829984012e-03 1.363636363636363535e-01 3.476604213813261901e-01
4.134659872356089005e-02 1.444308516548141333e-03 1.666666666666666574e-01 3.788383804718292724e-01
4.709622292726145520e-02 1.633576272088444088e-03 2.000000000000000111e-01 4.062019202317980748e-01
5.289360403025952090e-02 1.994215660312892175e-03 2.083333333333333426e-01 4.114253678777394230e-01
5.941266175682404643e-02 2.038777625163953021e-03 3.800000000000000044e-01 4.931531202375179501e-01
6.623959740571712385e-02 2.014614798769268252e-03 4.074074074074073848e-01 4.989701327891656879e-01
7.251770781946841049e-02 1.767162065969994948e-03 3.333333333333333148e-01 4.787135538781689958e-01
7.836204892921720677e-02 1.794558473909566021e-03 5.200000000000000178e-01 1.086278049120021905e+00
8.476368586159346852e-02 2.173163639586968114e-03 1.609375000000000000e+00 4.803715602921347028e+00
9.171767809022127182e-02 2.151270969520740432e-03 7.058823529411764497e+00 1.972935388816092228e+01
9.840741527280037759e-02 1.879523288412654567e-03 1.798333333333333428e+01 4.436495739256879034e+01
1.046713563714864598e-01 1.717715818177843919e-03 3.957999999999999829e+01 7.618238116520117842e+01
1.108696467093386595e-01 1.978629817275711061e-03 6.200000000000000000e+01 1.031394000809419254e+02
1.174911181025048434e-01 2.151142134119994175e-03 8.470491803278687826e+01 1.276161890035143642e+02
1.240901985761322518e-01 1.682567093931450772e-03 1.199599999999999937e+02 1.584064316876053908e+02
1.302695169190241364e-01 1.981638030988197227e-03 1.341016949152542281e+02 1.732557378669484081e+02
1.366843399328758479e-01 1.885635125754002352e-03 1.654464285714285836e+02 1.991433118974107401e+02
1.431380625310322841e-01 2.037281709542672608e-03 1.843387096774193594e+02 2.088534069090648586e+02
1.497407916800755912e-01 2.013243134106564892e-03 2.047301587301587347e+02 2.279400207537598533e+02
1.560440161600273323e-01 1.800320108738214832e-03 2.255263157894736707e+02 2.448987523283178689e+02
1.626324968867556287e-01 2.166758397174068339e-03 2.516216216216216139e+02 2.556209458021734235e+02
1.693678508908615654e-01 1.711853084056604935e-03 2.636166666666666742e+02 2.716791551321767315e+02
1.755753172360756398e-01 1.940749690505284321e-03 2.887101449275362484e+02 2.739623615596762534e+02
1.819629297477835528e-01 1.792019476258344991e-03 2.986615384615384414e+02 2.855470651057939904e+02
1.883474920212158954e-01 1.982820530303366913e-03 3.066805555555555429e+02 2.959992570686372346e+02
1.949500334927739553e-01 1.985593967279970003e-03 3.347333333333333485e+02 2.998444796890547650e+02
2.014306324154557237e-01 1.750557958225071797e-03 3.423478260869565020e+02 3.103252151057576498e+02
2.076332073357673447e-01 1.865361520913360683e-03 3.653378378378378102e+02 3.114528269320163076e+02
2.140129245322099916e-01 1.882829286684015863e-03 3.625466666666666811e+02 3.205397766961917227e+02
2.204163405633874917e-01 1.951475208267544961e-03 3.888589743589743648e+02 3.205148164040420511e+02
2.268599176829277919e-01 1.954094669929957399e-03 3.881499999999999773e+02 3.293328170331647016e+02
2.335135695299082048e-01 1.986313139076756155e-03 3.940588235294117680e+02 3.337830356367632589e+02
2.400224779461884173e-01 1.823737618079871109e-03 4.128625000000000114e+02 3.320198855113952163e+02
2.464005577519743639e-01 1.894426896505377799e-03 4.245176470588235134e+02 3.319889746783144346e+02
2.528350385827773383e-01 1.829527638271931031e-03 4.320714285714285552e+02 3.352167323584268956e+02
2.590859102888302123e-01 1.817056121189442432e-03 4.342619047619047592e+02 3.381635364449461463e+02
2.654612130450557106e-01 1.918447197659697845e-03 4.386179775280899094e+02 3.408233195655808458e+02
2.718942366720529247e-01 1.942478483450333455e-03 4.602087912087911832e+02 3.310107272548472110e+02
2.784185743669774227e-01 1.921358219378808702e-03 4.603440860215054045e+02 3.244343188384104337e+02
2.849156375412667530e-01 1.882334819595186037e-03 4.977765957446808329e+02 2.992200870260136298e+02
2.911870294677750826e-01 1.766712284927822799e-03 5.091460674157303288e+02 2.801921942145701223e+02
2.976511517037133681e-01 2.019527329980297554e-03 5.446601941747572937e+02 2.526021809395946605e+02
3.043178155919494809e-01 1.919359421117726450e-03 5.565299999999999727e+02 2.308632374372325273e+02
3.108074081907638564e-01 1.815555258398614735e-03 5.784285714285714448e+02 2.156967454687967916e+02
3.170970610330232087e-01 1.826000353424227750e-03 5.894242424242423795e+02 2.058444447021915664e+02
3.235319739834495723e-01 1.908097576542081529e-03 5.930380952380952522e+02 1.980277249880571162e+02
3.300700059726238145e-01 1.867687188749142220e-03 6.114056603773584584e+02 1.870806748151300667e+02
3.365262003550894554e-01 1.808122422876843900e-03 6.112761904761904361e+02 1.845978967704222953e+02
3.429039324965278412e-01 1.810371451943152679e-03 6.262547169811321055e+02 1.740471194429854904e+02
3.492243179790229801e-01 1.835371710213073819e-03 6.320648148148147811e+02 1.650547779754051874e+02
3.555659880086458058e-01 1.813249007222180170e-03 6.373611111111110858e+02 1.580885323276104373e+02
3.620245372922214488e-01 1.918012235727336494e-03 6.465299145299145493e+02 1.501990040372841406e+02
3.685406119477664388e-01 1.798147481859587110e-03 6.455585585585585022e+02 1.464852151912300258e+02
3.750909242308860247e-01 1.967614233492519498e-03 6.586048387096774377e+02 1.375176892414878580e+02
3.816999037813160189e-01 1.752662604176019427e-03 6.576173913043478478e+02 1.316074129869556657e+02
3.880273799716012495e-01 1.749306826939258557e-03 6.612500000000000000e+02 1.254547246261952580e+02
3.942361145945514900e-01 1.745527907058957431e-03 6.619224137931034875e+02 1.198643710593974703e+02
4.006128291384035145e-01 1.852638254231622501e-03 6.646016260162601839e+02 1.135912684617013895e+02
4.070503578694664726e-01 1.848743254130127446e-03 6.645887096774193878e+02 1.088440217549875655e+02
4.135933781829447264e-01 1.871256654943844995e-03 6.616899224806201119e+02 1.027142226069479278e+02
4.202179442533061082e-01 1.832712641984981681e-03 6.673230769230768828e+02 9.637681471288198054e+01
4.266798115557093873e-01 1.759393680741872749e-03 6.716456692913385496e+02 9.158614123349958902e+01
4.330910535146235696e-01 1.771858374752960505e-03 6.763461538461538112e+02 8.795924621142930278e+01
4.395078467689783608e-01 1.772659720438770270e-03 6.767348484848484986e+02 8.489032382957323364e+01
4.457793319829173595e-01 1.654526338047628432e-03 6.727039999999999509e+02 8.103978045379935224e+01
4.521562795609589402e-01 1.887763445894669913e-03 6.753309859154929882e+02 7.545835408850159354e+01
4.587656575942579140e-01 1.769717907920350091e-03 6.670437956204380043e+02 7.129299988271377231e+01
4.652405449529313231e-01 1.746242423612376143e-03 6.635971223021582546e+02 6.767383881696549963e+01
4.716282944699034529e-01 1.704407088516023735e-03 6.585328467153284464e+02 6.439797765313629441e+01
4.780637153179891352e-01 1.798647074538550902e-03 6.544513888888889142e+02 6.036567452198167416e+01
4.844976548260259142e-01 1.723433333189145671e-03 6.497887323943662068e+02 5.655668045024286528e+01
4.908596034113225648e-01 1.665744062354685903e-03 6.434609929078013693e+02 5.471658094370945236e+01
4.972011979785150859e-01 1.734256865849588200e-03 6.424794520547944785e+02 5.258489012938326823e+01
5.036178995103413047e-01 1.747915368961153139e-03 6.358108108108108354e+02 4.926407834956265930e+01
5.101756467004687767e-01 1.800451491856020327e-03 6.320774193548387530e+02 4.697254849563537249e+01
5.166235656727934389e-01 1.648057805296297825e-03 6.281836734693877133e+02 4.376873550165205984e+01
5.229884928033705638e-01 1.714260039451578075e-03 6.264407894736841627e+02 4.065580070403763102e+01
5.293925748937229336e-01 1.756900675637705763e-03 6.241282051282050816e+02 3.871224911351305309e+01
5.357749724968067229e-01 1.647361260156582873e-03 6.207682119205297795e+02 3.779376377559430722e+01
5.422269581426349960e-01 1.797131621318817348e-03 6.178353658536585726e+02 3.649326618839378966e+01
5.488258977193463117e-01 1.752106618123457169e-03 6.124782608695652470e+02 3.435480312815976589e+01
5.552607346015674405e-01 1.711536068502800701e-03 6.089187500000000455e+02 3.229927074447656565e+01
5.616696921416424182e-01 1.713298320607429745e-03 6.057300613496933011e+02 3.160762631829395630e+01
5.680596363279470928e-01 1.671719726027721563e-03 6.021687500000000455e+02 3.145518761865838542e+01
5.744116486855085357e-01 1.773350792090137981e-03 5.999821428571428896e+02 2.986247531556600521e+01
5.808465417437830292e-01 1.706594120505047427e-03 5.969575757575757962e+02 2.781907571020403935e+01
5.872915480827241019e-01 1.773275249674210931e-03 5.951213872832370271e+02 2.691965913069703475e+01
5.936297343998458986e-01 1.608871723183330060e-03 5.919197530864197461e+02 2.718272378715845505e+01
6.000917821228005655e-01 1.852508397134843563e-03 5.901813186813186576e+02 2.534066768010689685e+01
6.066068710033430955e-01 1.719733697199352486e-03 5.854269005847953622e+02 2.448836257302959041e+01
6.129319261090041548e-01 1.700305612135823196e-03 5.822441860465115724e+02 2.287046287093405894e+01
6.193292159447265632e-01 1.792945791870086646e-03 5.789833333333333485e+02 2.083692413499188945e+01
6.257789288608107681e-01 1.769335618302108433e-03 5.776101694915254257e+02 2.038218340521643057e+01
6.322945183878984077e-01 1.883051681004075783e-03 5.759788359788359458e+02 2.023641933787911285e+01
6.387697914265673127e-01 1.734308686986089703e-03 5.726420454545454959e+02 2.072316047723632337e+01
6.450797878865883739e-01 1.812617312363664322e-03 5.685706521739130039e+02 1.877811691459564969e+01
6.514777522098027518e-01 1.807195130708317372e-03 5.645567567567567266e+02 1.765130893405539680e+01
6.579453254174412180e-01 1.840076954070700866e-03 5.611904761904761472e+02 1.763029099288571899e+01
6.642487788958216788e-01 1.761967380250493336e-03 5.575000000000000000e+02 1.865726149769592013e+01
6.707545140871414846e-01 1.952870522822350513e-03 5.551749999999999545e+02 1.928730800293291736e+01
6.772291234912055646e-01 1.844192786587162299e-03 5.516455026455026882e+02 2.007036486776874895e+01
6.834443396870620857e-01 1.745041746211572261e-03 5.478423913043478706e+02 2.075114870303025327e+01
6.899300657465672337e-01 1.988575045799213618e-03 5.442463768115942457e+02 2.131777978753095582e+01
6.965346490814943170e-01 1.967867873463197050e-03 5.395427135678392006e+02 2.219499351038056645e+01
7.030970487636396538e-01 2.020648629947002003e-03 5.359805825242718811e+02 2.163172594910070501e+01
7.095716427219228573e-01 1.946516927103622520e-03 5.339949494949495374e+02 2.139113734857512483e+01
7.160970279381224657e-01 2.044543341153194464e-03 5.331047619047618582e+02 2.127001018648870811e+01
7.226116891734091219e-01 2.004959656352403585e-03 5.303658536585365937e+02 2.098151646839436424e+01
7.291288619178314390e-01 2.011427705279334160e-03 5.266285714285713766e+02 2.207537489762628269e+01
7.356079106374427967e-01 1.973711099579897668e-03 5.235096153846153584e+02 2.192858715333526121e+01
7.419803430714648762e-01 1.939746738906150680e-03 5.203804878048780438e+02 2.444872209130121021e+01
7.484516812817442188e-01 2.022257641999446187e-03 5.196409090909090764e+02 2.366684223734977621e+01
7.549512183205485671e-01 1.898119824350936232e-03 5.172548076923077360e+02 2.476978133346543132e+01
7.613853957290165342e-01 1.973382858640895885e-03 5.149090909090908781e+02 2.265021482028279820e+01
7.678481984516135617e-01 1.903941598965435333e-03 5.113488372093023031e+02 2.351784933674070643e+01
7.743372045322526320e-01 1.915374251326664194e-03 5.083243243243243228e+02 2.242976756123945137e+01
7.807807857039134047e-01 1.872160005679921477e-03 5.054311926605504368e+02 2.240176302475517645e+01
7.871827117013717734e-01 1.874571936203420349e-03 5.028823529411764639e+02 2.233454232072086398e+01
7.935705088346153291e-01 1.846468364235832015e-03 5.006008968609865519e+02 2.276021238458529083e+01
7.999497029225959288e-01 1.794315080242126848e-03 4.980000000000000000e+02 2.361777057128785984e+01
8.063895263538338742e-01 1.919941342275102670e-03 4.953220338983051079e+02 2.282197568075551786e+01
8.129038415374738591e-01 1.785391972586650427e-03 4.926399999999999864e+02 2.275028497990006571e+01
8.193543447618309994e-01 1.828478467253065801e-03 4.894638297872340331e+02 2.205948499456506795e+01
8.257450256705209934e-01 1.731942097964038994e-03 4.864508928571428328e+02 2.237942999983125603e+01
8.321389716972604766e-01 1.845140229989535984e-03 4.832916666666666856e+02 2.152855419746837740e+01
8.386208936931099922e-01 1.751195931903918061e-03 4.791324786324786373e+02 2.159693172662226246e+01
8.449970631363269424e-01 1.723661030767332288e-03 4.760431034482758719e+02 2.225030143819109441e+01
8.513046230100612677e-01 1.773741526074865430e-03 4.737941176470588402e+02 2.258287313805642071e+01
8.578256185292513214e-01 1.822821089358022794e-03 4.720566801619433477e+02 2.218794062416055368e+01
8.643009097266359797e-01 1.747841479780405487e-03 4.715062240663900184e+02 2.232574262521847075e+01
8.706520843132705689e-01 1.718512007701664341e-03 4.728571428571428328e+02 2.377909540229106966e+01
8.770655084888429043e-01 1.823306464836067656e-03 4.821620553359683754e+02 2.822541378520590527e+01
8.835379301005906738e-01 1.720994191554163586e-03 5.102592592592592382e+02 4.199935948590207602e+01
8.899818591232092624e-01 1.816014583941305376e-03 5.732274509803921774e+02 7.577427871566241890e+01
8.963154830142930907e-01 1.686559403020368615e-03 6.542208333333333030e+02 1.305670567924560430e+02
9.027402481510985455e-01 1.849914512401526186e-03 7.159770992366412656e+02 1.781377569659218807e+02
9.092741475074460622e-01 1.818523953956779297e-03 7.294039215686274247e+02 2.063832224523203820e+02
9.156513574886713247e-01 1.799905876070713017e-03 6.896111111111110858e+02 1.950961860862400385e+02
9.219738414041327434e-01 1.816254378221876130e-03 6.213750000000000000e+02 1.565604587566533610e+02
9.284093843578240524e-01 1.864548344913183461e-03 5.496961538461538339e+02 1.095318480609406180e+02
9.348720171621091035e-01 1.939851900461452830e-03 4.942172284644194633e+02 6.738495864509548028e+01
9.413551784733346084e-01 1.927152036582965508e-03 4.612786259541984464e+02 4.213047431669848208e+01
9.478756351150825488e-01 2.022964964773094239e-03 4.460724637681159379e+02 2.883527826156288043e+01
9.544794314844599059e-01 1.995588314593873917e-03 4.409040590405904254e+02 2.437653653736620640e+01
9.609640598131067302e-01 1.976081289299603128e-03 4.444926470588235361e+02 2.482886113723246524e+01
9.673540511875814429e-01 1.900963898517757681e-03 4.591250000000000000e+02 3.012285450677547871e+01
9.738764300010358532e-01 2.020370959177093719e-03 5.221145833333333712e+02 8.574229260254672624e+01
9.803887395962943563e-01 1.868024915732807104e-03 7.266254681647940288e+02 2.737809013037050931e+02
9.867609507399704993e-01 1.907798179635916648e-03 1.205146953405017939e+03 5.702286220809791075e+02
9.931792738827067701e-01 1.861169570246367679e-03 2.111170909090908935e+03 8.129546205342177245e+02
9.997024529712079666e-01 1.929714342920701943e-03 3.324417808219177914e+03 1.117571936094761895e+03
1.006152710574202525e+00 1.760100644785859590e-03 4.276621323529411711e+03 1.726531824779561930e+03
1.012546487448541255e+00 1.858180627704414780e-03 4.408380622837370538e+03 2.070301865651672870e+03
1.018988798098918291e+00 1.803978976354649174e-03 3.924253521126760461e+03 2.087469196871494660e+03
1.025394048634321598e+00 1.775790568352827222e-03 3.086894736842105431e+03 1.806197737165924764e+03
1.031778999059903112e+00 1.783042104657854955e-03 2.112318339100345838e+03 1.280499638956322087e+03
1.038243195035333466e+00 1.800042721148124251e-03 1.316365187713310661e+03 7.764032991309177305e+02
1.044593270705168830e+00 1.728638088187854378e-03 7.870174825174825628e+02 3.603667902730675792e+02
1.051019473275584426e+00 1.807666001326826760e-03 5.279464882943143493e+02 1.381000205887943935e+02
1.057452118334604840e+00 1.764796907398143069e-03 4.284779661016949035e+02 4.649541930219927366e+01
1.063812741872586898e+00 1.735604614353873946e-03 3.934897260273972392e+02 2.447226966483330557e+01
1.070275566257694377e+00 1.860876787998901613e-03 3.809548387096774036e+02 2.077951244271433140e+01
1.076675486865225739e+00 1.737707282280460301e-03 3.726907216494845443e+02 2.027515667628186335e+01
1.083000003099001241e+00 1.811785629637566912e-03 3.679703947368420813e+02 2.078181644042964393e+01
1.089457558406981885e+00 1.875700427842611059e-03 3.619935064935065157e+02 2.126670317713319847e+01
1.095857128634095679e+00 1.865882195591197666e-03 3.584375000000000000e+02 2.206220646144370789e+01
1.102286980210992473e+00 1.937596539280167377e-03 3.531150159744408938e+02 2.292165950039523636e+01
1.108924588094037933e+00 2.035521144429528872e-03 3.502926829268292863e+02 2.300014548747405740e+01
1.115518250266801070e+00 1.963453062553008333e-03 3.456202531645569707e+02 2.358851164761608032e+01
1.121980766162010701e+00 1.920251373127695831e-03 3.437738853503184941e+02 2.416679828434036992e+01
1.128426312748922689e+00 1.950613960551148517e-03 3.403291925465838403e+02 2.378170879558310702e+01
1.134959239864979930e+00 1.915365560061970144e-03 3.376092307692307486e+02 2.442980408866700870e+01
1.141388067807542761e+00 1.819889318180962796e-03 3.339619047619047478e+02 2.431574738050865392e+01
1.147829738822878420e+00 1.877407927217479219e-03 3.313495440729483335e+02 2.438347090595453892e+01
1.154234759887723172e+00 1.796226287448233561e-03 3.275078369905955924e+02 2.469914510244393568e+01
1.160592008141087206e+00 1.784421184300352767e-03 3.251950464396284701e+02 2.480049854192445480e+01
1.167026991042843242e+00 1.836276795008287468e-03 3.220388059701492693e+02 2.414474599553967238e+01
1.173494023876834547e+00 1.758155136545365687e-03 3.183914373088684897e+02 2.451500741521639881e+01
1.179808164649816637e+00 1.732605827553653768e-03 3.087384615384615358e+02 3.544579860933104243e+01
1.186220583891021807e+00 1.881017850291822648e-03 3.130321543408360299e+02 2.975736341152506270e+01
1.192681073817049464e+00 1.793318889751105601e-03 3.118999999999999773e+02 2.823289839396830558e+01
1.199065629744253458e+00 1.797529783280079436e-03 3.100563380281690229e+02 2.737475673115765673e+01
1.205502001077074059e+00 1.899328588103967692e-03 3.077568493150685072e+02 2.635840259769824456e+01
1.211991242640565014e+00 1.826306843735066819e-03 3.057789855072463752e+02 2.634575682233256799e+01
1.218362901235649165e+00 1.888953249129523074e-03 3.039856115107913865e+02 2.704059884356371413e+01
1.224837827500277143e+00 1.938626244914326818e-03 2.996438848920863052e+02 2.842251795565620398e+01
1.231306496939841066e+00 1.935692192720165272e-03 2.979311594202898732e+02 2.829039520451344458e+01
1.237900180047003751e+00 1.954996484647400414e-03 2.961971326164874654e+02 2.731276139290513782e+01
1.244387829439413284e+00 1.881879514088832415e-03 2.939776119402985159e+02 2.729508753048702374e+01
1.250735832344970877e+00 1.818331757808236372e-03 2.917596899224806180e+02 2.690197973069422588e+01
1.257083335292831006e+00 1.905720956169173206e-03 2.898376383763837794e+02 2.690345549946282233e+01
1.263603115287416090e+00 1.841854869392088893e-03 2.874848484848484986e+02 2.701847181281895161e+01
1.270020777910819465e+00 1.832011672431217405e-03 2.858479087452471390e+02 2.660024902386044232e+01
1.276488051741652807e+00 1.832185980768075541e-03 2.836349809885931563e+02 2.669918279291486840e+01
1.282839323063532211e+00 1.758750693263018286e-03 2.817874015748031411e+02 2.671019056219104115e+01
1.289363492023574365e+00 1.805471412487298991e-03 2.748821548821549072e+02 3.034935516351105278e+01
1.295761563244195891e+00 1.749310907134910172e-03 2.777583892617449806e+02 2.844554213173209689e+01
1.302096506369333051e+00 1.727886103868702576e-03 2.776345514950166375e+02 2.801597996872136775e+01
1.308490604613926855e+00 1.841981469325142248e-03 2.756043613707165036e+02 2.761440988314893730e+01
1.314923371882378955e+00 1.783204890748409099e-03 2.741221864951768339e+02 2.637531969600539483e+01
1.321263162947042602e+00 1.883891353746835161e-03 2.724876543209876445e+02 2.606576667194563157e+01
1.327809252188654421e+00 1.990407611744629372e-03 2.700502958579881465e+02 2.734483905019882855e+01
1.334395055816720577e+00 2.005908808147741692e-03 2.691495601173020304e+02 2.674494070577151916e+01
1.340924575314278222e+00 1.937181998292608577e-03 2.678895522388059476e+02 2.507033705308819194e+01
1.347326738882997477e+00 1.911240937813023883e-03 2.659023668639053426e+02 2.442302728482980356e+01
1.353867248119903444e+00 1.925349651844857632e-03 2.642407932011331582e+02 2.479358258895228317e+01
1.360292180733798650e+00 1.777880213384871099e-03 2.637514970059880284e+02 2.537527473958243363e+01
1.366716033276369036e+00 1.860440026654835337e-03 2.628403361344537643e+02 2.551172298752383938e+01
1.373134056949086190e+00 1.747663592607761902e-03 2.612894736842105203e+02 2.624812059988603963e+01
1.379508641949547476e+00 1.787974598008121871e-03 2.598450704225352297e+02 2.567940611526774930e+01
1.385849874457594222e+00 1.730044418412237826e-03 2.611008645533141248e+02 2.575223168780828331e+01
1.392210228535155858e+00 1.777760908321846531e-03 2.691472222222222399e+02 2.675289934673978465e+01
1.398630460992727143e+00 1.793834584281517276e-03 2.964888888888888800e+02 3.467669904691222627e+01
1.405027543482165298e+00 1.820682476180417696e-03 3.559366391184573217e+02 5.076894886618718061e+01
1.411380623846245186e+00 1.844474811107960554e-03 4.308055555555555429e+02 6.522467994139020675e+01
1.418011585217980208e+00 2.061904995500850411e-03 4.909326683291770337e+02 9.775369978792349457e+01
1.424633236002852632e+00 1.911062399977238009e-03 5.269836065573770156e+02 1.066832665350820832e+02
1.431027237377290762e+00 1.930893372260762729e-03 5.312638522427440648e+02 1.080249272345581346e+02
1.437551415863808524e+00 1.925262037142165712e-03 5.056883116883116713e+02 1.061751589519821124e+02
1.443999660086549230e+00 1.834928749309971486e-03 4.641564986737400318e+02 9.922046190787460773e+01
1.450408168300875378e+00 1.822080046480867126e-03 4.129607329842932018e+02 8.561232130655449168e+01
1.456762351763572827e+00 1.768742008520618686e-03 3.620815789473684276e+02 7.160833810299313029e+01
1.463211358413713192e+00 1.810126088705470279e-03 3.163239795918367463e+02 5.549471795446375211e+01
1.469593255354290973e+00 1.758193336020684059e-03 2.820286458333333144e+02 4.227737998246135476e+01
1.475950724204827313e+00 1.769305199294179780e-03 2.594961240310077528e+02 3.254359986654983317e+01
1.482355977374464340e+00 1.855140322631434503e-03 2.482750000000000057e+02 2.811005269472115486e+01
1.488803525874331735e+00 1.854999873494519958e-03 2.427506361323155204e+02 2.626379743908660913e+01
1.495319592526707764e+00 2.003828109077177445e-03 2.382320574162679350e+02 2.969287456967778738e+01
1.501939691759246465e+00 1.957822028991581826e-03 2.380462287104622874e+02 2.762127287154432764e+01
1.508463382234335848e+00 1.918938912685786129e-03 2.367995110024450014e+02 2.656984887011848073e+01
1.514901188746566207e+00 1.852902137227367511e-03 2.358152709359605979e+02 2.662506322253105751e+01
1.521228969867623793e+00 1.785136608190808364e-03 2.345062972292191432e+02 2.622858923166697309e+01
1.527563647216529041e+00 1.824993124647320475e-03 2.345216346153846132e+02 2.632125525465063021e+01
1.534022576503679458e+00 1.781774817406586286e-03 2.326043689320388239e+02 2.641487134948495097e+01
1.540418711468126034e+00 1.792491139398408621e-03 2.315909090909090935e+02 2.692078741657302743e+01
1.546838712332167631e+00 1.778278829154705072e-03 2.299807228915662733e+02 2.758635189469403670e+01
1.553238623106807825e+00 1.840983848395847744e-03 2.293372641509433834e+02 2.757075411172263557e+01
1.559673935783696619e+00 1.867161364404805587e-03 2.293064133016627011e+02 2.780739572062421416e+01
1.566161367499480317e+00 1.987417225671155377e-03 2.263945578231292473e+02 3.269281687928543789e+01
1.572795191923813007e+00 1.975399758409353626e-03 2.285146067415730329e+02 2.842769932882645989e+01
1.579229625961506400e+00 1.828964939238766603e-03 2.279086538461538396e+02 2.780868869737131632e+01
1.585615098485775532e+00 1.901195136705323549e-03 2.303049327354260072e+02 2.723345484805866334e+01
1.592069020803266399e+00 1.783565421147388207e-03 2.324765258215962547e+02 2.837826078072888336e+01
1.598398624204083740e+00 1.798472010651884717e-03 2.384908675799086666e+02 2.876840107331026175e+01
1.604843375939136507e+00 1.797152056805669104e-03 2.478076923076923208e+02 2.947214581679272882e+01
1.611212339410225569e+00 1.768878106258207515e-03 2.618325688073394417e+02 3.156573925486036813e+01
1.617590363377642504e+00 1.818287623560442892e-03 2.766629213483146259e+02 3.476127579160128533e+01
1.623974015669422899e+00 1.854816384487833732e-03 2.884243792325056575e+02 3.728895893462049571e+01
1.630543485616582799e+00 2.014479720267581264e-03 2.909853556485355739e+02 4.846673972435903011e+01
1.637155364196844820e+00 1.921442116166700376e-03 3.028480176211454022e+02 4.309505325500501982e+01
1.643640215828007012e+00 1.916406123937146409e-03 3.241158798283261717e+02 4.781944444351563561e+01
1.650095370295723063e+00 1.808845151496338592e-03 3.792984409799554442e+02 6.887898602404665382e+01
1.656466136267144007e+00 1.835556712886826517e-03 4.634172043010752873e+02 1.025166388757789235e+02
1.662921359457136594e+00 1.784847929403802829e-03 5.349041394335512223e+02 1.364402930400994762e+02
1.669278115879615276e+00 1.787810489320909016e-03 5.668744588744589237e+02 1.569409792905561574e+02
1.675603147458916142e+00 1.759339208401217896e-03 5.703995584988962264e+02 1.648943944569789721e+02
1.681944817773278311e+00 1.879012939346250957e-03 5.595590717299578500e+02 1.644178478835712554e+02
1.688494896982127180e+00 1.961244959671172398e-03 5.218518518518518476e+02 1.683811152401504501e+02
1.695047655103924189e+00 1.958531043791479891e-03 4.867962962962963047e+02 1.402589142405190614e+02
1.701563412030947964e+00 1.893890162085724253e-03 4.368434237995824674e+02 1.164062616259905383e+02
1.707975620325744792e+00 1.846204685496802061e-03 3.934613778705636946e+02 9.304158157299529819e+01
1.714377380249353600e+00 1.797036493929945892e-03 3.744142259414226146e+02 7.300513533678962119e+01
1.720768292737840266e+00 1.799184406037973973e-03 4.071340206185566899e+02 7.064441847164380306e+01
1.727152534628709324e+00 1.771490888047008889e-03 4.767473903966596822e+02 8.701295924440486829e+01
1.733526494930327289e+00 1.835615179227028260e-03 5.360224032586557996e+02 1.002967772940645261e+02
1.739975521513371870e+00 1.888347845677861795e-03 5.584756097560975832e+02 1.207797934336857679e+02
1.746497876640803248e+00 1.988580869552720402e-03 5.575523255813953938e+02 1.278640352512250189e+02
1.753090192095328348e+00 1.909790863647236811e-03 5.528844621513944730e+02 1.129375614901988882e+02
1.759542915568929722e+00 1.863330342728648260e-03 5.248904382470119572e+02 1.079163932743043830e+02
1.765978610475646082e+00 1.805054295706254351e-03 4.836159999999999854e+02 1.007189941172964609e+02
1.772332663329672986e+00 1.770928694831684115e-03 4.330766129032257936e+02 8.919560063154085583e+01
1.778664509689639184e+00 1.781133477909586536e-03 3.849001996007984303e+02 7.718642582537353292e+01
1.785069366740120511e+00 1.834600355293997381e-03 3.393457031250000000e+02 6.504684544273290214e+01
1.791506168727699633e+00 1.878728357369653049e-03 2.989372549019607845e+02 6.070547556483253260e+01
1.798039063906349488e+00 1.995486375923071192e-03 2.727074074074074019e+02 5.385440725762338587e+01
1.804647924016717919e+00 1.913848319004299433e-03 2.620517241379310462e+02 4.423815847298859438e+01
1.811089958053599736e+00 1.862622323854617795e-03 2.590862068965517437e+02 4.271822959403358055e+01
1.817521720439822408e+00 1.798364348704032875e-03 2.617915057915058128e+02 4.349418090335990428e+01
1.823812670535420288e+00 1.750448090683544159e-03 2.664176470588235475e+02 4.477206891082808937e+01
1.830221642949216854e+00 1.837728497302317443e-03 2.710465549348230638e+02 4.520416920756235868e+01
1.836582905300079060e+00 1.780128382536366044e-03 2.742254901960784537e+02 4.706864603370663502e+01
1.843061797820461534e+00 1.986079127245108083e-03 2.727939609236234446e+02 5.556013645366314790e+01
1.849632829275571488e+00 1.888944039210000737e-03 2.769661654135338154e+02 5.062723785349684391e+01
1.856090187264436642e+00 1.913060858845453587e-03 2.771509090909090673e+02 4.809675145814366459e+01
1.862531947297203283e+00 1.788974026913770074e-03 2.756773584905660641e+02 4.758534548597477709e+01
1.868931787959941415e+00 1.835149539700427039e-03 2.724444444444444571e+02 4.661945308766586038e+01
1.875342409945594868e+00 1.782793697721218873e-03 2.670074487895716970e+02 4.708827198739714248e+01
1.881685992375486283e+00 1.813583446463527945e-03 2.629059040590406084e+02 4.645152031820727956e+01
1.888176611507502489e+00 1.945205006648250507e-03 2.541693121693121782e+02 5.259223719623425097e+01
1.894684395670122701e+00 1.921537496908314263e-03 2.514794275491949804e+02 4.840812984922842332e+01
1.901176782548104516e+00 1.886986723452953362e-03 2.482473309608541001e+02 4.547254594528732241e+01
1.907561981128558237e+00 1.795440373499332084e-03 2.443704379562043698e+02 4.511506318464852683e+01
1.913985041606118376e+00 1.828239138046576940e-03 2.422263157894736878e+02 4.474312711269424625e+01
1.920403381422240097e+00 1.786024996940504313e-03 2.399003623188405925e+02 4.530775240575647445e+01
1.926716413297410169e+00 1.834639747803229817e-03 2.387740213523131558e+02 4.494447097313896222e+01
1.933271554332125497e+00 1.965820526812752777e-03 2.352828282828282909e+02 5.253002616873025943e+01
1.939792573083097382e+00 1.907526115978609412e-03 2.381727748691099578e+02 4.645420473951202212e+01
1.946288570836251841e+00 1.883695634446648113e-03 2.412742759795570748e+02 4.617960116346997523e+01
1.952655684029843908e+00 1.737190040939992066e-03 2.438842676311030857e+02 4.642387607853905962e+01
1.958969978021109171e+00 1.827434973414125523e-03 2.537303754266211513e+02 4.354851223135597849e+01
1.965496063115082181e+00 1.854230162972571750e-03 2.842331081081081265e+02 4.567411858402616076e+01
1.971963975922738088e+00 1.884120710564727479e-03 3.529811643835616337e+02 1.057240671753128964e+02
1.978442510441045021e+00 1.957066319931451050e-03 4.711169686985173257e+02 2.037049818357347988e+02
1.984931097981023740e+00 1.843590323278294961e-03 6.366752136752136266e+02 2.845676611769383726e+02
1.991287308585444338e+00 1.815152065882439042e-03 8.698568994889267287e+02 3.219074005182916949e+02
1.997701973476069481e+00 1.833321787203764366e-03 1.194016611295681059e+03 3.310425087640577999e+02
2.004164133665459424e+00 1.816322146449814287e-03 1.519388981636060180e+03 3.686759636918408773e+02
2.010465304371688244e+00 1.793999045974344238e-03 1.722291161178509583e+03 4.318196382270609206e+02
2.016906033528098163e+00 1.989616449670199121e-03 1.778051643192488200e+03 5.800492226528576793e+02
2.023555996358446407e+00 1.897180052363281293e-03 1.789752427184466114e+03 5.376448053212965306e+02
2.029968694217374470e+00 1.807083598350285245e-03 1.689667224080267488e+03 5.439578364488745592e+02
2.036339422929389187e+00 1.823287213829230622e-03 1.549288492706645002e+03 5.262485715465329577e+02
2.042808231593590484e+00 1.819045180469573350e-03 1.362144480519480567e+03 4.969197658682688257e+02
2.049121403930300289e+00 1.816823929832920258e-03 1.151663879598662106e+03 4.545837250162288115e+02
2.055546024436551544e+00 1.958593688934813937e-03 9.352299382716049649e+02 3.916675728301885329e+02
2.062179187475123410e+00 1.909374836257744399e-03 7.411890624999999773e+02 2.885485155061124942e+02
2.068587893715514436e+00 1.782255124468116103e-03 5.736824877250409145e+02 2.245475104011235032e+02
2.074943470461427353e+00 1.803325004765888358e-03 4.364548335974643578e+02 1.591634575163023726e+02
2.081348551495329602e+00 1.811685209211536278e-03 3.328224000000000160e+02 1.093835681173365089e+02
2.087807581420585645e+00 1.934124239786214495e-03 2.682235834609494418e+02 8.286829326210855129e+01
2.094354049547901386e+00 1.919763106963207067e-03 2.379386503067484568e+02 6.384963025127718339e+01
2.100814970511138302e+00 1.841726384006937703e-03 2.222893081761006329e+02 5.378093020559905568e+01
2.107147425483176129e+00 1.793021693532189254e-03 2.134495268138801123e+02 5.040890109648589856e+01
2.113573117004156288e+00 1.831442330790634650e-03 2.091267175572519079e+02 4.870399154700930211e+01
2.119956773712852627e+00 1.806996690666118864e-03 2.065791139240506311e+02 4.818622602804155974e+01
2.126392549358501416e+00 1.961143276791299343e-03 2.019102941176470551e+02 5.294469142743228218e+01
2.133022499541108896e+00 1.914261261225060897e-03 2.029822485207100726e+02 4.693755717983217579e+01
2.139480964562213483e+00 1.786119367506160778e-03 2.009782945736434101e+02 4.691448057338698163e+01
2.145796782645738254e+00 1.799418587043424183e-03 2.006697247706422047e+02 4.627271456885458889e+01
2.152165366120878165e+00 1.825425695775702338e-03 2.025515151515151615e+02 4.509101570124249747e+01
2.158655754564665852e+00 1.929951649106770133e-03 2.077848837209302246e+02 5.037242040937544374e+01
2.165204964825616862e+00 1.913631523374921799e-03 2.270804093567251414e+02 4.436497449378744307e+01
2.171687233764930003e+00 1.836559742283269984e-03 2.496666666666666572e+02 4.557373620956225579e+01
2.178057454997971210e+00 1.770075738143539208e-03 2.694169184290030330e+02 4.940397545423663672e+01
2.184381886656512783e+00 1.819268068842387707e-03 2.814487369985141072e+02 5.200051334418357385e+01
2.190889596552291430e+00 1.941484629964972597e-03 2.829167842031029636e+02 6.303994980072203447e+01
2.197415493733709368e+00 1.880394352234131695e-03 2.930783744557329555e+02 5.418466578312359161e+01
2.203858495652105454e+00 1.844129167940211774e-03 3.071534008683067896e+02 5.009162217401581074e+01
2.210218428929338064e+00 1.776952575370011446e-03 3.432766272189348911e+02 5.547346702161620868e+01
2.216548686487991304e+00 1.820372229284925253e-03 4.170348330914368375e+02 8.911944821734724087e+01
2.223054582631938558e+00 1.937499342758612587e-03 5.347734806629833884e+02 1.456862386914898195e+02
2.229555406010463425e+00 1.871681269043944497e-03 7.566852646638054694e+02 1.508475029986605307e+02
2.236023148886606471e+00 1.876509468722661325e-03 1.021308762169680108e+03 1.861172584295756565e+02
2.242466908337517939e+00 1.781536512235300631e-03 1.233427338129496320e+03 2.463852032016336295e+02
2.248784053696174290e+00 1.815619011182786555e-03 1.337357245337159156e+03 2.941372555663979824e+02
2.255261034229438355e+00 1.958337742873136802e-03 1.341276510067114032e+03 3.693703663499526897e+02
2.261752977112598817e+00 1.833135357339661826e-03 1.342618104667609714e+03 3.290426589935933066e+02
2.268193030407839927e+00 1.856919733580766289e-03 1.289221009549795326e+03 3.306517839156983882e+02
2.274620661936892052e+00 1.792548502283534354e-03 1.205016925246826531e+03 3.310831538216044692e+02
2.281045196159239286e+00 1.907452264699439036e-03 1.076778378378378420e+03 3.372436131914467978e+02
2.287566856146262317e+00 1.925687837049752790e-03 9.385508021390373870e+02 3.032581797026729760e+02
2.294017676381079784e+00 1.818149611703329506e-03 7.921537396121883603e+02 2.587315480825430427e+02
2.300373896127871021e+00 1.814054264739159471e-03 6.491012311901504290e+02 2.214175806495235008e+02
2.306733295622487301e+00 1.809288305020508025e-03 5.173983516483516496e+02 1.822740505406988234e+02
2.313210233147671158e+00 1.927057466226796351e-03 3.977721354166666856e+02 1.514892258262931932e+02
2.319750633036068876e+00 1.886628064392380537e-03 3.096980132450331098e+02 1.068141472203072624e+02
2.326167810919689938e+00 1.805281422939875990e-03 2.456346414073071855e+02 7.849850233284607270e+01
2.332524891627314911e+00 1.808157875111407291e-03 2.092903225806451530e+02 6.119507171286279856e+01
2.339018828040365428e+00 1.927078730268403945e-03 1.884346153846153982e+02 5.638325924489399199e+01
2.345529090540556361e+00 1.892646505679497623e-03 1.798206806282722425e+02 5.089883526998659846e+01
2.351902562585342693e+00 1.808634088653226840e-03 1.742981283422460024e+02 4.833144833064695689e+01
2.358283426411155403e+00 1.828495513811564770e-03 1.713702737940025997e+02 4.641132089611779321e+01
2.364665150299146479e+00 1.824483169818866225e-03 1.699033112582781371e+02 4.614859163590621449e+01
2.371140522023317931e+00 1.956229962378429419e-03 1.678263027295285497e+02 4.983869151638701567e+01
2.377698484074287411e+00 1.857249505322706908e-03 1.682487179487179390e+02 4.596637563502675761e+01
2.384135550776628865e+00 1.806484998011118103e-03 1.654799999999999898e+02 4.387779098741734174e+01
2.390495270780528703e+00 1.815820546892564329e-03 1.640431754874651915e+02 4.458174090582508597e+01
2.396907059408651008e+00 1.904650256318906557e-03 1.598440492476060228e+02 4.827052791794088904e+01
2.403395490390968892e+00 1.861409897307351969e-03 1.620732394366197298e+02 4.490287272074782976e+01
2.409868588547004364e+00 1.847911660654164229e-03 1.617613636363636260e+02 4.446860598511378981e+01
2.416315494183244539e+00 1.848423108511250412e-03 1.633478260869565304e+02 4.376839355896214556e+01
2.422721222723576151e+00 1.879130934971403807e-03 1.633372093023255900e+02 4.690197448134549063e+01
2.429135064156228374e+00 1.862177758942303550e-03 1.783079178885630540e+02 4.102344736092185684e+01
2.435558328952115659e+00 1.829358714226044739e-03 2.004171597633136059e+02 4.145630725716125653e+01
2.441961929587736613e+00 1.826990787003958654e-03 2.339191616766466950e+02 4.843066458653790107e+01
2.448435267415004279e+00 1.916283866918213176e-03 2.641061046511628092e+02 6.858237875062839350e+01
2.454898310690642571e+00 1.851262751470384186e-03 2.976863636363636374e+02 6.921262544262539507e+01
2.461278332832209870e+00 1.841207405127180587e-03 3.097719033232628476e+02 7.392617295172748015e+01
2.467732767309350983e+00 1.860175811866779036e-03 3.117522522522522763e+02 7.772477694894062950e+01
2.474317234005322774e+00 1.907302378477835920e-03 3.033648068669527902e+02 8.355270700841843734e+01
2.480763678027650521e+00 1.850982492662076430e-03 3.055076495132128116e+02 7.470808480635949422e+01
2.487114426650852028e+00 1.791691956921820849e-03 2.983061797752808957e+02 7.381012649942162795e+01
2.493514277050582706e+00 1.905910091373927331e-03 2.811690885072655419e+02 7.924321310994952228e+01
2.500016016455529844e+00 1.897218154373805617e-03 2.674680573663624727e+02 7.015687799452393847e+01
2.506504299072060071e+00 1.823698874814003905e-03 2.465362318840579690e+02 6.458611811605101138e+01
2.512828968428921783e+00 1.779539787674511890e-03 2.269179004037684990e+02 6.054233260661150240e+01
2.519262120792594928e+00 1.938201810876334251e-03 2.051058530510585172e+02 6.196344389241416195e+01
2.525775074220281358e+00 1.871497825325404334e-03 1.906955414012738856e+02 5.321587965121518948e+01
2.532197693037325781e+00 1.807973308604888651e-03 1.749166666666666572e+02 4.842372405424898574e+01
2.538545427775757091e+00 1.816891897915347926e-03 1.629498069498069412e+02 4.481410182482182591e+01
2.545039371368973402e+00 1.965732421291352915e-03 1.533717339667458361e+02 4.544924891396639310e+01
2.551577586228050976e+00 1.818913119815899733e-03 1.500037878787878753e+02 4.057788048153874882e+01
2.557912035390546901e+00 1.811160408138717511e-03 1.473859649122807127e+02 3.940380419995616990e+01
2.564418003384666633e+00 1.924750488034227642e-03 1.442916174734356503e+02 4.099392736007650484e+01
2.570930014234638072e+00 1.852202887801034569e-03 1.444085365853658516e+02 3.855845338938119937e+01
2.577333690207623373e+00 1.816621428331073769e-03 1.439669926650366847e+02 3.823176132904489322e+01
2.583698900290759326e+00 1.840143410056186736e-03 1.441149144254278838e+02 3.884099164514890390e+01
2.590116643848396460e+00 1.922552353981257615e-03 1.456604434072345384e+02 4.157558874288232431e+01
2.596553429180498362e+00 1.801710981220896188e-03 1.505861650485436769e+02 4.086207662817976427e+01
2.602955615407046341e+00 1.842317350104424401e-03 1.564741176470588186e+02 4.313154168226858332e+01
2.609495359574187212e+00 1.911716238635802895e-03 1.592143671607753674e+02 4.847991406411063764e+01
2.615974071523933020e+00 1.844748521006626301e-03 1.631917647058823491e+02 4.690983760010067982e+01
2.622378270172453618e+00 1.832507040312451657e-03 1.647871345029239762e+02 4.675187766331588790e+01
2.628819659223405658e+00 1.883705983027747803e-03 1.639965517241379303e+02 4.981883254452959164e+01
2.635224897504864661e+00 1.872415782458078902e-03 1.656816091954023022e+02 4.795853677745862598e+01
2.641639659702591736e+00 1.816527212418568051e-03 1.655420991926182239e+02 4.716337351179885928e+01
2.648064596936881454e+00 1.851525790120274028e-03 1.632998859749144742e+02 4.782681401648646613e+01
2.654540339871488630e+00 1.920962172705038655e-03 1.614796479647964702e+02 4.733006023563710585e+01
2.661017435989672553e+00 1.820997431850269717e-03 1.596445714285714246e+02 4.441572573872859664e+01
2.667377750780578261e+00 1.839233884157700843e-03 1.573757094211123615e+02 4.327196700104642701e+01
2.673833255939705111e+00 1.922629864361171097e-03 1.545503791982665120e+02 4.517028042579359237e+01
2.680310332336410362e+00 1.829470795604572599e-03 1.543840985442329270e+02 4.102272658707798314e+01
2.686679530094181256e+00 1.809753184080302099e-03 1.544585201793721865e+02 4.052624576926833555e+01
2.693172569770623248e+00 1.920456143785719515e-03 1.543382663847780236e+02 4.418855061336584811e+01
2.699710169678059213e+00 1.845827250732203417e-03 1.566434023991275808e+02 4.133411797293827306e+01
2.706108723802718607e+00 1.808001129835774996e-03 1.579258028792912398e+02 4.132712535002085730e+01
2.712552861480932442e+00 1.909490143508341294e-03 1.572118018967333910e+02 4.442990524529690788e+01
2.719028861112676942e+00 1.848278151304674159e-03 1.585924324324324459e+02 4.129904048959949847e+01
2.725349625855669977e+00 1.780111837505188701e-03 1.592597114317425167e+02 4.072648388602357983e+01
2.731792001493120292e+00 1.927874637693306574e-03 1.589989754098360777e+02 4.314443904898111981e+01
2.738310186615081410e+00 1.835670255000661395e-03 1.636293929712460056e+02 3.875373022200966489e+01
2.744685257899765141e+00 1.793617037467074102e-03 1.734148706896551744e+02 3.615872411147547894e+01
2.751066800196758422e+00 1.878288467704576767e-03 1.930775681341719121e+02 3.523109299396601557e+01
2.757601512830000434e+00 1.862141664063760894e-03 2.196276243093922744e+02 2.640314599153591502e+01
2.764058068263966828e+00 1.836587841443396716e-03 2.381537585421412189e+02 2.556238508348621252e+01
2.770529172478649382e+00 1.887167826034379927e-03 2.480090090090090200e+02 2.532958283945618660e+01
2.776955143396238501e+00 1.821333560803167642e-03 2.512653301886792576e+02 2.446976778438770239e+01
2.783316304171964184e+00 1.843620978786204888e-03 2.523290094339622556e+02 2.388513035543121177e+01
2.789755116199374552e+00 1.895104686621155434e-03 2.538763005780346873e+02 2.150670390072191296e+01
2.796202065730379438e+00 1.823396814250311405e-03 2.554838323353293390e+02 2.147339296598680036e+01
2.802598215598055997e+00 1.839199823105454800e-03 2.649736526946107915e+02 1.868056064796039806e+01
2.809058618291326859e+00 1.891542357478581855e-03 2.942853801169590611e+02 2.388203593718029438e+01
2.815539484174618412e+00 1.814857361145085640e-03 3.566432038834951186e+02 4.499360452322385839e+01
2.821989463872399906e+00 1.865090624993398201e-03 4.443524492234169543e+02 6.767470316110022566e+01
2.828483713597702565e+00 1.883630524017047489e-03 5.376214285714286234e+02 7.718588598246418542e+01
2.834900904292738222e+00 1.791954038426357698e-03 6.122699999999999818e+02 7.158287111802656000e+01
2.841279989216558999e+00 1.876324795384782303e-03 6.601268115942028771e+02 6.767121612815546428e+01
2.847767858763501359e+00 1.886990809494324501e-03 6.835905797101448798e+02 6.939428930253325234e+01
2.854224446368732959e+00 1.845718501710050556e-03 6.909305210918114426e+02 7.067753493890398886e+01
2.860652227376856871e+00 1.895283512592607677e-03 6.884842233009708252e+02 7.087617637528394710e+01
2.867113210476443186e+00 1.859648482407798373e-03 6.772574257425742417e+02 6.942106523316988387e+01
2.873572830144707879e+00 1.886954548921765396e-03 6.511289926289925916e+02 6.969408923755175067e+01
2.879995266294152589e+00 1.874768549312584749e-03 6.129417596034696771e+02 6.878877034067851071e+01
2.886377499349285003e+00 1.822646243021190660e-03 5.670886075949366614e+02 6.512226948114306424e+01
2.892826601299819611e+00 1.901257081905588812e-03 5.198566221142162931e+02 5.858633261622287591e+01
2.899287209408602628e+00 1.837036175435869181e-03 4.678553459119497120e+02 5.064418013247224337e+01
2.905651471559458798e+00 1.820821310380915442e-03 4.188221092757306110e+02 4.430906695868834788e+01
2.912064357739847953e+00 1.885695667761764669e-03 3.709213759213758976e+02 3.925688548871166716e+01
2.918524733004972394e+00 1.831846772134888184e-03 3.247509481668773788e+02 3.393581149489046567e+01
2.925008101889499557e+00 1.898964803942654149e-03 2.864969549330085101e+02 2.867610164462040245e+01
2.931494571104498625e+00 1.860470468068603543e-03 2.569196538936959087e+02 2.184281121844389517e+01
2.937893251398651540e+00 1.817351826735809622e-03 2.370928481806775494e+02 1.604605284480052418e+01
2.944305546311252186e+00 1.880927000690213848e-03 2.276762936221419977e+02 1.202082024938750671e+01
2.950769139483569781e+00 1.826098071515048831e-03 2.294594594594594525e+02 1.169932596504560252e+01
2.957217893682505760e+00 1.858471812583063982e-03 2.433353510895883858e+02 1.550269222496146959e+01
2.963641657319503686e+00 1.840162297927921053e-03 2.644098159509202333e+02 2.185466583498141446e+01
2.970043842149071800e+00 1.832295957600710810e-03 2.845655940594059530e+02 2.755069784719552217e+01
2.976510225225458495e+00 1.909562939757382871e-03 3.059988123515439611e+02 2.970570211712928099e+01
2.983008757323797777e+00 1.820848808918005624e-03 3.357918215613382813e+02 2.710726816584348597e+01
2.989442833175567138e+00 1.860876473636659213e-03 3.937321212121212284e+02 2.809403109060908932e+01
2.995851322080832713e+00 1.818248084975540883e-03 4.683925465838509581e+02 2.817536803236319898e+01
3.002288071879581022e+00 1.866109072499165002e-03 5.391790499390986042e+02 2.668907586741033811e+01
3.008748785923475388e+00 1.879638502675874765e-03 5.833624242424242539e+02 2.644312358516504347e+01
3.015199648864150372e+00 1.825469582085792030e-03 6.017487562189054415e+02 2.778607416142165931e+01
3.021614952218953931e+00 1.867358907394168870e-03 6.032339393939394085e+02 2.890907550981102858e+01
3.028035269137849372e+00 1.805619228951016193e-03 5.942953692115144122e+02 2.895291132402385870e+01
3.034481983401863037e+00 1.885823396422961745e-03 5.772478941034897844e+02 2.821275073618358320e+01
3.040948636384726900e+00 1.846244746713175374e-03 5.530012345679011787e+02 2.954527807941775208e+01
3.047399548284976056e+00 1.866575050031695892e-03 5.163647490820073926e+02 3.123879812982003301e+01
3.053818065407082116e+00 1.858882463793821993e-03 4.730675675675675507e+02 3.084411052363626737e+01
3.060168791671987076e+00 1.792825745411367891e-03 4.273702290076336112e+02 2.782850593327099986e+01
3.066596020837712544e+00 1.927764682785730512e-03 3.800082938388625848e+02 2.572044731790979100e+01
3.073140751332767540e+00 1.856356834428901387e-03 3.350222496909765368e+02 2.405316067868065488e+01
3.079593295930210139e+00 1.886716362797553155e-03 2.914884848484848590e+02 2.456702962005412516e+01
3.086017154762366044e+00 1.830431539716442747e-03 2.538537499999999909e+02 2.405815200976584833e+01
3.092486513109037993e+00 1.905108961471654438e-03 2.185179856115107953e+02 2.304824333057134922e+01
3.098964516853627060e+00 1.852397442341169754e-03 1.935574783683559872e+02 1.755799624265699066e+01
3.105440922044128804e+00 1.880034527507769499e-03 1.752690909090909201e+02 1.233794496463706558e+01
3.111821301298671738e+00 1.810318297736169049e-03 1.648880503144654028e+02 8.869843228801983059e+00
3.118233335063332667e+00 1.868901341642052608e-03 1.586686967113276410e+02 7.734050359290374210e+00
3.124683867316949026e+00 1.865189586864977357e-03 1.551233211233211193e+02 7.657317750058283856e+00
3.131144652615997170e+00 1.844489775254080271e-03 1.532679012345678871e+02 7.760944747547530831e+00
3.137527951480249655e+00 1.850518740970626434e-03 1.523628536285362713e+02 7.975695015981905556e+00
3.143946084488824955e+00 1.842734159383119935e-03 1.510123915737298717e+02 7.805003357936069364e+00
3.150358822729363073e+00 1.875642417003805899e-03 1.511092233009708821e+02 7.856362143132505693e+00
3.156784286039504561e+00 1.823981601210612454e-03 1.523012500000000102e+02 8.440875250825589760e+00
3.163270120323041557e+00 1.930117905744787839e-03 1.567936320754716917e+02 1.059957720127801473e+01
3.169756141428992979e+00 1.817110211355118556e-03 1.628932160804019986e+02 1.288901291793271042e+01
3.176136715832639901e+00 1.869400486556539428e-03 1.702436363636363694e+02 1.518884250491520227e+01
3.182603852824878121e+00 1.855271636042648588e-03 1.733668711656441701e+02 1.588743657650793217e+01
3.189050645908320547e+00 1.867823016262818358e-03 1.749248484848484964e+02 1.610052758234190051e+01
3.195475202712392715e+00 1.830177604982121797e-03 1.743982630272952861e+02 1.561873421092266057e+01
3.201930699474990760e+00 1.890160737295187680e-03 1.751457586618876974e+02 1.575405973362722456e+01
3.208380198036255848e+00 1.818817371399450607e-03 1.740336239103362459e+02 1.555122999617509372e+01
3.214769441202507405e+00 1.856295446885927562e-03 1.724817961165048530e+02 1.508069752328020741e+01
3.221219946103295317e+00 1.854520719188760538e-03 1.693300733496332384e+02 1.427053533729185908e+01
3.227683765295594753e+00 1.874065427032763596e-03 1.649759326113116629e+02 1.274882286559383537e+01
3.234131017772435612e+00 1.840716304877563787e-03 1.590258939580764377e+02 1.092714818010563071e+01
3.240599979113187423e+00 1.901252405176113557e-03 1.526334519572953639e+02 1.032384116738058033e+01
3.247028333220890239e+00 1.799593188369970169e-03 1.473044025157232682e+02 9.947512504316618376e+00
3.253443203786942295e+00 1.907653420062672836e-03 1.434610849056603854e+02 9.210597931366503843e+00
3.259883502116921683e+00 1.795580006981134817e-03 1.409874055415617136e+02 8.236190752528548487e+00
3.266300345605878341e+00 1.923600185575663262e-03 1.403903868698710369e+02 6.987125286167328753e+00
3.272853483066015201e+00 1.856140221165968399e-03 1.442682926829268411e+02 6.864653536319671900e+00
3.279208055010873757e+00 1.838273880463746476e-03 1.518503067484662665e+02 7.513389906669682539e+00
3.285677511815711327e+00 1.882917816817657360e-03 1.600119331742243389e+02 7.741643628052214510e+00
3.292103848527159204e+00 1.835553428200827411e-03 1.659241126070991470e+02 7.906214271417499440e+00
3.298586108799094418e+00 1.888317585372828586e-03 1.688028503562945275e+02 7.934565831105611089e+00
3.305031100311709658e+00 1.850386223069815962e-03 1.699951278928136560e+02 7.938096032612413033e+00
3.311493553422723224e+00 1.868513817595845007e-03 1.709952267303102644e+02 7.513311665845388454e+00
3.317903636599865536e+00 1.824831080609758517e-03 1.710294478527607396e+02 7.685084166718929133e+00
3.324331097200103002e+00 1.867240715589447552e-03 1.690166666666666799e+02 9.284573953179734218e+00
3.330698991454875468e+00 1.802295415888940022e-03 1.653354114713216916e+02 1.175583421378307492e+01
3.337129369178693850e+00 1.924555404658041986e-03 1.584692218350755013e+02 1.562655441189759919e+01
3.343680207265053550e+00 1.861922247852822480e-03 1.516127864897466964e+02 1.790722361841112686e+01
3.350044083295126374e+00 1.835162792558274860e-03 1.454313487241798271e+02 1.815075597177902367e+01
3.356505604070456616e+00 1.871227406804753775e-03 1.397902843601895597e+02 1.739319713040694992e+01
3.362916001860436488e+00 1.833654571443432820e-03 1.350365408038976796e+02 1.529458759309112281e+01
3.369285096640512123e+00 1.875337531839301689e-03 1.316756097560975718e+02 1.360251894735919365e+01
3.375802434903234950e+00 1.848095989791553092e-03 1.295507442489851258e+02 1.202986798464105611e+01
3.382214916359785661e+00 1.843501739730700950e-03 1.270000000000000000e+02 1.064869301470130303e+01
3.388621595555129762e+00 1.837214591020290208e-03 1.249854439592430850e+02 8.900946082841588947e+00
3.395087870480640202e+00 1.897809126909797642e-03 1.242049418604651123e+02 7.667538428442965071e+00
3.401600099274715294e+00 1.862825267528726196e-03 1.241809954751131215e+02 6.947384843709806468e+00
3.408008587822927371e+00 1.829521772960810344e-03 1.246816770186335361e+02 6.460633954653557609e+00
3.414429009776510870e+00 1.863403552598411495e-03 1.253854489164086630e+02 6.547328132845459336e+00
3.420895508941175223e+00 1.876279003669552520e-03 1.246744913928012579e+02 6.733348289517095964e+00
3.427361199308996742e+00 1.871984655860910217e-03 1.249177215189873351e+02 6.338130444574865408e+00
3.433789816721534383e+00 1.835455874914732619e-03 1.253571428571428612e+02 5.727693280492497152e+00
3.440207803416203358e+00 1.864980166185075923e-03 1.259045307443365687e+02 5.727534111450761856e+00
3.446682336316245543e+00 1.886495457043324163e-03 1.293219512195121865e+02 6.244552176560164369e+00
3.453142116062292821e+00 1.850491205141300763e-03 1.396823529411764753e+02 8.346351999257024090e+00
3.459552608189105705e+00 1.840426776601197887e-03 1.582071917808219155e+02 1.146571250872390557e+01
3.466037827277117955e+00 1.895781883946169978e-03 1.794108658743633384e+02 1.355852442529439372e+01
3.472473653977210972e+00 1.828931698347952819e-03 1.978533094812164563e+02 1.461220999760836570e+01
3.478868831430015351e+00 1.849798838882201271e-03 2.078249999999999886e+02 1.416072757160247164e+01
3.485296939778874226e+00 1.846836384750711896e-03 2.113021978021978100e+02 1.490337864934123679e+01
3.491740378822062674e+00 1.892374048568714641e-03 2.101475409836065467e+02 1.450577403542077271e+01
3.498222076309955408e+00 1.850392789083453492e-03 2.075187969924812137e+02 1.431994316438896320e+01
3.504611891581455030e+00 1.828338000025509641e-03 2.052310679611650528e+02 1.637217234049171921e+01
3.511032309223517167e+00 1.894740202114146826e-03 2.002881679389313092e+02 1.903059884459482021e+01
3.517510811405253346e+00 1.847376399887671770e-03 1.897944664031620619e+02 2.381559670027982634e+01
3.523886222494890585e+00 1.819823680849573695e-03 1.776993865030674726e+02 2.784328438019827701e+01
3.530333766363422221e+00 1.913949961282706506e-03 1.663623762376237494e+02 2.904891905164143751e+01
3.536838628960300657e+00 1.837400593869444173e-03 1.519333333333333371e+02 2.829450034900775535e+01
3.543212277439104163e+00 1.824314092004992007e-03 1.407558886509635840e+02 2.646726098517785530e+01
3.549634251627681092e+00 1.895848120010211945e-03 1.330252100840336027e+02 2.294204988025574465e+01
3.556117060308725097e+00 1.842284182035823720e-03 1.243340611353711722e+02 1.856337090982829352e+01
3.562580790750173865e+00 1.873137250446494902e-03 1.194320175438596436e+02 1.514500993042103261e+01
3.569027121761189303e+00 1.864198494303047999e-03 1.157680180180180116e+02 1.083442896821441082e+01
3.575415228040989657e+00 1.829283293316363293e-03 1.151995359628770359e+02 7.938282737138168343e+00
3.581824267593239686e+00 1.860007523854312686e-03 1.188607888631090503e+02 7.208609849643988987e+00
3.588330065081806630e+00 1.895947895659538546e-03 1.249466357308584747e+02 6.673130534553078697e+00
3.594804804657118602e+00 1.838793340235311087e-03 1.332024390243902303e+02 6.579606334135436718e+00
3.601203120605045882e+00 1.866742151695356807e-03 1.427794117647058840e+02 6.830031448300593055e+00
3.607629953215138574e+00 1.849946976811765471e-03 1.533759398496240465e+02 6.458850849163825458e+00
3.614090854913730499e+00 1.868416365547433599e-03 1.635202020202020208e+02 6.532815105037994563e+00
3.620574720227974552e+00 1.873754476683962313e-03 1.716066838046272380e+02 6.398591849005612175e+00
3.627004027770476924e+00 1.835919208150294619e-03 1.773422459893048142e+02 5.903306143233987058e+00
3.633382280898821648e+00 1.849285921997263250e-03 1.791029810298103087e+02 5.903283203410345514e+00
3.639818201334091174e+00 1.872714577785467623e-03 1.769564032697547589e+02 6.418692655854118634e+00
3.646271849872324999e+00 1.848931603973280732e-03 1.727696629213483277e+02 8.326194286652118137e+00
3.652754025121335069e+00 1.886957975833729447e-03 1.673511235955056122e+02 1.029678425231121075e+01
3.659208746855755479e+00 1.834720162372708565e-03 1.597905604719763915e+02 1.268752207420458333e+01
3.665582835495777569e+00 1.840575612045432024e-03 1.501891891891891930e+02 1.421386100450775380e+01
3.672040343112283445e+00 1.886479483533069204e-03 1.390149700598802269e+02 1.598820112485654299e+01
3.678529717319615866e+00 1.858096912976999176e-03 1.291024844720496958e+02 1.744723371414704971e+01
3.684932562337432049e+00 1.835190244932949138e-03 1.199196141479099680e+02 1.666145888316085077e+01
3.691340469028411508e+00 1.865394116403416890e-03 1.113754045307443334e+02 1.489269368430849561e+01
3.697825917576230470e+00 1.878575472322643403e-03 1.044342105263157947e+02 1.237504896601856963e+01
3.704288468942850354e+00 1.854378416201764085e-03 9.989761092150170896e+01 1.054469213460202859e+01
3.710695071708606907e+00 1.843173339766954189e-03 9.563157894736842479e+01 7.841846222025680824e+00
3.717119980493126530e+00 1.858275420549158159e-03 9.463571428571428612e+01 6.749465209351394712e+00
3.723579054116692877e+00 1.875547371405369762e-03 9.485454545454545894e+01 5.771099269364499129e+00
3.730020297411832164e+00 1.843995263516665269e-03 9.744696969696970257e+01 5.144394030875123036e+00
3.736426917509388268e+00 1.851423495632689448e-03 1.017906976744186096e+02 5.928674365892824483e+00
3.742862848593606184e+00 1.866246695943705233e-03 1.087075098814229221e+02 6.261452192717487542e+00
3.749304155234212121e+00 1.850203366498975400e-03 1.159508196721311464e+02 5.725038712639424432e+00
3.755769545342233950e+00 1.881542671327423493e-03 1.204688796680497944e+02 5.833259011366327407e+00
3.762207580716425692e+00 1.832713059301602828e-03 1.228201754385964932e+02 5.183665034975658337e+00
3.768650259547695391e+00 1.882711660849632198e-03 1.237004405286343598e+02 5.305358606203910199e+00
3.775101190588130873e+00 1.841328330998877110e-03 1.233162790697674467e+02 5.367347143576030710e+00
3.781544745172108257e+00 1.876261972947606757e-03 1.214716981132075517e+02 5.247776657153070623e+00
3.787984350729691752e+00 1.841817734800533721e-03 1.192487562189054700e+02 5.871260192253655141e+00
3.794443778523244770e+00 1.888119406057294294e-03 1.150804020100502498e+02 7.498004414525737182e+00
3.800887998049732097e+00 1.829598834944004332e-03 1.089569892473118244e+02 9.491539215744181135e+00
3.807319286871066577e+00 1.879776389761753357e-03 1.006576086956521721e+02 1.103849168486113719e+01
3.813728772969168901e+00 1.816176537965013323e-03 9.546198830409356617e+01 1.070824268847721505e+01
3.820127884734960233e+00 1.870328496078344947e-03 9.050295857988164983e+01 9.361494683953623053e+00
3.826558902351690605e+00 1.840091099185570860e-03 8.730188679245283367e+01 7.510500540544986947e+00
3.832976717434447789e+00 1.862754303780558536e-03 8.672727272727273373e+01 5.827204854032665082e+00
3.839467489846226655e+00 1.881591717002498556e-03 8.972297297297296836e+01 5.754765865611377151e+00
3.845958738964208923e+00 1.872212223355807642e-03 9.350000000000000000e+01 5.348230682064063046e+00
3.852379013358490312e+00 1.829949564810406546e-03 9.744615384615384812e+01 5.455814985844306797e+00
3.858770514458473411e+00 1.860590576749386821e-03 1.010879999999999939e+02 5.475121916450810033e+00
3.865201312403456324e+00 1.846877382617491750e-03 1.036666666666666714e+02 5.125490734618028732e+00
3.871669834970288271e+00 1.885989225799452511e-03 1.051607142857142918e+02 6.753483133818837025e+00
3.878154213609482870e+00 1.855219997046820071e-03 1.055436893203883528e+02 6.711168120928385328e+00
3.884570297975108666e+00 1.842018581107749764e-03 1.038842105263157833e+02 6.067697496463321016e+00
3.891030549524630455e+00 1.892572859664069882e-03 1.020111111111111057e+02 6.561673228343176234e+00
3.897480132485925619e+00 1.830223622249431631e-03 9.848749999999999716e+01 6.454141112495141996e+00
3.903837790606199842e+00 1.833538786489578550e-03 9.460273972602739434e+01 6.770283771981936205e+00
3.910297958451704581e+00 1.898394991490752427e-03 8.726470588235294201e+01 7.133702116177332186e+00
3.916760076293909876e+00 1.823271174774054393e-03 8.041379310344827047e+01 8.428689470084618662e+00
3.923205856217289345e+00 1.907998375040481686e-03 7.575471698113207708e+01 6.278994688395811430e+00
3.929647757040283906e+00 1.804292177573046203e-03 7.311627906976744384e+01 5.303651405029195409e+00
3.936002968608691699e+00 1.864030959871269735e-03 7.405405405405404906e+01 5.417553915834295353e+00
3.942404476100300759e+00 1.828532384993888883e-03 7.148275862068965125e+01 3.924828737449767235e+00
3.948822507765122225e+00 1.871711324841116540e-03 7.072727272727273373e+01 3.351328834757592912e+00
3.955157590966607906e+00 1.825831164639231917e-03 7.242857142857143060e+01 3.293469109542429329e+00
3.961507824082775464e+00 1.968979546566614058e-03 7.585714285714286120e+01 3.353341312658714823e+00
