# q qerr I(q) I(q)err
8.294532032279089417e-03 3.215448162638725495e-03 3.333333333333333148e-01 4.258249075052466281e+01
1.547771440847061503e-02 1.298069176105710962e-03 0.000000000000000000e+00 0.000000000000000000e+00
2.114153426598287117e-02 1.953452460535632252e-03 5.000000000000000278e-02 2.236067977499789639e-01
2.708829541553820289e-02 1.932501425123600049e-03 1.250000000000000000e-01 3.385016001931650531e-01
3.424760286937652415e-02 2.393094809829984012e-03 1.136363636363636326e-01 3.214121732666124776e-01
4.134659872356089005e-02 1.444308516548141333e-03 5.555555555555555247e-02 2.324055629261320977e-01
4.709622292726145520e-02 1.633576272088444088e-03 1.250000000000000000e-01 3.354101966249684597e-01
5.289360403025952090e-02 1.994215660312892175e-03 1.458333333333333426e-01 3.572172541558800152e-01
5.941266175682404643e-02 2.038777625163953021e-03 8.000000000000000167e-02 2.742261840160418185e-01
6.623959740571712385e-02 2.014614798769268252e-03 3.703703703703703498e-02 1.906598174256851075e-01
7.251770781946841049e-02 1.767162065969994948e-03 1.041666666666666713e-01 3.090082702956528093e-01
7.836204892921720677e-02 1.794558473909566021e-03 2.999999999999999889e-01 7.848566748139431670e-01
8.476368586159346852e-02 2.173163639586968114e-03 1.531250000000000000e+00 4.846823621584553266e+00
9.171767809022127182e-02 2.151270969520740432e-03 8.000000000000000000e+00 2.185648376004111881e+01
9.840741527280037759e-02 1.879523288412654567e-03 2.264999999999999858e+01 5.306447336338438703e+01
1.046713563714864598e-01 1.717715818177843919e-03 5.179999999999999716e+01 9.429907740800013016e+01
1.108696467093386595e-01 1.978629817275711061e-03 8.000000000000000000e+01 1.279309955508887242e+02
1.174911181025048434e-01 2.151142134119994175e-03 1.053770491803278730e+02 1.563700793629259636e+02
1.240901985761322518e-01 1.682567093931450772e-03 1.379600000000000080e+02 1.819575708784880135e+02
1.302695169190241364e-01 1.981638030988197227e-03 1.465423728813559308e+02 1.891411089430716288e+02
1.366843399328758479e-01 1.885635125754002352e-03 1.731428571428571388e+02 2.096180199451237058e+02
1.431380625310322841e-01 2.037281709542672608e-03 1.910161290322580783e+02 2.164693973752410443e+02
1.497407916800755912e-01 2.013243134106564892e-03 2.032698412698412653e+02 2.280471854035281751e+02
1.560440161600273323e-01 1.800320108738214832e-03 2.163859649122807127e+02 2.352233688241821312e+02
1.626324968867556287e-01 2.166758397174068339e-03 2.404324324324324209e+02 2.416930875627241448e+02
1.693678508908615654e-01 1.711853084056604935e-03 2.439333333333333371e+02 2.502140972136550658e+02
1.755753172360756398e-01 1.940749690505284321e-03 2.692028985507246261e+02 2.522543678919413708e+02
1.819629297477835528e-01 1.792019476258344991e-03 2.723846153846153584e+02 2.578347046292306572e+02
1.883474920212158954e-01 1.982820530303366913e-03 2.769166666666666856e+02 2.655691063197704125e+02
1.949500334927739553e-01 1.985593967279970003e-03 3.024266666666666765e+02 2.676370869500545950e+02
2.014306324154557237e-01 1.750557958225071797e-03 3.048115942028985614e+02 2.730658295722537900e+02
2.076332073357673447e-01 1.865361520913360683e-03 3.242297297297297405e+02 2.726718482263865440e+02
2.140129245322099916e-01 1.882829286684015863e-03 3.187866666666666902e+02 2.765480880023901591e+02
2.204163405633874917e-01 1.951475208267544961e-03 3.409487179487179560e+02 2.750605701032221191e+02
2.268599176829277919e-01 1.954094669929957399e-03 3.373500000000000227e+02 2.806820164795029768e+02
2.335135695299082048e-01 1.986313139076756155e-03 3.397294117647059011e+02 2.833743420217556945e+02
2.400224779461884173e-01 1.823737618079871109e-03 3.560500000000000114e+02 2.820031881468719348e+02
2.464005577519743639e-01 1.894426896505377799e-03 3.659764705882353155e+02 2.802951370884493372e+02
2.528350385827773383e-01 1.829527638271931031e-03 3.704761904761904816e+02 2.837953535931982856e+02
2.590859102888302123e-01 1.817056121189442432e-03 3.723571428571428328e+02 2.858849594400055594e+02
2.654612130450557106e-01 1.918447197659697845e-03 3.755168539325842971e+02 2.875323477957053910e+02
2.718942366720529247e-01 1.942478483450333455e-03 3.951648351648351536e+02 2.783380364823173068e+02
2.784185743669774227e-01 1.921358219378808702e-03 3.958494623655914211e+02 2.709743022759352584e+02
2.849156375412667530e-01 1.882334819595186037e-03 4.294042553191489446e+02 2.461370497531896149e+02
2.911870294677750826e-01 1.766712284927822799e-03 4.411460674157303288e+02 2.218216270747765861e+02
2.976511517037133681e-01 2.019527329980297554e-03 4.773106796116504711e+02 1.909484088543300402e+02
3.043178155919494809e-01 1.919359421117726450e-03 4.958100000000000023e+02 1.609417658657938262e+02
3.108074081907638564e-01 1.815555258398614735e-03 5.178673469387755404e+02 1.414462161741021475e+02
3.170970610330232087e-01 1.826000353424227750e-03 5.276161616161616621e+02 1.300348449922243788e+02
3.235319739834495723e-01 1.908097576542081529e-03 5.302190476190476147e+02 1.246202682037137066e+02
3.300700059726238145e-01 1.867687188749142220e-03 5.408962264150943611e+02 1.182539143201906455e+02
3.365262003550894554e-01 1.808122422876843900e-03 5.392095238095238301e+02 1.169934715313310960e+02
3.429039324965278412e-01 1.810371451943152679e-03 5.505283018867924056e+02 1.128576053646525139e+02
3.492243179790229801e-01 1.835371710213073819e-03 5.556111111111110858e+02 1.096451886168803753e+02
3.555659880086458058e-01 1.813249007222180170e-03 5.594444444444444571e+02 1.064184660559222380e+02
3.620245372922214488e-01 1.918012235727336494e-03 5.647435897435897232e+02 1.012245135711198998e+02
3.685406119477664388e-01 1.798147481859587110e-03 5.636036036036035739e+02 9.885088242608597398e+01
3.750909242308860247e-01 1.967614233492519498e-03 5.735000000000000000e+02 9.497183368530055247e+01
3.816999037813160189e-01 1.752662604176019427e-03 5.729652173913043498e+02 9.140206572144553832e+01
3.880273799716012495e-01 1.749306826939258557e-03 5.755948275862068613e+02 8.693743051878220740e+01
3.942361145945514900e-01 1.745527907058957431e-03 5.772844827586206975e+02 8.308942505806849965e+01
4.006128291384035145e-01 1.852638254231622501e-03 5.809024390243902189e+02 7.900219878113905736e+01
4.070503578694664726e-01 1.848743254130127446e-03 5.821693548387096371e+02 7.778234794891041304e+01
4.135933781829447264e-01 1.871256654943844995e-03 5.834806201550387641e+02 7.669468727092900906e+01
4.202179442533061082e-01 1.832712641984981681e-03 5.906923076923077360e+02 7.543435172465090943e+01
4.266798115557093873e-01 1.759393680741872749e-03 5.968818897637795544e+02 7.406966874930424183e+01
4.330910535146235696e-01 1.771858374752960505e-03 6.017692307692307168e+02 7.270016644536262618e+01
4.395078467689783608e-01 1.772659720438770270e-03 6.029848484848484986e+02 7.067718731785055297e+01
4.457793319829173595e-01 1.654526338047628432e-03 5.971280000000000427e+02 6.738587863937073053e+01
4.521562795609589402e-01 1.887763445894669913e-03 5.968309859154929882e+02 6.264806543824107621e+01
4.587656575942579140e-01 1.769717907920350091e-03 5.871021897810219343e+02 5.719499694398311362e+01
4.652405449529313231e-01 1.746242423612376143e-03 5.809928057553956933e+02 5.170043663533462563e+01
4.716282944699034529e-01 1.704407088516023735e-03 5.731532846715329015e+02 4.793052562730003530e+01
4.780637153179891352e-01 1.798647074538550902e-03 5.674027777777778283e+02 4.547908872849227890e+01
4.844976548260259142e-01 1.723433333189145671e-03 5.631690140845070118e+02 4.487801248675079080e+01
4.908596034113225648e-01 1.665744062354685903e-03 5.568226950354610381e+02 4.301322492249899909e+01
4.972011979785150859e-01 1.734256865849588200e-03 5.554315068493150420e+02 4.103216634755686698e+01
5.036178995103413047e-01 1.747915368961153139e-03 5.506283783783783292e+02 3.943324749542018992e+01
5.101756467004687767e-01 1.800451491856020327e-03 5.475225806451612698e+02 3.930264651258003994e+01
5.166235656727934389e-01 1.648057805296297825e-03 5.430204081632653015e+02 3.870734072161604189e+01
5.229884928033705638e-01 1.714260039451578075e-03 5.422894736842105203e+02 3.645071949253602384e+01
5.293925748937229336e-01 1.756900675637705763e-03 5.402371794871794464e+02 3.434893175087160699e+01
5.357749724968067229e-01 1.647361260156582873e-03 5.368013245033112071e+02 3.386228841282969171e+01
5.422269581426349960e-01 1.797131621318817348e-03 5.334634146341463747e+02 3.175038351049720475e+01
5.488258977193463117e-01 1.752106618123457169e-03 5.293913043478261216e+02 2.889902522915344463e+01
5.552607346015674405e-01 1.711536068502800701e-03 5.278062499999999773e+02 2.780004496399241276e+01
5.616696921416424182e-01 1.713298320607429745e-03 5.263926380368097853e+02 2.768681817464909400e+01
5.680596363279470928e-01 1.671719726027721563e-03 5.238687499999999773e+02 2.829290022470301480e+01
5.744116486855085357e-01 1.773350792090137981e-03 5.208095238095238528e+02 2.827803226611669984e+01
5.808465417437830292e-01 1.706594120505047427e-03 5.174727272727272975e+02 2.841367575124643352e+01
5.872915480827241019e-01 1.773275249674210931e-03 5.155202312138728757e+02 2.832661480808020471e+01
5.936297343998458986e-01 1.608871723183330060e-03 5.127098765432099299e+02 2.952672717625842225e+01
6.000917821228005655e-01 1.852508397134843563e-03 5.111153846153846416e+02 2.844386145441349356e+01
6.066068710033430955e-01 1.719733697199352486e-03 5.078538011695906675e+02 2.937528885814521118e+01
6.129319261090041548e-01 1.700305612135823196e-03 5.059244186046511800e+02 2.964753625793372294e+01
6.193292159447265632e-01 1.792945791870086646e-03 5.037833333333333599e+02 2.872265204922311099e+01
6.257789288608107681e-01 1.769335618302108433e-03 5.017853107344632804e+02 2.875098889172729599e+01
6.322945183878984077e-01 1.883051681004075783e-03 5.002645502645502802e+02 2.822781819008834958e+01
6.387697914265673127e-01 1.734308686986089703e-03 4.983863636363636260e+02 2.971953306600150313e+01
6.450797878865883739e-01 1.812617312363664322e-03 4.966902173913043725e+02 2.931037364668230438e+01
6.514777522098027518e-01 1.807195130708317372e-03 4.940324324324324152e+02 3.001043402676474514e+01
6.579453254174412180e-01 1.840076954070700866e-03 4.914497354497354422e+02 3.119288195684494269e+01
6.642487788958216788e-01 1.761967380250493336e-03 4.880934065934065984e+02 3.216744527754880068e+01
6.707545140871414846e-01 1.952870522822350513e-03 4.862649999999999864e+02 3.110717119893739024e+01
6.772291234912055646e-01 1.844192786587162299e-03 4.827354497354497198e+02 3.193524432898383125e+01
6.834443396870620857e-01 1.745041746211572261e-03 4.793858695652173765e+02 3.295970770851319287e+01
6.899300657465672337e-01 1.988575045799213618e-03 4.769661835748792100e+02 3.261054995622334474e+01
6.965346490814943170e-01 1.967867873463197050e-03 4.723266331658291506e+02 3.497092083297874865e+01
7.030970487636396538e-01 2.020648629947002003e-03 4.689660194174757066e+02 3.574734209383257166e+01
7.095716427219228573e-01 1.946516927103622520e-03 4.669949494949494806e+02 3.790738247300245689e+01
7.160970279381224657e-01 2.044543341153194464e-03 4.662904761904761699e+02 3.715152829187204020e+01
7.226116891734091219e-01 2.004959656352403585e-03 4.644097560975610008e+02 3.511778024013827348e+01
7.291288619178314390e-01 2.011427705279334160e-03 4.608809523809524080e+02 3.688340088401522365e+01
7.356079106374427967e-01 1.973711099579897668e-03 4.583173076923076792e+02 3.532414290701736093e+01
7.419803430714648762e-01 1.939746738906150680e-03 4.549804878048780665e+02 3.791704053743109171e+01
7.484516812817442188e-01 2.022257641999446187e-03 4.538727272727272748e+02 3.576045995045041792e+01
7.549512183205485671e-01 1.898119824350936232e-03 4.522115384615384528e+02 3.980414212151275422e+01
7.613853957290165342e-01 1.973382858640895885e-03 4.525681818181818130e+02 3.758242731617007593e+01
7.678481984516135617e-01 1.903941598965435333e-03 4.503209302325581120e+02 3.982655283147255432e+01
7.743372045322526320e-01 1.915374251326664194e-03 4.484009009009009219e+02 3.763011784478299404e+01
7.807807857039134047e-01 1.872160005679921477e-03 4.461834862385321117e+02 3.833464694152848296e+01
7.871827117013717734e-01 1.874571936203420349e-03 4.446334841628959111e+02 3.786699429011007112e+01
7.935705088346153291e-01 1.846468364235832015e-03 4.432869955156950823e+02 3.737921770268972210e+01
7.999497029225959288e-01 1.794315080242126848e-03 4.423196347031963569e+02 3.768167227706058497e+01
8.063895263538338742e-01 1.919941342275102670e-03 4.406567796610169694e+02 3.672711185861799521e+01
8.129038415374738591e-01 1.785391972586650427e-03 4.380266666666666424e+02 3.755185254590816157e+01
8.193543447618309994e-01 1.828478467253065801e-03 4.354851063829786995e+02 3.688476494456544685e+01
8.257450256705209934e-01 1.731942097964038994e-03 4.333258928571428328e+02 3.833385624273633141e+01
8.321389716972604766e-01 1.845140229989535984e-03 4.314250000000000114e+02 3.710997591618727398e+01
8.386208936931099922e-01 1.751195931903918061e-03 4.287008547008546770e+02 3.743483002029726947e+01
8.449970631363269424e-01 1.723661030767332288e-03 4.266077586206896513e+02 3.792539828815382208e+01
8.513046230100612677e-01 1.773741526074865430e-03 4.258907563025210266e+02 3.770858240028869091e+01
8.578256185292513214e-01 1.822821089358022794e-03 4.250283400809716454e+02 3.721247831502507353e+01
8.643009097266359797e-01 1.747841479780405487e-03 4.242738589211618319e+02 3.763077882835714405e+01
8.706520843132705689e-01 1.718512007701664341e-03 4.245630252100840494e+02 3.707334982739780571e+01
8.770655084888429043e-01 1.823306464836067656e-03 4.256086956521739353e+02 3.592492553870269489e+01
8.835379301005906738e-01 1.720994191554163586e-03 4.231975308641975175e+02 3.735502654842683512e+01
8.899818591232092624e-01 1.816014583941305376e-03 4.209215686274509949e+02 3.851250639453276392e+01
8.963154830142930907e-01 1.686559403020368615e-03 4.160749999999999886e+02 4.024801884358201676e+01
9.027402481510985455e-01 1.849914512401526186e-03 4.137709923664122016e+02 3.908270885967988306e+01
9.092741475074460622e-01 1.818523953956779297e-03 4.095568627450980443e+02 3.979597389986812317e+01
9.156513574886713247e-01 1.799905876070713017e-03 4.053849206349206611e+02 3.957848579936862166e+01
9.219738414041327434e-01 1.816254378221876130e-03 4.019726562500000000e+02 3.833542244788509379e+01
9.284093843578240524e-01 1.864548344913183461e-03 4.007461538461538453e+02 3.765593181934862343e+01
9.348720171621091035e-01 1.939851900461452830e-03 4.009962546816479403e+02 3.748058136469894208e+01
9.413551784733346084e-01 1.927152036582965508e-03 4.014465648854961728e+02 4.268937147488733785e+01
9.478756351150825488e-01 2.022964964773094239e-03 4.069347826086956275e+02 4.367534047342320491e+01
9.544794314844599059e-01 1.995588314593873917e-03 4.164907749077490848e+02 4.355512339376014097e+01
9.609640598131067302e-01 1.976081289299603128e-03 4.484301470588235361e+02 5.455599871789780053e+01
9.673540511875814429e-01 1.900963898517757681e-03 5.611969696969697452e+02 1.322593720478452894e+02
9.738764300010358532e-01 2.020370959177093719e-03 8.774027777777778283e+02 3.181685037955274993e+02
9.803887395962943563e-01 1.868024915732807104e-03 1.491554307116104837e+03 5.663549049317722393e+02
9.867609507399704993e-01 1.907798179635916648e-03 2.205394265232974703e+03 7.572523242138004207e+02
9.931792738827067701e-01 1.861169570246367679e-03 2.751258181818182038e+03 8.244699496751567267e+02
9.997024529712079666e-01 1.929714342920701943e-03 3.189027397260274029e+03 8.862754233620297555e+02
1.006152710574202525e+00 1.760100644785859590e-03 3.565841911764705856e+03 1.146750553104096070e+03
1.012546487448541255e+00 1.858180627704414780e-03 3.688854671280276762e+03 1.341330820260295241e+03
1.018988798098918291e+00 1.803978976354649174e-03 3.606394366197182990e+03 1.435205361741294382e+03
1.025394048634321598e+00 1.775790568352827222e-03 3.336010526315789321e+03 1.439464892022284630e+03
1.031778999059903112e+00 1.783042104657854955e-03 2.905823529411764866e+03 1.341428226917374332e+03
1.038243195035333466e+00 1.800042721148124251e-03 2.428914675767918197e+03 1.214997638702701806e+03
1.044593270705168830e+00 1.728638088187854378e-03 1.885195804195804158e+03 9.873538844378837211e+02
1.051019473275584426e+00 1.807666001326826760e-03 1.390665551839464797e+03 7.503022249946299098e+02
1.057452118334604840e+00 1.764796907398143069e-03 9.580779661016948694e+02 4.962363750757201615e+02
1.063812741872586898e+00 1.735604614353873946e-03 6.557808219178082254e+02 2.921307864909788918e+02
1.070275566257694377e+00 1.860876787998901613e-03 4.666290322580645125e+02 1.298599365537662038e+02
1.076675486865225739e+00 1.737707282280460301e-03 3.846735395189003270e+02 5.628299444067437918e+01
1.083000003099001241e+00 1.811785629637566912e-03 3.565888157894736992e+02 3.636565899186680184e+01
1.089457558406981885e+00 1.875700427842611059e-03 3.447922077922078188e+02 3.385029558784855652e+01
1.095857128634095679e+00 1.865882195591197666e-03 3.377368421052631788e+02 3.389247142233173804e+01
1.102286980210992473e+00 1.937596539280167377e-03 3.303003194888178768e+02 3.705992342465566480e+01
1.108924588094037933e+00 2.035521144429528872e-03 3.282134146341463179e+02 3.557263585850049736e+01
1.115518250266801070e+00 1.963453062553008333e-03 3.249430379746835342e+02 3.616496651341183366e+01
1.121980766162010701e+00 1.920251373127695831e-03 3.228980891719745046e+02 3.511879915312543687e+01
1.128426312748922689e+00 1.950613960551148517e-03 3.204937888198757605e+02 3.347665272298872452e+01
1.134959239864979930e+00 1.915365560061970144e-03 3.187353846153845893e+02 3.352610824011355817e+01
1.141388067807542761e+00 1.819889318180962796e-03 3.154825396825397092e+02 3.414423823703057082e+01
1.147829738822878420e+00 1.877407927217479219e-03 3.128662613981762775e+02 3.442665353245243409e+01
1.154234759887723172e+00 1.796226287448233561e-03 3.099184952978056344e+02 3.457433948772799681e+01
1.160592008141087206e+00 1.784421184300352767e-03 3.079566563467492415e+02 3.378988755631977625e+01
1.167026991042843242e+00 1.836276795008287468e-03 3.062716417910447717e+02 3.351491324273535355e+01
1.173494023876834547e+00 1.758155136545365687e-03 3.041926605504586973e+02 3.451822436910591563e+01
1.179808164649816637e+00 1.732605827553653768e-03 2.967753846153846098e+02 4.312983541538942234e+01
1.186220583891021807e+00 1.881017850291822648e-03 3.018874598070739808e+02 3.954284373340252756e+01
1.192681073817049464e+00 1.793318889751105601e-03 3.016000000000000227e+02 3.983375799321562027e+01
1.199065629744253458e+00 1.797529783280079436e-03 3.002887323943662068e+02 3.961774271196868114e+01
1.205502001077074059e+00 1.899328588103967692e-03 2.989623287671232674e+02 3.913252632083320037e+01
1.211991242640565014e+00 1.826306843735066819e-03 2.967681159420289987e+02 4.003838409849019087e+01
1.218362901235649165e+00 1.888953249129523074e-03 2.950899280575539478e+02 4.083806596926620358e+01
1.224837827500277143e+00 1.938626244914326818e-03 2.916043165467626181e+02 4.423889037210362574e+01
1.231306496939841066e+00 1.935692192720165272e-03 2.926159420289855007e+02 4.416413333439142974e+01
1.237900180047003751e+00 1.954996484647400414e-03 2.925089605734767133e+02 4.303404655960682135e+01
1.244387829439413284e+00 1.881879514088832415e-03 2.919141791044776255e+02 4.178020581721396098e+01
1.250735832344970877e+00 1.818331757808236372e-03 2.909728682170542697e+02 4.231396964267780447e+01
1.257083335292831006e+00 1.905720956169173206e-03 2.908487084870848776e+02 4.250121099887263654e+01
1.263603115287416090e+00 1.841854869392088893e-03 2.908219696969696884e+02 4.270988524359039928e+01
1.270020777910819465e+00 1.832011672431217405e-03 2.892243346007604714e+02 4.278067634359047133e+01
1.276488051741652807e+00 1.832185980768075541e-03 2.882699619771863127e+02 4.341094212352111015e+01
1.282839323063532211e+00 1.758750693263018286e-03 2.875157480314960594e+02 4.327029826147981595e+01
1.289363492023574365e+00 1.805471412487298991e-03 2.792626262626262701e+02 4.503970480978740909e+01
1.295761563244195891e+00 1.749310907134910172e-03 2.819194630872483458e+02 4.130976396994161348e+01
1.302096506369333051e+00 1.727886103868702576e-03 2.825282392026578009e+02 4.002879105895068079e+01
1.308490604613926855e+00 1.841981469325142248e-03 2.818068535825545382e+02 4.046981998377702183e+01
1.314923371882378955e+00 1.783204890748409099e-03 2.819710610932476129e+02 4.030417747853996246e+01
1.321263162947042602e+00 1.883891353746835161e-03 2.821018518518518476e+02 4.008069563742704844e+01
1.327809252188654421e+00 1.990407611744629372e-03 2.777366863905325545e+02 4.262549525212115498e+01
1.334395055816720577e+00 2.005908808147741692e-03 2.779648093841641980e+02 4.131154584026833732e+01
1.340924575314278222e+00 1.937181998292608577e-03 2.783970149253731279e+02 3.923266207158818730e+01
1.347326738882997477e+00 1.911240937813023883e-03 2.784852071005917082e+02 3.881525470429352964e+01
1.353867248119903444e+00 1.925349651844857632e-03 2.779518413597733684e+02 3.884939078949925317e+01
1.360292180733798650e+00 1.777880213384871099e-03 2.776886227544910071e+02 3.917377626262646118e+01
1.366716033276369036e+00 1.860440026654835337e-03 2.774033613445378137e+02 3.798124700648089913e+01
1.373134056949086190e+00 1.747663592607761902e-03 2.805000000000000000e+02 3.890955173699985892e+01
1.379508641949547476e+00 1.787974598008121871e-03 2.913380281690140805e+02 4.035730468281614947e+01
1.385849874457594222e+00 1.730044418412237826e-03 3.200432276657060697e+02 4.691436784315650499e+01
1.392210228535155858e+00 1.777760908321846531e-03 3.641527777777777715e+02 5.371154309002032790e+01
1.398630460992727143e+00 1.793834584281517276e-03 4.075861111111111086e+02 5.936784849718898727e+01
1.405027543482165298e+00 1.820682476180417696e-03 4.399063360881542621e+02 6.181998040527653870e+01
1.411380623846245186e+00 1.844474811107960554e-03 4.635944444444444343e+02 6.506471956046134153e+01
1.418011585217980208e+00 2.061904995500850411e-03 4.734663341645885453e+02 8.408298450877983043e+01
1.424633236002852632e+00 1.911062399977238009e-03 4.898005464480874593e+02 7.735508645267954364e+01
1.431027237377290762e+00 1.930893372260762729e-03 4.960527704485488130e+02 7.258155266480216028e+01
1.437551415863808524e+00 1.925262037142165712e-03 4.910155844155844420e+02 7.232306528093901932e+01
1.443999660086549230e+00 1.834928749309971486e-03 4.797984084880636715e+02 7.038119921395657741e+01
1.450408168300875378e+00 1.822080046480867126e-03 4.633769633507853314e+02 6.723193998805304261e+01
1.456762351763572827e+00 1.768742008520618686e-03 4.431526315789473642e+02 6.397619417449455881e+01
1.463211358413713192e+00 1.810126088705470279e-03 4.168341836734693970e+02 5.881831798789060173e+01
1.469593255354290973e+00 1.758193336020684059e-03 3.894531250000000000e+02 5.333660331874095561e+01
1.475950724204827313e+00 1.769305199294179780e-03 3.625193798449612359e+02 4.766195358146337924e+01
1.482355977374464340e+00 1.855140322631434503e-03 3.399350000000000023e+02 4.247658899323249670e+01
1.488803525874331735e+00 1.854999873494519958e-03 3.181959287531806808e+02 3.822925719107113451e+01
1.495319592526707764e+00 2.003828109077177445e-03 2.963899521531100731e+02 4.214380222987031033e+01
1.501939691759246465e+00 1.957822028991581826e-03 2.824184914841849263e+02 3.655034983260956949e+01
1.508463382234335848e+00 1.918938912685786129e-03 2.743887530562346910e+02 3.470481801832244173e+01
1.514901188746566207e+00 1.852902137227367511e-03 2.692881773399014946e+02 3.527948131064577808e+01
1.521228969867623793e+00 1.785136608190808364e-03 2.678664987405541638e+02 3.521176637166288259e+01
1.527563647216529041e+00 1.824993124647320475e-03 2.669062500000000000e+02 3.523930040833998589e+01
1.534022576503679458e+00 1.781774817406586286e-03 2.666189320388349415e+02 3.505563509062596239e+01
1.540418711468126034e+00 1.792491139398408621e-03 2.669425837320574146e+02 3.506076627175912108e+01
1.546838712332167631e+00 1.778278829154705072e-03 2.663301204819277359e+02 3.545654403257081810e+01
1.553238623106807825e+00 1.840983848395847744e-03 2.656061320754716917e+02 3.503054025339886124e+01
1.559673935783696619e+00 1.867161364404805587e-03 2.645605700712588941e+02 3.439653721016819787e+01
1.566161367499480317e+00 1.987417225671155377e-03 2.611655328798186133e+02 4.110575050757006466e+01
1.572795191923813007e+00 1.975399758409353626e-03 2.645550561797753062e+02 3.551661918885632474e+01
1.579229625961506400e+00 1.828964939238766603e-03 2.643004807692307736e+02 3.542868447482722871e+01
1.585615098485775532e+00 1.901195136705323549e-03 2.645582959641255343e+02 3.513658623045588314e+01
1.592069020803266399e+00 1.783565421147388207e-03 2.654272300469483525e+02 3.534935209217928787e+01
1.598398624204083740e+00 1.798472010651884717e-03 2.664337899543378967e+02 3.639860545081357657e+01
1.604843375939136507e+00 1.797152056805669104e-03 2.670588235294117680e+02 3.651992357157494951e+01
1.611212339410225569e+00 1.768878106258207515e-03 2.678967889908257121e+02 3.635068277609133247e+01
1.617590363377642504e+00 1.818287623560442892e-03 2.706988764044943991e+02 3.601717281777725788e+01
1.623974015669422899e+00 1.854816384487833732e-03 2.864582392776523534e+02 3.672699709032775672e+01
1.630543485616582799e+00 2.014479720267581264e-03 3.186213389121338651e+02 5.270659855004398509e+01
1.637155364196844820e+00 1.921442116166700376e-03 3.771585903083700373e+02 5.540479273007695582e+01
1.643640215828007012e+00 1.916406123937146409e-03 4.183369098712446430e+02 6.140896542414392201e+01
1.650095370295723063e+00 1.808845151496338592e-03 4.486236080178173893e+02 7.035750282294796421e+01
1.656466136267144007e+00 1.835556712886826517e-03 4.725978494623656161e+02 7.930328873163836079e+01
1.662921359457136594e+00 1.784847929403802829e-03 4.871633986928104605e+02 8.756318488661449351e+01
1.669278115879615276e+00 1.787810489320909016e-03 4.972662337662337677e+02 9.318412067083066574e+01
1.675603147458916142e+00 1.759339208401217896e-03 5.042803532008829848e+02 9.816211391448567269e+01
1.681944817773278311e+00 1.879012939346250957e-03 5.081940928270042264e+02 9.843610810471558636e+01
1.688494896982127180e+00 1.961244959671172398e-03 4.989711934156378561e+02 1.134556036872010765e+02
1.695047655103924189e+00 1.958531043791479891e-03 5.168765432098765586e+02 9.681325060160399687e+01
1.701563412030947964e+00 1.893890162085724253e-03 5.532400835073068492e+02 9.844450584817504080e+01
1.707975620325744792e+00 1.846204685496802061e-03 5.955323590814195995e+02 9.995076847411642973e+01
1.714377380249353600e+00 1.797036493929945892e-03 6.111820083682008544e+02 9.711032361427551507e+01
1.720768292737840266e+00 1.799184406037973973e-03 6.146680412371133571e+02 9.433526767426968718e+01
1.727152534628709324e+00 1.771490888047008889e-03 6.080501043841336468e+02 9.361319214974938063e+01
1.733526494930327289e+00 1.835615179227028260e-03 5.939898167006109588e+02 8.883948475038138781e+01
1.739975521513371870e+00 1.888347845677861795e-03 5.733475609756097811e+02 9.944507527888886500e+01
1.746497876640803248e+00 1.988580869552720402e-03 5.570988372093023600e+02 9.817532033829188265e+01
1.753090192095328348e+00 1.909790863647236811e-03 5.454880478087649180e+02 8.041184968888461526e+01
1.759542915568929722e+00 1.863330342728648260e-03 5.240876494023904115e+02 7.649175451065899267e+01
1.765978610475646082e+00 1.805054295706254351e-03 5.023759999999999764e+02 7.241364081442114298e+01
1.772332663329672986e+00 1.770928694831684115e-03 4.838185483870967687e+02 6.887198105179231788e+01
1.778664509689639184e+00 1.781133477909586536e-03 4.630199600798403026e+02 6.463860566282733089e+01
1.785069366740120511e+00 1.834600355293997381e-03 4.379726562500000000e+02 6.008931486889807161e+01
1.791506168727699633e+00 1.878728357369653049e-03 4.050803921568627288e+02 6.432629420466675185e+01
1.798039063906349488e+00 1.995486375923071192e-03 3.768500000000000227e+02 5.946928401066167424e+01
1.804647924016717919e+00 1.913848319004299433e-03 3.529367816091954069e+02 4.544349045634337614e+01
1.811089958053599736e+00 1.862622323854617795e-03 3.287337164750957754e+02 4.095630603971270745e+01
1.817521720439822408e+00 1.798364348704032875e-03 3.048030888030888264e+02 3.772867773770190070e+01
1.823812670535420288e+00 1.750448090683544159e-03 2.844078431372549289e+02 3.487348496872514403e+01
1.830221642949216854e+00 1.837728497302317443e-03 2.663351955307262529e+02 3.253160617572454782e+01
1.836582905300079060e+00 1.780128382536366044e-03 2.544000000000000057e+02 3.187354917882384342e+01
1.843061797820461534e+00 1.986079127245108083e-03 2.459573712255772762e+02 3.816689847291745252e+01
1.849632829275571488e+00 1.888944039210000737e-03 2.466729323308270807e+02 3.325165390080469052e+01
1.856090187264436642e+00 1.913060858845453587e-03 2.466890909090909076e+02 3.214378276195777318e+01
1.862531947297203283e+00 1.788974026913770074e-03 2.465924528301886767e+02 3.244486069324474187e+01
1.868931787959941415e+00 1.835149539700427039e-03 2.479581056466302300e+02 3.189069430867107613e+01
1.875342409945594868e+00 1.782793697721218873e-03 2.490186219739292426e+02 3.260419002908906094e+01
1.881685992375486283e+00 1.813583446463527945e-03 2.487416974169741763e+02 3.228655653816103666e+01
1.888176611507502489e+00 1.945205006648250507e-03 2.450864197530864317e+02 3.850994172589282982e+01
1.894684395670122701e+00 1.921537496908314263e-03 2.458676207513416898e+02 3.436367823782586584e+01
1.901176782548104516e+00 1.886986723452953362e-03 2.452722419928825559e+02 3.255038851075687489e+01
1.907561981128558237e+00 1.795440373499332084e-03 2.448777372262773611e+02 3.276797679380686645e+01
1.913985041606118376e+00 1.828239138046576940e-03 2.459719298245614141e+02 3.266468458380823847e+01
1.920403381422240097e+00 1.786024996940504313e-03 2.475181159420289987e+02 3.345436370652103619e+01
1.926716413297410169e+00 1.834639747803229817e-03 2.491957295373665602e+02 3.338995484400578562e+01
1.933271554332125497e+00 1.965820526812752777e-03 2.488838383838383947e+02 4.132701704522940389e+01
1.939792573083097382e+00 1.907526115978609412e-03 2.589354275741710580e+02 3.655055897915976715e+01
1.946288570836251841e+00 1.883695634446648113e-03 2.786916524701874209e+02 4.962125514428947071e+01
1.952655684029843908e+00 1.737190040939992066e-03 3.271555153707052455e+02 9.571756015606825940e+01
1.958969978021109171e+00 1.827434973414125523e-03 4.142116040955631320e+02 1.658719847104034955e+02
1.965496063115082181e+00 1.854230162972571750e-03 5.410033783783783292e+02 2.194769157527673826e+02
1.971963975922738088e+00 1.884120710564727479e-03 7.296626712328767326e+02 2.597428200152861564e+02
1.978442510441045021e+00 1.957066319931451050e-03 9.601647446457990327e+02 2.981217194730177198e+02
1.984931097981023740e+00 1.843590323278294961e-03 1.109803418803418708e+03 2.634028606577820142e+02
1.991287308585444338e+00 1.815152065882439042e-03 1.207942078364565532e+03 2.540731694257561628e+02
1.997701973476069481e+00 1.833321787203764366e-03 1.295918604651162696e+03 2.659570973389712663e+02
2.004164133665459424e+00 1.816322146449814287e-03 1.350071786310517609e+03 2.904102848227709615e+02
2.010465304371688244e+00 1.793999045974344238e-03 1.386616984402079652e+03 3.162097207085857917e+02
2.016906033528098163e+00 1.989616449670199121e-03 1.398697965571205032e+03 3.975345919640374746e+02
2.023555996358446407e+00 1.897180052363281293e-03 1.426444983818770197e+03 3.639798241910908700e+02
2.029968694217374470e+00 1.807083598350285245e-03 1.408366220735785873e+03 3.653702917682580846e+02
2.036339422929389187e+00 1.823287213829230622e-03 1.361442463533225236e+03 3.540855358434565687e+02
2.042808231593590484e+00 1.819045180469573350e-03 1.296816558441558527e+03 3.526812260671540571e+02
2.049121403930300289e+00 1.816823929832920258e-03 1.244857859531772647e+03 3.686212759869316642e+02
2.055546024436551544e+00 1.958593688934813937e-03 1.181344135802469054e+03 3.785817580572549446e+02
2.062179187475123410e+00 1.909374836257744399e-03 1.095921875000000000e+03 3.308522706955690182e+02
2.068587893715514436e+00 1.782255124468116103e-03 9.787086743044189916e+02 2.935240222555574405e+02
2.074943470461427353e+00 1.803325004765888358e-03 8.639540412044374307e+02 2.535559954386371544e+02
2.081348551495329602e+00 1.811685209211536278e-03 7.584063999999999623e+02 2.278936565358500559e+02
2.087807581420585645e+00 1.934124239786214495e-03 6.479923430321592832e+02 2.140899574564468253e+02
2.094354049547901386e+00 1.919763106963207067e-03 5.564877300613496800e+02 1.727796274948393602e+02
2.100814970511138302e+00 1.841726384006937703e-03 4.727515723270440162e+02 1.394676057380870020e+02
2.107147425483176129e+00 1.793021693532189254e-03 3.965236593059937036e+02 1.084079416460787542e+02
2.113573117004156288e+00 1.831442330790634650e-03 3.296595419847328117e+02 7.680047249978478874e+01
2.119956773712852627e+00 1.806996690666118864e-03 2.804762658227847965e+02 5.326008135764873686e+01
2.126392549358501416e+00 1.961143276791299343e-03 2.491352941176470495e+02 4.623298873536994336e+01
2.133022499541108896e+00 1.914261261225060897e-03 2.403002958579881749e+02 3.245958662188625965e+01
2.139480964562213483e+00 1.786119367506160778e-03 2.434744186046511629e+02 3.257640517534413505e+01
2.145796782645738254e+00 1.799418587043424183e-03 2.551009174311926699e+02 3.325143855081663702e+01
2.152165366120878165e+00 1.825425695775702338e-03 2.650954545454545723e+02 3.422793653024466209e+01
2.158655754564665852e+00 1.929951649106770133e-03 2.692805232558139323e+02 4.391264021047005883e+01
2.165204964825616862e+00 1.913631523374921799e-03 2.785263157894736992e+02 3.390421346944713576e+01
2.171687233764930003e+00 1.836559742283269984e-03 2.831496296296296578e+02 3.426854809009302016e+01
2.178057454997971210e+00 1.770075738143539208e-03 2.901993957703927549e+02 3.631304558542205996e+01
2.184381886656512783e+00 1.819268068842387707e-03 3.104621099554235002e+02 4.339554667125653964e+01
2.190889596552291430e+00 1.941484629964972597e-03 3.520662905500705051e+02 7.317070435295350705e+01
2.197415493733709368e+00 1.880394352234131695e-03 4.426560232220609805e+02 9.222053561676979427e+01
2.203858495652105454e+00 1.844129167940211774e-03 5.842141823444283091e+02 1.104515302880611216e+02
2.210218428929338064e+00 1.776952575370011446e-03 7.606642011834319419e+02 1.258794943485258955e+02
2.216548686487991304e+00 1.820372229284925253e-03 9.015370101596516861e+02 1.378757083322323069e+02
2.223054582631938558e+00 1.937499342758612587e-03 9.697168508287293207e+02 1.865125663092379966e+02
2.229555406010463425e+00 1.871681269043944497e-03 1.049434907010014285e+03 1.563393800355306666e+02
2.236023148886606471e+00 1.876509468722661325e-03 1.094575799721835892e+03 1.736143961375206572e+02
2.242466908337517939e+00 1.781536512235300631e-03 1.116807194244604261e+03 1.867138732451110457e+02
2.248784053696174290e+00 1.815619011182786555e-03 1.129919655667144980e+03 1.953897162229889943e+02
2.255261034229438355e+00 1.958337742873136802e-03 1.127955704697986675e+03 2.491048012490226427e+02
2.261752977112598817e+00 1.833135357339661826e-03 1.147859971711456865e+03 2.139322322512407197e+02
2.268193030407839927e+00 1.856919733580766289e-03 1.140702592087312496e+03 2.142229457549999836e+02
2.274620661936892052e+00 1.792548502283534354e-03 1.115430183356840644e+03 2.120658985062233057e+02
2.281045196159239286e+00 1.907452264699439036e-03 1.059700000000000045e+03 2.344610066698695334e+02
2.287566856146262317e+00 1.925687837049752790e-03 1.020461229946524099e+03 2.152990220590812953e+02
2.294017676381079784e+00 1.818149611703329506e-03 9.735304709141274770e+02 2.082231960919224605e+02
2.300373896127871021e+00 1.814054264739159471e-03 9.136265389876881500e+02 2.048428735251465298e+02
2.306733295622487301e+00 1.809288305020508025e-03 8.343365384615384528e+02 1.951852701324295651e+02
2.313210233147671158e+00 1.927057466226796351e-03 7.391927083333333712e+02 1.990191726522111253e+02
2.319750633036068876e+00 1.886628064392380537e-03 6.681178807947019322e+02 1.594867539040398299e+02
2.326167810919689938e+00 1.805281422939875990e-03 5.912286874154262932e+02 1.435161185824877634e+02
2.332524891627314911e+00 1.808157875111407291e-03 5.172325268817204460e+02 1.258623266749962397e+02
2.339018828040365428e+00 1.927078730268403945e-03 4.457769230769230830e+02 1.211783330972529740e+02
2.345529090540556361e+00 1.892646505679497623e-03 3.898350785340314246e+02 9.956045451568044768e+01
2.351902562585342693e+00 1.808634088653226840e-03 3.333088235294117680e+02 8.232657164720352228e+01
2.358283426411155403e+00 1.828495513811564770e-03 2.815423728813559592e+02 6.226094218773603473e+01
2.364665150299146479e+00 1.824483169818866225e-03 2.417350993377483519e+02 4.563231623229697220e+01
2.371140522023317931e+00 1.956229962378429419e-03 2.146439205955335012e+02 4.008495087640328336e+01
2.377698484074287411e+00 1.857249505322706908e-03 2.034474358974358950e+02 2.866853658870761379e+01
2.384135550776628865e+00 1.806484998011118103e-03 1.951341935483870884e+02 2.692170674895622895e+01
2.390495270780528703e+00 1.815820546892564329e-03 1.943119777158774468e+02 2.627130860741776885e+01
2.396907059408651008e+00 1.904650256318906557e-03 1.924870041039671662e+02 3.183007021826983873e+01
2.403395490390968892e+00 1.861409897307351969e-03 2.004478873239436609e+02 2.583119687505051587e+01
2.409868588547004364e+00 1.847911660654164229e-03 2.137088068181818130e+02 2.817616593852138962e+01
2.416315494183244539e+00 1.848423108511250412e-03 2.369942028985507250e+02 3.187200332067592967e+01
2.422721222723576151e+00 1.879130934971403807e-03 2.568313953488371908e+02 4.545767379086256454e+01
2.429135064156228374e+00 1.862177758942303550e-03 2.780601173020527881e+02 3.817436833547080255e+01
2.435558328952115659e+00 1.829358714226044739e-03 2.876139053254437954e+02 3.912602614483725461e+01
2.441961929587736613e+00 1.826990787003958654e-03 2.948068862275449078e+02 4.110321634648946798e+01
2.448435267415004279e+00 1.916283866918213176e-03 2.945886627906976969e+02 5.393055370039365215e+01
2.454898310690642571e+00 1.851262751470384186e-03 3.019439393939393881e+02 4.344740585234566765e+01
2.461278332832209870e+00 1.841207405127180587e-03 3.020740181268882338e+02 4.422193149639402776e+01
2.467732767309350983e+00 1.860175811866779036e-03 3.007312312312312201e+02 4.856257567498475680e+01
2.474317234005322774e+00 1.907302378477835920e-03 2.963905579399141743e+02 5.388883763375251590e+01
2.480763678027650521e+00 1.850982492662076430e-03 3.018344923504868120e+02 4.491771396599052935e+01
2.487114426650852028e+00 1.791691956921820849e-03 3.024030898876404763e+02 4.448279108439007246e+01
2.493514277050582706e+00 1.905910091373927331e-03 2.944676354029061827e+02 5.370983399500661193e+01
2.500016016455529844e+00 1.897218154373805617e-03 2.943833116036506112e+02 4.170861375240727398e+01
2.506504299072060071e+00 1.823698874814003905e-03 2.892068511198946226e+02 4.172846112687980735e+01
2.512828968428921783e+00 1.779539787674511890e-03 2.818842530282637995e+02 4.167741157126440044e+01
2.519262120792594928e+00 1.938201810876334251e-03 2.678107098381070728e+02 4.930891061217981530e+01
2.525775074220281358e+00 1.871497825325404334e-03 2.590929936305732326e+02 3.851321726068746898e+01
2.532197693037325781e+00 1.807973308604888651e-03 2.474602564102564202e+02 3.629298915495176203e+01
2.538545427775757091e+00 1.816891897915347926e-03 2.371608751608751504e+02 3.535777883899596219e+01
2.545039371368973402e+00 1.965732421291352915e-03 2.252600950118764729e+02 4.025980500935423123e+01
2.551577586228050976e+00 1.818913119815899733e-03 2.176792929292929273e+02 3.210903574361994828e+01
2.557912035390546901e+00 1.811160408138717511e-03 2.097305764411027553e+02 3.071803215356684902e+01
2.564418003384666633e+00 1.924750488034227642e-03 2.004049586776859542e+02 3.590572899159992204e+01
2.570930014234638072e+00 1.852202887801034569e-03 1.978853658536585272e+02 3.021526648849635777e+01
2.577333690207623373e+00 1.816621428331073769e-03 1.938422982885085446e+02 2.973708136797321089e+01
2.583698900290759326e+00 1.840143410056186736e-03 1.890440097799510966e+02 3.053835336877885709e+01
2.590116643848396460e+00 1.922552353981257615e-03 1.855764294049008072e+02 3.058612226974619830e+01
2.596553429180498362e+00 1.801710981220896188e-03 1.845776699029126178e+02 2.673180369215784324e+01
2.602955615407046341e+00 1.842317350104424401e-03 1.843752941176470586e+02 2.640315614981057379e+01
2.609495359574187212e+00 1.911716238635802895e-03 1.821356898517673812e+02 3.169630311629438779e+01
2.615974071523933020e+00 1.844748521006626301e-03 1.837988235294117771e+02 2.662472087999639569e+01
2.622378270172453618e+00 1.832507040312451657e-03 1.835520467836257410e+02 2.699475768828125410e+01
2.628819659223405658e+00 1.883705983027747803e-03 1.817482758620689651e+02 3.262770877801645497e+01
2.635224897504864661e+00 1.872415782458078902e-03 1.837022988505747207e+02 2.738725262878782374e+01
2.641639659702591736e+00 1.816527212418568051e-03 1.829215686274509665e+02 2.704500048107044563e+01
2.648064596936881454e+00 1.851525790120274028e-03 1.811676168757126675e+02 2.982387539919733754e+01
2.654540339871488630e+00 1.920962172705038655e-03 1.808822882288228868e+02 2.902950373413725771e+01
2.661017435989672553e+00 1.820997431850269717e-03 1.808400000000000034e+02 2.687355449933207296e+01
2.667377750780578261e+00 1.839233884157700843e-03 1.801146424517593516e+02 2.687634136250417072e+01
2.673833255939705111e+00 1.922629864361171097e-03 1.774702058504875311e+02 3.121232985643476354e+01
2.680310332336410362e+00 1.829470795604572599e-03 1.776114221724524214e+02 2.587362202737073957e+01
2.686679530094181256e+00 1.809753184080302099e-03 1.767118834080717420e+02 2.544588176921067557e+01
2.693172569770623248e+00 1.920456143785719515e-03 1.743731501057082482e+02 2.975221226096565985e+01
2.699710169678059213e+00 1.845827250732203417e-03 1.745125408942202796e+02 2.457050075676036371e+01
2.706108723802718607e+00 1.808001129835774996e-03 1.734318936877076283e+02 2.400791197924071341e+01
2.712552861480932442e+00 1.909490143508341294e-03 1.709009483667017832e+02 2.844026868956597198e+01
2.719028861112676942e+00 1.848278151304674159e-03 1.717362162162162065e+02 2.331809117803165421e+01
2.725349625855669977e+00 1.780111837505188701e-03 1.711875693673695764e+02 2.328181086954927181e+01
2.731792001493120292e+00 1.927874637693306574e-03 1.691813524590163809e+02 2.714570736313746124e+01
2.738310186615081410e+00 1.835670255000661395e-03 1.705015974440894695e+02 2.200124038523996362e+01
2.744685257899765141e+00 1.793617037467074102e-03 1.704741379310344769e+02 2.183499675880886670e+01
2.751066800196758422e+00 1.878288467704576767e-03 1.716645702306079784e+02 2.129931266900258890e+01
2.757601512830000434e+00 1.862141664063760894e-03 1.743005524861878541e+02 1.533502653989467746e+01
2.764058068263966828e+00 1.836587841443396716e-03 1.760410022779043402e+02 1.522034683468038274e+01
2.770529172478649382e+00 1.887167826034379927e-03 1.795495495495495391e+02 1.539895023073811053e+01
2.776955143396238501e+00 1.821333560803167642e-03 1.906804245283018986e+02 1.702028047624980189e+01
2.783316304171964184e+00 1.843620978786204888e-03 2.218903301886792576e+02 2.798868308693222673e+01
2.789755116199374552e+00 1.895104686621155434e-03 2.771190751445086562e+02 4.516738111901761954e+01
2.796202065730379438e+00 1.823396814250311405e-03 3.446622754491017986e+02 5.574479298421340445e+01
2.802598215598055997e+00 1.839199823105454800e-03 4.080000000000000000e+02 5.611709315095156114e+01
2.809058618291326859e+00 1.891542357478581855e-03 4.590187134502924096e+02 5.234664842679434571e+01
2.815539484174618412e+00 1.814857361145085640e-03 4.942293689320388239e+02 4.761674308109941478e+01
2.821989463872399906e+00 1.865090624993398201e-03 5.135340501792114765e+02 4.512928214666133186e+01
2.828483713597702565e+00 1.883630524017047489e-03 5.307988095238094957e+02 4.365328490365666170e+01
2.834900904292738222e+00 1.791954038426357698e-03 5.419537500000000136e+02 4.653559447482110301e+01
2.841279989216558999e+00 1.876324795384782303e-03 5.493212560386473342e+02 4.746325641080758118e+01
2.847767858763501359e+00 1.886990809494324501e-03 5.560615942028985046e+02 4.892762969131010919e+01
2.854224446368732959e+00 1.845718501710050556e-03 5.656302729528536020e+02 4.956790279114886744e+01
2.860652227376856871e+00 1.895283512592607677e-03 5.708216019417475309e+02 4.924820233631344735e+01
2.867113210476443186e+00 1.859648482407798373e-03 5.702834158415842012e+02 5.039942417246441408e+01
2.873572830144707879e+00 1.886954548921765396e-03 5.630184275184275293e+02 4.758135076949846365e+01
2.879995266294152589e+00 1.874768549312584749e-03 5.511784386617100608e+02 4.549381377763270251e+01
2.886377499349285003e+00 1.822646243021190660e-03 5.391987341772152149e+02 4.585628344046866545e+01
2.892826601299819611e+00 1.901257081905588812e-03 5.250583232077764251e+02 4.722697010948337493e+01
2.899287209408602628e+00 1.837036175435869181e-03 5.081622641509433720e+02 4.677039097479778462e+01
2.905651471559458798e+00 1.820821310380915442e-03 4.843786531130876938e+02 4.407178417234707268e+01
2.912064357739847953e+00 1.885695667761764669e-03 4.564557739557739637e+02 3.998974628460501890e+01
2.918524733004972394e+00 1.831846772134888184e-03 4.303780025284449948e+02 3.651967855731844281e+01
2.925008101889499557e+00 1.898964803942654149e-03 4.052070645554202315e+02 3.691765874910527145e+01
2.931494571104498625e+00 1.860470468068603543e-03 3.871446229913473189e+02 3.963631364510712984e+01
2.937893251398651540e+00 1.817351826735809622e-03 3.698958594730238474e+02 4.348651346618957092e+01
2.944305546311252186e+00 1.880927000690213848e-03 3.496666666666666856e+02 4.579820664665531638e+01
2.950769139483569781e+00 1.826098071515048831e-03 3.421744471744471525e+02 4.026395408685181820e+01
2.957217893682505760e+00 1.858471812583063982e-03 3.534576271186440408e+02 3.654156932636114874e+01
2.963641657319503686e+00 1.840162297927921053e-03 3.883938650306748741e+02 3.584381530946275518e+01
2.970043842149071800e+00 1.832295957600710810e-03 4.257004950495049229e+02 3.599709869182511568e+01
2.976510225225458495e+00 1.909562939757382871e-03 4.536923990498812600e+02 3.056306559115007815e+01
2.983008757323797777e+00 1.820848808918005624e-03 4.752069392812887259e+02 2.550893732826751759e+01
2.989442833175567138e+00 1.860876473636659213e-03 4.911624242424242652e+02 2.515005627021255563e+01
2.995851322080832713e+00 1.818248084975540883e-03 5.032223602484472167e+02 2.509703948974923904e+01
3.002288071879581022e+00 1.866109072499165002e-03 5.095334957369062181e+02 2.458250326851137757e+01
3.008748785923475388e+00 1.879638502675874765e-03 5.129030303030302775e+02 2.495919446676418119e+01
3.015199648864150372e+00 1.825469582085792030e-03 5.142835820895522829e+02 2.552268591080456872e+01
3.021614952218953931e+00 1.867358907394168870e-03 5.147151515151515468e+02 2.532036611726246633e+01
3.028035269137849372e+00 1.805619228951016193e-03 5.181789737171463912e+02 2.699547048021698714e+01
3.034481983401863037e+00 1.885823396422961745e-03 5.168495788206979569e+02 2.847696404579028240e+01
3.040948636384726900e+00 1.846244746713175374e-03 5.089975308641975289e+02 2.859368385303214666e+01
3.047399548284976056e+00 1.866575050031695892e-03 4.899583843329253341e+02 3.251920708126489501e+01
3.053818065407082116e+00 1.858882463793821993e-03 4.679950859950860149e+02 3.736055112851663296e+01
3.060168791671987076e+00 1.792825745411367891e-03 4.474987277353689592e+02 4.143672937493915498e+01
3.066596020837712544e+00 1.927764682785730512e-03 4.250722748815165914e+02 4.662675308963094523e+01
3.073140751332767540e+00 1.856356834428901387e-03 4.010716934487020922e+02 5.135052369402585271e+01
3.079593295930210139e+00 1.886716362797553155e-03 3.641963636363636283e+02 6.366924366151800996e+01
3.086017154762366044e+00 1.830431539716442747e-03 3.311025000000000205e+02 7.037349196874485813e+01
3.092486513109037993e+00 1.905108961471654438e-03 2.935791366906474877e+02 7.706605015484413457e+01
3.098964516853627060e+00 1.852397442341169754e-03 2.673745364647713245e+02 7.351056607779203489e+01
3.105440922044128804e+00 1.880034527507769499e-03 2.422375757575757689e+02 6.891612533056772349e+01
3.111821301298671738e+00 1.810318297736169049e-03 2.256742138364779748e+02 6.087157628560057532e+01
3.118233335063332667e+00 1.868901341642052608e-03 2.101632155907429933e+02 5.310188644371454103e+01
3.124683867316949026e+00 1.865189586864977357e-03 1.980122100122100051e+02 4.435878651999080802e+01
3.131144652615997170e+00 1.844489775254080271e-03 1.893259259259259295e+02 3.486278714840389625e+01
3.137527951480249655e+00 1.850518740970626434e-03 1.830221402214022248e+02 2.469580300121520011e+01
3.143946084488824955e+00 1.842734159383119935e-03 1.787955390334572598e+02 1.670830212648433744e+01
3.150358822729363073e+00 1.875642417003805899e-03 1.746771844660194120e+02 1.173828729652918490e+01
3.156784286039504561e+00 1.823981601210612454e-03 1.711674999999999898e+02 9.107875884365135732e+00
3.163270120323041557e+00 1.930117905744787839e-03 1.692016509433962312e+02 8.127065727214258573e+00
3.169756141428992979e+00 1.817110211355118556e-03 1.688969849246231263e+02 7.808838066297568936e+00
3.176136715832639901e+00 1.869400486556539428e-03 1.682569696969696906e+02 7.904258874574536797e+00
3.182603852824878121e+00 1.855271636042648588e-03 1.671840490797546011e+02 7.472614762935067212e+00
3.189050645908320547e+00 1.867823016262818358e-03 1.661587878787878765e+02 7.289041802243808377e+00
3.195475202712392715e+00 1.830177604982121797e-03 1.654243176178659951e+02 7.230716435053547109e+00
3.201930699474990760e+00 1.890160737295187680e-03 1.641983273596176787e+02 7.122689609326247506e+00
3.208380198036255848e+00 1.818817371399450607e-03 1.634034869240348655e+02 6.694235891889375623e+00
3.214769441202507405e+00 1.856295446885927562e-03 1.625000000000000000e+02 6.931749453452345833e+00
3.221219946103295317e+00 1.854520719188760538e-03 1.595745721271393620e+02 7.367868328563954350e+00
3.227683765295594753e+00 1.874065427032763596e-03 1.557749699157641317e+02 8.779056575120943506e+00
3.234131017772435612e+00 1.840716304877563787e-03 1.533329223181257817e+02 1.081006540462687582e+01
3.240599979113187423e+00 1.901252405176113557e-03 1.523451957295373802e+02 1.323099336165734208e+01
3.247028333220890239e+00 1.799593188369970169e-03 1.553119496855345858e+02 1.432005887112705445e+01
3.253443203786942295e+00 1.907653420062672836e-03 1.581933962264151035e+02 1.482716768074382863e+01
3.259883502116921683e+00 1.795580006981134817e-03 1.600831234256926905e+02 1.417463041234627497e+01
3.266300345605878341e+00 1.923600185575663262e-03 1.596647127784290774e+02 1.352526932802285309e+01
3.272853483066015201e+00 1.856140221165968399e-03 1.594170731707316975e+02 1.317206847326441554e+01
3.279208055010873757e+00 1.838273880463746476e-03 1.596711656441717651e+02 1.246745670771022141e+01
3.285677511815711327e+00 1.882917816817657360e-03 1.587303102625298266e+02 1.204653766544780957e+01
3.292103848527159204e+00 1.835553428200827411e-03 1.577968176254589991e+02 1.189293674252200006e+01
3.298586108799094418e+00 1.888317585372828586e-03 1.563396674584323023e+02 1.158912560435735273e+01
3.305031100311709658e+00 1.850386223069815962e-03 1.559427527405602802e+02 1.146345419729284920e+01
3.311493553422723224e+00 1.868513817595845007e-03 1.548162291169450953e+02 1.175569305605052683e+01
3.317903636599865536e+00 1.824831080609758517e-03 1.534957055214723880e+02 1.289634135946837290e+01
3.324331097200103002e+00 1.867240715589447552e-03 1.499857142857142946e+02 1.537251003011058437e+01
3.330698991454875468e+00 1.802295415888940022e-03 1.461558603491271811e+02 1.822790307521921349e+01
3.337129369178693850e+00 1.924555404658041986e-03 1.402218350754936012e+02 2.131378454286498680e+01
3.343680207265053550e+00 1.861922247852822480e-03 1.354740651387213575e+02 2.337934316722319750e+01
3.350044083295126374e+00 1.835162792558274860e-03 1.323839611178614746e+02 2.402431565533167301e+01
3.356505604070456616e+00 1.871227406804753775e-03 1.299123222748815181e+02 2.366145064546232746e+01
3.362916001860436488e+00 1.833654571443432820e-03 1.279390986601705293e+02 2.293253607338728983e+01
3.369285096640512123e+00 1.875337531839301689e-03 1.257682926829268268e+02 2.137121793390783964e+01
3.375802434903234950e+00 1.848095989791553092e-03 1.243328822733423493e+02 2.071386492323991035e+01
3.382214916359785661e+00 1.843501739730700950e-03 1.219382022471910147e+02 1.953710166412009031e+01
3.388621595555129762e+00 1.837214591020290208e-03 1.198981077147015952e+02 1.783291224989855195e+01
3.395087870480640202e+00 1.897809126909797642e-03 1.187674418604651123e+02 1.638488553637230183e+01
3.401600099274715294e+00 1.862825267528726196e-03 1.172368024132729971e+02 1.522922187207385747e+01
3.408008587822927371e+00 1.829521772960810344e-03 1.159596273291925428e+02 1.446214323190290330e+01
3.414429009776510870e+00 1.863403552598411495e-03 1.166857585139318871e+02 1.332644980099790821e+01
3.420895508941175223e+00 1.876279003669552520e-03 1.219968701095461654e+02 1.313335898869831375e+01
3.427361199308996742e+00 1.871984655860910217e-03 1.329145569620253298e+02 1.385630943390137659e+01
3.433789816721534383e+00 1.835455874914732619e-03 1.472045454545454675e+02 1.624585021029955101e+01
3.440207803416203358e+00 1.864980166185075923e-03 1.604158576051779903e+02 1.712567956051688256e+01
3.446682336316245543e+00 1.886495457043324163e-03 1.674780487804877964e+02 1.454787061261857772e+01
3.453142116062292821e+00 1.850491205141300763e-03 1.718957983193277244e+02 1.375459802687341160e+01
3.459552608189105705e+00 1.840426776601197887e-03 1.760154109589041127e+02 1.421163886755968342e+01
3.466037827277117955e+00 1.895781883946169978e-03 1.780475382003395453e+02 1.420853162414806192e+01
3.472473653977210972e+00 1.828931698347952819e-03 1.791717352415026880e+02 1.395794124169898254e+01
3.478868831430015351e+00 1.849798838882201271e-03 1.785732142857142719e+02 1.448173550598498238e+01
3.485296939778874226e+00 1.846836384750711896e-03 1.771062271062270952e+02 1.642871966316795351e+01
3.491740378822062674e+00 1.892374048568714641e-03 1.753533697632058193e+02 2.122860219724794106e+01
3.498222076309955408e+00 1.850392789083453492e-03 1.740845864661654048e+02 2.625916518106690489e+01
3.504611891581455030e+00 1.828338000025509641e-03 1.723184466019417584e+02 3.019606137770269072e+01
3.511032309223517167e+00 1.894740202114146826e-03 1.703015267175572660e+02 3.244656971204967988e+01
3.517510811405253346e+00 1.847376399887671770e-03 1.648557312252964380e+02 3.418276049185063670e+01
3.523886222494890585e+00 1.819823680849573695e-03 1.585664621676891670e+02 3.545407053453420332e+01
3.530333766363422221e+00 1.913949961282706506e-03 1.555029702970296910e+02 3.704200849169381371e+01
3.536838628960300657e+00 1.837400593869444173e-03 1.481291666666666629e+02 3.649412398002511537e+01
3.543212277439104163e+00 1.824314092004992007e-03 1.436466809421841617e+02 3.508705444746795621e+01
3.549634251627681092e+00 1.895848120010211945e-03 1.426827731092436977e+02 3.535010315534747605e+01
3.556117060308725097e+00 1.842284182035823720e-03 1.377052401746724968e+02 3.299890538953926722e+01
3.562580790750173865e+00 1.873137250446494902e-03 1.374078947368421098e+02 3.022849893674190014e+01
3.569027121761189303e+00 1.864198494303047999e-03 1.381779279279279251e+02 2.626009551134406905e+01
3.575415228040989657e+00 1.829283293316363293e-03 1.401299303944315682e+02 2.109358518669960603e+01
3.581824267593239686e+00 1.860007523854312686e-03 1.448259860788863023e+02 1.732256919679397811e+01
3.588330065081806630e+00 1.895947895659538546e-03 1.478932714617169495e+02 1.293110279109006022e+01
3.594804804657118602e+00 1.838793340235311087e-03 1.497146341463414672e+02 1.073895653164027131e+01
3.601203120605045882e+00 1.866742151695356807e-03 1.515196078431372655e+02 1.012221430391869426e+01
3.607629953215138574e+00 1.849946976811765471e-03 1.507969924812030058e+02 7.378651278884589715e+00
3.614090854913730499e+00 1.868416365547433599e-03 1.508964646464646364e+02 6.864057226154074876e+00
3.620574720227974552e+00 1.873754476683962313e-03 1.508611825192801916e+02 7.382910343332553360e+00
3.627004027770476924e+00 1.835919208150294619e-03 1.508743315508021396e+02 8.287605576301166010e+00
3.633382280898821648e+00 1.849285921997263250e-03 1.499322493224932202e+02 9.319565699661705338e+00
3.639818201334091174e+00 1.872714577785467623e-03 1.470817438692098165e+02 1.040339357593921754e+01
3.646271849872324999e+00 1.848931603973280732e-03 1.441207865168539399e+02 1.221206887917888295e+01
3.652754025121335069e+00 1.886957975833729447e-03 1.406657303370786565e+02 1.423990748853942812e+01
3.659208746855755479e+00 1.834720162372708565e-03 1.357345132743362797e+02 1.695228778322977803e+01
3.665582835495777569e+00 1.840575612045432024e-03 1.296276276276276178e+02 1.915477135405135911e+01
3.672040343112283445e+00 1.886479483533069204e-03 1.229131736526946099e+02 2.030054092149595135e+01
3.678529717319615866e+00 1.858096912976999176e-03 1.168788819875776426e+02 2.078872987192574229e+01
3.684932562337432049e+00 1.835190244932949138e-03 1.106463022508038563e+02 2.093672441956251262e+01
3.691340469028411508e+00 1.865394116403416890e-03 1.053203883495145590e+02 1.839503608483250474e+01
3.697825917576230470e+00 1.878575472322643403e-03 1.023157894736842053e+02 1.537064016062338290e+01
3.704288468942850354e+00 1.854378416201764085e-03 1.027781569965870290e+02 1.267220741722490018e+01
3.710695071708606907e+00 1.843173339766954189e-03 1.037368421052631646e+02 9.454043969033627093e+00
3.717119980493126530e+00 1.858275420549158159e-03 1.061892857142857167e+02 7.553891415039279522e+00
3.723579054116692877e+00 1.875547371405369762e-03 1.077345454545454544e+02 6.406631894482856637e+00
3.730020297411832164e+00 1.843995263516665269e-03 1.087159090909090935e+02 5.991916616433512033e+00
3.736426917509388268e+00 1.851423495632689448e-03 1.097209302325581461e+02 6.499739978990198175e+00
3.742862848593606184e+00 1.866246695943705233e-03 1.091541501976284536e+02 6.298297119907320329e+00
3.749304155234212121e+00 1.850203366498975400e-03 1.087704918032786878e+02 6.645569839752518249e+00
3.755769545342233950e+00 1.881542671327423493e-03 1.085892116182572664e+02 6.458588531304981117e+00
3.762207580716425692e+00 1.832713059301602828e-03 1.088815789473684248e+02 5.328129675190133696e+00
3.768650259547695391e+00 1.882711660849632198e-03 1.085506607929515468e+02 5.742920584125144501e+00
3.775101190588130873e+00 1.841328330998877110e-03 1.077069767441860506e+02 6.109179715663088928e+00
3.781544745172108257e+00 1.876261972947606757e-03 1.062877358490566024e+02 6.618917944777752638e+00
3.787984350729691752e+00 1.841817734800533721e-03 1.048457711442786007e+02 8.043743799470924216e+00
3.794443778523244770e+00 1.888119406057294294e-03 1.014974874371859244e+02 1.030227721110489014e+01
3.800887998049732097e+00 1.829598834944004332e-03 9.769892473118279952e+01 1.150241646179755506e+01
3.807319286871066577e+00 1.879776389761753357e-03 9.472826086956521863e+01 1.125667466351191948e+01
3.813728772969168901e+00 1.816176537965013323e-03 9.334502923976607747e+01 9.866947691615942873e+00
3.820127884734960233e+00 1.870328496078344947e-03 9.081065088757397064e+01 7.941633042417270971e+00
3.826558902351690605e+00 1.840091099185570860e-03 8.957861635220125152e+01 6.173765714215530664e+00
3.832976717434447789e+00 1.862754303780558536e-03 8.785714285714286120e+01 4.784114871325815699e+00
3.839467489846226655e+00 1.881591717002498556e-03 8.662837837837837185e+01 4.628925791261732314e+00
3.845958738964208923e+00 1.872212223355807642e-03 8.656428571428571672e+01 4.490454729030166625e+00
3.852379013358490312e+00 1.829949564810406546e-03 8.675384615384615472e+01 4.730325182411984741e+00
3.858770514458473411e+00 1.860590576749386821e-03 8.527200000000000557e+01 5.490372664947252623e+00
3.865201312403456324e+00 1.846877382617491750e-03 8.529914529914529453e+01 5.896420078499216011e+00
3.871669834970288271e+00 1.885989225799452511e-03 8.587500000000000000e+01 6.081386267009474267e+00
3.878154213609482870e+00 1.855219997046820071e-03 8.327184466019417641e+01 5.639372851393711805e+00
3.884570297975108666e+00 1.842018581107749764e-03 8.077894736842105772e+01 6.750545273964530857e+00
3.891030549524630455e+00 1.892572859664069882e-03 7.790000000000000568e+01 6.550657303745260229e+00
3.897480132485925619e+00 1.830223622249431631e-03 7.503749999999999432e+01 6.563083307409710798e+00
3.903837790606199842e+00 1.833538786489578550e-03 7.149315068493150704e+01 5.919250838875303344e+00
3.910297958451704581e+00 1.898394991490752427e-03 6.697058823529411598e+01 3.851874571719980267e+00
3.916760076293909876e+00 1.823271174774054393e-03 6.637931034482758719e+01 3.671968566179549587e+00
3.923205856217289345e+00 1.907998375040481686e-03 6.588679245283019270e+01 2.368056073922601090e+00
3.929647757040283906e+00 1.804292177573046203e-03 6.618604651162790731e+01 2.806544156566621151e+00
3.936002968608691699e+00 1.864030959871269735e-03 6.721621621621621046e+01 5.087043655040068835e+00
3.942404476100300759e+00 1.828532384993888883e-03 6.617241379310344485e+01 3.992710361212976178e+00
3.948822507765122225e+00 1.871711324841116540e-03 6.622727272727273373e+01 4.145594096534673589e+00
3.955157590966607906e+00 1.825831164639231917e-03 6.664285714285713880e+01 3.092122974559051940e+00
3.961507824082775464e+00 1.968979546566614058e-03 7.400000000000000000e+01 5.631543812693435846e+00
