# q qerr I(q) I(q)err
8.294532032279089417e-03 3.215448162638725495e-03 8.333333333333333703e-01 2.763393653144143869e+01
1.547771440847061503e-02 1.298069176105710962e-03 5.000000000000000000e-01 5.400617248673216242e-01
2.114153426598287117e-02 1.953452460535632252e-03 4.000000000000000222e-01 5.099019513592785158e-01
2.708829541553820289e-02 1.932501425123600049e-03 3.333333333333333148e-01 4.859126579037749694e-01
3.424760286937652415e-02 2.393094809829984012e-03 4.318181818181818232e-01 5.051388811566560610e-01
4.134659872356089005e-02 1.444308516548141333e-03 5.000000000000000000e-01 5.137011669140814085e-01
4.709622292726145520e-02 1.633576272088444088e-03 5.250000000000000222e-01 5.123475382979800763e-01
5.289360403025952090e-02 1.994215660312892175e-03 4.791666666666666852e-01 5.094591358598951070e-01
5.941266175682404643e-02 2.038777625163953021e-03 5.600000000000000533e-01 5.075431016179806631e-01
6.623959740571712385e-02 2.014614798769268252e-03 5.000000000000000000e-01 5.091750772173155859e-01
7.251770781946841049e-02 1.767162065969994948e-03 6.250000000000000000e-01 5.376453291901641673e-01
7.836204892921720677e-02 1.794558473909566021e-03 9.000000000000000222e-01 9.528903399657276951e-01
8.476368586159346852e-02 2.173163639586968114e-03 2.125000000000000000e+00 4.954677398680967570e+00
9.171767809022127182e-02 2.151270969520740432e-03 7.955882352941176627e+00 2.093997848523101624e+01
9.840741527280037759e-02 1.879523288412654567e-03 2.043333333333333357e+01 4.988005056577675589e+01
1.046713563714864598e-01 1.717715818177843919e-03 4.760000000000000142e+01 9.245881245181553254e+01
1.108696467093386595e-01 1.978629817275711061e-03 7.749056603773584584e+01 1.305141310826009828e+02
1.174911181025048434e-01 2.151142134119994175e-03 1.087377049180327901e+02 1.651352421890796904e+02
1.240901985761322518e-01 1.682567093931450772e-03 1.559000000000000057e+02 2.052271132185024101e+02
1.302695169190241364e-01 1.981638030988197227e-03 1.734915254237288025e+02 2.249537141577311559e+02
1.366843399328758479e-01 1.885635125754002352e-03 2.165357142857142776e+02 2.605198259622245018e+02
1.431380625310322841e-01 2.037281709542672608e-03 2.402580645161290249e+02 2.751210914931664320e+02
1.497407916800755912e-01 2.013243134106564892e-03 2.707936507936507837e+02 3.025472575210519040e+02
1.560440161600273323e-01 1.800320108738214832e-03 2.960350877192982466e+02 3.226326998826201020e+02
1.626324968867556287e-01 2.166758397174068339e-03 3.263648648648648418e+02 3.336233819644928076e+02
1.693678508908615654e-01 1.711853084056604935e-03 3.454333333333333371e+02 3.570678312465449267e+02
1.755753172360756398e-01 1.940749690505284321e-03 3.772753623188405641e+02 3.608489395188224762e+02
1.819629297477835528e-01 1.792019476258344991e-03 3.936000000000000227e+02 3.794459361510390636e+02
1.883474920212158954e-01 1.982820530303366913e-03 4.038055555555555429e+02 3.936893706996061155e+02
1.949500334927739553e-01 1.985593967279970003e-03 4.362400000000000091e+02 3.958677880302968788e+02
2.014306324154557237e-01 1.750557958225071797e-03 4.474927536231883778e+02 4.094806668319478717e+02
2.076332073357673447e-01 1.865361520913360683e-03 4.787702702702702595e+02 4.112082043965547200e+02
2.140129245322099916e-01 1.882829286684015863e-03 4.760666666666666629e+02 4.236192116092522610e+02
2.204163405633874917e-01 1.951475208267544961e-03 5.089615384615384528e+02 4.218076461318663632e+02
2.268599176829277919e-01 1.954094669929957399e-03 5.075124999999999886e+02 4.333039276881758610e+02
2.335135695299082048e-01 1.986313139076756155e-03 5.188117647058822968e+02 4.423252702546874389e+02
2.400224779461884173e-01 1.823737618079871109e-03 5.436250000000000000e+02 4.403110033686417637e+02
2.464005577519743639e-01 1.894426896505377799e-03 5.573882352941176350e+02 4.411967358482871759e+02
2.528350385827773383e-01 1.829527638271931031e-03 5.702380952380951840e+02 4.466073096158051499e+02
2.590859102888302123e-01 1.817056121189442432e-03 5.747142857142856656e+02 4.521663444587893537e+02
2.654612130450557106e-01 1.918447197659697845e-03 5.788539325842696144e+02 4.544828392584328185e+02
2.718942366720529247e-01 1.942478483450333455e-03 6.028131868131868032e+02 4.400859635976059963e+02
2.784185743669774227e-01 1.921358219378808702e-03 6.005053763440860166e+02 4.353222975188348869e+02
2.849156375412667530e-01 1.882334819595186037e-03 6.436702127659574444e+02 4.056463511484979563e+02
2.911870294677750826e-01 1.766712284927822799e-03 6.523707865168539684e+02 3.843658886353222783e+02
2.976511517037133681e-01 2.019527329980297554e-03 6.980194174757281189e+02 3.495057256164271848e+02
3.043178155919494809e-01 1.919359421117726450e-03 7.164299999999999500e+02 3.212770290574786713e+02
3.108074081907638564e-01 1.815555258398614735e-03 7.438367346938775881e+02 2.982548428279146719e+02
3.170970610330232087e-01 1.826000353424227750e-03 7.589797979797980361e+02 2.859672747292955819e+02
3.235319739834495723e-01 1.908097576542081529e-03 7.649523809523809632e+02 2.773585905558038576e+02
3.300700059726238145e-01 1.867687188749142220e-03 7.915660377358490223e+02 2.617259045111958926e+02
3.365262003550894554e-01 1.808122422876843900e-03 7.898285714285714221e+02 2.579685241570806511e+02
3.429039324965278412e-01 1.810371451943152679e-03 8.091132075471698499e+02 2.429467243935518468e+02
3.492243179790229801e-01 1.835371710213073819e-03 8.158518518518518476e+02 2.319039847908301510e+02
3.555659880086458058e-01 1.813249007222180170e-03 8.227870370370370665e+02 2.221528271276849011e+02
3.620245372922214488e-01 1.918012235727336494e-03 8.364017094017093541e+02 2.106067044120679270e+02
3.685406119477664388e-01 1.798147481859587110e-03 8.341171171171171181e+02 2.064244641770013402e+02
3.750909242308860247e-01 1.967614233492519498e-03 8.518629032258064626e+02 1.961102087343315645e+02
3.816999037813160189e-01 1.752662604176019427e-03 8.492695652173913459e+02 1.852774162789053207e+02
3.880273799716012495e-01 1.749306826939258557e-03 8.538793103448275588e+02 1.737950683215419190e+02
3.942361145945514900e-01 1.745527907058957431e-03 8.562068965517241850e+02 1.655326627155006634e+02
4.006128291384035145e-01 1.852638254231622501e-03 8.621951219512195621e+02 1.562213228889180812e+02
4.070503578694664726e-01 1.848743254130127446e-03 8.656532258064515872e+02 1.520201000593682750e+02
4.135933781829447264e-01 1.871256654943844995e-03 8.659302325581395507e+02 1.461612230340282679e+02
4.202179442533061082e-01 1.832712641984981681e-03 8.745923076923077133e+02 1.387320600908147128e+02
4.266798115557093873e-01 1.759393680741872749e-03 8.787952755905512277e+02 1.308857611054957886e+02
4.330910535146235696e-01 1.771858374752960505e-03 8.842307692307692832e+02 1.248532463978997669e+02
4.395078467689783608e-01 1.772659720438770270e-03 8.828181818181818699e+02 1.206916448661458361e+02
4.457793319829173595e-01 1.654526338047628432e-03 8.724160000000000537e+02 1.168885549230548122e+02
4.521562795609589402e-01 1.887763445894669913e-03 8.746901408450704594e+02 1.093618189269006109e+02
4.587656575942579140e-01 1.769717907920350091e-03 8.613795620437956586e+02 1.034943364696009098e+02
4.652405449529313231e-01 1.746242423612376143e-03 8.556115107913668680e+02 9.907560637034356432e+01
4.716282944699034529e-01 1.704407088516023735e-03 8.464014598540145471e+02 9.305454491690655061e+01
4.780637153179891352e-01 1.798647074538550902e-03 8.415000000000000000e+02 8.670558020617178840e+01
4.844976548260259142e-01 1.723433333189145671e-03 8.350000000000000000e+02 8.267921209515760950e+01
4.908596034113225648e-01 1.665744062354685903e-03 8.259219858156028522e+02 8.071023662872732984e+01
4.972011979785150859e-01 1.734256865849588200e-03 8.265068493150685072e+02 7.841289557069566740e+01
5.036178995103413047e-01 1.747915368961153139e-03 8.248851351351351013e+02 7.849814649354365770e+01
5.101756467004687767e-01 1.800451491856020327e-03 8.315419354838709296e+02 8.275272217936841912e+01
5.166235656727934389e-01 1.648057805296297825e-03 8.404149659863945772e+02 8.974870821425788847e+01
5.229884928033705638e-01 1.714260039451578075e-03 8.434539473684210407e+02 8.976361982784750637e+01
5.293925748937229336e-01 1.756900675637705763e-03 8.320320512820512704e+02 8.232443914619982195e+01
5.357749724968067229e-01 1.647361260156582873e-03 8.132119205298013185e+02 7.142468967003476621e+01
5.422269581426349960e-01 1.797131621318817348e-03 8.016951219512195621e+02 6.417993243178311502e+01
5.488258977193463117e-01 1.752106618123457169e-03 7.940993788819876045e+02 6.293053003640736875e+01
5.552607346015674405e-01 1.711536068502800701e-03 7.961000000000000227e+02 6.679233208235807240e+01
5.616696921416424182e-01 1.713298320607429745e-03 8.017484662576687242e+02 7.377533611105762645e+01
5.680596363279470928e-01 1.671719726027721563e-03 8.005874999999999773e+02 7.613406606523126641e+01
5.744116486855085357e-01 1.773350792090137981e-03 7.879583333333333712e+02 6.589885226738572044e+01
5.808465417437830292e-01 1.706594120505047427e-03 7.718545454545454731e+02 5.732292172745473380e+01
5.872915480827241019e-01 1.773275249674210931e-03 7.633236994219653297e+02 5.347719499540745858e+01
5.936297343998458986e-01 1.608871723183330060e-03 7.547716049382715937e+02 5.281900851414781783e+01
6.000917821228005655e-01 1.852508397134843563e-03 7.507692307692307168e+02 4.912381066552777753e+01
6.066068710033430955e-01 1.719733697199352486e-03 7.439824561403509051e+02 4.890502370925999998e+01
6.129319261090041548e-01 1.700305612135823196e-03 7.419883720930232585e+02 4.739860445376439202e+01
6.193292159447265632e-01 1.792945791870086646e-03 7.371555555555555657e+02 4.503892143962202255e+01
6.257789288608107681e-01 1.769335618302108433e-03 7.317175141242937570e+02 4.405335704326716240e+01
6.322945183878984077e-01 1.883051681004075783e-03 7.268306878306877934e+02 4.225354389810721756e+01
6.387697914265673127e-01 1.734308686986089703e-03 7.212443181818181301e+02 4.329154196709133373e+01
6.450797878865883739e-01 1.812617312363664322e-03 7.185597826086956275e+02 4.232675059773157500e+01
6.514777522098027518e-01 1.807195130708317372e-03 7.156594594594594128e+02 4.271345160645913097e+01
6.579453254174412180e-01 1.840076954070700866e-03 7.158095238095238528e+02 4.448571213351768705e+01
6.642487788958216788e-01 1.761967380250493336e-03 7.196428571428571104e+02 4.830178872825010217e+01
6.707545140871414846e-01 1.952870522822350513e-03 7.265950000000000273e+02 4.994410826113526980e+01
6.772291234912055646e-01 1.844192786587162299e-03 7.206455026455026882e+02 4.899918443225249121e+01
6.834443396870620857e-01 1.745041746211572261e-03 7.059728260869565020e+02 4.592957966068472331e+01
6.899300657465672337e-01 1.988575045799213618e-03 6.933381642512077860e+02 4.241830264586122468e+01
6.965346490814943170e-01 1.967867873463197050e-03 6.805477386934672950e+02 4.426041280664472310e+01
7.030970487636396538e-01 2.020648629947002003e-03 6.730485436893203541e+02 4.392240306278437600e+01
7.095716427219228573e-01 1.946516927103622520e-03 6.681313131313131635e+02 4.526045373816341311e+01
7.160970279381224657e-01 2.044543341153194464e-03 6.656428571428571104e+02 4.445767688502859016e+01
7.226116891734091219e-01 2.004959656352403585e-03 6.628536585365853853e+02 4.296898844371675352e+01
7.291288619178314390e-01 2.011427705279334160e-03 6.608476190476189913e+02 4.497671203912464932e+01
7.356079106374427967e-01 1.973711099579897668e-03 6.623365384615384528e+02 4.268054292593596699e+01
7.419803430714648762e-01 1.939746738906150680e-03 6.624585365853658914e+02 4.546879691787363242e+01
7.484516812817442188e-01 2.022257641999446187e-03 6.610499999999999545e+02 4.246835720435114325e+01
7.549512183205485671e-01 1.898119824350936232e-03 6.502932692307692832e+02 4.605564171603452195e+01
7.613853957290165342e-01 1.973382858640895885e-03 6.407090909090909463e+02 4.382880388040240405e+01
7.678481984516135617e-01 1.903941598965435333e-03 6.335209302325581575e+02 4.713588356804611834e+01
7.743372045322526320e-01 1.915374251326664194e-03 6.307207207207206920e+02 4.447255482268565885e+01
7.807807857039134047e-01 1.872160005679921477e-03 6.263990825688073301e+02 4.414055318317716825e+01
7.871827117013717734e-01 1.874571936203420349e-03 6.215837104072397779e+02 4.372017587553440876e+01
7.935705088346153291e-01 1.846468364235832015e-03 6.168161434977578210e+02 4.425001725453316936e+01
7.999497029225959288e-01 1.794315080242126848e-03 6.118447488584474740e+02 4.548654104770142936e+01
8.063895263538338742e-01 1.919941342275102670e-03 6.079830508474576618e+02 4.388650207793506297e+01
8.129038415374738591e-01 1.785391972586650427e-03 6.038177777777777919e+02 4.480939121144965043e+01
8.193543447618309994e-01 1.828478467253065801e-03 5.994085106382979120e+02 4.387167900939815723e+01
8.257450256705209934e-01 1.731942097964038994e-03 5.949196428571428896e+02 4.494637048424079495e+01
8.321389716972604766e-01 1.845140229989535984e-03 5.917541666666667197e+02 4.416881677156407449e+01
8.386208936931099922e-01 1.751195931903918061e-03 5.868589743589743648e+02 4.521332177975702393e+01
8.449970631363269424e-01 1.723661030767332288e-03 5.823060344827586050e+02 4.581877615362952127e+01
8.513046230100612677e-01 1.773741526074865430e-03 5.788655462184873386e+02 4.550623574525323534e+01
8.578256185292513214e-01 1.822821089358022794e-03 5.753765182186234597e+02 4.415721637961684110e+01
8.643009097266359797e-01 1.747841479780405487e-03 5.709502074688796256e+02 4.390731244200747341e+01
8.706520843132705689e-01 1.718512007701664341e-03 5.667647058823529278e+02 4.422296393056165442e+01
8.770655084888429043e-01 1.823306464836067656e-03 5.641185770750988695e+02 4.323383251313721587e+01
8.835379301005906738e-01 1.720994191554163586e-03 5.600576131687242878e+02 4.402595806632310627e+01
8.899818591232092624e-01 1.816014583941305376e-03 5.570352941176470267e+02 4.415683801761574756e+01
8.963154830142930907e-01 1.686559403020368615e-03 5.515583333333332803e+02 4.604937303530250858e+01
9.027402481510985455e-01 1.849914512401526186e-03 5.496068702290076544e+02 4.514683907272848273e+01
9.092741475074460622e-01 1.818523953956779297e-03 5.466549019607842865e+02 4.613213274567679179e+01
9.156513574886713247e-01 1.799905876070713017e-03 5.438412698412698774e+02 4.663074689309091525e+01
9.219738414041327434e-01 1.816254378221876130e-03 5.413085937500000000e+02 4.672684627536719404e+01
9.284093843578240524e-01 1.864548344913183461e-03 5.400038461538460979e+02 4.682475512277338225e+01
9.348720171621091035e-01 1.939851900461452830e-03 5.407265917602995842e+02 4.697627769290721744e+01
9.413551784733346084e-01 1.927152036582965508e-03 5.412290076335877984e+02 5.362043192342851938e+01
9.478756351150825488e-01 2.022964964773094239e-03 5.457173913043478706e+02 5.406201732340594646e+01
9.544794314844599059e-01 1.995588314593873917e-03 5.554391143911439030e+02 5.515868368276806422e+01
9.609640598131067302e-01 1.976081289299603128e-03 5.805036764705882888e+02 6.219533094354005698e+01
9.673540511875814429e-01 1.900963898517757681e-03 6.342234848484848726e+02 8.866014524915615880e+01
9.738764300010358532e-01 2.020370959177093719e-03 7.350486111111110858e+02 1.392578589450903621e+02
9.803887395962943563e-01 1.868024915732807104e-03 8.884794007490636432e+02 1.991027731914540482e+02
9.867609507399704993e-01 1.907798179635916648e-03 1.069207885304659385e+03 2.463271650146390641e+02
9.931792738827067701e-01 1.861169570246367679e-03 1.235970909090909117e+03 2.920620714734941430e+02
9.997024529712079666e-01 1.929714342920701943e-03 1.367585616438356055e+03 3.286353708962690803e+02
1.006152710574202525e+00 1.760100644785859590e-03 1.477415441176470495e+03 3.910128978549523708e+02
1.012546487448541255e+00 1.858180627704414780e-03 1.526131487889273330e+03 4.206707246748177340e+02
1.018988798098918291e+00 1.803978976354649174e-03 1.546443661971831034e+03 4.464748409479353199e+02
1.025394048634321598e+00 1.775790568352827222e-03 1.539421052631578959e+03 4.909209494185637936e+02
1.031778999059903112e+00 1.783042104657854955e-03 1.502948096885813129e+03 5.983066681049022009e+02
1.038243195035333466e+00 1.800042721148124251e-03 1.482897610921501609e+03 8.295234493307297043e+02
1.044593270705168830e+00 1.728638088187854378e-03 1.320706293706293764e+03 9.090024195367435595e+02
1.051019473275584426e+00 1.807666001326826760e-03 9.916053511705686105e+02 6.392939223757615537e+02
1.057452118334604840e+00 1.764796907398143069e-03 6.924610169491525085e+02 2.968051564419808415e+02
1.063812741872586898e+00 1.735604614353873946e-03 5.583082191780821404e+02 1.345635838972710587e+02
1.070275566257694377e+00 1.860876787998901613e-03 5.036451612903225623e+02 7.273071439094253776e+01
1.076675486865225739e+00 1.737707282280460301e-03 4.781718213058419451e+02 5.373038140344339553e+01
1.083000003099001241e+00 1.811785629637566912e-03 4.639506578947368212e+02 4.397749912583570620e+01
1.089457558406981885e+00 1.875700427842611059e-03 4.538409090909090651e+02 3.957472979678804847e+01
1.095857128634095679e+00 1.865882195591197666e-03 4.479144736842105203e+02 3.819460603578117031e+01
1.102286980210992473e+00 1.937596539280167377e-03 4.411086261980830727e+02 4.282289164681770899e+01
1.108924588094037933e+00 2.035521144429528872e-03 4.382621951219512084e+02 3.958749623266727014e+01
1.115518250266801070e+00 1.963453062553008333e-03 4.322626582278480782e+02 4.005152780889826403e+01
1.121980766162010701e+00 1.920251373127695831e-03 4.274808917197452161e+02 3.747805584019309322e+01
1.128426312748922689e+00 1.950613960551148517e-03 4.227391304347826235e+02 3.503267445932664259e+01
1.134959239864979930e+00 1.915365560061970144e-03 4.196584615384615518e+02 3.540303106068778760e+01
1.141388067807542761e+00 1.819889318180962796e-03 4.158285714285714221e+02 3.583031311429584065e+01
1.147829738822878420e+00 1.877407927217479219e-03 4.128875379939210006e+02 3.502269027609942498e+01
1.154234759887723172e+00 1.796226287448233561e-03 4.089059561128526639e+02 3.502619193013929078e+01
1.160592008141087206e+00 1.784421184300352767e-03 4.065386996904024954e+02 3.539178355931606745e+01
1.167026991042843242e+00 1.836276795008287468e-03 4.032537313432835617e+02 3.513567250373959894e+01
1.173494023876834547e+00 1.758155136545365687e-03 4.002538226299694202e+02 3.555407590686701269e+01
1.179808164649816637e+00 1.732605827553653768e-03 3.894092307692307600e+02 4.569409931737396846e+01
1.186220583891021807e+00 1.881017850291822648e-03 3.942797427652732836e+02 4.131110662932555755e+01
1.192681073817049464e+00 1.793318889751105601e-03 3.929448275862068840e+02 4.144277575533253355e+01
1.199065629744253458e+00 1.797529783280079436e-03 3.908767605633802873e+02 4.133790519932761498e+01
1.205502001077074059e+00 1.899328588103967692e-03 3.904520547945205635e+02 4.066892644461189121e+01
1.211991242640565014e+00 1.826306843735066819e-03 3.886231884057971229e+02 4.091301460055350248e+01
1.218362901235649165e+00 1.888953249129523074e-03 3.866402877697841518e+02 4.078036755512079736e+01
1.224837827500277143e+00 1.938626244914326818e-03 3.802374100719424632e+02 4.527067151129855205e+01
1.231306496939841066e+00 1.935692192720165272e-03 3.788224637681159379e+02 4.540203353632252004e+01
1.237900180047003751e+00 1.954996484647400414e-03 3.780931899641577161e+02 4.376049470648860051e+01
1.244387829439413284e+00 1.881879514088832415e-03 3.767873134328358447e+02 4.244986789438089403e+01
1.250735832344970877e+00 1.818331757808236372e-03 3.751201550387596626e+02 4.273382532530264655e+01
1.257083335292831006e+00 1.905720956169173206e-03 3.736383763837638412e+02 4.237045371282010819e+01
1.263603115287416090e+00 1.841854869392088893e-03 3.727424242424242493e+02 4.272911625616727349e+01
1.270020777910819465e+00 1.832011672431217405e-03 3.712509505703421837e+02 4.276946283716868180e+01
1.276488051741652807e+00 1.832185980768075541e-03 3.699239543726235979e+02 4.353096022669257081e+01
1.282839323063532211e+00 1.758750693263018286e-03 3.690944881889763565e+02 4.389208432086737588e+01
1.289363492023574365e+00 1.805471412487298991e-03 3.588922558922558892e+02 4.902220497510312214e+01
1.295761563244195891e+00 1.749310907134910172e-03 3.626845637583892881e+02 4.400453887346850479e+01
1.302096506369333051e+00 1.727886103868702576e-03 3.631295681063123197e+02 4.257036685605379489e+01
1.308490604613926855e+00 1.841981469325142248e-03 3.625015576323987716e+02 4.203783901401539680e+01
1.314923371882378955e+00 1.783204890748409099e-03 3.606977491961415012e+02 4.137135898915762056e+01
1.321263162947042602e+00 1.883891353746835161e-03 3.591203703703703809e+02 4.105444390037340696e+01
1.327809252188654421e+00 1.990407611744629372e-03 3.542159763313609346e+02 4.546171579114646732e+01
1.334395055816720577e+00 2.005908808147741692e-03 3.542521994134897341e+02 4.349444846261438613e+01
1.340924575314278222e+00 1.937181998292608577e-03 3.546835820895522602e+02 4.028899865703802874e+01
1.347326738882997477e+00 1.911240937813023883e-03 3.543668639053254310e+02 3.967623689789201080e+01
1.353867248119903444e+00 1.925349651844857632e-03 3.539943342776203963e+02 3.897017029488782924e+01
1.360292180733798650e+00 1.777880213384871099e-03 3.538952095808382978e+02 3.946480382761867389e+01
1.366716033276369036e+00 1.860440026654835337e-03 3.540504201680672054e+02 3.856883485417732516e+01
1.373134056949086190e+00 1.747663592607761902e-03 3.545321637426900452e+02 4.011597508724555894e+01
1.379508641949547476e+00 1.787974598008121871e-03 3.568676056338028388e+02 4.021210122221189920e+01
1.385849874457594222e+00 1.730044418412237826e-03 3.635129682997118152e+02 4.220610212416812601e+01
1.392210228535155858e+00 1.777760908321846531e-03 3.726277777777777942e+02 4.293201181972361269e+01
1.398630460992727143e+00 1.793834584281517276e-03 3.818194444444444571e+02 4.427819513953583908e+01
1.405027543482165298e+00 1.820682476180417696e-03 3.899256198347107443e+02 4.514228858409639855e+01
1.411380623846245186e+00 1.844474811107960554e-03 3.931472222222222399e+02 4.563783592482485574e+01
1.418011585217980208e+00 2.061904995500850411e-03 3.920822942643391684e+02 5.525498288502849675e+01
1.424633236002852632e+00 1.911062399977238009e-03 3.987185792349726512e+02 5.018350838988974516e+01
1.431027237377290762e+00 1.930893372260762729e-03 4.023403693931398379e+02 4.600887354810350161e+01
1.437551415863808524e+00 1.925262037142165712e-03 4.031350649350649178e+02 4.698300636934708763e+01
1.443999660086549230e+00 1.834928749309971486e-03 4.042307692307692264e+02 4.689186029500363162e+01
1.450408168300875378e+00 1.822080046480867126e-03 4.059397905759162200e+02 4.727056894530830533e+01
1.456762351763572827e+00 1.768742008520618686e-03 4.080447368421052374e+02 4.882833205302360824e+01
1.463211358413713192e+00 1.810126088705470279e-03 4.067551020408163254e+02 4.992354473209252319e+01
1.469593255354290973e+00 1.758193336020684059e-03 3.981015625000000000e+02 4.982639498342490469e+01
1.475950724204827313e+00 1.769305199294179780e-03 3.799896640826873409e+02 4.626504778796595474e+01
1.482355977374464340e+00 1.855140322631434503e-03 3.591150000000000091e+02 4.147100869884888397e+01
1.488803525874331735e+00 1.854999873494519958e-03 3.423384223918575344e+02 3.870749998810235581e+01
1.495319592526707764e+00 2.003828109077177445e-03 3.311076555023923333e+02 4.612618596283696348e+01
1.501939691759246465e+00 1.957822028991581826e-03 3.295012165450121415e+02 4.086570048258730026e+01
1.508463382234335848e+00 1.918938912685786129e-03 3.290268948655256622e+02 3.832609186929901313e+01
1.514901188746566207e+00 1.852902137227367511e-03 3.268965517241379075e+02 3.757490226346190099e+01
1.521228969867623793e+00 1.785136608190808364e-03 3.258740554156171356e+02 3.745726622450028032e+01
1.527563647216529041e+00 1.824993124647320475e-03 3.246634615384615472e+02 3.719386413148095016e+01
1.534022576503679458e+00 1.781774817406586286e-03 3.234635922330097060e+02 3.751782480820478582e+01
1.540418711468126034e+00 1.792491139398408621e-03 3.243612440191387805e+02 3.804117680263081525e+01
1.546838712332167631e+00 1.778278829154705072e-03 3.247927710843373461e+02 3.895369419926031895e+01
1.553238623106807825e+00 1.840983848395847744e-03 3.244433962264150750e+02 3.813825040094819485e+01
1.559673935783696619e+00 1.867161364404805587e-03 3.216864608076009517e+02 3.653047727964809610e+01
1.566161367499480317e+00 1.987417225671155377e-03 3.159705215419501201e+02 4.511709600758668870e+01
1.572795191923813007e+00 1.975399758409353626e-03 3.195460674157303629e+02 3.597970250782301349e+01
1.579229625961506400e+00 1.828964939238766603e-03 3.232403846153846416e+02 3.657727600583997685e+01
1.585615098485775532e+00 1.901195136705323549e-03 3.354686098654708530e+02 3.956734989182170636e+01
1.592069020803266399e+00 1.783565421147388207e-03 3.514061032863849618e+02 4.834481368193188189e+01
1.598398624204083740e+00 1.798472010651884717e-03 3.555456621004566387e+02 5.035313950979978159e+01
1.604843375939136507e+00 1.797152056805669104e-03 3.426425339366516027e+02 4.306451444916008597e+01
1.611212339410225569e+00 1.768878106258207515e-03 3.287935779816513673e+02 3.648935422217302715e+01
1.617590363377642504e+00 1.818287623560442892e-03 3.233325842696629024e+02 3.542753674478449000e+01
1.623974015669422899e+00 1.854816384487833732e-03 3.272234762979683751e+02 3.600965820163590081e+01
1.630543485616582799e+00 2.014479720267581264e-03 3.310836820083682142e+02 4.710270396172170138e+01
1.637155364196844820e+00 1.921442116166700376e-03 3.485991189427312520e+02 4.183241262683473138e+01
1.643640215828007012e+00 1.916406123937146409e-03 3.623347639484978799e+02 4.312413740103857407e+01
1.650095370295723063e+00 1.808845151496338592e-03 3.738819599109131673e+02 4.707943876257065341e+01
1.656466136267144007e+00 1.835556712886826517e-03 3.788688172043010809e+02 4.770644704445861350e+01
1.662921359457136594e+00 1.784847929403802829e-03 3.790108932461873792e+02 4.753533157775387963e+01
1.669278115879615276e+00 1.787810489320909016e-03 3.788311688311688386e+02 4.693953147880244359e+01
1.675603147458916142e+00 1.759339208401217896e-03 3.788631346578366674e+02 4.760846515809545565e+01
1.681944817773278311e+00 1.879012939346250957e-03 3.829430379746835342e+02 4.779281068631643592e+01
1.688494896982127180e+00 1.961244959671172398e-03 3.844814814814814667e+02 6.199203146082194138e+01
1.695047655103924189e+00 1.958531043791479891e-03 4.018497942386831028e+02 5.156369437621381024e+01
1.701563412030947964e+00 1.893890162085724253e-03 4.152254697286012401e+02 5.132940154454121284e+01
1.707975620325744792e+00 1.846204685496802061e-03 4.284780793319415579e+02 5.276936065195909720e+01
1.714377380249353600e+00 1.797036493929945892e-03 4.328305439330544004e+02 5.525256018609655939e+01
1.720768292737840266e+00 1.799184406037973973e-03 4.380536082474226873e+02 5.868111728101359148e+01
1.727152534628709324e+00 1.771490888047008889e-03 4.394008350730688903e+02 6.242527792999270986e+01
1.733526494930327289e+00 1.835615179227028260e-03 4.308268839103869823e+02 5.974591673264902170e+01
1.739975521513371870e+00 1.888347845677861795e-03 4.067642276422764098e+02 6.065093070677364295e+01
1.746497876640803248e+00 1.988580869552720402e-03 3.919825581395348877e+02 5.651028625548735107e+01
1.753090192095328348e+00 1.909790863647236811e-03 3.884143426294820642e+02 4.724299798611988876e+01
1.759542915568929722e+00 1.863330342728648260e-03 3.891274900398406658e+02 4.716912370745996697e+01
1.765978610475646082e+00 1.805054295706254351e-03 3.899879999999999995e+02 4.741649324865768023e+01
1.772332663329672986e+00 1.770928694831684115e-03 3.884959677419354875e+02 4.767215170507816424e+01
1.778664509689639184e+00 1.781133477909586536e-03 3.828003992015968038e+02 4.720742102085056047e+01
1.785069366740120511e+00 1.834600355293997381e-03 3.741640625000000000e+02 4.720472332225519807e+01
1.791506168727699633e+00 1.878728357369653049e-03 3.657725490196078226e+02 5.678126914706606954e+01
1.798039063906349488e+00 1.995486375923071192e-03 3.664981481481481751e+02 5.962837840877285345e+01
1.804647924016717919e+00 1.913848319004299433e-03 3.584980842911877517e+02 5.285444112544477235e+01
1.811089958053599736e+00 1.862622323854617795e-03 3.296781609195402325e+02 4.446630325196155553e+01
1.817521720439822408e+00 1.798364348704032875e-03 3.033687258687258463e+02 3.742075132206206689e+01
1.823812670535420288e+00 1.750448090683544159e-03 2.942137254901960546e+02 3.475956400048821848e+01
1.830221642949216854e+00 1.837728497302317443e-03 2.959627560521415148e+02 3.488601331885359969e+01
1.836582905300079060e+00 1.780128382536366044e-03 3.141764705882353041e+02 4.275672849509454210e+01
1.843061797820461534e+00 1.986079127245108083e-03 3.577957371225577390e+02 7.556916427234713751e+01
1.849632829275571488e+00 1.888944039210000737e-03 4.177913533834586701e+02 9.636987829616457191e+01
1.856090187264436642e+00 1.913060858845453587e-03 4.250890909090908849e+02 9.592578308857859781e+01
1.862531947297203283e+00 1.788974026913770074e-03 3.754226415094339586e+02 6.749852200958260084e+01
1.868931787959941415e+00 1.835149539700427039e-03 3.254043715846994473e+02 4.363525825507225875e+01
1.875342409945594868e+00 1.782793697721218873e-03 3.045065176908752278e+02 3.845664887932267817e+01
1.881685992375486283e+00 1.813583446463527945e-03 3.081734317343173188e+02 4.120871792837287728e+01
1.888176611507502489e+00 1.945205006648250507e-03 3.163368606701940280e+02 5.461781590181693957e+01
1.894684395670122701e+00 1.921537496908314263e-03 3.177745974955277006e+02 4.833139503225355327e+01
1.901176782548104516e+00 1.886986723452953362e-03 3.013612099644128079e+02 3.978293048512541930e+01
1.907561981128558237e+00 1.795440373499332084e-03 2.848886861313868621e+02 3.558522971653223976e+01
1.913985041606118376e+00 1.828239138046576940e-03 2.764157894736841854e+02 3.388232664819679485e+01
1.920403381422240097e+00 1.786024996940504313e-03 2.735344202898550634e+02 3.427739781237265504e+01
1.926716413297410169e+00 1.834639747803229817e-03 2.744928825622776003e+02 3.464802594379881384e+01
1.933271554332125497e+00 1.965820526812752777e-03 2.743148148148148380e+02 4.379748398529104492e+01
1.939792573083097382e+00 1.907526115978609412e-03 2.844275741710296757e+02 3.616388602645600514e+01
1.946288570836251841e+00 1.883695634446648113e-03 2.983526405451448227e+02 3.960112787373260090e+01
1.952655684029843908e+00 1.737190040939992066e-03 3.218137432188065077e+02 5.005031156440439588e+01
1.958969978021109171e+00 1.827434973414125523e-03 3.571604095563139936e+02 6.195977559398875911e+01
1.965496063115082181e+00 1.854230162972571750e-03 3.987432432432432279e+02 7.324583417053970891e+01
1.971963975922738088e+00 1.884120710564727479e-03 4.422071917808219155e+02 9.111683506260443721e+01
1.978442510441045021e+00 1.957066319931451050e-03 4.933657331136737980e+02 9.787756004030218548e+01
1.984931097981023740e+00 1.843590323278294961e-03 5.365350427350426799e+02 1.000285264155485407e+02
1.991287308585444338e+00 1.815152065882439042e-03 5.645672913117547296e+02 1.066156517820623009e+02
1.997701973476069481e+00 1.833321787203764366e-03 5.844169435215947033e+02 1.123850521217034810e+02
2.004164133665459424e+00 1.816322146449814287e-03 5.967829716193656395e+02 1.171726076440525190e+02
2.010465304371688244e+00 1.793999045974344238e-03 6.079514731369150695e+02 1.221334653139878270e+02
2.016906033528098163e+00 1.989616449670199121e-03 6.155633802816901152e+02 1.475029229517491842e+02
2.023555996358446407e+00 1.897180052363281293e-03 6.296715210355987438e+02 1.297817310676579723e+02
2.029968694217374470e+00 1.807083598350285245e-03 6.339849498327758965e+02 1.324513342160656748e+02
2.036339422929389187e+00 1.823287213829230622e-03 6.389789303079417095e+02 1.325058434540610506e+02
2.042808231593590484e+00 1.819045180469573350e-03 6.388668831168831730e+02 1.373703399957568649e+02
2.049121403930300289e+00 1.816823929832920258e-03 6.331622073578595291e+02 1.536795433805953905e+02
2.055546024436551544e+00 1.958593688934813937e-03 6.257422839506173204e+02 1.712888944013060382e+02
2.062179187475123410e+00 1.909374836257744399e-03 6.165140625000000227e+02 1.700663307520591729e+02
2.068587893715514436e+00 1.782255124468116103e-03 5.972651391162029313e+02 2.034720001591772700e+02
2.074943470461427353e+00 1.803325004765888358e-03 5.929746434231378771e+02 3.036505534127307442e+02
2.081348551495329602e+00 1.811685209211536278e-03 6.247359999999999900e+02 4.576524273743121398e+02
2.087807581420585645e+00 1.934124239786214495e-03 6.228131699846860556e+02 5.405168900720416332e+02
2.094354049547901386e+00 1.919763106963207067e-03 4.792147239263803726e+02 3.361305964094887031e+02
2.100814970511138302e+00 1.841726384006937703e-03 3.318930817610062718e+02 1.233336007729646155e+02
2.107147425483176129e+00 1.793021693532189254e-03 2.737539432176656078e+02 5.405006104995097616e+01
2.113573117004156288e+00 1.831442330790634650e-03 2.586152671755725123e+02 3.964402022802853764e+01
2.119956773712852627e+00 1.806996690666118864e-03 2.546550632911392427e+02 3.675817869167418195e+01
2.126392549358501416e+00 1.961143276791299343e-03 2.499514705882352814e+02 4.299817626091491007e+01
2.133022499541108896e+00 1.914261261225060897e-03 2.491390532544378686e+02 3.409619328487755752e+01
2.139480964562213483e+00 1.786119367506160778e-03 2.479984496124031068e+02 3.403812265155364258e+01
2.145796782645738254e+00 1.799418587043424183e-03 2.500076452599388404e+02 3.347985311886532145e+01
2.152165366120878165e+00 1.825425695775702338e-03 2.517484848484848499e+02 3.360005404418671304e+01
2.158655754564665852e+00 1.929951649106770133e-03 2.527500000000000000e+02 4.224471464807963628e+01
2.165204964825616862e+00 1.913631523374921799e-03 2.590599415204678166e+02 3.422636210684650848e+01
2.171687233764930003e+00 1.836559742283269984e-03 2.624237037037037226e+02 3.468186086776528043e+01
2.178057454997971210e+00 1.770075738143539208e-03 2.712356495468278013e+02 3.567176806295876901e+01
2.184381886656512783e+00 1.819268068842387707e-03 2.871827637444279162e+02 3.687748687709416373e+01
2.190889596552291430e+00 1.941484629964972597e-03 3.077531734837799604e+02 5.092722148239572988e+01
2.197415493733709368e+00 1.880394352234131695e-03 3.431015965166908472e+02 4.473297634276489276e+01
2.203858495652105454e+00 1.844129167940211774e-03 3.822850940665701955e+02 4.950137950047457025e+01
2.210218428929338064e+00 1.776952575370011446e-03 4.238150887573964383e+02 5.425920832578716357e+01
2.216548686487991304e+00 1.820372229284925253e-03 4.582568940493468972e+02 5.878515884808309266e+01
2.223054582631938558e+00 1.937499342758612587e-03 4.754709944751381272e+02 8.242362831953577995e+01
2.229555406010463425e+00 1.871681269043944497e-03 4.957482117310443641e+02 6.766340824035961532e+01
2.236023148886606471e+00 1.876509468722661325e-03 4.997858136300417300e+02 7.043748450000168759e+01
2.242466908337517939e+00 1.781536512235300631e-03 5.009294964028777031e+02 7.322747130481873512e+01
2.248784053696174290e+00 1.815619011182786555e-03 5.021276901004304136e+02 7.535137930637540649e+01
2.255261034229438355e+00 1.958337742873136802e-03 5.008268456375839150e+02 9.437507270939291004e+01
2.261752977112598817e+00 1.833135357339661826e-03 5.135360678925035245e+02 7.762652551154033631e+01
2.268193030407839927e+00 1.856919733580766289e-03 5.180259208731241642e+02 7.778227679308668030e+01
2.274620661936892052e+00 1.792548502283534354e-03 5.185035260930889081e+02 7.847800932366983773e+01
2.281045196159239286e+00 1.907452264699439036e-03 5.119405405405405531e+02 9.266056425473483671e+01
2.287566856146262317e+00 1.925687837049752790e-03 5.168756684491978604e+02 8.471332841891211274e+01
2.294017676381079784e+00 1.818149611703329506e-03 5.144002770083102405e+02 8.409142663522798955e+01
2.300373896127871021e+00 1.814054264739159471e-03 4.984309165526675542e+02 8.697205938587437402e+01
2.306733295622487301e+00 1.809288305020508025e-03 4.742417582417582480e+02 8.739751999011558325e+01
2.313210233147671158e+00 1.927057466226796351e-03 4.444023437500000000e+02 1.000645434814046837e+02
2.319750633036068876e+00 1.886628064392380537e-03 4.330741721854304842e+02 1.013677125113049584e+02
2.326167810919689938e+00 1.805281422939875990e-03 4.226955345060893023e+02 1.218557522022988735e+02
2.332524891627314911e+00 1.808157875111407291e-03 3.909811827956989418e+02 1.189088762758273532e+02
2.339018828040365428e+00 1.927078730268403945e-03 3.225051282051281873e+02 9.535981444531739726e+01
2.345529090540556361e+00 1.892646505679497623e-03 2.623939790575916504e+02 5.742592321798682065e+01
2.351902562585342693e+00 1.808634088653226840e-03 2.295427807486630911e+02 3.912535000606788316e+01
2.358283426411155403e+00 1.828495513811564770e-03 2.163885267275097704e+02 3.303718831384404098e+01
2.364665150299146479e+00 1.824483169818866225e-03 2.111298013245033189e+02 3.088874308492102827e+01
2.371140522023317931e+00 1.956229962378429419e-03 2.084987593052109105e+02 3.474911851567090082e+01
2.377698484074287411e+00 1.857249505322706908e-03 2.113102564102564145e+02 2.759027672013737131e+01
2.384135550776628865e+00 1.806484998011118103e-03 2.092658064516129173e+02 2.712876130431220645e+01
2.390495270780528703e+00 1.815820546892564329e-03 2.079275766016713192e+02 2.693570601339338211e+01
2.396907059408651008e+00 1.904650256318906557e-03 2.008782489740082156e+02 3.289699220775220567e+01
2.403395490390968892e+00 1.861409897307351969e-03 2.003704225352112758e+02 2.695290491793371501e+01
2.409868588547004364e+00 1.847911660654164229e-03 2.006917613636363740e+02 2.704443954300014141e+01
2.416315494183244539e+00 1.848423108511250412e-03 2.040710144927536192e+02 2.714180665609837106e+01
2.422721222723576151e+00 1.879130934971403807e-03 2.056802325581395223e+02 3.435856015751956249e+01
2.429135064156228374e+00 1.862177758942303550e-03 2.118152492668621676e+02 2.872874802075469702e+01
2.435558328952115659e+00 1.829358714226044739e-03 2.134378698224851973e+02 2.929340022007013999e+01
2.441961929587736613e+00 1.826990787003958654e-03 2.133997005988023830e+02 3.008848427039319162e+01
2.448435267415004279e+00 1.916283866918213176e-03 2.091787790697674438e+02 3.660720535555840627e+01
2.454898310690642571e+00 1.851262751470384186e-03 2.120106060606060510e+02 3.017290919079253797e+01
2.461278332832209870e+00 1.841207405127180587e-03 2.119244712990936534e+02 2.986591758656332019e+01
2.467732767309350983e+00 1.860175811866779036e-03 2.103588588588588664e+02 3.238538560196521132e+01
2.474317234005322774e+00 1.907302378477835920e-03 2.076638054363376114e+02 3.409239440611177940e+01
2.480763678027650521e+00 1.850982492662076430e-03 2.115660639777468646e+02 2.970153286072659782e+01
2.487114426650852028e+00 1.791691956921820849e-03 2.143946629213483277e+02 3.073049062262649400e+01
2.493514277050582706e+00 1.905910091373927331e-03 2.138124174372523214e+02 3.645081693292091529e+01
2.500016016455529844e+00 1.897218154373805617e-03 2.165788787483702720e+02 2.975693704172049436e+01
2.506504299072060071e+00 1.823698874814003905e-03 2.153465085638998744e+02 2.980253888160430975e+01
2.512828968428921783e+00 1.779539787674511890e-03 2.133243606998654229e+02 3.019064933792472161e+01
2.519262120792594928e+00 1.938201810876334251e-03 2.081382316313823253e+02 3.598961719861436848e+01
2.525775074220281358e+00 1.871497825325404334e-03 2.056764331210191017e+02 3.017827054863861136e+01
2.532197693037325781e+00 1.807973308604888651e-03 2.008025641025641050e+02 3.007205870341115883e+01
2.538545427775757091e+00 1.816891897915347926e-03 1.979163449163449116e+02 3.139390375131893407e+01
2.545039371368973402e+00 1.965732421291352915e-03 1.944798099762470258e+02 3.769376915973547426e+01
2.551577586228050976e+00 1.818913119815899733e-03 1.905757575757575637e+02 3.311626348107935769e+01
2.557912035390546901e+00 1.811160408138717511e-03 1.819912280701754526e+02 3.000127252573815539e+01
2.564418003384666633e+00 1.924750488034227642e-03 1.719929161747343471e+02 3.114645206576180669e+01
2.570930014234638072e+00 1.852202887801034569e-03 1.701231707317073187e+02 2.582154240841921222e+01
2.577333690207623373e+00 1.816621428331073769e-03 1.694266503667481629e+02 2.538653565876034790e+01
2.583698900290759326e+00 1.840143410056186736e-03 1.682396088019559954e+02 2.686057627460614228e+01
2.590116643848396460e+00 1.922552353981257615e-03 1.675682613768961460e+02 2.777597967021877068e+01
2.596553429180498362e+00 1.801710981220896188e-03 1.667657766990291179e+02 2.522718522965214305e+01
2.602955615407046341e+00 1.842317350104424401e-03 1.654870588235294235e+02 2.505236503349786759e+01
2.609495359574187212e+00 1.911716238635802895e-03 1.628517673888255501e+02 2.910903462568197853e+01
2.615974071523933020e+00 1.844748521006626301e-03 1.628317647058823638e+02 2.512790279673052041e+01
2.622378270172453618e+00 1.832507040312451657e-03 1.611333333333333258e+02 2.521653438198470454e+01
2.628819659223405658e+00 1.883705983027747803e-03 1.590931034482758548e+02 2.890938183883576329e+01
2.635224897504864661e+00 1.872415782458078902e-03 1.605241379310344882e+02 2.505097142313974956e+01
2.641639659702591736e+00 1.816527212418568051e-03 1.603471741637831656e+02 2.472209663431449655e+01
2.648064596936881454e+00 1.851525790120274028e-03 1.592748004561003370e+02 2.737480151785585392e+01
2.654540339871488630e+00 1.920962172705038655e-03 1.588107810781078229e+02 2.647256639081854246e+01
2.661017435989672553e+00 1.820997431850269717e-03 1.581154285714285663e+02 2.468529827691793699e+01
2.667377750780578261e+00 1.839233884157700843e-03 1.575550510783201048e+02 2.490620623561179059e+01
2.673833255939705111e+00 1.922629864361171097e-03 1.566446370530877630e+02 2.866948588670694065e+01
2.680310332336410362e+00 1.829470795604572599e-03 1.578432250839865674e+02 2.487419397731511950e+01
2.686679530094181256e+00 1.809753184080302099e-03 1.593318385650224229e+02 2.439742661812266178e+01
2.693172569770623248e+00 1.920456143785719515e-03 1.608054968287526378e+02 2.808009190190006166e+01
2.699710169678059213e+00 1.845827250732203417e-03 1.646292257360959752e+02 2.420303445326472414e+01
2.706108723802718607e+00 1.808001129835774996e-03 1.652846068660022070e+02 2.387891985742587408e+01
2.712552861480932442e+00 1.909490143508341294e-03 1.606965226554267758e+02 2.764747400408494116e+01
2.719028861112676942e+00 1.848278151304674159e-03 1.563654054054053972e+02 2.324912921074048811e+01
2.725349625855669977e+00 1.780111837505188701e-03 1.525960044395116597e+02 2.316527362043147065e+01
2.731792001493120292e+00 1.927874637693306574e-03 1.510922131147540881e+02 2.687049224553206983e+01
2.738310186615081410e+00 1.835670255000661395e-03 1.537529286474973276e+02 2.315941035387462676e+01
2.744685257899765141e+00 1.793617037467074102e-03 1.562036637931034591e+02 2.247193439275442373e+01
2.751066800196758422e+00 1.878288467704576767e-03 1.591918238993710588e+02 2.184141163265890739e+01
2.757601512830000434e+00 1.862141664063760894e-03 1.605867403314917112e+02 1.692094153906032972e+01
2.764058068263966828e+00 1.836587841443396716e-03 1.597243735763098016e+02 1.801261968336865493e+01
2.770529172478649382e+00 1.887167826034379927e-03 1.622736486486486456e+02 1.934521546835088301e+01
2.776955143396238501e+00 1.821333560803167642e-03 1.683844339622641542e+02 1.916269281562657412e+01
2.783316304171964184e+00 1.843620978786204888e-03 1.807264150943396146e+02 1.915014085361831420e+01
2.789755116199374552e+00 1.895104686621155434e-03 1.975722543352601122e+02 1.878885742721186247e+01
2.796202065730379438e+00 1.823396814250311405e-03 2.134646706586826213e+02 1.927429402405846659e+01
2.802598215598055997e+00 1.839199823105454800e-03 2.278419161676646638e+02 2.041817245220010335e+01
2.809058618291326859e+00 1.891542357478581855e-03 2.408807017543859672e+02 2.512152247687979312e+01
2.815539484174618412e+00 1.814857361145085640e-03 2.565885922330097060e+02 3.517987967131750082e+01
2.821989463872399906e+00 1.865090624993398201e-03 2.705615292712066662e+02 4.915851816045864098e+01
2.828483713597702565e+00 1.883630524017047489e-03 2.796964285714285552e+02 5.673859530583136745e+01
2.834900904292738222e+00 1.791954038426357698e-03 2.759862499999999841e+02 5.120804178788719696e+01
2.841279989216558999e+00 1.876324795384782303e-03 2.657125603864734558e+02 3.977247035914467688e+01
2.847767858763501359e+00 1.886990809494324501e-03 2.606992753623188150e+02 3.277066444054950267e+01
2.854224446368732959e+00 1.845718501710050556e-03 2.601625310173697017e+02 3.104598907951296738e+01
2.860652227376856871e+00 1.895283512592607677e-03 2.615606796116504711e+02 3.175613476965560977e+01
2.867113210476443186e+00 1.859648482407798373e-03 2.672215346534653690e+02 3.415226111325753067e+01
2.873572830144707879e+00 1.886954548921765396e-03 2.718009828009828084e+02 3.704764115607348174e+01
2.879995266294152589e+00 1.874768549312584749e-03 2.754584882280049669e+02 3.837808095384601614e+01
2.886377499349285003e+00 1.822646243021190660e-03 2.791379746835443143e+02 3.790379391742204263e+01
2.892826601299819611e+00 1.901257081905588812e-03 2.788165249088700079e+02 3.698592737184598178e+01
2.899287209408602628e+00 1.837036175435869181e-03 2.804389937106918183e+02 3.647261797393427685e+01
2.905651471559458798e+00 1.820821310380915442e-03 2.769250317662007888e+02 3.758131382145044341e+01
2.912064357739847953e+00 1.885695667761764669e-03 2.666719901719901600e+02 4.037691116213819953e+01
2.918524733004972394e+00 1.831846772134888184e-03 2.604386852085967234e+02 4.550529921375399312e+01
2.925008101889499557e+00 1.898964803942654149e-03 2.548976857490864916e+02 5.646373916762950529e+01
2.931494571104498625e+00 1.860470468068603543e-03 2.521903584672434988e+02 6.620333209635830940e+01
2.937893251398651540e+00 1.817351826735809622e-03 2.417565872020075233e+02 6.686782158852996361e+01
2.944305546311252186e+00 1.880927000690213848e-03 2.225764139590854427e+02 5.911830593329829497e+01
2.950769139483569781e+00 1.826098071515048831e-03 2.098194103194103093e+02 4.593030015836960445e+01
2.957217893682505760e+00 1.858471812583063982e-03 2.010786924939467326e+02 3.407684244316590139e+01
2.963641657319503686e+00 1.840162297927921053e-03 2.027680981595092078e+02 2.606640737493293969e+01
2.970043842149071800e+00 1.832295957600710810e-03 2.098403465346534631e+02 2.332577731689784528e+01
2.976510225225458495e+00 1.909562939757382871e-03 2.167957244655582087e+02 2.271583363608115747e+01
2.983008757323797777e+00 1.820848808918005624e-03 2.236951672862453506e+02 2.291497960634019648e+01
2.989442833175567138e+00 1.860876473636659213e-03 2.267599999999999909e+02 2.275282839560831150e+01
2.995851322080832713e+00 1.818248084975540883e-03 2.292956521739130551e+02 2.195373255760646458e+01
3.002288071879581022e+00 1.866109072499165002e-03 2.306224116930572450e+02 2.128924891608752290e+01
3.008748785923475388e+00 1.879638502675874765e-03 2.321503030303030357e+02 2.142712844990703402e+01
3.015199648864150372e+00 1.825469582085792030e-03 2.334950248756218798e+02 2.142255736566125179e+01
3.021614952218953931e+00 1.867358907394168870e-03 2.340751515151515036e+02 2.168762852921692641e+01
3.028035269137849372e+00 1.805619228951016193e-03 2.349937421777221402e+02 2.166596918770046543e+01
3.034481983401863037e+00 1.885823396422961745e-03 2.344320096269554767e+02 2.144818120961358332e+01
3.040948636384726900e+00 1.846244746713175374e-03 2.341604938271605079e+02 2.165758488571260187e+01
3.047399548284976056e+00 1.866575050031695892e-03 2.311334149326805516e+02 2.281095721128484755e+01
3.053818065407082116e+00 1.858882463793821993e-03 2.280221130221130181e+02 2.503755469409372836e+01
3.060168791671987076e+00 1.792825745411367891e-03 2.243231552162849880e+02 2.705522205359461907e+01
3.066596020837712544e+00 1.927764682785730512e-03 2.192203791469194414e+02 3.121880869634872013e+01
3.073140751332767540e+00 1.856356834428901387e-03 2.154140914709518029e+02 3.668001637535476789e+01
3.079593295930210139e+00 1.886716362797553155e-03 2.040121212121212011e+02 4.290767948372047158e+01
3.086017154762366044e+00 1.830431539716442747e-03 1.935587500000000034e+02 4.497480958130895345e+01
3.092486513109037993e+00 1.905108961471654438e-03 1.784148681055155805e+02 4.647477940246634631e+01
3.098964516853627060e+00 1.852397442341169754e-03 1.713522867737948161e+02 4.932746648681355595e+01
3.105440922044128804e+00 1.880034527507769499e-03 1.669551515151515275e+02 5.621133602653443262e+01
3.111821301298671738e+00 1.810318297736169049e-03 1.633270440251572211e+02 5.835448273131724051e+01
3.118233335063332667e+00 1.868901341642052608e-03 1.513349573690621241e+02 5.163962331700946606e+01
3.124683867316949026e+00 1.865189586864977357e-03 1.377496947496947541e+02 3.911670396183887277e+01
3.131144652615997170e+00 1.844489775254080271e-03 1.267086419753086375e+02 2.805725953347150536e+01
3.137527951480249655e+00 1.850518740970626434e-03 1.198917589175891720e+02 2.154369587970063904e+01
3.143946084488824955e+00 1.842734159383119935e-03 1.173482032218091717e+02 1.917720478893093627e+01
3.150358822729363073e+00 1.875642417003805899e-03 1.152912621359223238e+02 1.750517913477817089e+01
3.156784286039504561e+00 1.823981601210612454e-03 1.146949999999999932e+02 1.675978352336331056e+01
3.163270120323041557e+00 1.930117905744787839e-03 1.133938679245283083e+02 1.620388383668694132e+01
3.169756141428992979e+00 1.817110211355118556e-03 1.130628140703517630e+02 1.600117466285356471e+01
3.176136715832639901e+00 1.869400486556539428e-03 1.117624242424242453e+02 1.582078408874656361e+01
3.182603852824878121e+00 1.855271636042648588e-03 1.112711656441717736e+02 1.584674856078726002e+01
3.189050645908320547e+00 1.867823016262818358e-03 1.100242424242424306e+02 1.520189539195046535e+01
3.195475202712392715e+00 1.830177604982121797e-03 1.098573200992555883e+02 1.521151325144544231e+01
3.201930699474990760e+00 1.890160737295187680e-03 1.086308243727598608e+02 1.511681142045409842e+01
3.208380198036255848e+00 1.818817371399450607e-03 1.082640099626401025e+02 1.518463755924331515e+01
3.214769441202507405e+00 1.856295446885927562e-03 1.073567961165048530e+02 1.524040597216613513e+01
3.221219946103295317e+00 1.854520719188760538e-03 1.067603911980440046e+02 1.535472168669340753e+01
3.227683765295594753e+00 1.874065427032763596e-03 1.055595667870036038e+02 1.556355554313345557e+01
3.234131017772435612e+00 1.840716304877563787e-03 1.053859432799013547e+02 1.622634238049092303e+01
3.240599979113187423e+00 1.901252405176113557e-03 1.043345195729537380e+02 1.647507913495304877e+01
3.247028333220890239e+00 1.799593188369970169e-03 1.044427672955974913e+02 1.706386776918801473e+01
3.253443203786942295e+00 1.907653420062672836e-03 1.036025943396226410e+02 1.666062033399928666e+01
3.259883502116921683e+00 1.795580006981134817e-03 1.040226700251889156e+02 1.643633678818287791e+01
3.266300345605878341e+00 1.923600185575663262e-03 1.034185228604923736e+02 1.654185801718785953e+01
3.272853483066015201e+00 1.856140221165968399e-03 1.030707317073170799e+02 1.715343129624448082e+01
3.279208055010873757e+00 1.838273880463746476e-03 1.030000000000000000e+02 1.732790932910809545e+01
3.285677511815711327e+00 1.882917816817657360e-03 1.023210023866348450e+02 1.713044754602013953e+01
3.292103848527159204e+00 1.835553428200827411e-03 1.020379436964504265e+02 1.729893628758410884e+01
3.298586108799094418e+00 1.888317585372828586e-03 1.007862232779097411e+02 1.688772152358270162e+01
3.305031100311709658e+00 1.850386223069815962e-03 9.975639464068208895e+01 1.634699238253513087e+01
3.311493553422723224e+00 1.868513817595845007e-03 9.824701670644391527e+01 1.560483503794332272e+01
3.317903636599865536e+00 1.824831080609758517e-03 9.790797546012269947e+01 1.610075660817810927e+01
3.324331097200103002e+00 1.867240715589447552e-03 9.665238095238095184e+01 1.631779439238648521e+01
3.330698991454875468e+00 1.802295415888940022e-03 9.584413965087281895e+01 1.680596919233692432e+01
3.337129369178693850e+00 1.924555404658041986e-03 9.431010452961672286e+01 1.683528566529827231e+01
3.343680207265053550e+00 1.861922247852822480e-03 9.276718938480097165e+01 1.705242164990761466e+01
3.350044083295126374e+00 1.835162792558274860e-03 9.150182260024301684e+01 1.744323371095208586e+01
3.356505604070456616e+00 1.871227406804753775e-03 9.042298578199051917e+01 1.784239908334366831e+01
3.362916001860436488e+00 1.833654571443432820e-03 8.985383678440925337e+01 1.837696733528244764e+01
3.369285096640512123e+00 1.875337531839301689e-03 8.947195121951219221e+01 1.914475750788431441e+01
3.375802434903234950e+00 1.848095989791553092e-03 8.932476319350473659e+01 1.983509081402139529e+01
3.382214916359785661e+00 1.843501739730700950e-03 8.849016853932583615e+01 1.971811255084667636e+01
3.388621595555129762e+00 1.837214591020290208e-03 8.703493449781659308e+01 1.912321940437834300e+01
3.395087870480640202e+00 1.897809126909797642e-03 8.706250000000000000e+01 1.930776499867827667e+01
3.401600099274715294e+00 1.862825267528726196e-03 8.618552036199095312e+01 1.869975385243170507e+01
3.408008587822927371e+00 1.829521772960810344e-03 8.584782608695651618e+01 1.856133590710066628e+01
3.414429009776510870e+00 1.863403552598411495e-03 8.617337461300309087e+01 1.711384008102269050e+01
3.420895508941175223e+00 1.876279003669552520e-03 8.841158059467917951e+01 1.662083679545682102e+01
3.427361199308996742e+00 1.871984655860910217e-03 8.985759493670886400e+01 1.596024735000939110e+01
3.433789816721534383e+00 1.835455874914732619e-03 9.202759740259740795e+01 1.574206450478016883e+01
3.440207803416203358e+00 1.864980166185075923e-03 9.491747572815533829e+01 1.608209665774849384e+01
3.446682336316245543e+00 1.886495457043324163e-03 9.687154471544715761e+01 1.592368607371946432e+01
3.453142116062292821e+00 1.850491205141300763e-03 9.756134453781513116e+01 1.568696253993285339e+01
3.459552608189105705e+00 1.840426776601197887e-03 9.719349315068492956e+01 1.560922237753615427e+01
3.466037827277117955e+00 1.895781883946169978e-03 9.718166383701188238e+01 1.548517795246425166e+01
3.472473653977210972e+00 1.828931698347952819e-03 9.630411449016099823e+01 1.442038190904788841e+01
3.478868831430015351e+00 1.849798838882201271e-03 9.603035714285714164e+01 1.383774046672685110e+01
3.485296939778874226e+00 1.846836384750711896e-03 9.601831501831502180e+01 1.493709858778838928e+01
3.491740378822062674e+00 1.892374048568714641e-03 9.577049180327868783e+01 1.544983376329101787e+01
3.498222076309955408e+00 1.850392789083453492e-03 9.505263157894736992e+01 1.506337357915812625e+01
3.504611891581455030e+00 1.828338000025509641e-03 9.360582524271845273e+01 1.498015440245485408e+01
3.511032309223517167e+00 1.894740202114146826e-03 9.380152671755725180e+01 1.638126142192829349e+01
3.517510811405253346e+00 1.847376399887671770e-03 9.234189723320157839e+01 1.680568989355094089e+01
3.523886222494890585e+00 1.819823680849573695e-03 9.067893660531697719e+01 1.798552428513344736e+01
3.530333766363422221e+00 1.913949961282706506e-03 9.077227722772276763e+01 1.959983755026718200e+01
3.536838628960300657e+00 1.837400593869444173e-03 8.724791666666666856e+01 1.947491687152419715e+01
3.543212277439104163e+00 1.824314092004992007e-03 8.572805139186294809e+01 1.999690503773354777e+01
3.549634251627681092e+00 1.895848120010211945e-03 8.638655462184874523e+01 2.044706531634414048e+01
3.556117060308725097e+00 1.842284182035823720e-03 8.360917030567685515e+01 1.817351176340054764e+01
3.562580790750173865e+00 1.873137250446494902e-03 8.318859649122806843e+01 1.795736723283091152e+01
3.569027121761189303e+00 1.864198494303047999e-03 8.195945945945945255e+01 1.662620514698052077e+01
3.575415228040989657e+00 1.829283293316363293e-03 8.102088167053364032e+01 1.547303866828508134e+01
3.581824267593239686e+00 1.860007523854312686e-03 8.232250580046404309e+01 1.735987948622298660e+01
3.588330065081806630e+00 1.895947895659538546e-03 8.118329466357307922e+01 1.486971283066533012e+01
3.594804804657118602e+00 1.838793340235311087e-03 8.052195121951218937e+01 1.190027919228172237e+01
3.601203120605045882e+00 1.866742151695356807e-03 8.069607843137255543e+01 1.018156371661514648e+01
3.607629953215138574e+00 1.849946976811765471e-03 7.929323308270676307e+01 7.369241936781699032e+00
3.614090854913730499e+00 1.868416365547433599e-03 7.910858585858585457e+01 7.167801071940940183e+00
3.620574720227974552e+00 1.873754476683962313e-03 7.867609254498714222e+01 5.179022287957481652e+00
3.627004027770476924e+00 1.835919208150294619e-03 7.770053475935829113e+01 4.250876105926218784e+00
3.633382280898821648e+00 1.849285921997263250e-03 7.719783197831978327e+01 4.349798642681355076e+00
3.639818201334091174e+00 1.872714577785467623e-03 7.586376021798365343e+01 4.065221595964662704e+00
3.646271849872324999e+00 1.848931603973280732e-03 7.481741573033707482e+01 4.344682090425063592e+00
3.652754025121335069e+00 1.886957975833729447e-03 7.361797752808988093e+01 5.070753030460291910e+00
3.659208746855755479e+00 1.834720162372708565e-03 7.227433628318584624e+01 5.309245306863952685e+00
3.665582835495777569e+00 1.840575612045432024e-03 7.101201201201200774e+01 5.349907794093011759e+00
3.672040343112283445e+00 1.886479483533069204e-03 6.928443113772455320e+01 5.906776650455388911e+00
3.678529717319615866e+00 1.858096912976999176e-03 6.703416149068323193e+01 6.378257512660085560e+00
3.684932562337432049e+00 1.835190244932949138e-03 6.494855305466238349e+01 7.025933907537449841e+00
3.691340469028411508e+00 1.865394116403416890e-03 6.333009708737863974e+01 5.996671189361342691e+00
3.697825917576230470e+00 1.878575472322643403e-03 6.231907894736841769e+01 5.350961676065878692e+00
3.704288468942850354e+00 1.854378416201764085e-03 6.174402730375426529e+01 5.302953673417037272e+00
3.710695071708606907e+00 1.843173339766954189e-03 6.155438596491227798e+01 4.040132620503797511e+00
3.717119980493126530e+00 1.858275420549158159e-03 6.138214285714285978e+01 3.383517219626671402e+00
3.723579054116692877e+00 1.875547371405369762e-03 6.088727272727273032e+01 3.365273311754920726e+00
3.730020297411832164e+00 1.843995263516665269e-03 6.065151515151514872e+01 3.475341115310637718e+00
3.736426917509388268e+00 1.851423495632689448e-03 6.046899224806201545e+01 2.672513645792644166e+00
3.742862848593606184e+00 1.866246695943705233e-03 6.015415019762846072e+01 2.368387230391911569e+00
3.749304155234212121e+00 1.850203366498975400e-03 6.011885245901639507e+01 2.735372521718366201e+00
3.755769545342233950e+00 1.881542671327423493e-03 6.004564315352697434e+01 2.679678844063694054e+00
3.762207580716425692e+00 1.832713059301602828e-03 5.956578947368421240e+01 2.671797925578327515e+00
3.768650259547695391e+00 1.882711660849632198e-03 5.912775330396475937e+01 3.006910475168551145e+00
3.775101190588130873e+00 1.841328330998877110e-03 5.905581395348837503e+01 2.343110679885526793e+00
3.781544745172108257e+00 1.876261972947606757e-03 5.841509433962264097e+01 2.517754682975571257e+00
3.787984350729691752e+00 1.841817734800533721e-03 5.767164179104477739e+01 3.232299675777270398e+00
3.794443778523244770e+00 1.888119406057294294e-03 5.657286432160803713e+01 2.985110733077606326e+00
3.800887998049732097e+00 1.829598834944004332e-03 5.603225806451612812e+01 3.236085772549604389e+00
3.807319286871066577e+00 1.879776389761753357e-03 5.480434782608695343e+01 3.435556462082786311e+00
3.813728772969168901e+00 1.816176537965013323e-03 5.388888888888888573e+01 3.374116975909622784e+00
3.820127884734960233e+00 1.870328496078344947e-03 5.307692307692308020e+01 2.538551190814193337e+00
3.826558902351690605e+00 1.840091099185570860e-03 5.277987421383647870e+01 2.542810152134732160e+00
3.832976717434447789e+00 1.862754303780558536e-03 5.255844155844155807e+01 2.860992094221485704e+00
3.839467489846226655e+00 1.881591717002498556e-03 5.173648648648648418e+01 2.989236840439311482e+00
3.845958738964208923e+00 1.872212223355807642e-03 5.089285714285714590e+01 2.831311803848570730e+00
3.852379013358490312e+00 1.829949564810406546e-03 5.073076923076923350e+01 2.740448717198997741e+00
3.858770514458473411e+00 1.860590576749386821e-03 4.971200000000000330e+01 3.110426337337054203e+00
3.865201312403456324e+00 1.846877382617491750e-03 4.936752136752136977e+01 3.635725045037369707e+00
3.871669834970288271e+00 1.885989225799452511e-03 5.010714285714285410e+01 3.219390787216788841e+00
3.878154213609482870e+00 1.855219997046820071e-03 4.985436893203883812e+01 2.490116195894194639e+00
3.884570297975108666e+00 1.842018581107749764e-03 4.844210526315789167e+01 2.824467689411910065e+00
3.891030549524630455e+00 1.892572859664069882e-03 4.736666666666666714e+01 2.066308212641480235e+00
3.897480132485925619e+00 1.830223622249431631e-03 4.595000000000000284e+01 2.252082369719189625e+00
3.903837790606199842e+00 1.833538786489578550e-03 4.528767123287671126e+01 2.872273156731979693e+00
3.910297958451704581e+00 1.898394991490752427e-03 4.461764705882352899e+01 2.647630657188764669e+00
3.916760076293909876e+00 1.823271174774054393e-03 4.451724137931034164e+01 2.861757357361695675e+00
3.923205856217289345e+00 1.907998375040481686e-03 4.473584905660377586e+01 2.580908629851622837e+00
3.929647757040283906e+00 1.804292177573046203e-03 4.383720930232558288e+01 2.794087088996651591e+00
3.936002968608691699e+00 1.864030959871269735e-03 4.367567567567567721e+01 3.195367355202975101e+00
3.942404476100300759e+00 1.828532384993888883e-03 4.413793103448276156e+01 3.267320988930944026e+00
3.948822507765122225e+00 1.871711324841116540e-03 4.486363636363636687e+01 2.871921636169330050e+00
3.955157590966607906e+00 1.825831164639231917e-03 4.407142857142856940e+01 2.405351177211819458e+00
3.961507824082775464e+00 1.968979546566614058e-03 4.885714285714285410e+01 4.065785563073630371e+00
