# q qerr I(q) I(q)err
8.294532032279089417e-03 3.215448162638725495e-03 5.000000000000000000e-01 3.542867943531923913e+01
1.547771440847061503e-02 1.298069176105710962e-03 4.166666666666666852e-01 5.270462766947298094e-01
2.114153426598287117e-02 1.953452460535632252e-03 4.500000000000000111e-01 5.196152422706633578e-01
2.708829541553820289e-02 1.932501425123600049e-03 5.000000000000000000e-01 5.204164998665331554e-01
3.424760286937652415e-02 2.393094809829984012e-03 5.681818181818182323e-01 5.081972676135885214e-01
4.134659872356089005e-02 1.444308516548141333e-03 4.722222222222222099e-01 5.121969142940491215e-01
4.709622292726145520e-02 1.633576272088444088e-03 5.500000000000000444e-01 5.578978401105348928e-01
5.289360403025952090e-02 1.994215660312892175e-03 5.208333333333333703e-01 5.103103630798286883e-01
5.941266175682404643e-02 2.038777625163953021e-03 5.600000000000000533e-01 5.075431016179806631e-01
6.623959740571712385e-02 2.014614798769268252e-03 5.370370370370370905e-01 5.085011191757772275e-01
7.251770781946841049e-02 1.767162065969994948e-03 5.208333333333333703e-01 5.103103630798286883e-01
7.836204892921720677e-02 1.794558473909566021e-03 6.400000000000000133e-01 1.001598722043913092e+00
8.476368586159346852e-02 2.173163639586968114e-03 1.875000000000000000e+00 5.212477517937127658e+00
9.171767809022127182e-02 2.151270969520740432e-03 8.411764705882353255e+00 2.311444746605247502e+01
9.840741527280037759e-02 1.879523288412654567e-03 2.250000000000000000e+01 5.449579494480896358e+01
1.046713563714864598e-01 1.717715818177843919e-03 5.089999999999999858e+01 9.662084661189841484e+01
1.108696467093386595e-01 1.978629817275711061e-03 7.956603773584905070e+01 1.316674330377421143e+02
1.174911181025048434e-01 2.151142134119994175e-03 1.085409836065573757e+02 1.628697401941039402e+02
1.240901985761322518e-01 1.682567093931450772e-03 1.543199999999999932e+02 2.022256759167836151e+02
1.302695169190241364e-01 1.981638030988197227e-03 1.703389830508474461e+02 2.200854055843342394e+02
1.366843399328758479e-01 1.885635125754002352e-03 2.116071428571428612e+02 2.533652418758665021e+02
1.431380625310322841e-01 2.037281709542672608e-03 2.353225806451612812e+02 2.681360653320209053e+02
1.497407916800755912e-01 2.013243134106564892e-03 2.661111111111110858e+02 2.960006524374333594e+02
1.560440161600273323e-01 1.800320108738214832e-03 2.921929824561403279e+02 3.173540020775802191e+02
1.626324968867556287e-01 2.166758397174068339e-03 3.213783783783783861e+02 3.274494552244787542e+02
1.693678508908615654e-01 1.711853084056604935e-03 3.390333333333333599e+02 3.497682796430294161e+02
1.755753172360756398e-01 1.940749690505284321e-03 3.711594202898550634e+02 3.544898029194507671e+02
1.819629297477835528e-01 1.792019476258344991e-03 3.890000000000000000e+02 3.743749046487614009e+02
1.883474920212158954e-01 1.982820530303366913e-03 3.995277777777777715e+02 3.879245608259101346e+02
1.949500334927739553e-01 1.985593967279970003e-03 4.326800000000000068e+02 3.903140103386845112e+02
2.014306324154557237e-01 1.750557958225071797e-03 4.423768115942028771e+02 4.027607010554029898e+02
2.076332073357673447e-01 1.865361520913360683e-03 4.721621621621621898e+02 4.039265757504902581e+02
2.140129245322099916e-01 1.882829286684015863e-03 4.701600000000000250e+02 4.163420427164824673e+02
2.204163405633874917e-01 1.951475208267544961e-03 5.043333333333333144e+02 4.154604129166276607e+02
2.268599176829277919e-01 1.954094669929957399e-03 5.026750000000000114e+02 4.264030110265403550e+02
2.335135695299082048e-01 1.986313139076756155e-03 5.104117647058823763e+02 4.325834159612522285e+02
2.400224779461884173e-01 1.823737618079871109e-03 5.356499999999999773e+02 4.316902803225942762e+02
2.464005577519743639e-01 1.894426896505377799e-03 5.505764705882353383e+02 4.332058514814700061e+02
2.528350385827773383e-01 1.829527638271931031e-03 5.635833333333333712e+02 4.392437494473557535e+02
2.590859102888302123e-01 1.817056121189442432e-03 5.666428571428571104e+02 4.434583773963383351e+02
2.654612130450557106e-01 1.918447197659697845e-03 5.713033707865168935e+02 4.464948143483806575e+02
2.718942366720529247e-01 1.942478483450333455e-03 5.982747252747252560e+02 4.347333198791120594e+02
2.784185743669774227e-01 1.921358219378808702e-03 5.976236559139784958e+02 4.309811194079854886e+02
2.849156375412667530e-01 1.882334819595186037e-03 6.417553191489362234e+02 4.015978872705983918e+02
2.911870294677750826e-01 1.766712284927822799e-03 6.500449438202247165e+02 3.786928117565092862e+02
2.976511517037133681e-01 2.019527329980297554e-03 6.946990291262136452e+02 3.420160725362575249e+02
3.043178155919494809e-01 1.919359421117726450e-03 7.155399999999999636e+02 3.117567381789846763e+02
3.108074081907638564e-01 1.815555258398614735e-03 7.459285714285714448e+02 2.873241508096456300e+02
3.170970610330232087e-01 1.826000353424227750e-03 7.596262626262625872e+02 2.721618427819421981e+02
3.235319739834495723e-01 1.908097576542081529e-03 7.627714285714286007e+02 2.606753734822989372e+02
3.300700059726238145e-01 1.867687188749142220e-03 7.870094339622640973e+02 2.449517472698776714e+02
3.365262003550894554e-01 1.808122422876843900e-03 7.840476190476190368e+02 2.409196825168841656e+02
3.429039324965278412e-01 1.810371451943152679e-03 8.024716981132075944e+02 2.280397368300395726e+02
3.492243179790229801e-01 1.835371710213073819e-03 8.085648148148147811e+02 2.183608784810795669e+02
3.555659880086458058e-01 1.813249007222180170e-03 8.150000000000000000e+02 2.110808384727764917e+02
3.620245372922214488e-01 1.918012235727336494e-03 8.281111111111110858e+02 2.000851884100435427e+02
3.685406119477664388e-01 1.798147481859587110e-03 8.283963963963964261e+02 1.943794226623516579e+02
3.750909242308860247e-01 1.967614233492519498e-03 8.468709677419354875e+02 1.816089117478067863e+02
3.816999037813160189e-01 1.752662604176019427e-03 8.454434782608695969e+02 1.729757416037429039e+02
3.880273799716012495e-01 1.749306826939258557e-03 8.501206896551724412e+02 1.648281872193630875e+02
3.942361145945514900e-01 1.745527907058957431e-03 8.521637931034482563e+02 1.566917700159307003e+02
4.006128291384035145e-01 1.852638254231622501e-03 8.575691056910569614e+02 1.467694318018626234e+02
4.070503578694664726e-01 1.848743254130127446e-03 8.608870967741935374e+02 1.425686961311818379e+02
4.135933781829447264e-01 1.871256654943844995e-03 8.609224806201550564e+02 1.373333563056019386e+02
4.202179442533061082e-01 1.832712641984981681e-03 8.687000000000000455e+02 1.303682948714613872e+02
4.266798115557093873e-01 1.759393680741872749e-03 8.729685039370078812e+02 1.248424153933965073e+02
4.330910535146235696e-01 1.771858374752960505e-03 8.775153846153846189e+02 1.179285306581713968e+02
4.395078467689783608e-01 1.772659720438770270e-03 8.786060606060606233e+02 1.134328703233273643e+02
4.457793319829173595e-01 1.654526338047628432e-03 8.716559999999999491e+02 1.094514271811930399e+02
4.521562795609589402e-01 1.887763445894669913e-03 8.747676056338028729e+02 1.021568835826581392e+02
4.587656575942579140e-01 1.769717907920350091e-03 8.624160583941605864e+02 9.450221874852265103e+01
4.652405449529313231e-01 1.746242423612376143e-03 8.546115107913668680e+02 8.792040354994436768e+01
4.716282944699034529e-01 1.704407088516023735e-03 8.422700729927007615e+02 8.235924854098350067e+01
4.780637153179891352e-01 1.798647074538550902e-03 8.360972222222221717e+02 7.717713824338312634e+01
4.844976548260259142e-01 1.723433333189145671e-03 8.340422535211267814e+02 7.471249064700516840e+01
4.908596034113225648e-01 1.665744062354685903e-03 8.279716312056737024e+02 7.169655610372754495e+01
4.972011979785150859e-01 1.734256865849588200e-03 8.291027397260273801e+02 6.874374500281879818e+01
5.036178995103413047e-01 1.747915368961153139e-03 8.214459459459459367e+02 6.497224009682453527e+01
5.101756467004687767e-01 1.800451491856020327e-03 8.148967741935483673e+02 6.184419784823952426e+01
5.166235656727934389e-01 1.648057805296297825e-03 8.075782312925169890e+02 5.737840906662122364e+01
5.229884928033705638e-01 1.714260039451578075e-03 8.024736842105263577e+02 5.363978102148853111e+01
5.293925748937229336e-01 1.756900675637705763e-03 7.965641025641025408e+02 5.199894741765816519e+01
5.357749724968067229e-01 1.647361260156582873e-03 7.894172185430463742e+02 4.915606532208627044e+01
5.422269581426349960e-01 1.797131621318817348e-03 7.855975609756097811e+02 4.642979466719184956e+01
5.488258977193463117e-01 1.752106618123457169e-03 7.794223602484471485e+02 4.403673663050328457e+01
5.552607346015674405e-01 1.711536068502800701e-03 7.759437500000000227e+02 4.304419512983138674e+01
5.616696921416424182e-01 1.713298320607429745e-03 7.720613496932514863e+02 4.300060263900437718e+01
5.680596363279470928e-01 1.671719726027721563e-03 7.669437500000000227e+02 4.241177884002273402e+01
5.744116486855085357e-01 1.773350792090137981e-03 7.609047619047619264e+02 4.026588572585957593e+01
5.808465417437830292e-01 1.706594120505047427e-03 7.539575757575757962e+02 3.916404199634246197e+01
5.872915480827241019e-01 1.773275249674210931e-03 7.505317919075145028e+02 3.764786700207428538e+01
5.936297343998458986e-01 1.608871723183330060e-03 7.447654320987654728e+02 3.689924987124825151e+01
6.000917821228005655e-01 1.852508397134843563e-03 7.418681318681318544e+02 3.531900955146070231e+01
6.066068710033430955e-01 1.719733697199352486e-03 7.371578947368420813e+02 3.645728853535262459e+01
6.129319261090041548e-01 1.700305612135823196e-03 7.345465116279069662e+02 3.734185058027158988e+01
6.193292159447265632e-01 1.792945791870086646e-03 7.290000000000000000e+02 3.655247369650012246e+01
6.257789288608107681e-01 1.769335618302108433e-03 7.254180790960451759e+02 3.635500418044795623e+01
6.322945183878984077e-01 1.883051681004075783e-03 7.243492063492063835e+02 3.552280001024318778e+01
6.387697914265673127e-01 1.734308686986089703e-03 7.211193181818181301e+02 3.741350734727758010e+01
6.450797878865883739e-01 1.812617312363664322e-03 7.153043478260869961e+02 3.713666453186102245e+01
6.514777522098027518e-01 1.807195130708317372e-03 7.077459459459458913e+02 3.639578275283250974e+01
6.579453254174412180e-01 1.840076954070700866e-03 7.026507936507936165e+02 3.606839499237445779e+01
6.642487788958216788e-01 1.761967380250493336e-03 6.961538461538461888e+02 3.680911901422730637e+01
6.707545140871414846e-01 1.952870522822350513e-03 6.908999999999999773e+02 3.630997796749537798e+01
6.772291234912055646e-01 1.844192786587162299e-03 6.843015873015873467e+02 3.801434643630512511e+01
6.834443396870620857e-01 1.745041746211572261e-03 6.787228260869565020e+02 3.864818932119825945e+01
6.899300657465672337e-01 1.988575045799213618e-03 6.749903381642511704e+02 3.806078097437298169e+01
6.965346490814943170e-01 1.967867873463197050e-03 6.686331658291456961e+02 4.210031417489550876e+01
7.030970487636396538e-01 2.020648629947002003e-03 6.641941747572815302e+02 4.327303400235823716e+01
7.095716427219228573e-01 1.946516927103622520e-03 6.589090909090908781e+02 4.490344707512609546e+01
7.160970279381224657e-01 2.044543341153194464e-03 6.556190476190475920e+02 4.408731287414310884e+01
7.226116891734091219e-01 2.004959656352403585e-03 6.519268292682926358e+02 4.278031398579700095e+01
7.291288619178314390e-01 2.011427705279334160e-03 6.481619047619047933e+02 4.559765329920561783e+01
7.356079106374427967e-01 1.973711099579897668e-03 6.435528846153846416e+02 4.396441804032279066e+01
7.419803430714648762e-01 1.939746738906150680e-03 6.366536585365853398e+02 4.634341921418434396e+01
7.484516812817442188e-01 2.022257641999446187e-03 6.338999999999999773e+02 4.274106498864571080e+01
7.549512183205485671e-01 1.898119824350936232e-03 6.311586538461538112e+02 4.617332121166915471e+01
7.613853957290165342e-01 1.973382858640895885e-03 6.297590909090909008e+02 4.438089222899110098e+01
7.678481984516135617e-01 1.903941598965435333e-03 6.240046511627906511e+02 4.775387479712546224e+01
7.743372045322526320e-01 1.915374251326664194e-03 6.201891891891891646e+02 4.552913349264606779e+01
7.807807857039134047e-01 1.872160005679921477e-03 6.145412844036696924e+02 4.574082701065005097e+01
7.871827117013717734e-01 1.874571936203420349e-03 6.094208144796380111e+02 4.594455073660603261e+01
7.935705088346153291e-01 1.846468364235832015e-03 6.062421524663676564e+02 4.634938314609686927e+01
7.999497029225959288e-01 1.794315080242126848e-03 6.034885844748858972e+02 4.761643791828462469e+01
8.063895263538338742e-01 1.919941342275102670e-03 6.009957627118643586e+02 4.612133920640719964e+01
8.129038415374738591e-01 1.785391972586650427e-03 5.976311111111110677e+02 4.630555586216089381e+01
8.193543447618309994e-01 1.828478467253065801e-03 5.933106382978722877e+02 4.476081274539019716e+01
8.257450256705209934e-01 1.731942097964038994e-03 5.875267857142856656e+02 4.616610953894355163e+01
8.321389716972604766e-01 1.845140229989535984e-03 5.832791666666666970e+02 4.545921134196383662e+01
8.386208936931099922e-01 1.751195931903918061e-03 5.785598290598290987e+02 4.573456594652658680e+01
8.449970631363269424e-01 1.723661030767332288e-03 5.752586206896551175e+02 4.574365140515497785e+01
8.513046230100612677e-01 1.773741526074865430e-03 5.717016806722689353e+02 4.515731237994403102e+01
8.578256185292513214e-01 1.822821089358022794e-03 5.671983805668015748e+02 4.496100324373750823e+01
8.643009097266359797e-01 1.747841479780405487e-03 5.626141078838173826e+02 4.608326066424184120e+01
8.706520843132705689e-01 1.718512007701664341e-03 5.579663865546218631e+02 4.604152754106981860e+01
8.770655084888429043e-01 1.823306464836067656e-03 5.555968379446640029e+02 4.493273296091786051e+01
8.835379301005906738e-01 1.720994191554163586e-03 5.512757201646090834e+02 4.501219781956758226e+01
8.899818591232092624e-01 1.816014583941305376e-03 5.499294117647058329e+02 4.485167969939340082e+01
8.963154830142930907e-01 1.686559403020368615e-03 5.444624999999999773e+02 4.556717225700975860e+01
9.027402481510985455e-01 1.849914512401526186e-03 5.420801526717557408e+02 4.397698031363650273e+01
9.092741475074460622e-01 1.818523953956779297e-03 5.379960784313725526e+02 4.379994592873655535e+01
9.156513574886713247e-01 1.799905876070713017e-03 5.334126984126984325e+02 4.382842141877204512e+01
9.219738414041327434e-01 1.816254378221876130e-03 5.289765625000000000e+02 4.433038408226190086e+01
9.284093843578240524e-01 1.864548344913183461e-03 5.273653846153846416e+02 4.510004493627958766e+01
9.348720171621091035e-01 1.939851900461452830e-03 5.262471910112359410e+02 4.518699941405662912e+01
9.413551784733346084e-01 1.927152036582965508e-03 5.229122137404580144e+02 5.028240450481047930e+01
9.478756351150825488e-01 2.022964964773094239e-03 5.272282608695652470e+02 4.745729765609453210e+01
9.544794314844599059e-01 1.995588314593873917e-03 5.509225092250921989e+02 3.981304535054676563e+01
9.609640598131067302e-01 1.976081289299603128e-03 6.506397058823529278e+02 9.400733956957739679e+01
9.673540511875814429e-01 1.900963898517757681e-03 9.469393939393939945e+02 3.388895858541057464e+02
9.738764300010358532e-01 2.020370959177093719e-03 1.490100694444444343e+03 8.965761574916466543e+02
9.803887395962943563e-01 1.868024915732807104e-03 1.930400749063670446e+03 1.347734540428091350e+03
9.867609507399704993e-01 1.907798179635916648e-03 1.854232974910394205e+03 1.182696363608686397e+03
9.931792738827067701e-01 1.861169570246367679e-03 1.679894545454545550e+03 1.067273637633187491e+03
9.997024529712079666e-01 1.929714342920701943e-03 1.563547945205479436e+03 1.088589686900944571e+03
1.006152710574202525e+00 1.760100644785859590e-03 1.363319852941176578e+03 8.250354370567591786e+02
1.012546487448541255e+00 1.858180627704414780e-03 1.100986159169550092e+03 3.873949592235545651e+02
1.018988798098918291e+00 1.803978976354649174e-03 1.003007042253521149e+03 2.135030015370841738e+02
1.025394048634321598e+00 1.775790568352827222e-03 9.838210526315789366e+02 1.797859516274433815e+02
1.031778999059903112e+00 1.783042104657854955e-03 9.764532871972318162e+02 1.794536891485143144e+02
1.038243195035333466e+00 1.800042721148124251e-03 9.527098976109215300e+02 2.087092875931170113e+02
1.044593270705168830e+00 1.728638088187854378e-03 8.472307692307692832e+02 2.167208897544120987e+02
1.051019473275584426e+00 1.807666001326826760e-03 6.904013377926421526e+02 1.704028106053897318e+02
1.057452118334604840e+00 1.764796907398143069e-03 5.676203389830508286e+02 1.059321032677493122e+02
1.063812741872586898e+00 1.735604614353873946e-03 5.033527397260273801e+02 6.744749405227237560e+01
1.070275566257694377e+00 1.860876787998901613e-03 4.749354838709677438e+02 4.716100238206966822e+01
1.076675486865225739e+00 1.737707282280460301e-03 4.594329896907216266e+02 4.148128697830912870e+01
1.083000003099001241e+00 1.811785629637566912e-03 4.520296052631579187e+02 3.935837214311883514e+01
1.089457558406981885e+00 1.875700427842611059e-03 4.444448051948052125e+02 3.766006990485622197e+01
1.095857128634095679e+00 1.865882195591197666e-03 4.405296052631579187e+02 3.772460208528480763e+01
1.102286980210992473e+00 1.937596539280167377e-03 4.334281150159744129e+02 4.182582402011063039e+01
1.108924588094037933e+00 2.035521144429528872e-03 4.320274390243902189e+02 4.064603228497954746e+01
1.115518250266801070e+00 1.963453062553008333e-03 4.288006329113924266e+02 4.105720154943176681e+01
1.121980766162010701e+00 1.920251373127695831e-03 4.272261146496815059e+02 3.942654913873295897e+01
1.128426312748922689e+00 1.950613960551148517e-03 4.240403726708074714e+02 3.704154606897463253e+01
1.134959239864979930e+00 1.915365560061970144e-03 4.215969230769230762e+02 3.733473506807768416e+01
1.141388067807542761e+00 1.819889318180962796e-03 4.184031746031745911e+02 3.775241819228378404e+01
1.147829738822878420e+00 1.877407927217479219e-03 4.168145896656535001e+02 3.688652213719425532e+01
1.154234759887723172e+00 1.796226287448233561e-03 4.141661442006269453e+02 3.697539470356654334e+01
1.160592008141087206e+00 1.784421184300352767e-03 4.124489164086687083e+02 3.644659165763890485e+01
1.167026991042843242e+00 1.836276795008287468e-03 4.102567164179104680e+02 3.594474113465342668e+01
1.173494023876834547e+00 1.758155136545365687e-03 4.078562691131498354e+02 3.714522705158574212e+01
1.179808164649816637e+00 1.732605827553653768e-03 3.971169230769230580e+02 4.800207283492770216e+01
1.186220583891021807e+00 1.881017850291822648e-03 4.021607717041800925e+02 4.381002991161838622e+01
1.192681073817049464e+00 1.793318889751105601e-03 4.003586206896551971e+02 4.363062282977031003e+01
1.199065629744253458e+00 1.797529783280079436e-03 3.990598591549295975e+02 4.304881941476858742e+01
1.205502001077074059e+00 1.899328588103967692e-03 3.995547945205479436e+02 4.231655324295293497e+01
1.211991242640565014e+00 1.826306843735066819e-03 3.986920289855072497e+02 4.216055898193710760e+01
1.218362901235649165e+00 1.888953249129523074e-03 3.973597122302158482e+02 4.234117120177665328e+01
1.224837827500277143e+00 1.938626244914326818e-03 3.920575539568345107e+02 4.743853033935310037e+01
1.231306496939841066e+00 1.935692192720165272e-03 3.906159420289855007e+02 4.755995094664700673e+01
1.237900180047003751e+00 1.954996484647400414e-03 3.901182795698924792e+02 4.525868359832083598e+01
1.244387829439413284e+00 1.881879514088832415e-03 3.892462686567164383e+02 4.376194900949200672e+01
1.250735832344970877e+00 1.818331757808236372e-03 3.878953488372093261e+02 4.401101297021579484e+01
1.257083335292831006e+00 1.905720956169173206e-03 3.877011070110701212e+02 4.334264455253945414e+01
1.263603115287416090e+00 1.841854869392088893e-03 3.862272727272727479e+02 4.347145488486855669e+01
1.270020777910819465e+00 1.832011672431217405e-03 3.852889733840304416e+02 4.327133101070516830e+01
1.276488051741652807e+00 1.832185980768075541e-03 3.841216730038023002e+02 4.385181702089176525e+01
1.282839323063532211e+00 1.758750693263018286e-03 3.836850393700787549e+02 4.417959447157856800e+01
1.289363492023574365e+00 1.805471412487298991e-03 3.744747474747474598e+02 4.944066046195439412e+01
1.295761563244195891e+00 1.749310907134910172e-03 3.793389261744966348e+02 4.532433852090454707e+01
1.302096506369333051e+00 1.727886103868702576e-03 3.799534883720930338e+02 4.338391170816203157e+01
1.308490604613926855e+00 1.841981469325142248e-03 3.790186915887850319e+02 4.215839094323089853e+01
1.314923371882378955e+00 1.783204890748409099e-03 3.775305466237942369e+02 4.150949956566513777e+01
1.321263162947042602e+00 1.883891353746835161e-03 3.757561728395061778e+02 4.127547824562201839e+01
1.327809252188654421e+00 1.990407611744629372e-03 3.729763313609467446e+02 4.550117974224016137e+01
1.334395055816720577e+00 2.005908808147741692e-03 3.738152492668621676e+02 4.403494932807060280e+01
1.340924575314278222e+00 1.937181998292608577e-03 3.745253731343283334e+02 4.136889233276951217e+01
1.347326738882997477e+00 1.911240937813023883e-03 3.745917159763313862e+02 4.046381422821620077e+01
1.353867248119903444e+00 1.925349651844857632e-03 3.740594900849858391e+02 3.974877945275619595e+01
1.360292180733798650e+00 1.777880213384871099e-03 3.743862275449101844e+02 4.048979922080218330e+01
1.366716033276369036e+00 1.860440026654835337e-03 3.782352941176470722e+02 3.937781053375151430e+01
1.373134056949086190e+00 1.747663592607761902e-03 3.944532163742690045e+02 4.306975182713910755e+01
1.379508641949547476e+00 1.787974598008121871e-03 4.279802816901408278e+02 4.950574990800139830e+01
1.385849874457594222e+00 1.730044418412237826e-03 4.609884726224784117e+02 5.885181269047041042e+01
1.392210228535155858e+00 1.777760908321846531e-03 4.673722222222222058e+02 6.330155989047901954e+01
1.398630460992727143e+00 1.793834584281517276e-03 4.511027777777777601e+02 6.050363395881459638e+01
1.405027543482165298e+00 1.820682476180417696e-03 4.399035812672176462e+02 5.814097830207036566e+01
1.411380623846245186e+00 1.844474811107960554e-03 4.237805555555555657e+02 5.530615407902040204e+01
1.418011585217980208e+00 2.061904995500850411e-03 4.039850374064837979e+02 5.514550906673217412e+01
1.424633236002852632e+00 1.911062399977238009e-03 3.981229508196721554e+02 4.622638490786505372e+01
1.431027237377290762e+00 1.930893372260762729e-03 3.964828496042216557e+02 4.162665833764371115e+01
1.437551415863808524e+00 1.925262037142165712e-03 3.957454545454545496e+02 4.246168020361754003e+01
1.443999660086549230e+00 1.834928749309971486e-03 3.955198938992042486e+02 4.239155678563788143e+01
1.450408168300875378e+00 1.822080046480867126e-03 3.952303664921465725e+02 4.268755836359093081e+01
1.456762351763572827e+00 1.768742008520618686e-03 3.955894736842105317e+02 4.306199775869123414e+01
1.463211358413713192e+00 1.810126088705470279e-03 3.982755102040816269e+02 4.335786420934885399e+01
1.469593255354290973e+00 1.758193336020684059e-03 3.978515625000000000e+02 4.413463040046826080e+01
1.475950724204827313e+00 1.769305199294179780e-03 3.887131782945736518e+02 4.419325295964326727e+01
1.482355977374464340e+00 1.855140322631434503e-03 3.770774999999999864e+02 4.248369319515430931e+01
1.488803525874331735e+00 1.854999873494519958e-03 3.668524173027989832e+02 4.066083550007970615e+01
1.495319592526707764e+00 2.003828109077177445e-03 3.588373205741626748e+02 4.750144231302105169e+01
1.501939691759246465e+00 1.957822028991581826e-03 3.587931873479318483e+02 4.211796127631065190e+01
1.508463382234335848e+00 1.918938912685786129e-03 3.596063569682151524e+02 3.993562147584819400e+01
1.514901188746566207e+00 1.852902137227367511e-03 3.578719211822660213e+02 4.021099559885190189e+01
1.521228969867623793e+00 1.785136608190808364e-03 3.565768261964735757e+02 4.004592714842342360e+01
1.527563647216529041e+00 1.824993124647320475e-03 3.559134615384615472e+02 3.995733295548741637e+01
1.534022576503679458e+00 1.781774817406586286e-03 3.552038834951456465e+02 4.048696535030087773e+01
1.540418711468126034e+00 1.792491139398408621e-03 3.551866028708133740e+02 4.085025260324197660e+01
1.546838712332167631e+00 1.778278829154705072e-03 3.536987951807228683e+02 4.059363853636595110e+01
1.553238623106807825e+00 1.840983848395847744e-03 3.537122641509433834e+02 4.047788263100073891e+01
1.559673935783696619e+00 1.867161364404805587e-03 3.531425178147268298e+02 4.069049482664674855e+01
1.566161367499480317e+00 1.987417225671155377e-03 3.488390022675736759e+02 5.044478825906335828e+01
1.572795191923813007e+00 1.975399758409353626e-03 3.521235955056179705e+02 4.142767695181613163e+01
1.579229625961506400e+00 1.828964939238766603e-03 3.510697115384615472e+02 4.127085859799478129e+01
1.585615098485775532e+00 1.901195136705323549e-03 3.518878923766816342e+02 4.069040616180404157e+01
1.592069020803266399e+00 1.783565421147388207e-03 3.513521126760563220e+02 4.124012288097257795e+01
1.598398624204083740e+00 1.798472010651884717e-03 3.519840182648401878e+02 4.173948537779318002e+01
1.604843375939136507e+00 1.797152056805669104e-03 3.527737556561086194e+02 4.191140594982049805e+01
1.611212339410225569e+00 1.768878106258207515e-03 3.605917431192660274e+02 4.361045036199498526e+01
1.617590363377642504e+00 1.818287623560442892e-03 3.887617977528090023e+02 5.429187685964458154e+01
1.623974015669422899e+00 1.854816384487833732e-03 4.457246049661399638e+02 7.725689499879707967e+01
1.630543485616582799e+00 2.014479720267581264e-03 4.735502092050209058e+02 9.730298026788874211e+01
1.637155364196844820e+00 1.921442116166700376e-03 4.684713656387665424e+02 8.546165896028678333e+01
1.643640215828007012e+00 1.916406123937146409e-03 4.439549356223175778e+02 7.838438368962768266e+01
1.650095370295723063e+00 1.808845151496338592e-03 4.240712694877505555e+02 7.460010375515811631e+01
1.656466136267144007e+00 1.835556712886826517e-03 4.014516129032257936e+02 6.068573396869123826e+01
1.662921359457136594e+00 1.784847929403802829e-03 3.877625272331154633e+02 5.253410300180268422e+01
1.669278115879615276e+00 1.787810489320909016e-03 3.823852813852813597e+02 5.008974208684267637e+01
1.675603147458916142e+00 1.759339208401217896e-03 3.822251655629139009e+02 5.038486006961136354e+01
1.681944817773278311e+00 1.879012939346250957e-03 3.929240506329114169e+02 5.205725892211385997e+01
1.688494896982127180e+00 1.961244959671172398e-03 4.254650205761316784e+02 7.333350687928920308e+01
1.695047655103924189e+00 1.958531043791479891e-03 4.901913580246913398e+02 8.223690303198205243e+01
1.701563412030947964e+00 1.893890162085724253e-03 5.175302713987473453e+02 9.077549034779892168e+01
1.707975620325744792e+00 1.846204685496802061e-03 5.017933194154488774e+02 8.860103078074388350e+01
1.714377380249353600e+00 1.797036493929945892e-03 4.721673640167364283e+02 8.302155764607468313e+01
1.720768292737840266e+00 1.799184406037973973e-03 4.497628865979381203e+02 7.457311495376843880e+01
1.727152534628709324e+00 1.771490888047008889e-03 4.297745302713987599e+02 6.615048043825585466e+01
1.733526494930327289e+00 1.835615179227028260e-03 4.106619144602851179e+02 5.878745137644441598e+01
1.739975521513371870e+00 1.888347845677861795e-03 3.915467479674796891e+02 5.978922108895731924e+01
1.746497876640803248e+00 1.988580869552720402e-03 3.829011627906976969e+02 5.730742711422121261e+01
1.753090192095328348e+00 1.909790863647236811e-03 3.822191235059760857e+02 4.959381057035387386e+01
1.759542915568929722e+00 1.863330342728648260e-03 3.810936254980079525e+02 4.904233664213910515e+01
1.765978610475646082e+00 1.805054295706254351e-03 3.774599999999999795e+02 4.834301728274726173e+01
1.772332663329672986e+00 1.770928694831684115e-03 3.740806451612903061e+02 4.800476402010982468e+01
1.778664509689639184e+00 1.781133477909586536e-03 3.721237524950099669e+02 4.753266449304091879e+01
1.785069366740120511e+00 1.834600355293997381e-03 3.705937500000000000e+02 4.761261514142515949e+01
1.791506168727699633e+00 1.878728357369653049e-03 3.715490196078431495e+02 5.644156831955854869e+01
1.798039063906349488e+00 1.995486375923071192e-03 3.728296296296296077e+02 5.737516490019966398e+01
1.804647924016717919e+00 1.913848319004299433e-03 3.636321839080459881e+02 4.964400106702734661e+01
1.811089958053599736e+00 1.862622323854617795e-03 3.439022988505747094e+02 4.572376494900163379e+01
1.817521720439822408e+00 1.798364348704032875e-03 3.286138996138996049e+02 4.318066996173622840e+01
1.823812670535420288e+00 1.750448090683544159e-03 3.224274509803921660e+02 4.145357060562336926e+01
1.830221642949216854e+00 1.837728497302317443e-03 3.187560521415269932e+02 4.013519515228352930e+01
1.836582905300079060e+00 1.780128382536366044e-03 3.172764705882352700e+02 4.052274341112671152e+01
1.843061797820461534e+00 1.986079127245108083e-03 3.133214920071047800e+02 4.844176030140700817e+01
1.849632829275571488e+00 1.888944039210000737e-03 3.135601503759398270e+02 4.195138242630502390e+01
1.856090187264436642e+00 1.913060858845453587e-03 3.122218181818182074e+02 4.054373979252081739e+01
1.862531947297203283e+00 1.788974026913770074e-03 3.100735849056603683e+02 4.023305230387087050e+01
1.868931787959941415e+00 1.835149539700427039e-03 3.095537340619308111e+02 3.916680545445088057e+01
1.875342409945594868e+00 1.782793697721218873e-03 3.086778398510242027e+02 3.998831170323871476e+01
1.881685992375486283e+00 1.813583446463527945e-03 3.085811808118081103e+02 3.986519047809020577e+01
1.888176611507502489e+00 1.945205006648250507e-03 3.051552028218694659e+02 4.743185025501993124e+01
1.894684395670122701e+00 1.921537496908314263e-03 3.059785330948121782e+02 4.277255487669869183e+01
1.901176782548104516e+00 1.886986723452953362e-03 3.061032028469750799e+02 4.067788834763911154e+01
1.907561981128558237e+00 1.795440373499332084e-03 3.057189781021897943e+02 4.097240574005199676e+01
1.913985041606118376e+00 1.828239138046576940e-03 3.053228070175438802e+02 4.067478908636999080e+01
1.920403381422240097e+00 1.786024996940504313e-03 3.057826086956521863e+02 4.118436138339753683e+01
1.926716413297410169e+00 1.834639747803229817e-03 3.080320284697509123e+02 4.141276161718258209e+01
1.933271554332125497e+00 1.965820526812752777e-03 3.175521885521885679e+02 4.912747855046420398e+01
1.939792573083097382e+00 1.907526115978609412e-03 3.662705061082024258e+02 8.898241234597900018e+01
1.946288570836251841e+00 1.883695634446648113e-03 4.474667802385008599e+02 1.922230017462322564e+02
1.952655684029843908e+00 1.737190040939992066e-03 5.444086799276673219e+02 2.275268163636682175e+02
1.958969978021109171e+00 1.827434973414125523e-03 7.003054607508532854e+02 3.375665087495029297e+02
1.965496063115082181e+00 1.854230162972571750e-03 8.984037162162162531e+02 5.313548448458109306e+02
1.971963975922738088e+00 1.884120710564727479e-03 9.747585616438356055e+02 5.643385959538295538e+02
1.978442510441045021e+00 1.957066319931451050e-03 8.915238879736408535e+02 4.401536292517793640e+02
1.984931097981023740e+00 1.843590323278294961e-03 7.917076923076923549e+02 3.997652189671557039e+02
1.991287308585444338e+00 1.815152065882439042e-03 6.705315161839863549e+02 3.123175356874780846e+02
1.997701973476069481e+00 1.833321787203764366e-03 5.571013289036544620e+02 1.801131239223821012e+02
2.004164133665459424e+00 1.816322146449814287e-03 4.916711185308848258e+02 1.011433954666644155e+02
2.010465304371688244e+00 1.793999045974344238e-03 4.675996533795494088e+02 8.055696628661848990e+01
2.016906033528098163e+00 1.989616449670199121e-03 4.574147104851330141e+02 8.888506510543830075e+01
2.023555996358446407e+00 1.897180052363281293e-03 4.577621359223301170e+02 7.307933132463094239e+01
2.029968694217374470e+00 1.807083598350285245e-03 4.551672240802675447e+02 7.281295555289537447e+01
2.036339422929389187e+00 1.823287213829230622e-03 4.553419773095624237e+02 7.189910751103445818e+01
2.042808231593590484e+00 1.819045180469573350e-03 4.538961038961039094e+02 7.188825255296521277e+01
2.049121403930300289e+00 1.816823929832920258e-03 4.540719063545150220e+02 7.845203868906202160e+01
2.055546024436551544e+00 1.958593688934813937e-03 4.550200617283950351e+02 8.044217844471241108e+01
2.062179187475123410e+00 1.909374836257744399e-03 4.598781250000000114e+02 7.108650509101347836e+01
2.068587893715514436e+00 1.782255124468116103e-03 4.557741407528641844e+02 7.646522487165060511e+01
2.074943470461427353e+00 1.803325004765888358e-03 4.563296354992075976e+02 9.263607171939075613e+01
2.081348551495329602e+00 1.811685209211536278e-03 4.583616000000000099e+02 1.133348076453125515e+02
2.087807581420585645e+00 1.934124239786214495e-03 4.200229709035222072e+02 1.147644546835681609e+02
2.094354049547901386e+00 1.919763106963207067e-03 3.589984662576687242e+02 8.165491127404750671e+01
2.100814970511138302e+00 1.841726384006937703e-03 3.101540880503144422e+02 5.703037717333813106e+01
2.107147425483176129e+00 1.793021693532189254e-03 2.883958990536277724e+02 4.732733894287935072e+01
2.113573117004156288e+00 1.831442330790634650e-03 2.795648854961831944e+02 4.288255855083169621e+01
2.119956773712852627e+00 1.806996690666118864e-03 2.769636075949367182e+02 4.147908437748770183e+01
2.126392549358501416e+00 1.961143276791299343e-03 2.794867647058823650e+02 4.820314499818723419e+01
2.133022499541108896e+00 1.914261261225060897e-03 2.948032544378698390e+02 4.022344462103502138e+01
2.139480964562213483e+00 1.786119367506160778e-03 3.029550387596898986e+02 4.164282700012652327e+01
2.145796782645738254e+00 1.799418587043424183e-03 3.007003058103975377e+02 4.086103024182099119e+01
2.152165366120878165e+00 1.825425695775702338e-03 2.925318181818182097e+02 3.998683237123690049e+01
2.158655754564665852e+00 1.929951649106770133e-03 2.828619186046511800e+02 4.743570839044120646e+01
2.165204964825616862e+00 1.913631523374921799e-03 2.837178362573099548e+02 3.801477590985495425e+01
2.171687233764930003e+00 1.836559742283269984e-03 2.945970370370370119e+02 3.356362650054837360e+01
2.178057454997971210e+00 1.770075738143539208e-03 3.375302114803625386e+02 4.532721626921092906e+01
2.184381886656512783e+00 1.819268068842387707e-03 4.224858841010401420e+02 7.643568518669779621e+01
2.190889596552291430e+00 1.941484629964972597e-03 5.512129760225669770e+02 1.154423030020675753e+02
2.197415493733709368e+00 1.880394352234131695e-03 7.093004354136429583e+02 1.700372882792978828e+02
2.203858495652105454e+00 1.844129167940211774e-03 7.935774240231548902e+02 2.118455263650062079e+02
2.210218428929338064e+00 1.776952575370011446e-03 7.517677514792899274e+02 2.126577392437364153e+02
2.216548686487991304e+00 1.820372229284925253e-03 6.662293178519593084e+02 2.162884906124313886e+02
2.223054582631938558e+00 1.937499342758612587e-03 5.719019337016574127e+02 2.124870159804067100e+02
2.229555406010463425e+00 1.871681269043944497e-03 4.883619456366237728e+02 1.469365662172007205e+02
2.236023148886606471e+00 1.876509468722661325e-03 4.192447844228094596e+02 8.575350516300376569e+01
2.242466908337517939e+00 1.781536512235300631e-03 3.932517985611510767e+02 6.456212430703074290e+01
2.248784053696174290e+00 1.815619011182786555e-03 3.854361549497847932e+02 5.968899363647035017e+01
2.255261034229438355e+00 1.958337742873136802e-03 3.809355704697986766e+02 6.808368166206768990e+01
2.261752977112598817e+00 1.833135357339661826e-03 3.834101838755304357e+02 5.688667680913970059e+01
2.268193030407839927e+00 1.856919733580766289e-03 3.789822646657571568e+02 5.619945662160689182e+01
2.274620661936892052e+00 1.792548502283534354e-03 3.745740479548659891e+02 5.677615384400220933e+01
2.281045196159239286e+00 1.907452264699439036e-03 3.678297297297297064e+02 6.379852552388011588e+01
2.287566856146262317e+00 1.925687837049752790e-03 3.671577540106952142e+02 5.993950317737652966e+01
2.294017676381079784e+00 1.818149611703329506e-03 3.670096952908587014e+02 5.607429704629217326e+01
2.300373896127871021e+00 1.814054264739159471e-03 3.686101231190150429e+02 5.533549578085771969e+01
2.306733295622487301e+00 1.809288305020508025e-03 3.735480769230769056e+02 5.624419219571117878e+01
2.313210233147671158e+00 1.927057466226796351e-03 3.763502604166666856e+02 7.274816659173457367e+01
2.319750633036068876e+00 1.886628064392380537e-03 3.856754966887417027e+02 7.725340749625240733e+01
2.326167810919689938e+00 1.805281422939875990e-03 3.774533152909336877e+02 8.955367145629979575e+01
2.332524891627314911e+00 1.808157875111407291e-03 3.404879032258064626e+02 8.097051085260319780e+01
2.339018828040365428e+00 1.927078730268403945e-03 2.864064102564102541e+02 6.824550867497711693e+01
2.345529090540556361e+00 1.892646505679497623e-03 2.519005235602094217e+02 5.001303940332778097e+01
2.351902562585342693e+00 1.808634088653226840e-03 2.349358288770053491e+02 4.178868177651634142e+01
2.358283426411155403e+00 1.828495513811564770e-03 2.276675358539765455e+02 3.812899072543161338e+01
2.364665150299146479e+00 1.824483169818866225e-03 2.237602649006622642e+02 3.647075156184730105e+01
2.371140522023317931e+00 1.956229962378429419e-03 2.198622828784119179e+02 4.086049582069009745e+01
2.377698484074287411e+00 1.857249505322706908e-03 2.201397435897436026e+02 3.505226697545172243e+01
2.384135550776628865e+00 1.806484998011118103e-03 2.174670967741935499e+02 3.372114064700154046e+01
2.390495270780528703e+00 1.815820546892564329e-03 2.227952646239554326e+02 3.351899846190307386e+01
2.396907059408651008e+00 1.904650256318906557e-03 2.342818057455540384e+02 4.255914416609784467e+01
2.403395490390968892e+00 1.861409897307351969e-03 2.629591549295774371e+02 4.330479553589272257e+01
2.409868588547004364e+00 1.847911660654164229e-03 2.866860795454545610e+02 5.040813975433955108e+01
2.416315494183244539e+00 1.848423108511250412e-03 2.913927536231884119e+02 5.301618506660973651e+01
2.422721222723576151e+00 1.879130934971403807e-03 2.705857558139534831e+02 6.044615524064494849e+01
2.429135064156228374e+00 1.862177758942303550e-03 2.553196480938416357e+02 5.193306706789660154e+01
2.435558328952115659e+00 1.829358714226044739e-03 2.367263313609467446e+02 4.597508808375872746e+01
2.441961929587736613e+00 1.826990787003958654e-03 2.229985029940119716e+02 3.854156316661700288e+01
2.448435267415004279e+00 1.916283866918213176e-03 2.121104651162790731e+02 4.013465190579385222e+01
2.454898310690642571e+00 1.851262751470384186e-03 2.121515151515151558e+02 3.330185635011412870e+01
2.461278332832209870e+00 1.841207405127180587e-03 2.105528700906344284e+02 3.285338211876930359e+01
2.467732767309350983e+00 1.860175811866779036e-03 2.084144144144144093e+02 3.440711996023514274e+01
2.474317234005322774e+00 1.907302378477835920e-03 2.052088698140200336e+02 3.521112927758514388e+01
2.480763678027650521e+00 1.850982492662076430e-03 2.077051460361613238e+02 3.122530615119770303e+01
2.487114426650852028e+00 1.791691956921820849e-03 2.081882022471910147e+02 3.191198766298806078e+01
2.493514277050582706e+00 1.905910091373927331e-03 2.056103038309115050e+02 3.742076878558960118e+01
2.500016016455529844e+00 1.897218154373805617e-03 2.071877444589308936e+02 3.225736127830884925e+01
2.506504299072060071e+00 1.823698874814003905e-03 2.063623188405797180e+02 3.204035919650324615e+01
2.512828968428921783e+00 1.779539787674511890e-03 2.053526244952893762e+02 3.217982291282608287e+01
2.519262120792594928e+00 1.938201810876334251e-03 2.032004981320049808e+02 3.729001683146920954e+01
2.525775074220281358e+00 1.871497825325404334e-03 2.052713375796178354e+02 3.221536754848887796e+01
2.532197693037325781e+00 1.807973308604888651e-03 2.062769230769230830e+02 3.221129085247348911e+01
2.538545427775757091e+00 1.816891897915347926e-03 2.069974259974260065e+02 3.377758641447192645e+01
2.545039371368973402e+00 1.965732421291352915e-03 2.046876484560570191e+02 4.021745433571262396e+01
2.551577586228050976e+00 1.818913119815899733e-03 2.020568181818181870e+02 3.650958951101240757e+01
2.557912035390546901e+00 1.811160408138717511e-03 1.988909774436090174e+02 3.704174313331763813e+01
2.564418003384666633e+00 1.924750488034227642e-03 1.943695395513577466e+02 4.089878230377397728e+01
2.570930014234638072e+00 1.852202887801034569e-03 1.926073170731707194e+02 3.576161185143880772e+01
2.577333690207623373e+00 1.816621428331073769e-03 1.885158924205379094e+02 3.458155042707081606e+01
2.583698900290759326e+00 1.840143410056186736e-03 1.843264058679706636e+02 3.532690809079741712e+01
2.590116643848396460e+00 1.922552353981257615e-03 1.812450408401400352e+02 3.580186279751060141e+01
2.596553429180498362e+00 1.801710981220896188e-03 1.786407766990291179e+02 3.098344199744821026e+01
2.602955615407046341e+00 1.842317350104424401e-03 1.770258823529411814e+02 2.941301145592838395e+01
2.609495359574187212e+00 1.911716238635802895e-03 1.742816419612314576e+02 3.348271250326708781e+01
2.615974071523933020e+00 1.844748521006626301e-03 1.749282352941176555e+02 2.953178846774788013e+01
2.622378270172453618e+00 1.832507040312451657e-03 1.742105263157894797e+02 2.957212049997229286e+01
2.628819659223405658e+00 1.883705983027747803e-03 1.719528735632183896e+02 3.316020015554678224e+01
2.635224897504864661e+00 1.872415782458078902e-03 1.726735632183907967e+02 2.926804317287445301e+01
2.641639659702591736e+00 1.816527212418568051e-03 1.715005767012687556e+02 2.919686688821358445e+01
2.648064596936881454e+00 1.851525790120274028e-03 1.701288483466362607e+02 3.136736694750022281e+01
2.654540339871488630e+00 1.920962172705038655e-03 1.707854785478547797e+02 3.415801554800185613e+01
2.661017435989672553e+00 1.820997431850269717e-03 1.704697142857142751e+02 3.391007296015840922e+01
2.667377750780578261e+00 1.839233884157700843e-03 1.704188422247445942e+02 3.515687021534462531e+01
2.673833255939705111e+00 1.922629864361171097e-03 1.710368364030335897e+02 4.202052566084015695e+01
2.680310332336410362e+00 1.829470795604572599e-03 1.703012318029115306e+02 3.513927289091438411e+01
2.686679530094181256e+00 1.809753184080302099e-03 1.701356502242152544e+02 3.552840589627364665e+01
2.693172569770623248e+00 1.920456143785719515e-03 1.692769556025369866e+02 3.918127107095241968e+01
2.699710169678059213e+00 1.845827250732203417e-03 1.681635768811341336e+02 3.107305963282597716e+01
2.706108723802718607e+00 1.808001129835774996e-03 1.670442967884828249e+02 2.993550232540371780e+01
2.712552861480932442e+00 1.909490143508341294e-03 1.642634351949420477e+02 3.198317531617233556e+01
2.719028861112676942e+00 1.848278151304674159e-03 1.639783783783783804e+02 2.779476026735871486e+01
2.725349625855669977e+00 1.780111837505188701e-03 1.631864594894561549e+02 2.779946144978678646e+01
2.731792001493120292e+00 1.927874637693306574e-03 1.621311475409836191e+02 3.083518695203753879e+01
2.738310186615081410e+00 1.835670255000661395e-03 1.630468583599574117e+02 2.725169602425949833e+01
2.744685257899765141e+00 1.793617037467074102e-03 1.632780172413793025e+02 2.685392215880923672e+01
2.751066800196758422e+00 1.878288467704576767e-03 1.657809224318658323e+02 2.665320009245493438e+01
2.757601512830000434e+00 1.862141664063760894e-03 1.711624309392265104e+02 2.260856643696513046e+01
2.764058068263966828e+00 1.836587841443396716e-03 1.854453302961275654e+02 2.480769594530044841e+01
2.770529172478649382e+00 1.887167826034379927e-03 2.286396396396396256e+02 4.358133284374517302e+01
2.776955143396238501e+00 1.821333560803167642e-03 3.004988207547169736e+02 7.293822096409701317e+01
2.783316304171964184e+00 1.843620978786204888e-03 3.716910377358490791e+02 9.311847509700817227e+01
2.789755116199374552e+00 1.895104686621155434e-03 4.133248554913294583e+02 1.059998857042814251e+02
2.796202065730379438e+00 1.823396814250311405e-03 4.133185628742514837e+02 1.137627038682851435e+02
2.802598215598055997e+00 1.839199823105454800e-03 3.729880239520958298e+02 1.016539325256053701e+02
2.809058618291326859e+00 1.891542357478581855e-03 3.238725146198830203e+02 8.502909702603108144e+01
2.815539484174618412e+00 1.814857361145085640e-03 2.842827669902912362e+02 7.369299177315615168e+01
2.821989463872399906e+00 1.865090624993398201e-03 2.507694145758661932e+02 5.277375875768409941e+01
2.828483713597702565e+00 1.883630524017047489e-03 2.294726190476190482e+02 3.402024682270178602e+01
2.834900904292738222e+00 1.791954038426357698e-03 2.177837499999999977e+02 2.651870501410277825e+01
2.841279989216558999e+00 1.876324795384782303e-03 2.131400966183574894e+02 2.432387370447830932e+01
2.847767858763501359e+00 1.886990809494324501e-03 2.114867149758454161e+02 2.449076382592889090e+01
2.854224446368732959e+00 1.845718501710050556e-03 2.109243176178659951e+02 2.508227918564785242e+01
2.860652227376856871e+00 1.895283512592607677e-03 2.092390776699029118e+02 2.594909927858349263e+01
2.867113210476443186e+00 1.859648482407798373e-03 2.103564356435643674e+02 2.675053675251017538e+01
2.873572830144707879e+00 1.886954548921765396e-03 2.094299754299754284e+02 2.696140973608255464e+01
2.879995266294152589e+00 1.874768549312584749e-03 2.089144981412639481e+02 2.637951062858405393e+01
2.886377499349285003e+00 1.822646243021190660e-03 2.093240506329113941e+02 2.625127765639557964e+01
2.892826601299819611e+00 1.901257081905588812e-03 2.085297691373025657e+02 2.610464850680350679e+01
2.899287209408602628e+00 1.837036175435869181e-03 2.116415094339622556e+02 2.613093474339685685e+01
2.905651471559458798e+00 1.820821310380915442e-03 2.175590851334180513e+02 2.693149957126107097e+01
2.912064357739847953e+00 1.885695667761764669e-03 2.310024570024569925e+02 3.005905321243921691e+01
2.918524733004972394e+00 1.831846772134888184e-03 2.567939317319848556e+02 3.712585294331572072e+01
2.925008101889499557e+00 1.898964803942654149e-03 2.733593179049939295e+02 4.595669147705889657e+01
2.931494571104498625e+00 1.860470468068603543e-03 2.749011124845488325e+02 4.981901720023777358e+01
2.937893251398651540e+00 1.817351826735809622e-03 2.700652446675031229e+02 4.846067974355057828e+01
2.944305546311252186e+00 1.880927000690213848e-03 2.819663056558363223e+02 4.920923453962633687e+01
2.950769139483569781e+00 1.826098071515048831e-03 3.219373464373464344e+02 5.763310352253929381e+01
2.957217893682505760e+00 1.858471812583063982e-03 3.534648910411622182e+02 6.788003007310375381e+01
2.963641657319503686e+00 1.840162297927921053e-03 3.569202453987730337e+02 6.323139641242649134e+01
2.970043842149071800e+00 1.832295957600710810e-03 3.295148514851485402e+02 5.125732665129643806e+01
2.976510225225458495e+00 1.909562939757382871e-03 2.866484560570071380e+02 4.106744628338405079e+01
2.983008757323797777e+00 1.820848808918005624e-03 2.467249070631970369e+02 3.534772662127731735e+01
2.989442833175567138e+00 1.860876473636659213e-03 2.169878787878787989e+02 2.933246968425568113e+01
2.995851322080832713e+00 1.818248084975540883e-03 1.997416149068322966e+02 2.445972726305966916e+01
3.002288071879581022e+00 1.866109072499165002e-03 1.896784409257003574e+02 2.315542956206576264e+01
3.008748785923475388e+00 1.879638502675874765e-03 1.860424242424242323e+02 2.254459708372683835e+01
3.015199648864150372e+00 1.825469582085792030e-03 1.844614427860696537e+02 2.215718009051749959e+01
3.021614952218953931e+00 1.867358907394168870e-03 1.825612121212121224e+02 2.243043711323764455e+01
3.028035269137849372e+00 1.805619228951016193e-03 1.821927409261577111e+02 2.307626010694815122e+01
3.034481983401863037e+00 1.885823396422961745e-03 1.806534296028880817e+02 2.342098478856057397e+01
3.040948636384726900e+00 1.846244746713175374e-03 1.801308641975308547e+02 2.379070934077748589e+01
3.047399548284976056e+00 1.866575050031695892e-03 1.779204406364749218e+02 2.482654019430803771e+01
3.053818065407082116e+00 1.858882463793821993e-03 1.766081081081080981e+02 2.568914039806301730e+01
3.060168791671987076e+00 1.792825745411367891e-03 1.752022900763358848e+02 2.668571293825262813e+01
3.066596020837712544e+00 1.927764682785730512e-03 1.720047393364928894e+02 2.922567011345604726e+01
3.073140751332767540e+00 1.856356834428901387e-03 1.690457354758961799e+02 3.109351009838552571e+01
3.079593295930210139e+00 1.886716362797553155e-03 1.623018181818181915e+02 3.337558805003966000e+01
3.086017154762366044e+00 1.830431539716442747e-03 1.583862499999999898e+02 3.498313942101252394e+01
3.092486513109037993e+00 1.905108961471654438e-03 1.541486810551558619e+02 3.759550129074511915e+01
3.098964516853627060e+00 1.852397442341169754e-03 1.548158220024721743e+02 4.154715511346962842e+01
3.105440922044128804e+00 1.880034527507769499e-03 1.532436363636363694e+02 4.393967314435847982e+01
3.111821301298671738e+00 1.810318297736169049e-03 1.505999999999999943e+02 4.055953617637618436e+01
3.118233335063332667e+00 1.868901341642052608e-03 1.460998781973203506e+02 3.133489510882622042e+01
3.124683867316949026e+00 1.865189586864977357e-03 1.435836385836385887e+02 2.356563080645176100e+01
3.131144652615997170e+00 1.844489775254080271e-03 1.413567901234567898e+02 1.885379892440858640e+01
3.137527951480249655e+00 1.850518740970626434e-03 1.377908979089790762e+02 1.672445983082149112e+01
3.143946084488824955e+00 1.842734159383119935e-03 1.338537794299876111e+02 1.644880909472346886e+01
3.150358822729363073e+00 1.875642417003805899e-03 1.290533980582524407e+02 1.598720300905650582e+01
3.156784286039504561e+00 1.823981601210612454e-03 1.245287500000000023e+02 1.655852754247792546e+01
3.163270120323041557e+00 1.930117905744787839e-03 1.200625000000000000e+02 1.750174351153039254e+01
3.169756141428992979e+00 1.817110211355118556e-03 1.184597989949748751e+02 1.846836808728861712e+01
3.176136715832639901e+00 1.869400486556539428e-03 1.167733333333333263e+02 1.836760609157746416e+01
3.182603852824878121e+00 1.855271636042648588e-03 1.160588957055214792e+02 1.822616039046471670e+01
3.189050645908320547e+00 1.867823016262818358e-03 1.147066666666666634e+02 1.797262969578514813e+01
3.195475202712392715e+00 1.830177604982121797e-03 1.142047146401985174e+02 1.789545830065080878e+01
3.201930699474990760e+00 1.890160737295187680e-03 1.127729988052568757e+02 1.769979455603738927e+01
3.208380198036255848e+00 1.818817371399450607e-03 1.125466998754669987e+02 1.783812452986288477e+01
3.214769441202507405e+00 1.856295446885927562e-03 1.116504854368932058e+02 1.757332040791662209e+01
3.221219946103295317e+00 1.854520719188760538e-03 1.126088019559902165e+02 1.716393791009950220e+01
3.227683765295594753e+00 1.874065427032763596e-03 1.170132370637785755e+02 1.729999574401435680e+01
3.234131017772435612e+00 1.840716304877563787e-03 1.243045622688039487e+02 1.964556713024956736e+01
3.240599979113187423e+00 1.901252405176113557e-03 1.286749703440094947e+02 2.105040036881834453e+01
3.247028333220890239e+00 1.799593188369970169e-03 1.295232704402515651e+02 2.181119217534442001e+01
3.253443203786942295e+00 1.907653420062672836e-03 1.255672169811320771e+02 2.095383897395724659e+01
3.259883502116921683e+00 1.795580006981134817e-03 1.214634760705289693e+02 1.971270046313453150e+01
3.266300345605878341e+00 1.923600185575663262e-03 1.156049237983587403e+02 1.861321821800940413e+01
3.272853483066015201e+00 1.856140221165968399e-03 1.106597560975609724e+02 1.865595869327065159e+01
3.279208055010873757e+00 1.838273880463746476e-03 1.083030674846625772e+02 1.833928517847385109e+01
3.285677511815711327e+00 1.882917816817657360e-03 1.067088305489260165e+02 1.793270580064044850e+01
3.292103848527159204e+00 1.835553428200827411e-03 1.059596083231334092e+02 1.751472982760190789e+01
3.298586108799094418e+00 1.888317585372828586e-03 1.041757719714964310e+02 1.725511255161413615e+01
3.305031100311709658e+00 1.850386223069815962e-03 1.034287454323995092e+02 1.718547209418920119e+01
3.311493553422723224e+00 1.868513817595845007e-03 1.016957040572792295e+02 1.602753821370339793e+01
3.317903636599865536e+00 1.824831080609758517e-03 1.003889570552147177e+02 1.640956213719366374e+01
3.324331097200103002e+00 1.867240715589447552e-03 9.876071428571428612e+01 1.633247073593387100e+01
3.330698991454875468e+00 1.802295415888940022e-03 9.793142144638403579e+01 1.644628374068285481e+01
3.337129369178693850e+00 1.924555404658041986e-03 9.684204413472706108e+01 1.628075968566760778e+01
3.343680207265053550e+00 1.861922247852822480e-03 9.562846803377563276e+01 1.623913561367774605e+01
3.350044083295126374e+00 1.835162792558274860e-03 9.439368165249088349e+01 1.650261737133822493e+01
3.356505604070456616e+00 1.871227406804753775e-03 9.346445497630331545e+01 1.645773698776983451e+01
3.362916001860436488e+00 1.833654571443432820e-03 9.309987819732033643e+01 1.628996200731532795e+01
3.369285096640512123e+00 1.875337531839301689e-03 9.250975609756098095e+01 1.627145606790919175e+01
3.375802434903234950e+00 1.848095989791553092e-03 9.194993234100135737e+01 1.677879232925779007e+01
3.382214916359785661e+00 1.843501739730700950e-03 9.165870786516853741e+01 1.676547267582042622e+01
3.388621595555129762e+00 1.837214591020290208e-03 9.148034934497816550e+01 1.716250631737363008e+01
3.395087870480640202e+00 1.897809126909797642e-03 9.222093023255814614e+01 1.772450017068754846e+01
3.401600099274715294e+00 1.862825267528726196e-03 9.383408748114629816e+01 1.727086945379141270e+01
3.408008587822927371e+00 1.829521772960810344e-03 1.020760869565217348e+02 1.968026046331353385e+01
3.414429009776510870e+00 1.863403552598411495e-03 1.169597523219814263e+02 2.613456228225918920e+01
3.420895508941175223e+00 1.876279003669552520e-03 1.333536776212832535e+02 3.057593800994704836e+01
3.427361199308996742e+00 1.871984655860910217e-03 1.400221518987341653e+02 3.031500526709264420e+01
3.433789816721534383e+00 1.835455874914732619e-03 1.361412337662337677e+02 2.844431943768204718e+01
3.440207803416203358e+00 1.864980166185075923e-03 1.267815533980582501e+02 2.545795096653419876e+01
3.446682336316245543e+00 1.886495457043324163e-03 1.166569105691056905e+02 2.214017666664667772e+01
3.453142116062292821e+00 1.850491205141300763e-03 1.057899159663865589e+02 1.814778405861885346e+01
3.459552608189105705e+00 1.840426776601197887e-03 9.868321917808219723e+01 1.621448060995336249e+01
3.466037827277117955e+00 1.895781883946169978e-03 9.608149405772495300e+01 1.601718992644171990e+01
3.472473653977210972e+00 1.828931698347952819e-03 9.405545617173524420e+01 1.609760792432334853e+01
3.478868831430015351e+00 1.849798838882201271e-03 9.280714285714286405e+01 1.608581776482828829e+01
3.485296939778874226e+00 1.846836384750711896e-03 9.213919413919414581e+01 1.553429152743272290e+01
3.491740378822062674e+00 1.892374048568714641e-03 9.113296903460837939e+01 1.518054227641508191e+01
3.498222076309955408e+00 1.850392789083453492e-03 8.986842105263157521e+01 1.455264347577318773e+01
3.504611891581455030e+00 1.828338000025509641e-03 8.960776699029126746e+01 1.470884924178408504e+01
3.511032309223517167e+00 1.894740202114146826e-03 9.066412213740457560e+01 1.561595079138418463e+01
3.517510811405253346e+00 1.847376399887671770e-03 8.956719367588932812e+01 1.544490287824338637e+01
3.523886222494890585e+00 1.819823680849573695e-03 9.000817995910020386e+01 1.609417424733954149e+01
3.530333766363422221e+00 1.913949961282706506e-03 9.235643564356435320e+01 1.681513921946246981e+01
3.536838628960300657e+00 1.837400593869444173e-03 9.276666666666666572e+01 1.528156796419936470e+01
3.543212277439104163e+00 1.824314092004992007e-03 9.510706638115631506e+01 1.536966015956086729e+01
3.549634251627681092e+00 1.895848120010211945e-03 1.002457983193277329e+02 1.610851381153141304e+01
3.556117060308725097e+00 1.842284182035823720e-03 1.040873362445414898e+02 1.518320391007147663e+01
3.562580790750173865e+00 1.873137250446494902e-03 1.100614035087719316e+02 1.495859358899307701e+01
3.569027121761189303e+00 1.864198494303047999e-03 1.136891891891891930e+02 1.537817551600709720e+01
3.575415228040989657e+00 1.829283293316363293e-03 1.132436194895591655e+02 1.526978299752103752e+01
3.581824267593239686e+00 1.860007523854312686e-03 1.091322505800464029e+02 1.520353741103119560e+01
3.588330065081806630e+00 1.895947895659538546e-03 1.008375870069605611e+02 1.353430535807097179e+01
3.594804804657118602e+00 1.838793340235311087e-03 9.172195121951219221e+01 1.195459136107759157e+01
3.601203120605045882e+00 1.866742151695356807e-03 8.562745098039215463e+01 1.138852621772302243e+01
3.607629953215138574e+00 1.849946976811765471e-03 8.066416040100250484e+01 9.412792134896809770e+00
3.614090854913730499e+00 1.868416365547433599e-03 7.756313131313130782e+01 8.623286661691654587e+00
3.620574720227974552e+00 1.873754476683962313e-03 7.580976863753213024e+01 8.227756122844487763e+00
3.627004027770476924e+00 1.835919208150294619e-03 7.383957219251337278e+01 6.439395358017225846e+00
3.633382280898821648e+00 1.849285921997263250e-03 7.260433604336043345e+01 5.381600037700977168e+00
3.639818201334091174e+00 1.872714577785467623e-03 7.156130790190735524e+01 3.960269952028530049e+00
3.646271849872324999e+00 1.848931603973280732e-03 7.034269662921347788e+01 3.609652208598079337e+00
3.652754025121335069e+00 1.886957975833729447e-03 6.943820224719101475e+01 3.488777614911458880e+00
3.659208746855755479e+00 1.834720162372708565e-03 6.847787610619468524e+01 3.009847136379790733e+00
3.665582835495777569e+00 1.840575612045432024e-03 6.733933933933933247e+01 2.624665855463284014e+00
3.672040343112283445e+00 1.886479483533069204e-03 6.724550898203592908e+01 2.589195521868584482e+00
3.678529717319615866e+00 1.858096912976999176e-03 6.798757763975154944e+01 2.836068646397139847e+00
3.684932562337432049e+00 1.835190244932949138e-03 7.045659163987137674e+01 3.465781547126937756e+00
3.691340469028411508e+00 1.865394116403416890e-03 7.530420711974109338e+01 4.641416456695004911e+00
3.697825917576230470e+00 1.878575472322643403e-03 8.080592105263157521e+01 5.713083801551109175e+00
3.704288468942850354e+00 1.854378416201764085e-03 8.505460750853242757e+01 7.362431359275340093e+00
3.710695071708606907e+00 1.843173339766954189e-03 8.420350877192981898e+01 6.776222619015412896e+00
3.717119980493126530e+00 1.858275420549158159e-03 7.927857142857142492e+01 5.647233836136062557e+00
3.723579054116692877e+00 1.875547371405369762e-03 7.371272727272727820e+01 5.317558627045507968e+00
3.730020297411832164e+00 1.843995263516665269e-03 6.863636363636364024e+01 4.512494133601187229e+00
3.736426917509388268e+00 1.851423495632689448e-03 6.472868217054264051e+01 3.595721205115436359e+00
3.742862848593606184e+00 1.866246695943705233e-03 6.283399209486165660e+01 3.007146731166113085e+00
3.749304155234212121e+00 1.850203366498975400e-03 6.213934426229508290e+01 2.634420363770797024e+00
3.755769545342233950e+00 1.881542671327423493e-03 6.164315352697095562e+01 2.712315815378162132e+00
3.762207580716425692e+00 1.832713059301602828e-03 6.133771929824561653e+01 2.617697305130322949e+00
3.768650259547695391e+00 1.882711660849632198e-03 6.162555066079295329e+01 3.157256767258139085e+00
3.775101190588130873e+00 1.841328330998877110e-03 6.157674418604651123e+01 3.226388624868426813e+00
3.781544745172108257e+00 1.876261972947606757e-03 6.235849056603773732e+01 2.685665308411942398e+00
3.787984350729691752e+00 1.841817734800533721e-03 6.427860696517413430e+01 2.804293631330983416e+00
3.794443778523244770e+00 1.888119406057294294e-03 6.629648241206029979e+01 3.102765843550231661e+00
3.800887998049732097e+00 1.829598834944004332e-03 6.852150537634408067e+01 2.990069121967751542e+00
3.807319286871066577e+00 1.879776389761753357e-03 6.768478260869565588e+01 3.536611444645422875e+00
3.813728772969168901e+00 1.816176537965013323e-03 6.502339181286549774e+01 4.057287014916705736e+00
3.820127884734960233e+00 1.870328496078344947e-03 6.247337278106508762e+01 3.379894916520489456e+00
3.826558902351690605e+00 1.840091099185570860e-03 6.015094339622641684e+01 2.545841722252131234e+00
3.832976717434447789e+00 1.862754303780558536e-03 5.780519480519480169e+01 2.991287173491113283e+00
3.839467489846226655e+00 1.881591717002498556e-03 5.610135135135135442e+01 3.172496971524422893e+00
3.845958738964208923e+00 1.872212223355807642e-03 5.602142857142857224e+01 2.482736311378382243e+00
3.852379013358490312e+00 1.829949564810406546e-03 5.506153846153846132e+01 2.941178767837597352e+00
3.858770514458473411e+00 1.860590576749386821e-03 5.392000000000000171e+01 3.163694043361337194e+00
3.865201312403456324e+00 1.846877382617491750e-03 5.382051282051281760e+01 2.681132689026189286e+00
3.871669834970288271e+00 1.885989225799452511e-03 5.400000000000000000e+01 2.675951099275598821e+00
3.878154213609482870e+00 1.855219997046820071e-03 5.324271844660194120e+01 3.100539817204952087e+00
3.884570297975108666e+00 1.842018581107749764e-03 5.230526315789473557e+01 2.588339503434885724e+00
3.891030549524630455e+00 1.892572859664069882e-03 5.220000000000000284e+01 3.208668813629034666e+00
3.897480132485925619e+00 1.830223622249431631e-03 5.135000000000000142e+01 3.441565777375175550e+00
3.903837790606199842e+00 1.833538786489578550e-03 5.130136986301369717e+01 3.075914460032076025e+00
3.910297958451704581e+00 1.898394991490752427e-03 5.058823529411764497e+01 3.060802527234752102e+00
3.916760076293909876e+00 1.823271174774054393e-03 5.056896551724138078e+01 3.597875578746809300e+00
3.923205856217289345e+00 1.907998375040481686e-03 5.083018867924528195e+01 3.732321566947694347e+00
3.929647757040283906e+00 1.804292177573046203e-03 5.244186046511627808e+01 3.663289002648859150e+00
3.936002968608691699e+00 1.864030959871269735e-03 5.359459459459459651e+01 2.245196154155689516e+00
3.942404476100300759e+00 1.828532384993888883e-03 5.451724137931034164e+01 2.814731080985174660e+00
3.948822507765122225e+00 1.871711324841116540e-03 5.604545454545454675e+01 3.155082479832413522e+00
3.955157590966607906e+00 1.825831164639231917e-03 5.750000000000000000e+01 2.939873661036668029e+00
3.961507824082775464e+00 1.968979546566614058e-03 6.185714285714285410e+01 5.274118554849923868e+00
