# q qerr I(q) I(q)err
8.294532032279089417e-03 3.215448162638725495e-03 5.833333333333333703e-01 4.779938125593773890e+01
1.547771440847061503e-02 1.298069176105710962e-03 7.500000000000000000e-01 7.637626158259733788e-01
2.114153426598287117e-02 1.953452460535632252e-03 8.000000000000000444e-01 7.071067811865475727e-01
2.708829541553820289e-02 1.932501425123600049e-03 7.083333333333333703e-01 4.859126579037752469e-01
3.424760286937652415e-02 2.393094809829984012e-03 6.590909090909090606e-01 4.895604370122274562e-01
4.134659872356089005e-02 1.444308516548141333e-03 5.833333333333333703e-01 6.085806194501844901e-01
4.709622292726145520e-02 1.633576272088444088e-03 5.749999999999999556e-01 5.086747487343949992e-01
5.289360403025952090e-02 1.994215660312892175e-03 6.041666666666666297e-01 5.416666666666666297e-01
5.941266175682404643e-02 2.038777625163953021e-03 5.200000000000000178e-01 5.830951894845300965e-01
6.623959740571712385e-02 2.014614798769268252e-03 4.074074074074073848e-01 5.347973732664312863e-01
7.251770781946841049e-02 1.767162065969994948e-03 4.166666666666666852e-01 5.017331074496789167e-01
7.836204892921720677e-02 1.794558473909566021e-03 7.600000000000000089e-01 1.057166022912200853e+00
8.476368586159346852e-02 2.173163639586968114e-03 1.937500000000000000e+00 5.002636023887806260e+00
9.171767809022127182e-02 2.151270969520740432e-03 7.867647058823528994e+00 2.074908802765169114e+01
9.840741527280037759e-02 1.879523288412654567e-03 2.041666666666666785e+01 4.899166595792935652e+01
1.046713563714864598e-01 1.717715818177843919e-03 4.589999999999999858e+01 8.693312372162867518e+01
1.108696467093386595e-01 1.978629817275711061e-03 7.284905660377359027e+01 1.189813400233957026e+02
1.174911181025048434e-01 2.151142134119994175e-03 1.004098360655737707e+02 1.485667683388944056e+02
1.240901985761322518e-01 1.682567093931450772e-03 1.450600000000000023e+02 1.882242216081660615e+02
1.302695169190241364e-01 1.981638030988197227e-03 1.610847457627118615e+02 2.079219076438396030e+02
1.366843399328758479e-01 1.885635125754002352e-03 2.030714285714285836e+02 2.429359404729349876e+02
1.431380625310322841e-01 2.037281709542672608e-03 2.261290322580645125e+02 2.580332904495637649e+02
1.497407916800755912e-01 2.013243134106564892e-03 2.569206349206349387e+02 2.853183552980642617e+02
1.560440161600273323e-01 1.800320108738214832e-03 2.821578947368420813e+02 3.059096224991635609e+02
1.626324968867556287e-01 2.166758397174068339e-03 3.113378378378378102e+02 3.182312157020234622e+02
1.693678508908615654e-01 1.711853084056604935e-03 3.333166666666666629e+02 3.445610807002632328e+02
1.755753172360756398e-01 1.940749690505284321e-03 3.642028985507246261e+02 3.494099241665442150e+02
1.819629297477835528e-01 1.792019476258344991e-03 3.818923076923076678e+02 3.695839269411678174e+02
1.883474920212158954e-01 1.982820530303366913e-03 3.924861111111110858e+02 3.840873105352446828e+02
1.949500334927739553e-01 1.985593967279970003e-03 4.248266666666666538e+02 3.870544074301584487e+02
2.014306324154557237e-01 1.750557958225071797e-03 4.355507246376811850e+02 3.996789404115853586e+02
2.076332073357673447e-01 1.865361520913360683e-03 4.642567567567567721e+02 3.998433878944992443e+02
2.140129245322099916e-01 1.882829286684015863e-03 4.633066666666666720e+02 4.143744724012059351e+02
2.204163405633874917e-01 1.951475208267544961e-03 4.972564102564102768e+02 4.153420914447594328e+02
2.268599176829277919e-01 1.954094669929957399e-03 4.983125000000000000e+02 4.277103795210024941e+02
2.335135695299082048e-01 1.986313139076756155e-03 5.090470588235294258e+02 4.351446663950294464e+02
2.400224779461884173e-01 1.823737618079871109e-03 5.332000000000000455e+02 4.337628960618922065e+02
2.464005577519743639e-01 1.894426896505377799e-03 5.459529411764706310e+02 4.347195954216909399e+02
2.528350385827773383e-01 1.829527638271931031e-03 5.618095238095238528e+02 4.404166420494397016e+02
2.590859102888302123e-01 1.817056121189442432e-03 5.671190476190475920e+02 4.452515063551886101e+02
2.654612130450557106e-01 1.918447197659697845e-03 5.722359550561798187e+02 4.478868020223749227e+02
2.718942366720529247e-01 1.942478483450333455e-03 5.975824175824176336e+02 4.357756216961639666e+02
2.784185743669774227e-01 1.921358219378808702e-03 5.960430107526881329e+02 4.325787375772811174e+02
2.849156375412667530e-01 1.882334819595186037e-03 6.415638297872339990e+02 4.066239137619631379e+02
2.911870294677750826e-01 1.766712284927822799e-03 6.475280898876404763e+02 3.889861744440249254e+02
2.976511517037133681e-01 2.019527329980297554e-03 6.854368932038835283e+02 3.584805146523691519e+02
3.043178155919494809e-01 1.919359421117726450e-03 6.958700000000000045e+02 3.393324207911763892e+02
3.108074081907638564e-01 1.815555258398614735e-03 7.223775510204081911e+02 3.200764163886438496e+02
3.170970610330232087e-01 1.826000353424227750e-03 7.356666666666666288e+02 3.061991770513696451e+02
3.235319739834495723e-01 1.908097576542081529e-03 7.419428571428571786e+02 2.934877558896501455e+02
3.300700059726238145e-01 1.867687188749142220e-03 7.689811320754716917e+02 2.748484478350258087e+02
3.365262003550894554e-01 1.808122422876843900e-03 7.678095238095238528e+02 2.704677782058687967e+02
3.429039324965278412e-01 1.810371451943152679e-03 7.874905660377359027e+02 2.571863354510799127e+02
3.492243179790229801e-01 1.835371710213073819e-03 7.963425925925926094e+02 2.460121697280868318e+02
3.555659880086458058e-01 1.813249007222180170e-03 8.041666666666666288e+02 2.357902231242586026e+02
3.620245372922214488e-01 1.918012235727336494e-03 8.184017094017093541e+02 2.230480098824979507e+02
3.685406119477664388e-01 1.798147481859587110e-03 8.175135135135135442e+02 2.168727621998054644e+02
3.750909242308860247e-01 1.967614233492519498e-03 8.362338709677419502e+02 2.021522193078072576e+02
3.816999037813160189e-01 1.752662604176019427e-03 8.354782608695652470e+02 1.925473216575725530e+02
3.880273799716012495e-01 1.749306826939258557e-03 8.406293103448275588e+02 1.826755105431479649e+02
3.942361145945514900e-01 1.745527907058957431e-03 8.421034482758620925e+02 1.742549376451007959e+02
4.006128291384035145e-01 1.852638254231622501e-03 8.466422764227642119e+02 1.638105415282069544e+02
4.070503578694664726e-01 1.848743254130127446e-03 8.489919354838709751e+02 1.570024651509509113e+02
4.135933781829447264e-01 1.871256654943844995e-03 8.494108527131783148e+02 1.473926001229347378e+02
4.202179442533061082e-01 1.832712641984981681e-03 8.597999999999999545e+02 1.377632473038157741e+02
4.266798115557093873e-01 1.759393680741872749e-03 8.664251968503937178e+02 1.306774433832726174e+02
4.330910535146235696e-01 1.771858374752960505e-03 8.759769230769230717e+02 1.241423781759137626e+02
4.395078467689783608e-01 1.772659720438770270e-03 8.840681818181818699e+02 1.182464188241584395e+02
4.457793319829173595e-01 1.654526338047628432e-03 8.937999999999999545e+02 1.144335545196425414e+02
4.521562795609589402e-01 1.887763445894669913e-03 9.256760563380281610e+02 1.069889679269956986e+02
4.587656575942579140e-01 1.769717907920350091e-03 9.490364963503649278e+02 9.637176548444216451e+01
4.652405449529313231e-01 1.746242423612376143e-03 9.742517985611510767e+02 8.215989144042869441e+01
4.716282944699034529e-01 1.704407088516023735e-03 9.904233576642335493e+02 7.812743980952397749e+01
4.780637153179891352e-01 1.798647074538550902e-03 9.945833333333333712e+02 7.623372245807505010e+01
4.844976548260259142e-01 1.723433333189145671e-03 9.845563380281689660e+02 7.468759374483138913e+01
4.908596034113225648e-01 1.665744062354685903e-03 9.693829787234042215e+02 7.090162509154284010e+01
4.972011979785150859e-01 1.734256865849588200e-03 9.737123287671232674e+02 7.408545741870169365e+01
5.036178995103413047e-01 1.747915368961153139e-03 9.858175675675676075e+02 7.926639534949204347e+01
5.101756467004687767e-01 1.800451491856020327e-03 1.002238709677419365e+03 8.498593456497006571e+01
5.166235656727934389e-01 1.648057805296297825e-03 9.966462585034013273e+02 8.745176519693042394e+01
5.229884928033705638e-01 1.714260039451578075e-03 9.670263157894736423e+02 8.034436250212317532e+01
5.293925748937229336e-01 1.756900675637705763e-03 9.217948717948718240e+02 6.853668448586918771e+01
5.357749724968067229e-01 1.647361260156582873e-03 8.780331125827814276e+02 5.790989046990347333e+01
5.422269581426349960e-01 1.797131621318817348e-03 8.482439024390243958e+02 5.168611219594857431e+01
5.488258977193463117e-01 1.752106618123457169e-03 8.250310559006211406e+02 4.733663478110779010e+01
5.552607346015674405e-01 1.711536068502800701e-03 8.125687500000000227e+02 4.622998299940201861e+01
5.616696921416424182e-01 1.713298320607429745e-03 8.008282208588957474e+02 4.568940342471308469e+01
5.680596363279470928e-01 1.671719726027721563e-03 7.899062500000000000e+02 4.747272243088655586e+01
5.744116486855085357e-01 1.773350792090137981e-03 7.816011904761904816e+02 4.624352470451951547e+01
5.808465417437830292e-01 1.706594120505047427e-03 7.752545454545454504e+02 4.469604847535511993e+01
5.872915480827241019e-01 1.773275249674210931e-03 7.712023121387283027e+02 4.173125700823288753e+01
5.936297343998458986e-01 1.608871723183330060e-03 7.669444444444444571e+02 4.112803288711042882e+01
6.000917821228005655e-01 1.852508397134843563e-03 7.674065934065934016e+02 4.021148205995141467e+01
6.066068710033430955e-01 1.719733697199352486e-03 7.654502923976608599e+02 4.161504014117873140e+01
6.129319261090041548e-01 1.700305612135823196e-03 7.691453488372093261e+02 4.282268142408057798e+01
6.193292159447265632e-01 1.792945791870086646e-03 7.753777777777777374e+02 4.425680668859429545e+01
6.257789288608107681e-01 1.769335618302108433e-03 7.897288135593220204e+02 4.850748162134617303e+01
6.322945183878984077e-01 1.883051681004075783e-03 8.210264550264549825e+02 5.559471132111170988e+01
6.387697914265673127e-01 1.734308686986089703e-03 8.662272727272727479e+02 7.067158103299006200e+01
6.450797878865883739e-01 1.812617312363664322e-03 9.219347826086956275e+02 8.783900639478704875e+01
6.514777522098027518e-01 1.807195130708317372e-03 9.650594594594595037e+02 1.075262232102804631e+02
6.579453254174412180e-01 1.840076954070700866e-03 9.768201058201058231e+02 1.169706403651232591e+02
6.642487788958216788e-01 1.761967380250493336e-03 9.470384615384615472e+02 1.107540034558017368e+02
6.707545140871414846e-01 1.952870522822350513e-03 8.860700000000000500e+02 9.087819017784190123e+01
6.772291234912055646e-01 1.844192786587162299e-03 8.183439153439153415e+02 7.719709501271444196e+01
6.834443396870620857e-01 1.745041746211572261e-03 7.663369565217391255e+02 6.564013575566922043e+01
6.899300657465672337e-01 1.988575045799213618e-03 7.321787439613526658e+02 5.501517424479781937e+01
6.965346490814943170e-01 1.967867873463197050e-03 7.075075376884421985e+02 5.022518368844927039e+01
7.030970487636396538e-01 2.020648629947002003e-03 6.927281553398058804e+02 4.693206745503262312e+01
7.095716427219228573e-01 1.946516927103622520e-03 6.821212121212121247e+02 4.678433283260519460e+01
7.160970279381224657e-01 2.044543341153194464e-03 6.764285714285714448e+02 4.549996636015799822e+01
7.226116891734091219e-01 2.004959656352403585e-03 6.702926829268292295e+02 4.277808486729790616e+01
7.291288619178314390e-01 2.011427705279334160e-03 6.626142857142857565e+02 4.390229256561674021e+01
7.356079106374427967e-01 1.973711099579897668e-03 6.567259615384615472e+02 4.176295893821638572e+01
7.419803430714648762e-01 1.939746738906150680e-03 6.495756097560976059e+02 4.478957052264084382e+01
7.484516812817442188e-01 2.022257641999446187e-03 6.456000000000000227e+02 4.160072114759550743e+01
7.549512183205485671e-01 1.898119824350936232e-03 6.398557692307692832e+02 4.541684756265659928e+01
7.613853957290165342e-01 1.973382858640895885e-03 6.365545454545454049e+02 4.321873015676925434e+01
7.678481984516135617e-01 1.903941598965435333e-03 6.298837209302325846e+02 4.554762275185228049e+01
7.743372045322526320e-01 1.915374251326664194e-03 6.267072072072072615e+02 4.289389148196986667e+01
7.807807857039134047e-01 1.872160005679921477e-03 6.222522935779816180e+02 4.331129988722399560e+01
7.871827117013717734e-01 1.874571936203420349e-03 6.181176470588235361e+02 4.376805684636305216e+01
7.935705088346153291e-01 1.846468364235832015e-03 6.145201793721972763e+02 4.365283852266752973e+01
7.999497029225959288e-01 1.794315080242126848e-03 6.111826484018264409e+02 4.386570813613529651e+01
8.063895263538338742e-01 1.919941342275102670e-03 6.101398305084745743e+02 4.212282914105258413e+01
8.129038415374738591e-01 1.785391972586650427e-03 6.089866666666666788e+02 4.379690230886028246e+01
8.193543447618309994e-01 1.828478467253065801e-03 6.092042553191489560e+02 4.482919831177662218e+01
8.257450256705209934e-01 1.731942097964038994e-03 6.103750000000000000e+02 4.832123142315393949e+01
8.321389716972604766e-01 1.845140229989535984e-03 6.121666666666666288e+02 4.852797732579974621e+01
8.386208936931099922e-01 1.751195931903918061e-03 6.119487179487178992e+02 5.045609639892551712e+01
8.449970631363269424e-01 1.723661030767332288e-03 6.083146551724138362e+02 5.146359379528214362e+01
8.513046230100612677e-01 1.773741526074865430e-03 5.996554621848739544e+02 5.037353761087481985e+01
8.578256185292513214e-01 1.822821089358022794e-03 5.883441295546558649e+02 4.747904260097605800e+01
8.643009097266359797e-01 1.747841479780405487e-03 5.769419087136928965e+02 4.534689385944777484e+01
8.706520843132705689e-01 1.718512007701664341e-03 5.676764705882352473e+02 4.365765234191950128e+01
8.770655084888429043e-01 1.823306464836067656e-03 5.619762845849802488e+02 4.238566736985188754e+01
8.835379301005906738e-01 1.720994191554163586e-03 5.566913580246913398e+02 4.245222651219972931e+01
8.899818591232092624e-01 1.816014583941305376e-03 5.551294117647058783e+02 4.166899721279266799e+01
8.963154830142930907e-01 1.686559403020368615e-03 5.522749999999999773e+02 4.309960000781136102e+01
9.027402481510985455e-01 1.849914512401526186e-03 5.540496183206106480e+02 4.318760798111367194e+01
9.092741475074460622e-01 1.818523953956779297e-03 5.543333333333333712e+02 4.443426517417191945e+01
9.156513574886713247e-01 1.799905876070713017e-03 5.551428571428571104e+02 4.527666275771868953e+01
9.219738414041327434e-01 1.816254378221876130e-03 5.527070312500000000e+02 4.496811953931744910e+01
9.284093843578240524e-01 1.864548344913183461e-03 5.490499999999999545e+02 4.490945591709201068e+01
9.348720171621091035e-01 1.939851900461452830e-03 5.452097378277153439e+02 4.435562213580389113e+01
9.413551784733346084e-01 1.927152036582965508e-03 5.412938931297709360e+02 4.866326357572227579e+01
9.478756351150825488e-01 2.022964964773094239e-03 5.416413043478261216e+02 4.896438850996722181e+01
9.544794314844599059e-01 1.995588314593873917e-03 5.466789667896679248e+02 4.794199097285098787e+01
9.609640598131067302e-01 1.976081289299603128e-03 5.596911764705882888e+02 5.101325339614034249e+01
9.673540511875814429e-01 1.900963898517757681e-03 5.903295454545454959e+02 6.166707593304737856e+01
9.738764300010358532e-01 2.020370959177093719e-03 6.919722222222221717e+02 1.144529523368056658e+02
9.803887395962943563e-01 1.868024915732807104e-03 9.609063670411984504e+02 2.551791877259505554e+02
9.867609507399704993e-01 1.907798179635916648e-03 1.504254480286738271e+03 4.369231668321369852e+02
9.931792738827067701e-01 1.861169570246367679e-03 2.274949090909090955e+03 6.085969504789120492e+02
9.997024529712079666e-01 1.929714342920701943e-03 2.936380136986301295e+03 8.226180707712143203e+02
1.006152710574202525e+00 1.760100644785859590e-03 3.153566176470588289e+03 1.121104566892887306e+03
1.012546487448541255e+00 1.858180627704414780e-03 2.807619377162629917e+03 1.139344101593940422e+03
1.018988798098918291e+00 1.803978976354649174e-03 2.144102112676056549e+03 9.350593378415431971e+02
1.025394048634321598e+00 1.775790568352827222e-03 1.478673684210526289e+03 6.324348973535393270e+02
1.031778999059903112e+00 1.783042104657854955e-03 9.738961937716262582e+02 3.440759390612112725e+02
1.038243195035333466e+00 1.800042721148124251e-03 6.900034129692833176e+02 1.670307956318827962e+02
1.044593270705168830e+00 1.728638088187854378e-03 5.583951048951048506e+02 7.885302669563201050e+01
1.051019473275584426e+00 1.807666001326826760e-03 5.023812709030100336e+02 4.943273245620580525e+01
1.057452118334604840e+00 1.764796907398143069e-03 4.759525423728813394e+02 4.065511363735708272e+01
1.063812741872586898e+00 1.735604614353873946e-03 4.593698630136986480e+02 3.707847216569529536e+01
1.070275566257694377e+00 1.860876787998901613e-03 4.501064516129032427e+02 3.519153094362459200e+01
1.076675486865225739e+00 1.737707282280460301e-03 4.406391752577319494e+02 3.525536456351363768e+01
1.083000003099001241e+00 1.811785629637566912e-03 4.354901315789473415e+02 3.495916134946057241e+01
1.089457558406981885e+00 1.875700427842611059e-03 4.298506493506493484e+02 3.424685882455444386e+01
1.095857128634095679e+00 1.865882195591197666e-03 4.264868421052631788e+02 3.424987678668416891e+01
1.102286980210992473e+00 1.937596539280167377e-03 4.203674121405750839e+02 3.703297533323331692e+01
1.108924588094037933e+00 2.035521144429528872e-03 4.171371951219512084e+02 3.666950132581080624e+01
1.115518250266801070e+00 1.963453062553008333e-03 4.118006329113924266e+02 3.716854531853485355e+01
1.121980766162010701e+00 1.920251373127695831e-03 4.101050955414012833e+02 3.651086728295757666e+01
1.128426312748922689e+00 1.950613960551148517e-03 4.071925465838509126e+02 3.516073361549894116e+01
1.134959239864979930e+00 1.915365560061970144e-03 4.043230769230769397e+02 3.525020021765288192e+01
1.141388067807542761e+00 1.819889318180962796e-03 4.000190476190476261e+02 3.422900954573821508e+01
1.147829738822878420e+00 1.877407927217479219e-03 3.973313069908814441e+02 3.342888013207221576e+01
1.154234759887723172e+00 1.796226287448233561e-03 3.936018808777429285e+02 3.428746449935025709e+01
1.160592008141087206e+00 1.784421184300352767e-03 3.912662538699690344e+02 3.520661563662860516e+01
1.167026991042843242e+00 1.836276795008287468e-03 3.888835820895522488e+02 3.488750977298245459e+01
1.173494023876834547e+00 1.758155136545365687e-03 3.848746177370030637e+02 3.555237915302190288e+01
1.179808164649816637e+00 1.732605827553653768e-03 3.743969230769230876e+02 4.705539105372449171e+01
1.186220583891021807e+00 1.881017850291822648e-03 3.790932475884244468e+02 4.067870300329921207e+01
1.192681073817049464e+00 1.793318889751105601e-03 3.778655172413793366e+02 3.947000697560088867e+01
1.199065629744253458e+00 1.797529783280079436e-03 3.761408450704225288e+02 3.906803865712965518e+01
1.205502001077074059e+00 1.899328588103967692e-03 3.748150684931507044e+02 3.898879487641040242e+01
1.211991242640565014e+00 1.826306843735066819e-03 3.732427536231883778e+02 3.851340714518369168e+01
1.218362901235649165e+00 1.888953249129523074e-03 3.709424460431654893e+02 3.890053825073484717e+01
1.224837827500277143e+00 1.938626244914326818e-03 3.666978417266187193e+02 4.301720069836723326e+01
1.231306496939841066e+00 1.935692192720165272e-03 3.666485507246376869e+02 4.339060699341850835e+01
1.237900180047003751e+00 1.954996484647400414e-03 3.657706093189964349e+02 4.120031882143992163e+01
1.244387829439413284e+00 1.881879514088832415e-03 3.647388059701492580e+02 4.038797179558225992e+01
1.250735832344970877e+00 1.818331757808236372e-03 3.629224806201550564e+02 4.025073412075586532e+01
1.257083335292831006e+00 1.905720956169173206e-03 3.610221402214021964e+02 4.042426700295928299e+01
1.263603115287416090e+00 1.841854869392088893e-03 3.595795454545454390e+02 4.026164000195947068e+01
1.270020777910819465e+00 1.832011672431217405e-03 3.585437262357414170e+02 3.979700348286191058e+01
1.276488051741652807e+00 1.832185980768075541e-03 3.573384030418250745e+02 4.043481448648364562e+01
1.282839323063532211e+00 1.758750693263018286e-03 3.562007874015748143e+02 4.082915049372275007e+01
1.289363492023574365e+00 1.805471412487298991e-03 3.450538720538720554e+02 4.760868098129188297e+01
1.295761563244195891e+00 1.749310907134910172e-03 3.478255033557047113e+02 4.217575688375521992e+01
1.302096506369333051e+00 1.727886103868702576e-03 3.475581395348837077e+02 3.932054955027707877e+01
1.308490604613926855e+00 1.841981469325142248e-03 3.457383177570093267e+02 3.853742595719207031e+01
1.314923371882378955e+00 1.783204890748409099e-03 3.432315112540192672e+02 3.773364779460562346e+01
1.321263162947042602e+00 1.883891353746835161e-03 3.404197530864197461e+02 3.754295208196614908e+01
1.327809252188654421e+00 1.990407611744629372e-03 3.359289940828402337e+02 3.911499602151997834e+01
1.334395055816720577e+00 2.005908808147741692e-03 3.350381231671554474e+02 3.850260083845630277e+01
1.340924575314278222e+00 1.937181998292608577e-03 3.343820895522388241e+02 3.650767552201173061e+01
1.347326738882997477e+00 1.911240937813023883e-03 3.333461538461538680e+02 3.656176771496875944e+01
1.353867248119903444e+00 1.925349651844857632e-03 3.314787535410765145e+02 3.619633154862775370e+01
1.360292180733798650e+00 1.777880213384871099e-03 3.308562874251496737e+02 3.671307905779205782e+01
1.366716033276369036e+00 1.860440026654835337e-03 3.307983193277310647e+02 3.558287274523672039e+01
1.373134056949086190e+00 1.747663592607761902e-03 3.330584795321637444e+02 3.661606911205752368e+01
1.379508641949547476e+00 1.787974598008121871e-03 3.353802816901408619e+02 3.619909897927470865e+01
1.385849874457594222e+00 1.730044418412237826e-03 3.428097982708933955e+02 3.712826340886895338e+01
1.392210228535155858e+00 1.777760908321846531e-03 3.600500000000000114e+02 3.949335914640164447e+01
1.398630460992727143e+00 1.793834584281517276e-03 3.975944444444444343e+02 4.724923230808839492e+01
1.405027543482165298e+00 1.820682476180417696e-03 4.555179063360881742e+02 5.603959028316588586e+01
1.411380623846245186e+00 1.844474811107960554e-03 5.082916666666666856e+02 6.366353977196285996e+01
1.418011585217980208e+00 2.061904995500850411e-03 5.292394014962593474e+02 8.510979057086849764e+01
1.424633236002852632e+00 1.911062399977238009e-03 5.311065573770491710e+02 8.032536212214513682e+01
1.431027237377290762e+00 1.930893372260762729e-03 5.065593667546174288e+02 7.210162085455701231e+01
1.437551415863808524e+00 1.925262037142165712e-03 4.636961038961039208e+02 6.318768456902128605e+01
1.443999660086549230e+00 1.834928749309971486e-03 4.193501326259947177e+02 5.109587214444606218e+01
1.450408168300875378e+00 1.822080046480867126e-03 3.819712041884816927e+02 4.097824267713837543e+01
1.456762351763572827e+00 1.768742008520618686e-03 3.566157894736842309e+02 3.533130865381490793e+01
1.463211358413713192e+00 1.810126088705470279e-03 3.426785714285714448e+02 3.374560359012426147e+01
1.469593255354290973e+00 1.758193336020684059e-03 3.376953125000000000e+02 3.313274464791056317e+01
1.475950724204827313e+00 1.769305199294179780e-03 3.353074935400516665e+02 3.343873706252414024e+01
1.482355977374464340e+00 1.855140322631434503e-03 3.347900000000000205e+02 3.345635776649933035e+01
1.488803525874331735e+00 1.854999873494519958e-03 3.319312977099236832e+02 3.307201935109159052e+01
1.495319592526707764e+00 2.003828109077177445e-03 3.264569377990430894e+02 3.776489160374407561e+01
1.501939691759246465e+00 1.957822028991581826e-03 3.239391727493917301e+02 3.411571187614679701e+01
1.508463382234335848e+00 1.918938912685786129e-03 3.242787286063569923e+02 3.166753112107661394e+01
1.514901188746566207e+00 1.852902137227367511e-03 3.244236453201970676e+02 3.159852667927888348e+01
1.521228969867623793e+00 1.785136608190808364e-03 3.266473551637279797e+02 3.185765242181116719e+01
1.527563647216529041e+00 1.824993124647320475e-03 3.281514423076923208e+02 3.253251371324107311e+01
1.534022576503679458e+00 1.781774817406586286e-03 3.280631067961165286e+02 3.330013638598914838e+01
1.540418711468126034e+00 1.792491139398408621e-03 3.247966507177033577e+02 3.400529482982688023e+01
1.546838712332167631e+00 1.778278829154705072e-03 3.201855421686747150e+02 3.528694419798576121e+01
1.553238623106807825e+00 1.840983848395847744e-03 3.171627358490566166e+02 3.479749143671651268e+01
1.559673935783696619e+00 1.867161364404805587e-03 3.160593824228028552e+02 3.250074272207615422e+01
1.566161367499480317e+00 1.987417225671155377e-03 3.139591836734693970e+02 3.689278529133881079e+01
1.572795191923813007e+00 1.975399758409353626e-03 3.148426966292134921e+02 3.031155938740032951e+01
1.579229625961506400e+00 1.828964939238766603e-03 3.084663461538461320e+02 3.124369148602349000e+01
1.585615098485775532e+00 1.901195136705323549e-03 3.036053811659192547e+02 3.300299458033895661e+01
1.592069020803266399e+00 1.783565421147388207e-03 3.003779342723004788e+02 3.359069184576391365e+01
1.598398624204083740e+00 1.798472010651884717e-03 2.973447488584474740e+02 3.334893314208332527e+01
1.604843375939136507e+00 1.797152056805669104e-03 2.946244343891402764e+02 3.261250213255835462e+01
1.611212339410225569e+00 1.768878106258207515e-03 2.934105504587155906e+02 3.211329292693123705e+01
1.617590363377642504e+00 1.818287623560442892e-03 2.910539325842696599e+02 3.174320274229337002e+01
1.623974015669422899e+00 1.854816384487833732e-03 2.918374717832957117e+02 3.084930734997659840e+01
1.630543485616582799e+00 2.014479720267581264e-03 2.930523012552301338e+02 3.476269656888433701e+01
1.637155364196844820e+00 1.921442116166700376e-03 3.130616740088105985e+02 3.179232358243734069e+01
1.643640215828007012e+00 1.916406123937146409e-03 3.527339055793991633e+02 3.981663276896794912e+01
1.650095370295723063e+00 1.808845151496338592e-03 4.193986636971046664e+02 5.854275345313959633e+01
1.656466136267144007e+00 1.835556712886826517e-03 4.862086021505376152e+02 7.548109460935889103e+01
1.662921359457136594e+00 1.784847929403802829e-03 5.266492374727669130e+02 8.814482508002994621e+01
1.669278115879615276e+00 1.787810489320909016e-03 5.363441558441558072e+02 9.394140919896328512e+01
1.675603147458916142e+00 1.759339208401217896e-03 5.196026490066225278e+02 9.132273120660347843e+01
1.681944817773278311e+00 1.879012939346250957e-03 4.880358649789029641e+02 7.983533192745525753e+01
1.688494896982127180e+00 1.961244959671172398e-03 4.414753086419752890e+02 7.758458385716055261e+01
1.695047655103924189e+00 1.958531043791479891e-03 4.075967078189300423e+02 5.424158259858418774e+01
1.701563412030947964e+00 1.893890162085724253e-03 3.745407098121085596e+02 4.218810389639005365e+01
1.707975620325744792e+00 1.846204685496802061e-03 3.634070981210855962e+02 3.669774480577618903e+01
1.714377380249353600e+00 1.797036493929945892e-03 3.892698744769874679e+02 4.462032897079793514e+01
1.720768292737840266e+00 1.799184406037973973e-03 4.559711340206185355e+02 5.888187663362594293e+01
1.727152534628709324e+00 1.771490888047008889e-03 5.214759916492693037e+02 7.015180303820194752e+01
1.733526494930327289e+00 1.835615179227028260e-03 5.581038696537677879e+02 7.495135974029535930e+01
1.739975521513371870e+00 1.888347845677861795e-03 5.603089430894308407e+02 8.696597023461860942e+01
1.746497876640803248e+00 1.988580869552720402e-03 5.449554263565891006e+02 9.010913850179662177e+01
1.753090192095328348e+00 1.909790863647236811e-03 5.243027888446215456e+02 7.263024129086346647e+01
1.759542915568929722e+00 1.863330342728648260e-03 5.051175298804780596e+02 6.931401471556748106e+01
1.765978610475646082e+00 1.805054295706254351e-03 5.011619999999999777e+02 7.261535705344979874e+01
1.772332663329672986e+00 1.770928694831684115e-03 4.988850806451612812e+02 7.355022607305856752e+01
1.778664509689639184e+00 1.781133477909586536e-03 4.857005988023952341e+02 6.723808192918126281e+01
1.785069366740120511e+00 1.834600355293997381e-03 4.661640625000000000e+02 6.032846911020255476e+01
1.791506168727699633e+00 1.878728357369653049e-03 4.439372549019607845e+02 6.557537093571336584e+01
1.798039063906349488e+00 1.995486375923071192e-03 4.256296296296296191e+02 6.453904295729540763e+01
1.804647924016717919e+00 1.913848319004299433e-03 4.120383141762451942e+02 5.305706593159337814e+01
1.811089958053599736e+00 1.862622323854617795e-03 3.961360153256704848e+02 4.834362710295678767e+01
1.817521720439822408e+00 1.798364348704032875e-03 3.786467181467181717e+02 4.502588264960988340e+01
1.823812670535420288e+00 1.750448090683544159e-03 3.639098039215686526e+02 4.181433661599702845e+01
1.830221642949216854e+00 1.837728497302317443e-03 3.508324022346368452e+02 3.861213683536832519e+01
1.836582905300079060e+00 1.780128382536366044e-03 3.394490196078431268e+02 3.648571096963345894e+01
1.843061797820461534e+00 1.986079127245108083e-03 3.228348134991118741e+02 4.144487388076776568e+01
1.849632829275571488e+00 1.888944039210000737e-03 3.110563909774435842e+02 3.485575444291895764e+01
1.856090187264436642e+00 1.913060858845453587e-03 3.011454545454545269e+02 3.292209838366125751e+01
1.862531947297203283e+00 1.788974026913770074e-03 2.938188679245283197e+02 3.243619077595444367e+01
1.868931787959941415e+00 1.835149539700427039e-03 2.897231329690346229e+02 3.089926164797918773e+01
1.875342409945594868e+00 1.782793697721218873e-03 2.867132216014897494e+02 3.129925687768644949e+01
1.881685992375486283e+00 1.813583446463527945e-03 2.841531365313653055e+02 3.089944537902609412e+01
1.888176611507502489e+00 1.945205006648250507e-03 2.801234567901234414e+02 3.586264905119396218e+01
1.894684395670122701e+00 1.921537496908314263e-03 2.796296958855098183e+02 3.200201180908159415e+01
1.901176782548104516e+00 1.886986723452953362e-03 2.803825622775800639e+02 3.002576389766085896e+01
1.907561981128558237e+00 1.795440373499332084e-03 2.820237226277372429e+02 3.081238006383039263e+01
1.913985041606118376e+00 1.828239138046576940e-03 2.838578947368421268e+02 3.113449453209669926e+01
1.920403381422240097e+00 1.786024996940504313e-03 2.856630434782608745e+02 3.190682168696580234e+01
1.926716413297410169e+00 1.834639747803229817e-03 2.862455516014234718e+02 3.224192247405759559e+01
1.933271554332125497e+00 1.965820526812752777e-03 2.827845117845117784e+02 4.042387370961095172e+01
1.939792573083097382e+00 1.907526115978609412e-03 2.843577661431064598e+02 3.317324600935546641e+01
1.946288570836251841e+00 1.883695634446648113e-03 2.823492333901192524e+02 3.186833422671659122e+01
1.952655684029843908e+00 1.737190040939992066e-03 2.811464737793851896e+02 3.282190096287424552e+01
1.958969978021109171e+00 1.827434973414125523e-03 2.895511945392491384e+02 3.553137620682299769e+01
1.965496063115082181e+00 1.854230162972571750e-03 3.206790540540540633e+02 5.901236270105916759e+01
1.971963975922738088e+00 1.884120710564727479e-03 3.890119863013698591e+02 1.190620588157948987e+02
1.978442510441045021e+00 1.957066319931451050e-03 5.018319604612850071e+02 1.911088716162183800e+02
1.984931097981023740e+00 1.843590323278294961e-03 6.729213675213675288e+02 2.245144097340865414e+02
1.991287308585444338e+00 1.815152065882439042e-03 9.086490630323679625e+02 2.240714869655443238e+02
1.997701973476069481e+00 1.833321787203764366e-03 1.157157807308970177e+03 2.281725070357185814e+02
2.004164133665459424e+00 1.816322146449814287e-03 1.310948247078464192e+03 2.578636590997616054e+02
2.010465304371688244e+00 1.793999045974344238e-03 1.343667244367417652e+03 3.007326633365743191e+02
2.016906033528098163e+00 1.989616449670199121e-03 1.280503912363067229e+03 3.720801869003155389e+02
2.023555996358446407e+00 1.897180052363281293e-03 1.171328478964401256e+03 3.086170678605395779e+02
2.029968694217374470e+00 1.807083598350285245e-03 1.000954849498327803e+03 2.742322781284782423e+02
2.036339422929389187e+00 1.823287213829230622e-03 8.303630470016207710e+02 2.318821063575511232e+02
2.042808231593590484e+00 1.819045180469573350e-03 6.685064935064934843e+02 1.896732258339218333e+02
2.049121403930300289e+00 1.816823929832920258e-03 5.315551839464883415e+02 1.498856823809360890e+02
2.055546024436551544e+00 1.958593688934813937e-03 4.156867283950617207e+02 1.078872231576454084e+02
2.062179187475123410e+00 1.909374836257744399e-03 3.328531249999999773e+02 6.279307593789451403e+01
2.068587893715514436e+00 1.782255124468116103e-03 2.820932896890343500e+02 4.202426576268356939e+01
2.074943470461427353e+00 1.803325004765888358e-03 2.577955625990491058e+02 3.242019149208287132e+01
2.081348551495329602e+00 1.811685209211536278e-03 2.453471999999999866e+02 2.870381172736470887e+01
2.087807581420585645e+00 1.934124239786214495e-03 2.356845329249617293e+02 3.223997638108289721e+01
2.094354049547901386e+00 1.919763106963207067e-03 2.327269938650306642e+02 2.859104851285053073e+01
2.100814970511138302e+00 1.841726384006937703e-03 2.329072327044025030e+02 2.633308755046902760e+01
2.107147425483176129e+00 1.793021693532189254e-03 2.345488958990536332e+02 2.669779268522871263e+01
2.113573117004156288e+00 1.831442330790634650e-03 2.367068702290076203e+02 2.713203300892230274e+01
2.119956773712852627e+00 1.806996690666118864e-03 2.392594936708860871e+02 2.827528280901570312e+01
2.126392549358501416e+00 1.961143276791299343e-03 2.409882352941176578e+02 3.611197646613458545e+01
2.133022499541108896e+00 1.914261261225060897e-03 2.489822485207100726e+02 3.035034019166273822e+01
2.139480964562213483e+00 1.786119367506160778e-03 2.537054263565891574e+02 3.165584645253582252e+01
2.145796782645738254e+00 1.799418587043424183e-03 2.577614678899082605e+02 3.204098461175939150e+01
2.152165366120878165e+00 1.825425695775702338e-03 2.617530303030303003e+02 3.249998827434979631e+01
2.158655754564665852e+00 1.929951649106770133e-03 2.683531976744185954e+02 4.254808371198632244e+01
2.165204964825616862e+00 1.913631523374921799e-03 2.865292397660818438e+02 3.700527353845152589e+01
2.171687233764930003e+00 1.836559742283269984e-03 2.998725925925925822e+02 3.764341299037304367e+01
2.178057454997971210e+00 1.770075738143539208e-03 3.051419939577039031e+02 3.832776821781842358e+01
2.184381886656512783e+00 1.819268068842387707e-03 3.050312035661218601e+02 3.796650153913793702e+01
2.190889596552291430e+00 1.941484629964972597e-03 2.997983074753173582e+02 4.823891464517514294e+01
2.197415493733709368e+00 1.880394352234131695e-03 3.060653120464441486e+02 3.874725752306500937e+01
2.203858495652105454e+00 1.844129167940211774e-03 3.243531114327062141e+02 4.106280167630729494e+01
2.210218428929338064e+00 1.776952575370011446e-03 3.746804733727810799e+02 5.841840087026935180e+01
2.216548686487991304e+00 1.820372229284925253e-03 4.737793904208998583e+02 8.907900186300440737e+01
2.223054582631938558e+00 1.937499342758612587e-03 6.269323204419889635e+02 1.370930775078851696e+02
2.229555406010463425e+00 1.871681269043944497e-03 8.518612303290415184e+02 1.450034452778607772e+02
2.236023148886606471e+00 1.876509468722661325e-03 1.041514603616133627e+03 1.803454077032354803e+02
2.242466908337517939e+00 1.781536512235300631e-03 1.138529496402877612e+03 2.183871872635670570e+02
2.248784053696174290e+00 1.815619011182786555e-03 1.145177905308464915e+03 2.455908669177468084e+02
2.255261034229438355e+00 1.958337742873136802e-03 1.072273825503355738e+03 2.910286141364885566e+02
2.261752977112598817e+00 1.833135357339661826e-03 9.848090523338048570e+02 2.447324146539323237e+02
2.268193030407839927e+00 1.856919733580766289e-03 8.553888130968622363e+02 2.194599211579480595e+02
2.274620661936892052e+00 1.792548502283534354e-03 7.221622002820874968e+02 1.891024770843758063e+02
2.281045196159239286e+00 1.907452264699439036e-03 5.903189189189189392e+02 1.659630985280945765e+02
2.287566856146262317e+00 1.925687837049752790e-03 4.814826203208556308e+02 1.303527415958590723e+02
2.294017676381079784e+00 1.818149611703329506e-03 3.901814404432133188e+02 9.735093308630062836e+01
2.300373896127871021e+00 1.814054264739159471e-03 3.193406292749658064e+02 7.245404717500630909e+01
2.306733295622487301e+00 1.809288305020508025e-03 2.709752747252747440e+02 5.574010692071431095e+01
2.313210233147671158e+00 1.927057466226796351e-03 2.397369791666666572e+02 5.125826415547894044e+01
2.319750633036068876e+00 1.886628064392380537e-03 2.268251655629138952e+02 4.026514353795689516e+01
2.326167810919689938e+00 1.805281422939875990e-03 2.172584573748308401e+02 3.808215059103682165e+01
2.332524891627314911e+00 1.808157875111407291e-03 2.110672043010752645e+02 3.675027808740604485e+01
2.339018828040365428e+00 1.927078730268403945e-03 2.040346153846153925e+02 4.001265985557507321e+01
2.345529090540556361e+00 1.892646505679497623e-03 2.003062827225130889e+02 3.655023503060878198e+01
2.351902562585342693e+00 1.808634088653226840e-03 1.954732620320855574e+02 3.431460179564887625e+01
2.358283426411155403e+00 1.828495513811564770e-03 1.909817470664928294e+02 3.300572282972123617e+01
2.364665150299146479e+00 1.824483169818866225e-03 1.864834437086092578e+02 3.228870235836124181e+01
2.371140522023317931e+00 1.956229962378429419e-03 1.814665012406947824e+02 3.523258526647214239e+01
2.377698484074287411e+00 1.857249505322706908e-03 1.801025641025641164e+02 3.058753511489600285e+01
2.384135550776628865e+00 1.806484998011118103e-03 1.758193548387096712e+02 2.908356212447290190e+01
2.390495270780528703e+00 1.815820546892564329e-03 1.748050139275765957e+02 2.888762944665171517e+01
2.396907059408651008e+00 1.904650256318906557e-03 1.722120383036935607e+02 3.299542616608096779e+01
2.403395490390968892e+00 1.861409897307351969e-03 1.755985915492957758e+02 2.918856126479325397e+01
2.409868588547004364e+00 1.847911660654164229e-03 1.763338068181818130e+02 2.951720629768496806e+01
2.416315494183244539e+00 1.848423108511250412e-03 1.789420289855072497e+02 2.957629836390505673e+01
2.422721222723576151e+00 1.879130934971403807e-03 1.825886627906976685e+02 3.573536414167372044e+01
2.429135064156228374e+00 1.862177758942303550e-03 2.012727272727272805e+02 3.263273246204209954e+01
2.435558328952115659e+00 1.829358714226044739e-03 2.266434911242603505e+02 3.683325864064789101e+01
2.441961929587736613e+00 1.826990787003958654e-03 2.566781437125748653e+02 4.357707877970858590e+01
2.448435267415004279e+00 1.916283866918213176e-03 2.752572674418604493e+02 5.945780603946381859e+01
2.454898310690642571e+00 1.851262751470384186e-03 2.925287878787878526e+02 5.350042454969160843e+01
2.461278332832209870e+00 1.841207405127180587e-03 2.923006042296072451e+02 5.472713803964058599e+01
2.467732767309350983e+00 1.860175811866779036e-03 2.823408408408408263e+02 5.701024577282607453e+01
2.474317234005322774e+00 1.907302378477835920e-03 2.627210300429184713e+02 5.916862402075857830e+01
2.480763678027650521e+00 1.850982492662076430e-03 2.509833101529902706e+02 4.954388317710898804e+01
2.487114426650852028e+00 1.791691956921820849e-03 2.352851123595505669e+02 4.697911332612854096e+01
2.493514277050582706e+00 1.905910091373927331e-03 2.157595772787318253e+02 4.897582509141036411e+01
2.500016016455529844e+00 1.897218154373805617e-03 2.026232073011734087e+02 4.064253701500545901e+01
2.506504299072060071e+00 1.823698874814003905e-03 1.883675889328063136e+02 3.710578138541539772e+01
2.512828968428921783e+00 1.779539787674511890e-03 1.772207267833109086e+02 3.454879362137296539e+01
2.519262120792594928e+00 1.938201810876334251e-03 1.671070983810709834e+02 3.657428845700896147e+01
2.525775074220281358e+00 1.871497825325404334e-03 1.632929936305732497e+02 3.109287309452279757e+01
2.532197693037325781e+00 1.807973308604888651e-03 1.607205128205128233e+02 3.010153314750554188e+01
2.538545427775757091e+00 1.816891897915347926e-03 1.605250965250965294e+02 2.993274928374880872e+01
2.545039371368973402e+00 1.965732421291352915e-03 1.598978622327790902e+02 3.380535161948014178e+01
2.551577586228050976e+00 1.818913119815899733e-03 1.616969696969696884e+02 3.037482530391983815e+01
2.557912035390546901e+00 1.811160408138717511e-03 1.612255639097744222e+02 2.980241163771394142e+01
2.564418003384666633e+00 1.924750488034227642e-03 1.586434474616292789e+02 3.334009510565206114e+01
2.570930014234638072e+00 1.852202887801034569e-03 1.605524390243902531e+02 3.045867447352423341e+01
2.577333690207623373e+00 1.816621428331073769e-03 1.620378973105134435e+02 3.101462434209902952e+01
2.583698900290759326e+00 1.840143410056186736e-03 1.646026894865525776e+02 3.320471578087627762e+01
2.590116643848396460e+00 1.922552353981257615e-03 1.685764294049008072e+02 3.726711146064383939e+01
2.596553429180498362e+00 1.801710981220896188e-03 1.750266990291262061e+02 3.636022644506485335e+01
2.602955615407046341e+00 1.842317350104424401e-03 1.800941176470588232e+02 3.786214258108554986e+01
2.609495359574187212e+00 1.911716238635802895e-03 1.803204104903078644e+02 4.407275115758382356e+01
2.615974071523933020e+00 1.844748521006626301e-03 1.827741176470588300e+02 4.108761663604318670e+01
2.622378270172453618e+00 1.832507040312451657e-03 1.824725146198830430e+02 4.073706269154320125e+01
2.628819659223405658e+00 1.883705983027747803e-03 1.795114942528735753e+02 4.435808957765193838e+01
2.635224897504864661e+00 1.872415782458078902e-03 1.794459770114942501e+02 4.017908769978284056e+01
2.641639659702591736e+00 1.816527212418568051e-03 1.781845444059976842e+02 3.850296439162632112e+01
2.648064596936881454e+00 1.851525790120274028e-03 1.760262257696693382e+02 3.966479304541133644e+01
2.654540339871488630e+00 1.920962172705038655e-03 1.738217821782178305e+02 3.939854400953874602e+01
2.661017435989672553e+00 1.820997431850269717e-03 1.717839999999999918e+02 3.623923619504139992e+01
2.667377750780578261e+00 1.839233884157700843e-03 1.691078320090805960e+02 3.544290646064661843e+01
2.673833255939705111e+00 1.922629864361171097e-03 1.657486457204767021e+02 3.922388213917784583e+01
2.680310332336410362e+00 1.829470795604572599e-03 1.654356103023516198e+02 3.460558414121063464e+01
2.686679530094181256e+00 1.809753184080302099e-03 1.643934977578475412e+02 3.409540945562952885e+01
2.693172569770623248e+00 1.920456143785719515e-03 1.624947145877378318e+02 3.820243409398972290e+01
2.699710169678059213e+00 1.845827250732203417e-03 1.647753544165757944e+02 3.612012700832188727e+01
2.706108723802718607e+00 1.808001129835774996e-03 1.695071982281284590e+02 3.991715133314786357e+01
2.712552861480932442e+00 1.909490143508341294e-03 1.772539515279241300e+02 5.167621342926586436e+01
2.719028861112676942e+00 1.848278151304674159e-03 1.887081081081081209e+02 5.547773741267315017e+01
2.725349625855669977e+00 1.780111837505188701e-03 1.957180910099889104e+02 5.869615617225665005e+01
2.731792001493120292e+00 1.927874637693306574e-03 1.957551229508196684e+02 6.091685267698811401e+01
2.738310186615081410e+00 1.835670255000661395e-03 1.914920127795527094e+02 4.825652722389996541e+01
2.744685257899765141e+00 1.793617037467074102e-03 1.856120689655172384e+02 4.015098064376220321e+01
2.751066800196758422e+00 1.878288467704576767e-03 1.845597484276729574e+02 3.663574531074599605e+01
2.757601512830000434e+00 1.862141664063760894e-03 1.893005524861878541e+02 2.967640486700002356e+01
2.764058068263966828e+00 1.836587841443396716e-03 1.930763097949886173e+02 3.096343945098801598e+01
2.770529172478649382e+00 1.887167826034379927e-03 1.971700450450450433e+02 3.206188577451531074e+01
2.776955143396238501e+00 1.821333560803167642e-03 1.973891509433962312e+02 3.034582454996866474e+01
2.783316304171964184e+00 1.843620978786204888e-03 1.989080188679245396e+02 2.921431328671524241e+01
2.789755116199374552e+00 1.895104686621155434e-03 2.067502890173410321e+02 2.922709196746864535e+01
2.796202065730379438e+00 1.823396814250311405e-03 2.170311377245508879e+02 2.903692098531880816e+01
2.802598215598055997e+00 1.839199823105454800e-03 2.433880239520958071e+02 2.806096161542940237e+01
2.809058618291326859e+00 1.891542357478581855e-03 3.001578947368420813e+02 3.077231690728556401e+01
2.815539484174618412e+00 1.814857361145085640e-03 3.838094660194174708e+02 3.836846930026620583e+01
2.821989463872399906e+00 1.865090624993398201e-03 4.725663082437275762e+02 4.390614155978093436e+01
2.828483713597702565e+00 1.883630524017047489e-03 5.473630952380951840e+02 4.315635497880572302e+01
2.834900904292738222e+00 1.791954038426357698e-03 5.930462499999999864e+02 4.428134955881539270e+01
2.841279989216558999e+00 1.876324795384782303e-03 6.103357487922705786e+02 4.760047849169516354e+01
2.847767858763501359e+00 1.886990809494324501e-03 6.001437198067633290e+02 5.266286035895656426e+01
2.854224446368732959e+00 1.845718501710050556e-03 5.706079404466501046e+02 5.453173908054255037e+01
2.860652227376856871e+00 1.895283512592607677e-03 5.272973300970874106e+02 5.333355211209526203e+01
2.867113210476443186e+00 1.859648482407798373e-03 4.756621287128712652e+02 5.173213116751357887e+01
2.873572830144707879e+00 1.886954548921765396e-03 4.229127764127763953e+02 4.811158354932557302e+01
2.879995266294152589e+00 1.874768549312584749e-03 3.716431226765799352e+02 4.371597614802153942e+01
2.886377499349285003e+00 1.822646243021190660e-03 3.239531645569620082e+02 4.006847335852074110e+01
2.892826601299819611e+00 1.901257081905588812e-03 2.810801944106925703e+02 3.562194818397779272e+01
2.899287209408602628e+00 1.837036175435869181e-03 2.439119496855345801e+02 3.058897216560271204e+01
2.905651471559458798e+00 1.820821310380915442e-03 2.170965692503176570e+02 2.608503729450931274e+01
2.912064357739847953e+00 1.885695667761764669e-03 1.986093366093366228e+02 2.205288423693239253e+01
2.918524733004972394e+00 1.831846772134888184e-03 1.864677623261694066e+02 1.929920757501637851e+01
2.925008101889499557e+00 1.898964803942654149e-03 1.801412911084043742e+02 1.763093531415184856e+01
2.931494571104498625e+00 1.860470468068603543e-03 1.781606922126081543e+02 1.568002322028238815e+01
2.937893251398651540e+00 1.817351826735809622e-03 1.804228356336261072e+02 1.560309653126557805e+01
2.944305546311252186e+00 1.880927000690213848e-03 1.886077015643802781e+02 1.667891433539376322e+01
2.950769139483569781e+00 1.826098071515048831e-03 2.028452088452088447e+02 2.050017503141379294e+01
2.957217893682505760e+00 1.858471812583063982e-03 2.256549636803873966e+02 2.712660478538206377e+01
2.963641657319503686e+00 1.840162297927921053e-03 2.472613496932515318e+02 3.112544564669812885e+01
2.970043842149071800e+00 1.832295957600710810e-03 2.659084158415841443e+02 3.281999984893822386e+01
2.976510225225458495e+00 1.909562939757382871e-03 2.941508313539192159e+02 3.364707840354502366e+01
2.983008757323797777e+00 1.820848808918005624e-03 3.363655514250309579e+02 3.352210848049009684e+01
2.989442833175567138e+00 1.860876473636659213e-03 3.969381818181818176e+02 3.296971586452220748e+01
2.995851322080832713e+00 1.818248084975540883e-03 4.528857142857143003e+02 2.785375230202517827e+01
3.002288071879581022e+00 1.866109072499165002e-03 4.898087697929354363e+02 2.499521965568927584e+01
3.008748785923475388e+00 1.879638502675874765e-03 5.020678787878787830e+02 2.550142638118009586e+01
3.015199648864150372e+00 1.825469582085792030e-03 4.956927860696517314e+02 2.615569558668770611e+01
3.021614952218953931e+00 1.867358907394168870e-03 4.746072727272727434e+02 2.692587723759012164e+01
3.028035269137849372e+00 1.805619228951016193e-03 4.423629536921151271e+02 2.757597552238610206e+01
3.034481983401863037e+00 1.885823396422961745e-03 4.025547533092659478e+02 2.668756281488590076e+01
3.040948636384726900e+00 1.846244746713175374e-03 3.601851851851851620e+02 2.459645682120278209e+01
3.047399548284976056e+00 1.866575050031695892e-03 3.188947368421052602e+02 2.244595964016706446e+01
3.053818065407082116e+00 1.858882463793821993e-03 2.814348894348894419e+02 2.128210781521262263e+01
3.060168791671987076e+00 1.792825745411367891e-03 2.485979643765903404e+02 1.931082158833519813e+01
3.066596020837712544e+00 1.927764682785730512e-03 2.203139810426540350e+02 1.812176132217665270e+01
3.073140751332767540e+00 1.856356834428901387e-03 1.945920889987638986e+02 1.646774505712577863e+01
3.079593295930210139e+00 1.886716362797553155e-03 1.755903030303030334e+02 1.519980513141724110e+01
3.086017154762366044e+00 1.830431539716442747e-03 1.631462500000000091e+02 1.383288812034565396e+01
3.092486513109037993e+00 1.905108961471654438e-03 1.567517985611510767e+02 1.287312995898474277e+01
3.098964516853627060e+00 1.852397442341169754e-03 1.529728059332509247e+02 1.234097231568466846e+01
3.105440922044128804e+00 1.880034527507769499e-03 1.504290909090909167e+02 1.271222417699478591e+01
3.111821301298671738e+00 1.810318297736169049e-03 1.481144654088050174e+02 1.256984002005677148e+01
3.118233335063332667e+00 1.868901341642052608e-03 1.467015834348355554e+02 1.200053741818156716e+01
3.124683867316949026e+00 1.865189586864977357e-03 1.458644688644688756e+02 1.198074465066325267e+01
3.131144652615997170e+00 1.844489775254080271e-03 1.451888888888888971e+02 1.168513294582441553e+01
3.137527951480249655e+00 1.850518740970626434e-03 1.448388683886838919e+02 1.157683198901909094e+01
3.143946084488824955e+00 1.842734159383119935e-03 1.446009913258983772e+02 1.184378494744688837e+01
3.150358822729363073e+00 1.875642417003805899e-03 1.471601941747572937e+02 1.311062039677132240e+01
3.156784286039504561e+00 1.823981601210612454e-03 1.508199999999999932e+02 1.478465843366020493e+01
3.163270120323041557e+00 1.930117905744787839e-03 1.569068396226415132e+02 1.697384736304715247e+01
3.169756141428992979e+00 1.817110211355118556e-03 1.610389447236181013e+02 1.727005540353212965e+01
3.176136715832639901e+00 1.869400486556539428e-03 1.640909090909090935e+02 1.774630214071151002e+01
3.182603852824878121e+00 1.855271636042648588e-03 1.634797546012270004e+02 1.781138037335459501e+01
3.189050645908320547e+00 1.867823016262818358e-03 1.636084848484848351e+02 1.787838203956435024e+01
3.195475202712392715e+00 1.830177604982121797e-03 1.613523573200992587e+02 1.690519774410403642e+01
3.201930699474990760e+00 1.890160737295187680e-03 1.597586618876941316e+02 1.598920664783723744e+01
3.208380198036255848e+00 1.818817371399450607e-03 1.563362391033624021e+02 1.494704440982513916e+01
3.214769441202507405e+00 1.856295446885927562e-03 1.529271844660194120e+02 1.364496769912729235e+01
3.221219946103295317e+00 1.854520719188760538e-03 1.482750611246943890e+02 1.263680087355704806e+01
3.227683765295594753e+00 1.874065427032763596e-03 1.449037304452466799e+02 1.192047466356315866e+01
3.234131017772435612e+00 1.840716304877563787e-03 1.416535141800246720e+02 1.085104227117650844e+01
3.240599979113187423e+00 1.901252405176113557e-03 1.390771055753262146e+02 1.003594165206379074e+01
3.247028333220890239e+00 1.799593188369970169e-03 1.372125786163522037e+02 9.602298387892837184e+00
3.253443203786942295e+00 1.907653420062672836e-03 1.373054245283018986e+02 9.564897527270797895e+00
3.259883502116921683e+00 1.795580006981134817e-03 1.382871536523929592e+02 9.712674217461561454e+00
3.266300345605878341e+00 1.923600185575663262e-03 1.426705744431418452e+02 1.033898494074171204e+01
3.272853483066015201e+00 1.856140221165968399e-03 1.503939024390244015e+02 1.166180776130994623e+01
3.279208055010873757e+00 1.838273880463746476e-03 1.588147239263803669e+02 1.243505030624263341e+01
3.285677511815711327e+00 1.882917816817657360e-03 1.656563245823388968e+02 1.179512246005137399e+01
3.292103848527159204e+00 1.835553428200827411e-03 1.695985312117502986e+02 1.163847062516630793e+01
3.298586108799094418e+00 1.888317585372828586e-03 1.711615201900237651e+02 1.115051391369940603e+01
3.305031100311709658e+00 1.850386223069815962e-03 1.697734470158343356e+02 1.210266852284597050e+01
3.311493553422723224e+00 1.868513817595845007e-03 1.662732696897374751e+02 1.246478067086302666e+01
3.317903636599865536e+00 1.824831080609758517e-03 1.606257668711656379e+02 1.332710162123758657e+01
3.324331097200103002e+00 1.867240715589447552e-03 1.544488095238095298e+02 1.411433953463165913e+01
3.330698991454875468e+00 1.802295415888940022e-03 1.493441396508728189e+02 1.400384528577928300e+01
3.337129369178693850e+00 1.924555404658041986e-03 1.429001161440185967e+02 1.323715208205133997e+01
3.343680207265053550e+00 1.861922247852822480e-03 1.379626055488540430e+02 1.239303100877728525e+01
3.350044083295126374e+00 1.835162792558274860e-03 1.330546780072903914e+02 1.114881084209457818e+01
3.356505604070456616e+00 1.871227406804753775e-03 1.283862559241706265e+02 1.099733201297510554e+01
3.362916001860436488e+00 1.833654571443432820e-03 1.254153471376370277e+02 9.829904284262529046e+00
3.369285096640512123e+00 1.875337531839301689e-03 1.229646341463414672e+02 8.908542010983147463e+00
3.375802434903234950e+00 1.848095989791553092e-03 1.219391069012178690e+02 8.312746698239276810e+00
3.382214916359785661e+00 1.843501739730700950e-03 1.216867977528089853e+02 7.935204830217865712e+00
3.388621595555129762e+00 1.837214591020290208e-03 1.212590975254730665e+02 7.494116055652682462e+00
3.395087870480640202e+00 1.897809126909797642e-03 1.209520348837209269e+02 7.337420930405401442e+00
3.401600099274715294e+00 1.862825267528726196e-03 1.209728506787330247e+02 7.319933338273385992e+00
3.408008587822927371e+00 1.829521772960810344e-03 1.200527950310558936e+02 7.318853574565085118e+00
3.414429009776510870e+00 1.863403552598411495e-03 1.190232198142414859e+02 7.467128679492541998e+00
3.420895508941175223e+00 1.876279003669552520e-03 1.178873239436619684e+02 7.774177255492933369e+00
3.427361199308996742e+00 1.871984655860910217e-03 1.178148734177215147e+02 7.744858958691087203e+00
3.433789816721534383e+00 1.835455874914732619e-03 1.178425324675324646e+02 7.611675944545313044e+00
3.440207803416203358e+00 1.864980166185075923e-03 1.196375404530744362e+02 7.815266633952822950e+00
3.446682336316245543e+00 1.886495457043324163e-03 1.277284552845528509e+02 8.966185844496905588e+00
3.453142116062292821e+00 1.850491205141300763e-03 1.432974789915966483e+02 1.064204786142397552e+01
3.459552608189105705e+00 1.840426776601197887e-03 1.631352739726027323e+02 1.148476124283953403e+01
3.466037827277117955e+00 1.895781883946169978e-03 1.799100169779287057e+02 1.006162176074913361e+01
3.472473653977210972e+00 1.828931698347952819e-03 1.896261180679785241e+02 8.453649781191147738e+00
3.478868831430015351e+00 1.849798838882201271e-03 1.920696428571428669e+02 8.080659623383457557e+00
3.485296939778874226e+00 1.846836384750711896e-03 1.900091575091575180e+02 7.753643048984677932e+00
3.491740378822062674e+00 1.892374048568714641e-03 1.844244080145719522e+02 7.213190879250924503e+00
3.498222076309955408e+00 1.850392789083453492e-03 1.772349624060150290e+02 7.199997997813804673e+00
3.504611891581455030e+00 1.828338000025509641e-03 1.675262135922330060e+02 7.650867370092876207e+00
3.511032309223517167e+00 1.894740202114146826e-03 1.556259541984732948e+02 8.627170926820163288e+00
3.517510811405253346e+00 1.847376399887671770e-03 1.440869565217391255e+02 9.408836657743893994e+00
3.523886222494890585e+00 1.819823680849573695e-03 1.335746421267893709e+02 9.351038589835184212e+00
3.530333766363422221e+00 1.913949961282706506e-03 1.248693069306930710e+02 8.512104783789428808e+00
3.536838628960300657e+00 1.837400593869444173e-03 1.180854166666666600e+02 7.536519882840114093e+00
3.543212277439104163e+00 1.824314092004992007e-03 1.128800856531049277e+02 5.476084833266231300e+00
3.549634251627681092e+00 1.895848120010211945e-03 1.097773109243697434e+02 4.457590134661254311e+00
3.556117060308725097e+00 1.842284182035823720e-03 1.096943231441047999e+02 4.275680073927713210e+00
3.562580790750173865e+00 1.873137250446494902e-03 1.112346491228070136e+02 5.137394552847596607e+00
3.569027121761189303e+00 1.864198494303047999e-03 1.140495495495495533e+02 5.314640551154115045e+00
3.575415228040989657e+00 1.829283293316363293e-03 1.176380510440835252e+02 5.939598136101333026e+00
3.581824267593239686e+00 1.860007523854312686e-03 1.222505800464037122e+02 5.812058018529548065e+00
3.588330065081806630e+00 1.895947895659538546e-03 1.279095127610208777e+02 5.809700766309935815e+00
3.594804804657118602e+00 1.838793340235311087e-03 1.346414634146341598e+02 5.578035449555883929e+00
3.601203120605045882e+00 1.866742151695356807e-03 1.418872549019607732e+02 6.014830727246751607e+00
3.607629953215138574e+00 1.849946976811765471e-03 1.498796992481202892e+02 6.524698643528823894e+00
3.614090854913730499e+00 1.868416365547433599e-03 1.566792929292929273e+02 7.353098277608933309e+00
3.620574720227974552e+00 1.873754476683962313e-03 1.596323907455012829e+02 7.588054518871621745e+00
3.627004027770476924e+00 1.835919208150294619e-03 1.590909090909090935e+02 7.260618261560574993e+00
3.633382280898821648e+00 1.849285921997263250e-03 1.551192411924119199e+02 7.582942030237776798e+00
3.639818201334091174e+00 1.872714577785467623e-03 1.485449591280653863e+02 6.899739981183545368e+00
3.646271849872324999e+00 1.848931603973280732e-03 1.416601123595505669e+02 5.950529602496152926e+00
3.652754025121335069e+00 1.886957975833729447e-03 1.335898876404494331e+02 5.662738816837111777e+00
3.659208746855755479e+00 1.834720162372708565e-03 1.252123893805309791e+02 6.280540803514337078e+00
3.665582835495777569e+00 1.840575612045432024e-03 1.170840840840840826e+02 6.947406396982551691e+00
3.672040343112283445e+00 1.886479483533069204e-03 1.095239520958083830e+02 6.161215452674857040e+00
3.678529717319615866e+00 1.858096912976999176e-03 1.036956521739130466e+02 5.673264521134387728e+00
3.684932562337432049e+00 1.835190244932949138e-03 9.937620578778134472e+01 5.658093292458618251e+00
3.691340469028411508e+00 1.865394116403416890e-03 9.553074433656958320e+01 5.076912866067450736e+00
3.697825917576230470e+00 1.878575472322643403e-03 9.295394736842105488e+01 4.101632060648762845e+00
3.704288468942850354e+00 1.854378416201764085e-03 9.182935153583618160e+01 3.538813036542462154e+00
3.710695071708606907e+00 1.843173339766954189e-03 9.186666666666666003e+01 3.714740670035261871e+00
3.717119980493126530e+00 1.858275420549158159e-03 9.252500000000000568e+01 3.541766105046626478e+00
3.723579054116692877e+00 1.875547371405369762e-03 9.462181818181818471e+01 3.772286940349389717e+00
3.730020297411832164e+00 1.843995263516665269e-03 9.932575757575757791e+01 4.499709841680958000e+00
3.736426917509388268e+00 1.851423495632689448e-03 1.051976744186046488e+02 4.504139473805760296e+00
3.742862848593606184e+00 1.866246695943705233e-03 1.110513833992094845e+02 4.254448218176380969e+00
3.749304155234212121e+00 1.850203366498975400e-03 1.162213114754098342e+02 4.334511947020777356e+00
3.755769545342233950e+00 1.881542671327423493e-03 1.179128630705394158e+02 3.580191577636643085e+00
3.762207580716425692e+00 1.832713059301602828e-03 1.179517543859649180e+02 3.593623161076118233e+00
3.768650259547695391e+00 1.882711660849632198e-03 1.167224669603524205e+02 3.888443221246395520e+00
3.775101190588130873e+00 1.841328330998877110e-03 1.145674418604651095e+02 4.125552554892502499e+00
3.781544745172108257e+00 1.876261972947606757e-03 1.108443396226415132e+02 4.212911167532257473e+00
3.787984350729691752e+00 1.841817734800533721e-03 1.064328358208955194e+02 4.399104453980353213e+00
3.794443778523244770e+00 1.888119406057294294e-03 1.016783919597990007e+02 4.612140129027265445e+00
3.800887998049732097e+00 1.829598834944004332e-03 9.698387096774193594e+01 4.817048288564282466e+00
3.807319286871066577e+00 1.879776389761753357e-03 9.173913043478260931e+01 5.165319864303381969e+00
3.813728772969168901e+00 1.816176537965013323e-03 8.878947368421052033e+01 4.699888344023839259e+00
3.820127884734960233e+00 1.870328496078344947e-03 8.734319526627218977e+01 5.014439428292528866e+00
3.826558902351690605e+00 1.840091099185570860e-03 8.788679245283019270e+01 4.196321432343541602e+00
3.832976717434447789e+00 1.862754303780558536e-03 8.944155844155844193e+01 3.572455578428015865e+00
3.839467489846226655e+00 1.881591717002498556e-03 9.272972972972972627e+01 4.180003005720275056e+00
3.845958738964208923e+00 1.872212223355807642e-03 9.514285714285713880e+01 3.922722919355997373e+00
3.852379013358490312e+00 1.829949564810406546e-03 9.700769230769230944e+01 3.982654700264449676e+00
3.858770514458473411e+00 1.860590576749386821e-03 9.702400000000000091e+01 3.167272643774137197e+00
3.865201312403456324e+00 1.846877382617491750e-03 9.604273504273504614e+01 4.032802528993356894e+00
3.871669834970288271e+00 1.885989225799452511e-03 9.505357142857143060e+01 4.382118843804271080e+00
3.878154213609482870e+00 1.855219997046820071e-03 9.259223300970873538e+01 4.527656136615480165e+00
3.884570297975108666e+00 1.842018581107749764e-03 9.024210526315789593e+01 4.558016286212013490e+00
3.891030549524630455e+00 1.892572859664069882e-03 8.650000000000000000e+01 5.550775721564609633e+00
3.897480132485925619e+00 1.830223622249431631e-03 8.331250000000000000e+01 5.364815933468733533e+00
3.903837790606199842e+00 1.833538786489578550e-03 8.293150684931507044e+01 4.875981167291288720e+00
3.910297958451704581e+00 1.898394991490752427e-03 8.002941176470588402e+01 4.633589937547620607e+00
3.916760076293909876e+00 1.823271174774054393e-03 7.881034482758620641e+01 4.656704728651519964e+00
3.923205856217289345e+00 1.907998375040481686e-03 7.964150943396226978e+01 2.725941722958671765e+00
3.929647757040283906e+00 1.804292177573046203e-03 8.039534883720929770e+01 3.067740698104362895e+00
3.936002968608691699e+00 1.864030959871269735e-03 7.829729729729729115e+01 3.456396448056251902e+00
3.942404476100300759e+00 1.828532384993888883e-03 7.951724137931034875e+01 3.726691334098289232e+00
3.948822507765122225e+00 1.871711324841116540e-03 8.004545454545454675e+01 3.470656212512922334e+00
3.955157590966607906e+00 1.825831164639231917e-03 7.935714285714286120e+01 4.022893668665349587e+00
3.961507824082775464e+00 1.968979546566614058e-03 8.328571428571429180e+01 4.451553271680823265e+00
