# q qerr I(q) I(q)err
8.294532032279089417e-03 3.215448162638725495e-03 0.000000000000000000e+00 5.765254830907834815e+01
1.547771440847061503e-02 1.298069176105710962e-03 0.000000000000000000e+00 0.000000000000000000e+00
2.114153426598287117e-02 1.953452460535632252e-03 0.000000000000000000e+00 0.000000000000000000e+00
2.708829541553820289e-02 1.932501425123600049e-03 8.333333333333332871e-02 2.825970826302194872e-01
3.424760286937652415e-02 2.393094809829984012e-03 6.818181818181817677e-02 2.551130036436777826e-01
4.134659872356089005e-02 1.444308516548141333e-03 2.777777777777777624e-02 1.666666666666665741e-01
4.709622292726145520e-02 1.633576272088444088e-03 1.499999999999999944e-01 3.622844186547359846e-01
5.289360403025952090e-02 1.994215660312892175e-03 1.041666666666666713e-01 3.090082702956529204e-01
5.941266175682404643e-02 2.038777625163953021e-03 1.799999999999999933e-01 3.888444419044715938e-01
6.623959740571712385e-02 2.014614798769268252e-03 1.296296296296296224e-01 3.394500514782103351e-01
7.251770781946841049e-02 1.767162065969994948e-03 1.458333333333333426e-01 3.572172541558800152e-01
7.836204892921720677e-02 1.794558473909566021e-03 3.200000000000000067e-01 9.507891459203774431e-01
8.476368586159346852e-02 2.173163639586968114e-03 1.406250000000000000e+00 4.678480906635186898e+00
9.171767809022127182e-02 2.151270969520740432e-03 6.691176470588235503e+00 1.939269339450880381e+01
9.840741527280037759e-02 1.879523288412654567e-03 1.743333333333333357e+01 4.399018198542842129e+01
1.046713563714864598e-01 1.717715818177843919e-03 3.846000000000000085e+01 7.549581180436435091e+01
1.108696467093386595e-01 1.978629817275711061e-03 5.909433962264150608e+01 1.006799171146716816e+02
1.174911181025048434e-01 2.151142134119994175e-03 7.731147540983606348e+01 1.215300268801320698e+02
1.240901985761322518e-01 1.682567093931450772e-03 1.025400000000000063e+02 1.428483783597139904e+02
1.302695169190241364e-01 1.981638030988197227e-03 1.122542372881355988e+02 1.508886355908687733e+02
1.366843399328758479e-01 1.885635125754002352e-03 1.348392857142857224e+02 1.694547133379564059e+02
1.431380625310322841e-01 2.037281709542672608e-03 1.515967741935483843e+02 1.761622472521280258e+02
1.497407916800755912e-01 2.013243134106564892e-03 1.630793650793650897e+02 1.874549546966215701e+02
1.560440161600273323e-01 1.800320108738214832e-03 1.750000000000000000e+02 1.942412589195886028e+02
1.626324968867556287e-01 2.166758397174068339e-03 1.959864864864864842e+02 2.000669135690361315e+02
1.693678508908615654e-01 1.711853084056604935e-03 1.970999999999999943e+02 2.049307403327605925e+02
1.755753172360756398e-01 1.940749690505284321e-03 2.194202898550724683e+02 2.075912312759560621e+02
1.819629297477835528e-01 1.792019476258344991e-03 2.230307692307692378e+02 2.130348100566148730e+02
1.883474920212158954e-01 1.982820530303366913e-03 2.282777777777777715e+02 2.206887804321777935e+02
1.949500334927739553e-01 1.985593967279970003e-03 2.499600000000000080e+02 2.227075463472218928e+02
2.014306324154557237e-01 1.750557958225071797e-03 2.503333333333333428e+02 2.258941545992848603e+02
2.076332073357673447e-01 1.865361520913360683e-03 2.677567567567567721e+02 2.269440155507573706e+02
2.140129245322099916e-01 1.882829286684015863e-03 2.642799999999999727e+02 2.312097287457140737e+02
2.204163405633874917e-01 1.951475208267544961e-03 2.853717948717948616e+02 2.328314452985025582e+02
2.268599176829277919e-01 1.954094669929957399e-03 2.832500000000000000e+02 2.380684841069897004e+02
2.335135695299082048e-01 1.986313139076756155e-03 2.858235294117646959e+02 2.405044741291199841e+02
2.400224779461884173e-01 1.823737618079871109e-03 3.007624999999999886e+02 2.395820644893936731e+02
2.464005577519743639e-01 1.894426896505377799e-03 3.102588235294117567e+02 2.384473937470801559e+02
2.528350385827773383e-01 1.829527638271931031e-03 3.145119047619047592e+02 2.414531774584089305e+02
2.590859102888302123e-01 1.817056121189442432e-03 3.152261904761904816e+02 2.418029483201694916e+02
2.654612130450557106e-01 1.918447197659697845e-03 3.173146067415730158e+02 2.423541494816800537e+02
2.718942366720529247e-01 1.942478483450333455e-03 3.359450549450549488e+02 2.356165787915293492e+02
2.784185743669774227e-01 1.921358219378808702e-03 3.392043010752688019e+02 2.280535761090712583e+02
2.849156375412667530e-01 1.882334819595186037e-03 3.699468085106382773e+02 2.031647136195597056e+02
2.911870294677750826e-01 1.766712284927822799e-03 3.829101123595505669e+02 1.788971894507699290e+02
2.976511517037133681e-01 2.019527329980297554e-03 4.150970873786407651e+02 1.526082021429287749e+02
3.043178155919494809e-01 1.919359421117726450e-03 4.309599999999999795e+02 1.285129098573369220e+02
3.108074081907638564e-01 1.815555258398614735e-03 4.479897959183673493e+02 1.137027533452204722e+02
3.170970610330232087e-01 1.826000353424227750e-03 4.547979797979797922e+02 1.049626560612482535e+02
3.235319739834495723e-01 1.908097576542081529e-03 4.571999999999999886e+02 1.009763763037106230e+02
3.300700059726238145e-01 1.867687188749142220e-03 4.668867924528302069e+02 9.579978770124026255e+01
3.365262003550894554e-01 1.808122422876843900e-03 4.653142857142856883e+02 9.484694150538102519e+01
3.429039324965278412e-01 1.810371451943152679e-03 4.735377358490566166e+02 9.057509585204999780e+01
3.492243179790229801e-01 1.835371710213073819e-03 4.760833333333333144e+02 8.693475274346788240e+01
3.555659880086458058e-01 1.813249007222180170e-03 4.787685185185185333e+02 8.405366349571417572e+01
3.620245372922214488e-01 1.918012235727336494e-03 4.839743589743589496e+02 7.971063572805115882e+01
3.685406119477664388e-01 1.798147481859587110e-03 4.848648648648648418e+02 7.771302242478370204e+01
3.750909242308860247e-01 1.967614233492519498e-03 4.941612903225806690e+02 7.586591182133668099e+01
3.816999037813160189e-01 1.752662604176019427e-03 4.947130434782608859e+02 7.386628597783152372e+01
3.880273799716012495e-01 1.749306826939258557e-03 4.985172413793103487e+02 7.169063582616993813e+01
3.942361145945514900e-01 1.745527907058957431e-03 5.000258620689655231e+02 6.846147597030972065e+01
4.006128291384035145e-01 1.852638254231622501e-03 5.023739837398373993e+02 6.483193850141518055e+01
4.070503578694664726e-01 1.848743254130127446e-03 5.045000000000000000e+02 6.283295185417980377e+01
4.135933781829447264e-01 1.871256654943844995e-03 5.082713178294573595e+02 6.104908275624035241e+01
4.202179442533061082e-01 1.832712641984981681e-03 5.161230769230769511e+02 5.867709249299894481e+01
4.266798115557093873e-01 1.759393680741872749e-03 5.237244094488188466e+02 5.675954800112998555e+01
4.330910535146235696e-01 1.771858374752960505e-03 5.362153846153846644e+02 5.661871018660939114e+01
4.395078467689783608e-01 1.772659720438770270e-03 5.577878787878787534e+02 5.893562541508347863e+01
4.457793319829173595e-01 1.654526338047628432e-03 5.849759999999999991e+02 6.070070207172236110e+01
4.521562795609589402e-01 1.887763445894669913e-03 6.103309859154929882e+02 6.000644182836218476e+01
4.587656575942579140e-01 1.769717907920350091e-03 6.154598540145985908e+02 6.239604429319737733e+01
4.652405449529313231e-01 1.746242423612376143e-03 6.313381294964028712e+02 6.931361561528197512e+01
4.716282944699034529e-01 1.704407088516023735e-03 6.550948905109488578e+02 7.623191954185293184e+01
4.780637153179891352e-01 1.798647074538550902e-03 6.823888888888889142e+02 7.935594089252721517e+01
4.844976548260259142e-01 1.723433333189145671e-03 6.992535211267605746e+02 8.053614912084655941e+01
4.908596034113225648e-01 1.665744062354685903e-03 6.987517730496454078e+02 7.924282923147318058e+01
4.972011979785150859e-01 1.734256865849588200e-03 6.972876712328767326e+02 8.308533348473856961e+01
5.036178995103413047e-01 1.747915368961153139e-03 6.967432432432432279e+02 8.955743236871107626e+01
5.101756467004687767e-01 1.800451491856020327e-03 7.106322580645161224e+02 9.786108228299099210e+01
5.166235656727934389e-01 1.648057805296297825e-03 7.197755102040816837e+02 1.054042224866081199e+02
5.229884928033705638e-01 1.714260039451578075e-03 7.154736842105263577e+02 1.009129173966689166e+02
5.293925748937229336e-01 1.756900675637705763e-03 6.848974358974359120e+02 8.775385360850351901e+01
5.357749724968067229e-01 1.647361260156582873e-03 6.334900662251656058e+02 7.440026103553699954e+01
5.422269581426349960e-01 1.797131621318817348e-03 5.836402439024390105e+02 5.927958840467535850e+01
5.488258977193463117e-01 1.752106618123457169e-03 5.460683229813664639e+02 5.060394976177097703e+01
5.552607346015674405e-01 1.711536068502800701e-03 5.211812499999999773e+02 4.651497910619760745e+01
5.616696921416424182e-01 1.713298320607429745e-03 5.025644171779140947e+02 4.437850568796783080e+01
5.680596363279470928e-01 1.671719726027721563e-03 4.899375000000000000e+02 4.346976769117820538e+01
5.744116486855085357e-01 1.773350792090137981e-03 4.824107142857142776e+02 4.167512329148582495e+01
5.808465417437830292e-01 1.706594120505047427e-03 4.769515151515151388e+02 4.176866765646401802e+01
5.872915480827241019e-01 1.773275249674210931e-03 4.742138728323699297e+02 4.066508497826135482e+01
5.936297343998458986e-01 1.608871723183330060e-03 4.717654320987654160e+02 4.132727343957865429e+01
6.000917821228005655e-01 1.852508397134843563e-03 4.739065934065934016e+02 3.962636753152513336e+01
6.066068710033430955e-01 1.719733697199352486e-03 4.774152046783625565e+02 4.156281342827005432e+01
6.129319261090041548e-01 1.700305612135823196e-03 4.878372093023255616e+02 4.344879899521452415e+01
6.193292159447265632e-01 1.792945791870086646e-03 5.075944444444444343e+02 4.604834349107039060e+01
6.257789288608107681e-01 1.769335618302108433e-03 5.356045197740113508e+02 5.025336489304164900e+01
6.322945183878984077e-01 1.883051681004075783e-03 5.704232804232804028e+02 5.599501871489350435e+01
6.387697914265673127e-01 1.734308686986089703e-03 6.010738636363636260e+02 6.971700562225750275e+01
6.450797878865883739e-01 1.812617312363664322e-03 6.418097826086956275e+02 8.418335811521109235e+01
6.514777522098027518e-01 1.807195130708317372e-03 6.852972972972972912e+02 9.688276409189714400e+01
6.579453254174412180e-01 1.840076954070700866e-03 7.119206349206349387e+02 1.045640415434896369e+02
6.642487788958216788e-01 1.761967380250493336e-03 6.969395604395604096e+02 1.077840554459732232e+02
6.707545140871414846e-01 1.952870522822350513e-03 6.650950000000000273e+02 1.013778646944193724e+02
6.772291234912055646e-01 1.844192786587162299e-03 6.172539682539683099e+02 9.270077776572699690e+01
6.834443396870620857e-01 1.745041746211572261e-03 5.707336956521738784e+02 8.089474793448424350e+01
6.899300657465672337e-01 1.988575045799213618e-03 5.329130434782608745e+02 6.566064666829721830e+01
6.965346490814943170e-01 1.967867873463197050e-03 4.983668341708542471e+02 5.795304753237694939e+01
7.030970487636396538e-01 2.020648629947002003e-03 4.742766990291262346e+02 5.055860316169727042e+01
7.095716427219228573e-01 1.946516927103622520e-03 4.544292929292929557e+02 4.807175504704112967e+01
7.160970279381224657e-01 2.044543341153194464e-03 4.415428571428571445e+02 4.562140564539002696e+01
7.226116891734091219e-01 2.004959656352403585e-03 4.330390243902439238e+02 4.284963652572416493e+01
7.291288619178314390e-01 2.011427705279334160e-03 4.248238095238095298e+02 4.391264622937466555e+01
7.356079106374427967e-01 1.973711099579897668e-03 4.207740384615384528e+02 4.147376104273141806e+01
7.419803430714648762e-01 1.939746738906150680e-03 4.161414634146341314e+02 4.434471613280960867e+01
7.484516812817442188e-01 2.022257641999446187e-03 4.146227272727272748e+02 4.084261973449866190e+01
7.549512183205485671e-01 1.898119824350936232e-03 4.117836538461538680e+02 4.389383214495884999e+01
7.613853957290165342e-01 1.973382858640895885e-03 4.115409090909091105e+02 4.068818081275248488e+01
7.678481984516135617e-01 1.903941598965435333e-03 4.086883720930232471e+02 4.318261974357037047e+01
7.743372045322526320e-01 1.915374251326664194e-03 4.069189189189189051e+02 4.061062410697384450e+01
7.807807857039134047e-01 1.872160005679921477e-03 4.047110091743119256e+02 4.106715827680201159e+01
7.871827117013717734e-01 1.874571936203420349e-03 4.031312217194570167e+02 4.106888186792644291e+01
7.935705088346153291e-01 1.846468364235832015e-03 4.024887892376681862e+02 4.160039511078812779e+01
7.999497029225959288e-01 1.794315080242126848e-03 4.025068493150685072e+02 4.235279349443653274e+01
8.063895263538338742e-01 1.919941342275102670e-03 4.044067796610169694e+02 4.139922192486125141e+01
8.129038415374738591e-01 1.785391972586650427e-03 4.059555555555555770e+02 4.289022220149747255e+01
8.193543447618309994e-01 1.828478467253065801e-03 4.076297872340425670e+02 4.279612337169206882e+01
8.257450256705209934e-01 1.731942097964038994e-03 4.084107142857142776e+02 4.454685660106350298e+01
8.321389716972604766e-01 1.845140229989535984e-03 4.088333333333333144e+02 4.361594541500211619e+01
8.386208936931099922e-01 1.751195931903918061e-03 4.074188034188034067e+02 4.462542949437195716e+01
8.449970631363269424e-01 1.723661030767332288e-03 4.061077586206896513e+02 4.547026376698553918e+01
8.513046230100612677e-01 1.773741526074865430e-03 4.047184873949580037e+02 4.543981415767756715e+01
8.578256185292513214e-01 1.822821089358022794e-03 4.018056680161943177e+02 4.415341664409837108e+01
8.643009097266359797e-01 1.747841479780405487e-03 3.979128630705394016e+02 4.360150949971505696e+01
8.706520843132705689e-01 1.718512007701664341e-03 3.929831932773109315e+02 4.305677881053619416e+01
8.770655084888429043e-01 1.823306464836067656e-03 3.902292490118576893e+02 4.193138253303503404e+01
8.835379301005906738e-01 1.720994191554163586e-03 3.880740740740740762e+02 4.220042033320692809e+01
8.899818591232092624e-01 1.816014583941305376e-03 3.896901960784313701e+02 4.149340678484765021e+01
8.963154830142930907e-01 1.686559403020368615e-03 3.898708333333333371e+02 4.284394485935101926e+01
9.027402481510985455e-01 1.849914512401526186e-03 3.912633587786259568e+02 4.163958827200426782e+01
9.092741475074460622e-01 1.818523953956779297e-03 3.895725490196078340e+02 4.239524484952995209e+01
9.156513574886713247e-01 1.799905876070713017e-03 3.891388888888889142e+02 4.326529813751072595e+01
9.219738414041327434e-01 1.816254378221876130e-03 3.905664062500000000e+02 4.386001513604817603e+01
9.284093843578240524e-01 1.864548344913183461e-03 3.931961538461538339e+02 4.489081593187615482e+01
9.348720171621091035e-01 1.939851900461452830e-03 3.964382022471909863e+02 4.593604773400400632e+01
9.413551784733346084e-01 1.927152036582965508e-03 3.988549618320610648e+02 5.193380047447993775e+01
9.478756351150825488e-01 2.022964964773094239e-03 4.113514492753623131e+02 5.305951883858807605e+01
9.544794314844599059e-01 1.995588314593873917e-03 4.527158671586715855e+02 5.904285258581282392e+01
9.609640598131067302e-01 1.976081289299603128e-03 5.773308823529412166e+02 1.096330368217514888e+02
9.673540511875814429e-01 1.900963898517757681e-03 8.757878787878787534e+02 2.275394064196995316e+02
9.738764300010358532e-01 2.020370959177093719e-03 1.381253472222222172e+03 3.733109728701766699e+02
9.803887395962943563e-01 1.868024915732807104e-03 1.921558052434456840e+03 5.208581848449719018e+02
9.867609507399704993e-01 1.907798179635916648e-03 2.403028673835125574e+03 7.100001080298851548e+02
9.931792738827067701e-01 1.861169570246367679e-03 2.914803636363636542e+03 1.061765168695294051e+03
9.997024529712079666e-01 1.929714342920701943e-03 3.235061643835616451e+03 1.324696796469112769e+03
1.006152710574202525e+00 1.760100644785859590e-03 3.275113970588235134e+03 1.408291169056129320e+03
1.012546487448541255e+00 1.858180627704414780e-03 3.051411764705882433e+03 1.218117009924621016e+03
1.018988798098918291e+00 1.803978976354649174e-03 2.770672535211267586e+03 1.071446273485459869e+03
1.025394048634321598e+00 1.775790568352827222e-03 2.405564912280701719e+03 9.380981686818996650e+02
1.031778999059903112e+00 1.783042104657854955e-03 1.976740484429065646e+03 7.739328008274342210e+02
1.038243195035333466e+00 1.800042721148124251e-03 1.588822525597269532e+03 6.582796007347773184e+02
1.044593270705168830e+00 1.728638088187854378e-03 1.224192307692307622e+03 5.402747507958322331e+02
1.051019473275584426e+00 1.807666001326826760e-03 8.987123745819397982e+02 4.148459196442058783e+02
1.057452118334604840e+00 1.764796907398143069e-03 6.275186440677965720e+02 2.620312386998580791e+02
1.063812741872586898e+00 1.735604614353873946e-03 4.617705479452054647e+02 1.440193741397443716e+02
1.070275566257694377e+00 1.860876787998901613e-03 3.774741935483871202e+02 6.968331053350918580e+01
1.076675486865225739e+00 1.737707282280460301e-03 3.406769759450172046e+02 4.392731863025451844e+01
1.083000003099001241e+00 1.811785629637566912e-03 3.241578947368420813e+02 3.621475505066272405e+01
1.089457558406981885e+00 1.875700427842611059e-03 3.136168831168831161e+02 3.477078977710645802e+01
1.095857128634095679e+00 1.865882195591197666e-03 3.080000000000000000e+02 3.536026985488835805e+01
1.102286980210992473e+00 1.937596539280167377e-03 3.010191693290734634e+02 3.894925445005578979e+01
1.108924588094037933e+00 2.035521144429528872e-03 2.992469512195121979e+02 3.766517460136536499e+01
1.115518250266801070e+00 1.963453062553008333e-03 2.952563291139240391e+02 3.806546217177594116e+01
1.121980766162010701e+00 1.920251373127695831e-03 2.935477707006369315e+02 3.675522975961567340e+01
1.128426312748922689e+00 1.950613960551148517e-03 2.912515527950310457e+02 3.535867134179585491e+01
1.134959239864979930e+00 1.915365560061970144e-03 2.888246153846154129e+02 3.539942753523685326e+01
1.141388067807542761e+00 1.819889318180962796e-03 2.858539682539682758e+02 3.590150266598863737e+01
1.147829738822878420e+00 1.877407927217479219e-03 2.839118541033434440e+02 3.550308671126584414e+01
1.154234759887723172e+00 1.796226287448233561e-03 2.823605015673981029e+02 3.692965026107587079e+01
1.160592008141087206e+00 1.784421184300352767e-03 2.822569659442724515e+02 3.731067497178336367e+01
1.167026991042843242e+00 1.836276795008287468e-03 2.805910447761194177e+02 3.692952401288462738e+01
1.173494023876834547e+00 1.758155136545365687e-03 2.772477064220183252e+02 3.730329381322397353e+01
1.179808164649816637e+00 1.732605827553653768e-03 2.699384615384615245e+02 4.452065061699961035e+01
1.186220583891021807e+00 1.881017850291822648e-03 2.746655948553054714e+02 4.091634817652076350e+01
1.192681073817049464e+00 1.793318889751105601e-03 2.748758620689654890e+02 4.110836842804266666e+01
1.199065629744253458e+00 1.797529783280079436e-03 2.750070422535211492e+02 4.103146306334720350e+01
1.205502001077074059e+00 1.899328588103967692e-03 2.762568493150685072e+02 4.121801346593122872e+01
1.211991242640565014e+00 1.826306843735066819e-03 2.763442028985507477e+02 4.139928607377921566e+01
1.218362901235649165e+00 1.888953249129523074e-03 2.742949640287769739e+02 4.137702190993812223e+01
1.224837827500277143e+00 1.938626244914326818e-03 2.694712230215827162e+02 4.442375818627668593e+01
1.231306496939841066e+00 1.935692192720165272e-03 2.687572463768116222e+02 4.532681216764800070e+01
1.237900180047003751e+00 1.954996484647400414e-03 2.694695340501792202e+02 4.339139867252472271e+01
1.244387829439413284e+00 1.881879514088832415e-03 2.710000000000000000e+02 4.085499476214536685e+01
1.250735832344970877e+00 1.818331757808236372e-03 2.718798449612403374e+02 4.090995761343657477e+01
1.257083335292831006e+00 1.905720956169173206e-03 2.721402214022140242e+02 4.087551129522653071e+01
1.263603115287416090e+00 1.841854869392088893e-03 2.730000000000000000e+02 4.137343789965203911e+01
1.270020777910819465e+00 1.832011672431217405e-03 2.727376425855513276e+02 4.189665154369858868e+01
1.276488051741652807e+00 1.832185980768075541e-03 2.724448669201520943e+02 4.248155025336004798e+01
1.282839323063532211e+00 1.758750693263018286e-03 2.720984251968503713e+02 4.230097622685768499e+01
1.289363492023574365e+00 1.805471412487298991e-03 2.640370370370370097e+02 4.469585318217176706e+01
1.295761563244195891e+00 1.749310907134910172e-03 2.664228187919463267e+02 4.144370920158966953e+01
1.302096506369333051e+00 1.727886103868702576e-03 2.669966777408637881e+02 3.955096772131663840e+01
1.308490604613926855e+00 1.841981469325142248e-03 2.668286604361370564e+02 3.922077478080085200e+01
1.314923371882378955e+00 1.783204890748409099e-03 2.664533762057877766e+02 3.850834157477881803e+01
1.321263162947042602e+00 1.883891353746835161e-03 2.665030864197530605e+02 3.888077296264620486e+01
1.327809252188654421e+00 1.990407611744629372e-03 2.636745562130177518e+02 4.096830481274175639e+01
1.334395055816720577e+00 2.005908808147741692e-03 2.644721407624633684e+02 4.100702527173093870e+01
1.340924575314278222e+00 1.937181998292608577e-03 2.652537313432835617e+02 3.923867596192901175e+01
1.347326738882997477e+00 1.911240937813023883e-03 2.662366863905325545e+02 3.881885185949973760e+01
1.353867248119903444e+00 1.925349651844857632e-03 2.678753541076487181e+02 3.831502012945843205e+01
1.360292180733798650e+00 1.777880213384871099e-03 2.721796407185628937e+02 3.869144798657990236e+01
1.366716033276369036e+00 1.860440026654835337e-03 2.824593837535014131e+02 3.763264571704157646e+01
1.373134056949086190e+00 1.747663592607761902e-03 3.064444444444444571e+02 4.072252738371255276e+01
1.379508641949547476e+00 1.787974598008121871e-03 3.404084507042253449e+02 4.491331817594306131e+01
1.385849874457594222e+00 1.730044418412237826e-03 3.723342939481267990e+02 5.091093981721360962e+01
1.392210228535155858e+00 1.777760908321846531e-03 3.955972222222222285e+02 5.584945524563840280e+01
1.398630460992727143e+00 1.793834584281517276e-03 4.202388888888888800e+02 6.099234228902210475e+01
1.405027543482165298e+00 1.820682476180417696e-03 4.470991735537190266e+02 6.426930960279477745e+01
1.411380623846245186e+00 1.844474811107960554e-03 4.586777777777778056e+02 6.704358656873898781e+01
1.418011585217980208e+00 2.061904995500850411e-03 4.499177057356608316e+02 8.152820606408226922e+01
1.424633236002852632e+00 1.911062399977238009e-03 4.502868852459016580e+02 7.102306952105367088e+01
1.431027237377290762e+00 1.930893372260762729e-03 4.502321899736147657e+02 6.423156079608817492e+01
1.437551415863808524e+00 1.925262037142165712e-03 4.438935064935064929e+02 6.373456578680879403e+01
1.443999660086549230e+00 1.834928749309971486e-03 4.295809018567639441e+02 6.076412986706815644e+01
1.450408168300875378e+00 1.822080046480867126e-03 4.113638743455497320e+02 5.653942203760462348e+01
1.456762351763572827e+00 1.768742008520618686e-03 3.926921052631578846e+02 5.251996283171644109e+01
1.463211358413713192e+00 1.810126088705470279e-03 3.744591836734693970e+02 4.864327160832574748e+01
1.469593255354290973e+00 1.758193336020684059e-03 3.568619791666666856e+02 4.604522648969140164e+01
1.475950724204827313e+00 1.769305199294179780e-03 3.386976744186046631e+02 4.381810905423551361e+01
1.482355977374464340e+00 1.855140322631434503e-03 3.245124999999999886e+02 4.129825813518047539e+01
1.488803525874331735e+00 1.854999873494519958e-03 3.133307888040712328e+02 3.932465277841868811e+01
1.495319592526707764e+00 2.003828109077177445e-03 3.063875598086124228e+02 4.636916570738657128e+01
1.501939691759246465e+00 1.957822028991581826e-03 3.065012165450121415e+02 4.084834126924067732e+01
1.508463382234335848e+00 1.918938912685786129e-03 3.023300733496332668e+02 3.821227449627735240e+01
1.514901188746566207e+00 1.852902137227367511e-03 2.942241379310344769e+02 3.903058127728658633e+01
1.521228969867623793e+00 1.785136608190808364e-03 2.898967254408060512e+02 3.919018609701508637e+01
1.527563647216529041e+00 1.824993124647320475e-03 2.891947115384615472e+02 3.857773193990567506e+01
1.534022576503679458e+00 1.781774817406586286e-03 2.927330097087378817e+02 3.836479740335102662e+01
1.540418711468126034e+00 1.792491139398408621e-03 2.993444976076555122e+02 3.838222951685405349e+01
1.546838712332167631e+00 1.778278829154705072e-03 3.023204819277108300e+02 3.892249624808292907e+01
1.553238623106807825e+00 1.840983848395847744e-03 3.015896226415094361e+02 3.912685537110994716e+01
1.559673935783696619e+00 1.867161364404805587e-03 2.984726840855107071e+02 3.893918178125360896e+01
1.566161367499480317e+00 1.987417225671155377e-03 2.891768707482993364e+02 4.757649005325752967e+01
1.572795191923813007e+00 1.975399758409353626e-03 2.879932584269662925e+02 4.009093520322275594e+01
1.579229625961506400e+00 1.828964939238766603e-03 2.838870192307692264e+02 3.958430563012233705e+01
1.585615098485775532e+00 1.901195136705323549e-03 2.825426008968609608e+02 3.865035961823010524e+01
1.592069020803266399e+00 1.783565421147388207e-03 2.825962441314554212e+02 3.809967007345294832e+01
1.598398624204083740e+00 1.798472010651884717e-03 2.846849315068492956e+02 3.814545597573743407e+01
1.604843375939136507e+00 1.797152056805669104e-03 2.887714932126696681e+02 3.787161846104589813e+01
1.611212339410225569e+00 1.768878106258207515e-03 3.035986238532109951e+02 3.868747864780323908e+01
1.617590363377642504e+00 1.818287623560442892e-03 3.373213483146067233e+02 4.551982821543299451e+01
1.623974015669422899e+00 1.854816384487833732e-03 3.808284424379232291e+02 5.529791651824653087e+01
1.630543485616582799e+00 2.014479720267581264e-03 3.979121338912133865e+02 7.311300106122371290e+01
1.637155364196844820e+00 1.921442116166700376e-03 4.206563876651982241e+02 6.471038585222724748e+01
1.643640215828007012e+00 1.916406123937146409e-03 4.517231759656652343e+02 7.357596601072269493e+01
1.650095370295723063e+00 1.808845151496338592e-03 4.848440979955456669e+02 8.998440759459798244e+01
1.656466136267144007e+00 1.835556712886826517e-03 4.951397849462365457e+02 9.523005595126214473e+01
1.662921359457136594e+00 1.784847929403802829e-03 4.876100217864923820e+02 9.080481118329531398e+01
1.669278115879615276e+00 1.787810489320909016e-03 4.803701298701298583e+02 8.455035229627617355e+01
1.675603147458916142e+00 1.759339208401217896e-03 4.853885209713024551e+02 8.559312614018944032e+01
1.681944817773278311e+00 1.879012939346250957e-03 5.106919831223628421e+02 9.165581510206091309e+01
1.688494896982127180e+00 1.961244959671172398e-03 5.437283950617284063e+02 1.208310206380911751e+02
1.695047655103924189e+00 1.958531043791479891e-03 5.853333333333333712e+02 1.057288181641968521e+02
1.701563412030947964e+00 1.893890162085724253e-03 5.902442588726513577e+02 9.554732637927176597e+01
1.707975620325744792e+00 1.846204685496802061e-03 5.969916492693110968e+02 9.310423545801779710e+01
1.714377380249353600e+00 1.797036493929945892e-03 6.200794979079497580e+02 1.011453556409544774e+02
1.720768292737840266e+00 1.799184406037973973e-03 6.401896907216495265e+02 1.066939426501604942e+02
1.727152534628709324e+00 1.771490888047008889e-03 6.449645093945720191e+02 1.085924883230235878e+02
1.733526494930327289e+00 1.835615179227028260e-03 6.602566191446028370e+02 1.100159211085670421e+02
1.739975521513371870e+00 1.888347845677861795e-03 6.732784552845528196e+02 1.265503702063025884e+02
1.746497876640803248e+00 1.988580869552720402e-03 6.567577519379844944e+02 1.241931282095168143e+02
1.753090192095328348e+00 1.909790863647236811e-03 6.144920318725099833e+02 9.733889499272683565e+01
1.759542915568929722e+00 1.863330342728648260e-03 5.712191235059760857e+02 8.487479782510405357e+01
1.765978610475646082e+00 1.805054295706254351e-03 5.456599999999999682e+02 7.751895071529283143e+01
1.772332663329672986e+00 1.770928694831684115e-03 5.367379032258064626e+02 7.495230560542964326e+01
1.778664509689639184e+00 1.781133477909586536e-03 5.303093812375249172e+02 7.344262435693575242e+01
1.785069366740120511e+00 1.834600355293997381e-03 5.174531250000000000e+02 7.061493744859609478e+01
1.791506168727699633e+00 1.878728357369653049e-03 4.965862745098038999e+02 7.976795132888895523e+01
1.798039063906349488e+00 1.995486375923071192e-03 4.853129629629629562e+02 7.816804573792028066e+01
1.804647924016717919e+00 1.913848319004299433e-03 4.833295019157088177e+02 6.322808337400570622e+01
1.811089958053599736e+00 1.862622323854617795e-03 4.705862068965517437e+02 6.057279599576324358e+01
1.817521720439822408e+00 1.798364348704032875e-03 4.439092664092664222e+02 5.737434894252364614e+01
1.823812670535420288e+00 1.750448090683544159e-03 4.180039215686274474e+02 5.398064279195106252e+01
1.830221642949216854e+00 1.837728497302317443e-03 3.990372439478584852e+02 5.072165053586012107e+01
1.836582905300079060e+00 1.780128382536366044e-03 3.858196078431372484e+02 4.953016952519873684e+01
1.843061797820461534e+00 1.986079127245108083e-03 3.699325044404973255e+02 6.054062781108676461e+01
1.849632829275571488e+00 1.888944039210000737e-03 3.635845864661654332e+02 4.789612778459692777e+01
1.856090187264436642e+00 1.913060858845453587e-03 3.528963636363636169e+02 4.427114777843279825e+01
1.862531947297203283e+00 1.788974026913770074e-03 3.410924528301886767e+02 4.384775466517805143e+01
1.868931787959941415e+00 1.835149539700427039e-03 3.319908925318761135e+02 4.162078228422872428e+01
1.875342409945594868e+00 1.782793697721218873e-03 3.223873370577281321e+02 4.111055678756621035e+01
1.881685992375486283e+00 1.813583446463527945e-03 3.156586715867158546e+02 3.963452762789302852e+01
1.888176611507502489e+00 1.945205006648250507e-03 3.059082892416225832e+02 4.879281937748515219e+01
1.894684395670122701e+00 1.921537496908314263e-03 3.041574239713774546e+02 4.161038951284326970e+01
1.901176782548104516e+00 1.886986723452953362e-03 3.024590747330960880e+02 3.862203973600287554e+01
1.907561981128558237e+00 1.795440373499332084e-03 3.025620437956204114e+02 3.910904306151571319e+01
1.913985041606118376e+00 1.828239138046576940e-03 3.034491228070175453e+02 3.846895475767099981e+01
1.920403381422240097e+00 1.786024996940504313e-03 3.043586956521739353e+02 3.946424121994698453e+01
1.926716413297410169e+00 1.834639747803229817e-03 3.108398576512455520e+02 4.088388268097396860e+01
1.933271554332125497e+00 1.965820526812752777e-03 3.311043771043770789e+02 5.663202495793421321e+01
1.939792573083097382e+00 1.907526115978609412e-03 3.903769633507853314e+02 7.730198429797358983e+01
1.946288570836251841e+00 1.883695634446648113e-03 4.712419080068142989e+02 1.174621392550951526e+02
1.952655684029843908e+00 1.737190040939992066e-03 5.953996383363471523e+02 1.461919029105621064e+02
1.958969978021109171e+00 1.827434973414125523e-03 7.874846416382252983e+02 1.705555860387991345e+02
1.965496063115082181e+00 1.854230162972571750e-03 9.631165540540540633e+02 1.866310136624751408e+02
1.971963975922738088e+00 1.884120710564727479e-03 1.012768835616438309e+03 2.213120300850114859e+02
1.978442510441045021e+00 1.957066319931451050e-03 1.058273476112026401e+03 2.474050726595215224e+02
1.984931097981023740e+00 1.843590323278294961e-03 1.170393162393162356e+03 3.017651035480025143e+02
1.991287308585444338e+00 1.815152065882439042e-03 1.268339011925042541e+03 3.565535478673987200e+02
1.997701973476069481e+00 1.833321787203764366e-03 1.294531561461794126e+03 3.604442175150305729e+02
2.004164133665459424e+00 1.816322146449814287e-03 1.253243739565943315e+03 3.212328184287283079e+02
2.010465304371688244e+00 1.793999045974344238e-03 1.202112651646447148e+03 2.872012675704933713e+02
2.016906033528098163e+00 1.989616449670199121e-03 1.164827856025039182e+03 3.182172609760947353e+02
2.023555996358446407e+00 1.897180052363281293e-03 1.169389967637540394e+03 2.744657782729727273e+02
2.029968694217374470e+00 1.807083598350285245e-03 1.150923076923076906e+03 2.723808977993480767e+02
2.036339422929389187e+00 1.823287213829230622e-03 1.106648298217179899e+03 2.553370966940653943e+02
2.042808231593590484e+00 1.819045180469573350e-03 1.031782467532467535e+03 2.336249652849851657e+02
2.049121403930300289e+00 1.816823929832920258e-03 9.564749163879598655e+02 2.258221530625735625e+02
2.055546024436551544e+00 1.958593688934813937e-03 8.795432098765431874e+02 2.193604773721141896e+02
2.062179187475123410e+00 1.909374836257744399e-03 8.143875000000000455e+02 1.816292510148592498e+02
2.068587893715514436e+00 1.782255124468116103e-03 7.444386252045826495e+02 1.709308628675316584e+02
2.074943470461427353e+00 1.803325004765888358e-03 6.746244057052298331e+02 1.589688075960901870e+02
2.081348551495329602e+00 1.811685209211536278e-03 6.007168000000000347e+02 1.502540866154394905e+02
2.087807581420585645e+00 1.934124239786214495e-03 5.308652373660030435e+02 1.510793175558715973e+02
2.094354049547901386e+00 1.919763106963207067e-03 4.714907975460122884e+02 1.232412619358140802e+02
2.100814970511138302e+00 1.841726384006937703e-03 4.001336477987421176e+02 9.146339761413263147e+01
2.107147425483176129e+00 1.793021693532189254e-03 3.366151419558359521e+02 6.325798050399254180e+01
2.113573117004156288e+00 1.831442330790634650e-03 3.000030534351145093e+02 4.639876934644909312e+01
2.119956773712852627e+00 1.806996690666118864e-03 2.894699367088607573e+02 4.074940588862121160e+01
2.126392549358501416e+00 1.961143276791299343e-03 2.939397058823529392e+02 4.942898155058454535e+01
2.133022499541108896e+00 1.914261261225060897e-03 3.118047337278106284e+02 3.851918813288855148e+01
2.139480964562213483e+00 1.786119367506160778e-03 3.211410852713178201e+02 3.945640912019003821e+01
2.145796782645738254e+00 1.799418587043424183e-03 3.271926605504586973e+02 3.982874112905617636e+01
2.152165366120878165e+00 1.825425695775702338e-03 3.353818181818181756e+02 4.137857672238435214e+01
2.158655754564665852e+00 1.929951649106770133e-03 3.451904069767442138e+02 5.681857662635090378e+01
2.165204964825616862e+00 1.913631523374921799e-03 3.676447368421052602e+02 4.443225864030937799e+01
2.171687233764930003e+00 1.836559742283269984e-03 3.966192592592592518e+02 4.652982745291835442e+01
2.178057454997971210e+00 1.770075738143539208e-03 4.527265861027190113e+02 5.790702829091157611e+01
2.184381886656512783e+00 1.819268068842387707e-03 5.533001485884101385e+02 7.734483743829454738e+01
2.190889596552291430e+00 1.941484629964972597e-03 6.941763046544429017e+02 1.319659588656370204e+02
2.197415493733709368e+00 1.880394352234131695e-03 8.441770682148040805e+02 1.329459146374553313e+02
2.203858495652105454e+00 1.844129167940211774e-03 9.104081041968162253e+02 1.324664571185287230e+02
2.210218428929338064e+00 1.776952575370011446e-03 9.322647928994082349e+02 1.326042286650687743e+02
2.216548686487991304e+00 1.820372229284925253e-03 9.806400580551523944e+02 1.505076912647129745e+02
2.223054582631938558e+00 1.937499342758612587e-03 1.035153314917127091e+03 2.312464696919093683e+02
2.229555406010463425e+00 1.871681269043944497e-03 1.094091559370529239e+03 2.252316887924075388e+02
2.236023148886606471e+00 1.876509468722661325e-03 1.075210013908205838e+03 2.179072115563884040e+02
2.242466908337517939e+00 1.781536512235300631e-03 1.039621582733813057e+03 1.957176320817466433e+02
2.248784053696174290e+00 1.815619011182786555e-03 1.015187948350071792e+03 1.832589623947821451e+02
2.255261034229438355e+00 1.958337742873136802e-03 9.894456375838925624e+02 2.206662440588955292e+02
2.261752977112598817e+00 1.833135357339661826e-03 9.931258840169731457e+02 1.934192627568000376e+02
2.268193030407839927e+00 1.856919733580766289e-03 9.748294679399726874e+02 1.973503284321536455e+02
2.274620661936892052e+00 1.792548502283534354e-03 9.344598025387870166e+02 1.915663906767521780e+02
2.281045196159239286e+00 1.907452264699439036e-03 8.655189189189188710e+02 1.960566735978023587e+02
2.287566856146262317e+00 1.925687837049752790e-03 8.117045454545454959e+02 1.678838462778078906e+02
2.294017676381079784e+00 1.818149611703329506e-03 7.611315789473684390e+02 1.477830053295600408e+02
2.300373896127871021e+00 1.814054264739159471e-03 7.093830369357044674e+02 1.384551670645064121e+02
2.306733295622487301e+00 1.809288305020508025e-03 6.551373626373626848e+02 1.305115853194971862e+02
2.313210233147671158e+00 1.927057466226796351e-03 5.974518229166666288e+02 1.416729732171820615e+02
2.319750633036068876e+00 1.886628064392380537e-03 5.533841059602649466e+02 1.152538918816951110e+02
2.326167810919689938e+00 1.805281422939875990e-03 4.970270635994586996e+02 1.075906169087651989e+02
2.332524891627314911e+00 1.808157875111407291e-03 4.435147849462365457e+02 9.966301656667872066e+01
2.339018828040365428e+00 1.927078730268403945e-03 3.869294871794871824e+02 9.887661341859781317e+01
2.345529090540556361e+00 1.892646505679497623e-03 3.346426701570680393e+02 7.588452314477395078e+01
2.351902562585342693e+00 1.808634088653226840e-03 2.880026737967914414e+02 5.695311888242909504e+01
2.358283426411155403e+00 1.828495513811564770e-03 2.602451108213820135e+02 4.470249569780187926e+01
2.364665150299146479e+00 1.824483169818866225e-03 2.472781456953642305e+02 3.971789373629023601e+01
2.371140522023317931e+00 1.956229962378429419e-03 2.396017369727047139e+02 4.418285879778409253e+01
2.377698484074287411e+00 1.857249505322706908e-03 2.392217948717948843e+02 3.562665832905097574e+01
2.384135550776628865e+00 1.806484998011118103e-03 2.377238709677419308e+02 3.505219393544182793e+01
2.390495270780528703e+00 1.815820546892564329e-03 2.477325905292479149e+02 3.550943203139699023e+01
2.396907059408651008e+00 1.904650256318906557e-03 2.600943912448700530e+02 4.649990926245281742e+01
2.403395490390968892e+00 1.861409897307351969e-03 2.830732394366197013e+02 4.188399917661139682e+01
2.409868588547004364e+00 1.847911660654164229e-03 2.946463068181818130e+02 4.337546791574548166e+01
2.416315494183244539e+00 1.848423108511250412e-03 2.981681159420289760e+02 4.159937755015555894e+01
2.422721222723576151e+00 1.879130934971403807e-03 2.953313953488371908e+02 5.406582138951544181e+01
2.429135064156228374e+00 1.862177758942303550e-03 3.076994134897360595e+02 4.527082206205581372e+01
2.435558328952115659e+00 1.829358714226044739e-03 3.143742603550296053e+02 4.913808412248690161e+01
2.441961929587736613e+00 1.826990787003958654e-03 3.148368263473053617e+02 5.149957925091487709e+01
2.448435267415004279e+00 1.916283866918213176e-03 3.035697674418604493e+02 6.052959372462664334e+01
2.454898310690642571e+00 1.851262751470384186e-03 3.037727272727272521e+02 4.726552465525627866e+01
2.461278332832209870e+00 1.841207405127180587e-03 3.003821752265861278e+02 4.573529334293704096e+01
2.467732767309350983e+00 1.860175811866779036e-03 2.973783783783783861e+02 4.862302169527639961e+01
2.474317234005322774e+00 1.907302378477835920e-03 2.915922746781116075e+02 5.417198794891635316e+01
2.480763678027650521e+00 1.850982492662076430e-03 2.959360222531293516e+02 4.590361482528007997e+01
2.487114426650852028e+00 1.791691956921820849e-03 2.945941011235955216e+02 4.563586778870793381e+01
2.493514277050582706e+00 1.905910091373927331e-03 2.858956406869220359e+02 5.354964919588718431e+01
2.500016016455529844e+00 1.897218154373805617e-03 2.846988265971316991e+02 4.309693340065464895e+01
2.506504299072060071e+00 1.823698874814003905e-03 2.800408432147562507e+02 4.252628071735865944e+01
2.512828968428921783e+00 1.779539787674511890e-03 2.747994616419919112e+02 4.186400335506529302e+01
2.519262120792594928e+00 1.938201810876334251e-03 2.636886674968866942e+02 4.884116447092925739e+01
2.525775074220281358e+00 1.871497825325404334e-03 2.583592356687898359e+02 3.847806976992475825e+01
2.532197693037325781e+00 1.807973308604888651e-03 2.513641025641025522e+02 3.688429516005838593e+01
2.538545427775757091e+00 1.816891897915347926e-03 2.460553410553410458e+02 3.638770698546164084e+01
2.545039371368973402e+00 1.965732421291352915e-03 2.404014251781472638e+02 4.305573805236561924e+01
2.551577586228050976e+00 1.818913119815899733e-03 2.408939393939394051e+02 3.761262523181405015e+01
2.557912035390546901e+00 1.811160408138717511e-03 2.374373433583959923e+02 3.810060887480243963e+01
2.564418003384666633e+00 1.924750488034227642e-03 2.268618654073199536e+02 4.297290132249944605e+01
2.570930014234638072e+00 1.852202887801034569e-03 2.213353658536585442e+02 3.489545553185583771e+01
2.577333690207623373e+00 1.816621428331073769e-03 2.175061124694376531e+02 3.400837620736637490e+01
2.583698900290759326e+00 1.840143410056186736e-03 2.169009779951100256e+02 3.681991926942323090e+01
2.590116643848396460e+00 1.922552353981257615e-03 2.189673278879813267e+02 4.004667714869719219e+01
2.596553429180498362e+00 1.801710981220896188e-03 2.222766990291262061e+02 3.608514051074324414e+01
2.602955615407046341e+00 1.842317350104424401e-03 2.236682352941176362e+02 3.522208716446902343e+01
2.609495359574187212e+00 1.911716238635802895e-03 2.209794754846066098e+02 4.123015206175673342e+01
2.615974071523933020e+00 1.844748521006626301e-03 2.222882352941176407e+02 3.464815877610805472e+01
2.622378270172453618e+00 1.832507040312451657e-03 2.210713450292397795e+02 3.445576398360446291e+01
2.628819659223405658e+00 1.883705983027747803e-03 2.189264367816091976e+02 4.089465325463729073e+01
2.635224897504864661e+00 1.872415782458078902e-03 2.222770114942528608e+02 3.510490873822103453e+01
2.641639659702591736e+00 1.816527212418568051e-03 2.230911188004613734e+02 3.518832007013414653e+01
2.648064596936881454e+00 1.851525790120274028e-03 2.223204104903078644e+02 3.854442985760152851e+01
2.654540339871488630e+00 1.920962172705038655e-03 2.228624862486248617e+02 3.808066641104760919e+01
2.661017435989672553e+00 1.820997431850269717e-03 2.248685714285714425e+02 3.559015520835925628e+01
2.667377750780578261e+00 1.839233884157700843e-03 2.298547105561861486e+02 3.833076751839298169e+01
2.673833255939705111e+00 1.922629864361171097e-03 2.358114842903575266e+02 4.893311385315668360e+01
2.680310332336410362e+00 1.829470795604572599e-03 2.422978723404255277e+02 4.618038859692290288e+01
2.686679530094181256e+00 1.809753184080302099e-03 2.416367713004484301e+02 4.586576180698681782e+01
2.693172569770623248e+00 1.920456143785719515e-03 2.344756871035940833e+02 4.824797661949960315e+01
2.699710169678059213e+00 1.845827250732203417e-03 2.298200654307524644e+02 3.826491955500834052e+01
2.706108723802718607e+00 1.808001129835774996e-03 2.257895902547065248e+02 3.539321611861345929e+01
2.712552861480932442e+00 1.909490143508341294e-03 2.233667017913593327e+02 4.043910399874985018e+01
2.719028861112676942e+00 1.848278151304674159e-03 2.278475675675675802e+02 3.467098412364818216e+01
2.725349625855669977e+00 1.780111837505188701e-03 2.310255271920088660e+02 3.545232434161175661e+01
2.731792001493120292e+00 1.927874637693306574e-03 2.310645491803278730e+02 4.130886259688071505e+01
2.738310186615081410e+00 1.835670255000661395e-03 2.343375931842385569e+02 3.381214659328468031e+01
2.744685257899765141e+00 1.793617037467074102e-03 2.361594827586206975e+02 3.274171644442015605e+01
2.751066800196758422e+00 1.878288467704576767e-03 2.427389937106918296e+02 3.179452421157341746e+01
2.757601512830000434e+00 1.862141664063760894e-03 2.613370165745856184e+02 2.296703250917950356e+01
2.764058068263966828e+00 1.836587841443396716e-03 2.986412300683371086e+02 2.864392640964693726e+01
2.770529172478649382e+00 1.887167826034379927e-03 3.581295045045044958e+02 4.124329370119001936e+01
2.776955143396238501e+00 1.821333560803167642e-03 4.208903301886792292e+02 4.449806137177648679e+01
2.783316304171964184e+00 1.843620978786204888e-03 4.633514150943396430e+02 4.016937356717750873e+01
2.789755116199374552e+00 1.895104686621155434e-03 4.887364161849711195e+02 3.620996316932831860e+01
2.796202065730379438e+00 1.823396814250311405e-03 5.037736526946108029e+02 3.837957281673651977e+01
2.802598215598055997e+00 1.839199823105454800e-03 5.196155688622754951e+02 4.495308550051210261e+01
2.809058618291326859e+00 1.891542357478581855e-03 5.391660818713449999e+02 5.476731836385106078e+01
2.815539484174618412e+00 1.814857361145085640e-03 5.571480582524271767e+02 5.826555674750242986e+01
2.821989463872399906e+00 1.865090624993398201e-03 5.605734767025089695e+02 5.819929613047768413e+01
2.828483713597702565e+00 1.883630524017047489e-03 5.561714285714285779e+02 5.266533473731270476e+01
2.834900904292738222e+00 1.791954038426357698e-03 5.457625000000000455e+02 4.743351449002064868e+01
2.841279989216558999e+00 1.876324795384782303e-03 5.377560386473429617e+02 4.153612123156249680e+01
2.847767858763501359e+00 1.886990809494324501e-03 5.363019323671497887e+02 4.117722417636071697e+01
2.854224446368732959e+00 1.845718501710050556e-03 5.402518610421835774e+02 4.267637644863905422e+01
2.860652227376856871e+00 1.895283512592607677e-03 5.422342233009708252e+02 4.233425747235560266e+01
2.867113210476443186e+00 1.859648482407798373e-03 5.358650990099009732e+02 4.316627076544720865e+01
2.873572830144707879e+00 1.886954548921765396e-03 5.228820638820639033e+02 4.230336154817808847e+01
2.879995266294152589e+00 1.874768549312584749e-03 5.055353159851301257e+02 3.937051587433371225e+01
2.886377499349285003e+00 1.822646243021190660e-03 4.866911392405063452e+02 3.613198956277471297e+01
2.892826601299819611e+00 1.901257081905588812e-03 4.690425273390036409e+02 3.330448931587298489e+01
2.899287209408602628e+00 1.837036175435869181e-03 4.537798742138364787e+02 3.128498057996599258e+01
2.905651471559458798e+00 1.820821310380915442e-03 4.441550190597204733e+02 3.055170888425268672e+01
2.912064357739847953e+00 1.885695667761764669e-03 4.396363636363636260e+02 3.084251031061580406e+01
2.918524733004972394e+00 1.831846772134888184e-03 4.319329962073325078e+02 3.174386632163384547e+01
2.925008101889499557e+00 1.898964803942654149e-03 4.143727161997563826e+02 3.284270862484043363e+01
2.931494571104498625e+00 1.860470468068603543e-03 4.048912237330036987e+02 3.360332328965499471e+01
2.937893251398651540e+00 1.817351826735809622e-03 4.177402760351317283e+02 3.747743741842656107e+01
2.944305546311252186e+00 1.880927000690213848e-03 4.481696750902527242e+02 4.058683913308746583e+01
2.950769139483569781e+00 1.826098071515048831e-03 4.777714987714987842e+02 3.680857698143690016e+01
2.957217893682505760e+00 1.858471812583063982e-03 4.810738498789346522e+02 3.194906602111217708e+01
2.963641657319503686e+00 1.840162297927921053e-03 4.708601226993865225e+02 2.641613454979123787e+01
2.970043842149071800e+00 1.832295957600710810e-03 4.661051980198020033e+02 2.569114352556941228e+01
2.976510225225458495e+00 1.909562939757382871e-03 4.755237529691211193e+02 2.758423825935161844e+01
2.983008757323797777e+00 1.820848808918005624e-03 4.922366790582403837e+02 2.914931927336023776e+01
2.989442833175567138e+00 1.860876473636659213e-03 4.997066666666666492e+02 2.942665705537320875e+01
2.995851322080832713e+00 1.818248084975540883e-03 4.948844720496894638e+02 2.959748898978107690e+01
3.002288071879581022e+00 1.866109072499165002e-03 4.849366626065773289e+02 2.744583067311999613e+01
3.008748785923475388e+00 1.879638502675874765e-03 4.744327272727272771e+02 2.520257199695515027e+01
3.015199648864150372e+00 1.825469582085792030e-03 4.657922885572139080e+02 2.248692556775084839e+01
3.021614952218953931e+00 1.867358907394168870e-03 4.602012121212121087e+02 2.127393625158174117e+01
3.028035269137849372e+00 1.805619228951016193e-03 4.589712140175219020e+02 2.282373304058540953e+01
3.034481983401863037e+00 1.885823396422961745e-03 4.555306859205776391e+02 2.381326517530094833e+01
3.040948636384726900e+00 1.846244746713175374e-03 4.442481481481481751e+02 2.495228459740885185e+01
3.047399548284976056e+00 1.866575050031695892e-03 4.234969400244797839e+02 2.591662886098136909e+01
3.053818065407082116e+00 1.858882463793821993e-03 4.014950859950860149e+02 2.744288183532275838e+01
3.060168791671987076e+00 1.792825745411367891e-03 3.812379134860050840e+02 2.979560882848434744e+01
3.066596020837712544e+00 1.927764682785730512e-03 3.578163507109004513e+02 3.676343534773942423e+01
3.073140751332767540e+00 1.856356834428901387e-03 3.355760197775030633e+02 4.216125308632292956e+01
3.079593295930210139e+00 1.886716362797553155e-03 3.072460606060606096e+02 5.055611099060161706e+01
3.086017154762366044e+00 1.830431539716442747e-03 2.877537500000000250e+02 5.322307115457543603e+01
3.092486513109037993e+00 1.905108961471654438e-03 2.660659472422062208e+02 5.537131514228497764e+01
3.098964516853627060e+00 1.852397442341169754e-03 2.495883807169344948e+02 5.116378024876780017e+01
3.105440922044128804e+00 1.880034527507769499e-03 2.342642424242424113e+02 4.567403160332735013e+01
3.111821301298671738e+00 1.810318297736169049e-03 2.267358490566037688e+02 3.915319475227229873e+01
3.118233335063332667e+00 1.868901341642052608e-03 2.202326431181485873e+02 3.228441658087978539e+01
3.124683867316949026e+00 1.865189586864977357e-03 2.124407814407814499e+02 2.546836766947662412e+01
3.131144652615997170e+00 1.844489775254080271e-03 2.021753086419753060e+02 1.859919291629696758e+01
3.137527951480249655e+00 1.850518740970626434e-03 1.930553505535055479e+02 1.241916369101849682e+01
3.143946084488824955e+00 1.842734159383119935e-03 1.888240396530359249e+02 9.121229350825698745e+00
3.150358822729363073e+00 1.875642417003805899e-03 1.882427184466019412e+02 9.200022361011649608e+00
3.156784286039504561e+00 1.823981601210612454e-03 1.884662500000000023e+02 9.162665755663031320e+00
3.163270120323041557e+00 1.930117905744787839e-03 1.879280660377358458e+02 8.798486958151327642e+00
3.169756141428992979e+00 1.817110211355118556e-03 1.856482412060301499e+02 8.227997596368592070e+00
3.176136715832639901e+00 1.869400486556539428e-03 1.840933333333333337e+02 7.990593459711475610e+00
3.182603852824878121e+00 1.855271636042648588e-03 1.826699386503067615e+02 7.925487613307500290e+00
3.189050645908320547e+00 1.867823016262818358e-03 1.815369696969696918e+02 8.113338019017550806e+00
3.195475202712392715e+00 1.830177604982121797e-03 1.813684863523573085e+02 7.615197033282192329e+00
3.201930699474990760e+00 1.890160737295187680e-03 1.814695340501792202e+02 7.641140507702919749e+00
3.208380198036255848e+00 1.818817371399450607e-03 1.816762141967621460e+02 7.522775042523674571e+00
3.214769441202507405e+00 1.856295446885927562e-03 1.813458737864077648e+02 7.224702419767835337e+00
3.221219946103295317e+00 1.854520719188760538e-03 1.828594132029339789e+02 7.656572031322616212e+00
3.227683765295594753e+00 1.874065427032763596e-03 1.854139590854392168e+02 9.079605956457699634e+00
3.234131017772435612e+00 1.840716304877563787e-03 1.869371146732429168e+02 1.002332236950745248e+01
3.240599979113187423e+00 1.901252405176113557e-03 1.847034400948991788e+02 1.184701630499204050e+01
3.247028333220890239e+00 1.799593188369970169e-03 1.827987421383647870e+02 1.279291261549806435e+01
3.253443203786942295e+00 1.907653420062672836e-03 1.818691037735848965e+02 1.239124099227299780e+01
3.259883502116921683e+00 1.795580006981134817e-03 1.845566750629722890e+02 1.228833416479340634e+01
3.266300345605878341e+00 1.923600185575663262e-03 1.858264947245017709e+02 1.263966048791063201e+01
3.272853483066015201e+00 1.856140221165968399e-03 1.847109756097561046e+02 1.229213570694508029e+01
3.279208055010873757e+00 1.838273880463746476e-03 1.818552147239263945e+02 1.164098801238430703e+01
3.285677511815711327e+00 1.882917816817657360e-03 1.785942720763723059e+02 1.089824090697207737e+01
3.292103848527159204e+00 1.835553428200827411e-03 1.759473684210526301e+02 1.109846241903533404e+01
3.298586108799094418e+00 1.888317585372828586e-03 1.736282660332541639e+02 1.084276938347106523e+01
3.305031100311709658e+00 1.850386223069815962e-03 1.724738124238733121e+02 1.081891477485834585e+01
3.311493553422723224e+00 1.868513817595845007e-03 1.706873508353222064e+02 1.109229953227511700e+01
3.317903636599865536e+00 1.824831080609758517e-03 1.694907975460122600e+02 1.208665906428942449e+01
3.324331097200103002e+00 1.867240715589447552e-03 1.660940476190476147e+02 1.483198218641836696e+01
3.330698991454875468e+00 1.802295415888940022e-03 1.633354114713216916e+02 1.692053120373488895e+01
3.337129369178693850e+00 1.924555404658041986e-03 1.585958188153310005e+02 1.866564853598526241e+01
3.343680207265053550e+00 1.861922247852822480e-03 1.555741857659831169e+02 1.955007371086644241e+01
3.350044083295126374e+00 1.835162792558274860e-03 1.530036452004860337e+02 1.990798983286419599e+01
3.356505604070456616e+00 1.871227406804753775e-03 1.497985781990521446e+02 1.991990945015600900e+01
3.362916001860436488e+00 1.833654571443432820e-03 1.467576126674786963e+02 1.924404213712049483e+01
3.369285096640512123e+00 1.875337531839301689e-03 1.445524390243902531e+02 1.785016559194134445e+01
3.375802434903234950e+00 1.848095989791553092e-03 1.426129905277401804e+02 1.734439532227477798e+01
3.382214916359785661e+00 1.843501739730700950e-03 1.404775280898876417e+02 1.642740747228768683e+01
3.388621595555129762e+00 1.837214591020290208e-03 1.394250363901018943e+02 1.485266380621460414e+01
3.395087870480640202e+00 1.897809126909797642e-03 1.418328488372092977e+02 1.305876757430661961e+01
3.401600099274715294e+00 1.862825267528726196e-03 1.491704374057315192e+02 1.210878985989632994e+01
3.408008587822927371e+00 1.829521772960810344e-03 1.621909937888198669e+02 1.277247737110095116e+01
3.414429009776510870e+00 1.863403552598411495e-03 1.736671826625386927e+02 1.313569991129557302e+01
3.420895508941175223e+00 1.876279003669552520e-03 1.781549295774647987e+02 1.263783578898832616e+01
3.427361199308996742e+00 1.871984655860910217e-03 1.770253164556962133e+02 1.288646995866261058e+01
3.433789816721534383e+00 1.835455874914732619e-03 1.762159090909090935e+02 1.281325029478793809e+01
3.440207803416203358e+00 1.864980166185075923e-03 1.808721682847896375e+02 1.328744775113457344e+01
3.446682336316245543e+00 1.886495457043324163e-03 1.879951219512195166e+02 1.324276028553603624e+01
3.453142116062292821e+00 1.850491205141300763e-03 1.912857142857142776e+02 1.303819304164179371e+01
3.459552608189105705e+00 1.840426776601197887e-03 1.893801369863013804e+02 1.261379638015097271e+01
3.466037827277117955e+00 1.895781883946169978e-03 1.849932088285229099e+02 1.205695074201965689e+01
3.472473653977210972e+00 1.828931698347952819e-03 1.806797853309481354e+02 1.107595837626344526e+01
3.478868831430015351e+00 1.849798838882201271e-03 1.788750000000000000e+02 1.120619447639818311e+01
3.485296939778874226e+00 1.846836384750711896e-03 1.789725274725274744e+02 1.168947747287870165e+01
3.491740378822062674e+00 1.892374048568714641e-03 1.790637522768670351e+02 1.226720066123478858e+01
3.498222076309955408e+00 1.850392789083453492e-03 1.794285714285714164e+02 1.406133946160002424e+01
3.504611891581455030e+00 1.828338000025509641e-03 1.793165048543689295e+02 1.600987111847800648e+01
3.511032309223517167e+00 1.894740202114146826e-03 1.779885496183206044e+02 1.830373089274801046e+01
3.517510811405253346e+00 1.847376399887671770e-03 1.726027667984189691e+02 2.066521006193057275e+01
3.523886222494890585e+00 1.819823680849573695e-03 1.670429447852760632e+02 2.255731808959756179e+01
3.530333766363422221e+00 1.913949961282706506e-03 1.644217821782178248e+02 2.495911834323717571e+01
3.536838628960300657e+00 1.837400593869444173e-03 1.601979166666666572e+02 2.604436902645393559e+01
3.543212277439104163e+00 1.824314092004992007e-03 1.588779443254817920e+02 2.619589032166917164e+01
3.549634251627681092e+00 1.895848120010211945e-03 1.601827731092436977e+02 2.512286119131827178e+01
3.556117060308725097e+00 1.842284182035823720e-03 1.594148471615720553e+02 2.176986589043381315e+01
3.562580790750173865e+00 1.873137250446494902e-03 1.624320175438596436e+02 1.938960680643991807e+01
3.569027121761189303e+00 1.864198494303047999e-03 1.639414414414414409e+02 1.652560250356014038e+01
3.575415228040989657e+00 1.829283293316363293e-03 1.626960556844547625e+02 1.374510073867604376e+01
3.581824267593239686e+00 1.860007523854312686e-03 1.612969837587006907e+02 1.188315923747611791e+01
3.588330065081806630e+00 1.895947895659538546e-03 1.600580046403712231e+02 9.653342698964189950e+00
3.594804804657118602e+00 1.838793340235311087e-03 1.602926829268292579e+02 8.548166360460902169e+00
3.601203120605045882e+00 1.866742151695356807e-03 1.605220588235294201e+02 8.139157880484948038e+00
3.607629953215138574e+00 1.849946976811765471e-03 1.591278195488721678e+02 6.220188858062586590e+00
3.614090854913730499e+00 1.868416365547433599e-03 1.570000000000000000e+02 6.254493334290705420e+00
3.620574720227974552e+00 1.873754476683962313e-03 1.540899742930591287e+02 6.429355249998537580e+00
3.627004027770476924e+00 1.835919208150294619e-03 1.523262032085561373e+02 7.268444988085520642e+00
3.633382280898821648e+00 1.849285921997263250e-03 1.509891598915989164e+02 8.369991856875833136e+00
3.639818201334091174e+00 1.872714577785467623e-03 1.480490463215258785e+02 9.098187712543726491e+00
3.646271849872324999e+00 1.848931603973280732e-03 1.450028089887640590e+02 1.038338127690460055e+01
3.652754025121335069e+00 1.886957975833729447e-03 1.416207865168539399e+02 1.315993098816175788e+01
3.659208746855755479e+00 1.834720162372708565e-03 1.368731563421828810e+02 1.490742513404005543e+01
3.665582835495777569e+00 1.840575612045432024e-03 1.322642642642642556e+02 1.571241251157697860e+01
3.672040343112283445e+00 1.886479483533069204e-03 1.272724550898203546e+02 1.563232860869703345e+01
3.678529717319615866e+00 1.858096912976999176e-03 1.240155279503105561e+02 1.540800569198829173e+01
3.684932562337432049e+00 1.835190244932949138e-03 1.228810289389067520e+02 1.446200022407969676e+01
3.691340469028411508e+00 1.865394116403416890e-03 1.231003236245954753e+02 1.295386265084280275e+01
3.697825917576230470e+00 1.878575472322643403e-03 1.225625000000000000e+02 1.104765023242022970e+01
3.704288468942850354e+00 1.854378416201764085e-03 1.213720136518771398e+02 9.942809590085719407e+00
3.710695071708606907e+00 1.843173339766954189e-03 1.202000000000000028e+02 8.021418695887708949e+00
3.717119980493126530e+00 1.858275420549158159e-03 1.188250000000000028e+02 7.297076224665011601e+00
3.723579054116692877e+00 1.875547371405369762e-03 1.195163636363636357e+02 5.878834988877150280e+00
3.730020297411832164e+00 1.843995263516665269e-03 1.205454545454545467e+02 4.993177163071444546e+00
3.736426917509388268e+00 1.851423495632689448e-03 1.202054263565891432e+02 5.525247838791241151e+00
3.742862848593606184e+00 1.866246695943705233e-03 1.183280632411067188e+02 5.575248382148121351e+00
3.749304155234212121e+00 1.850203366498975400e-03 1.154959016393442681e+02 5.134459204717925829e+00
3.755769545342233950e+00 1.881542671327423493e-03 1.132448132780082943e+02 5.390863959686668316e+00
3.762207580716425692e+00 1.832713059301602828e-03 1.129166666666666714e+02 5.344423775962754419e+00
3.768650259547695391e+00 1.882711660849632198e-03 1.124008810572687196e+02 5.244220945508682341e+00
3.775101190588130873e+00 1.841328330998877110e-03 1.133720930232558146e+02 5.591357388619401014e+00
3.781544745172108257e+00 1.876261972947606757e-03 1.148584905660377302e+02 5.463693722400961406e+00
3.787984350729691752e+00 1.841817734800533721e-03 1.148059701492537243e+02 6.249473134398045637e+00
3.794443778523244770e+00 1.888119406057294294e-03 1.137889447236180871e+02 7.918214046361580216e+00
3.800887998049732097e+00 1.829598834944004332e-03 1.112365591397849443e+02 8.562492589115151986e+00
3.807319286871066577e+00 1.879776389761753357e-03 1.072663043478260931e+02 8.216241005294870448e+00
3.813728772969168901e+00 1.816176537965013323e-03 1.043157894736842053e+02 7.534429029886865692e+00
3.820127884734960233e+00 1.870328496078344947e-03 1.007337278106508904e+02 7.023945299456920033e+00
3.826558902351690605e+00 1.840091099185570860e-03 1.001069182389937140e+02 6.477483646528537697e+00
3.832976717434447789e+00 1.862754303780558536e-03 9.805194805194804530e+01 5.251861984984660836e+00
3.839467489846226655e+00 1.881591717002498556e-03 9.733783783783783861e+01 5.133650212045496986e+00
3.845958738964208923e+00 1.872212223355807642e-03 9.722857142857142776e+01 4.585625277284817614e+00
3.852379013358490312e+00 1.829949564810406546e-03 9.586153846153845848e+01 5.403253457778384394e+00
3.858770514458473411e+00 1.860590576749386821e-03 9.448799999999999955e+01 5.145654477323559739e+00
3.865201312403456324e+00 1.846877382617491750e-03 9.494017094017094394e+01 5.472168406841313448e+00
3.871669834970288271e+00 1.885989225799452511e-03 9.408928571428570820e+01 5.969562998910321383e+00
3.878154213609482870e+00 1.855219997046820071e-03 9.293203883495145590e+01 4.370528295230876381e+00
3.884570297975108666e+00 1.842018581107749764e-03 9.078947368421052033e+01 5.614435292752929740e+00
3.891030549524630455e+00 1.892572859664069882e-03 8.828888888888889142e+01 6.663980940497100214e+00
3.897480132485925619e+00 1.830223622249431631e-03 8.472499999999999432e+01 5.441363569915173670e+00
3.903837790606199842e+00 1.833538786489578550e-03 8.363013698630136616e+01 4.795322829157763422e+00
3.910297958451704581e+00 1.898394991490752427e-03 8.095588235294117396e+01 4.677580334474987112e+00
3.916760076293909876e+00 1.823271174774054393e-03 7.974137931034482563e+01 4.380328418181631989e+00
3.923205856217289345e+00 1.907998375040481686e-03 8.088679245283019270e+01 4.485211648462742673e+00
3.929647757040283906e+00 1.804292177573046203e-03 8.260465116279070230e+01 5.159961512679235973e+00
3.936002968608691699e+00 1.864030959871269735e-03 8.243243243243243512e+01 4.936114878622643865e+00
3.942404476100300759e+00 1.828532384993888883e-03 8.158620689655172953e+01 3.396858029248206901e+00
3.948822507765122225e+00 1.871711324841116540e-03 8.750000000000000000e+01 4.050813610756597960e+00
3.955157590966607906e+00 1.825831164639231917e-03 9.235714285714286120e+01 4.547930679923315900e+00
3.961507824082775464e+00 1.968979546566614058e-03 9.985714285714286120e+01 6.218799674193975946e+00
