# q qerr I(q) I(q)err
8.294532032279089417e-03 3.215448162638725495e-03 8.333333333333332871e-02 5.319946484068092474e+01
1.547771440847061503e-02 1.298069176105710962e-03 5.000000000000000000e-01 5.400617248673216242e-01
2.114153426598287117e-02 1.953452460535632252e-03 4.000000000000000222e-01 5.099019513592785158e-01
2.708829541553820289e-02 1.932501425123600049e-03 3.333333333333333148e-01 4.859126579037750249e-01
3.424760286937652415e-02 2.393094809829984012e-03 4.772727272727272929e-01 5.102260072873556762e-01
4.134659872356089005e-02 1.444308516548141333e-03 5.000000000000000000e-01 5.137011669140814085e-01
4.709622292726145520e-02 1.633576272088444088e-03 4.500000000000000111e-01 5.086747487343951102e-01
5.289360403025952090e-02 1.994215660312892175e-03 5.000000000000000000e-01 5.103103630798287993e-01
5.941266175682404643e-02 2.038777625163953021e-03 5.200000000000000178e-01 5.830951894845300965e-01
6.623959740571712385e-02 2.014614798769268252e-03 4.259259259259259300e-01 5.379940387531093604e-01
7.251770781946841049e-02 1.767162065969994948e-03 4.375000000000000000e-01 5.051814855409225702e-01
7.836204892921720677e-02 1.794558473909566021e-03 7.600000000000000089e-01 9.368030742904295272e-01
8.476368586159346852e-02 2.173163639586968114e-03 1.968750000000000000e+00 4.798935835812977224e+00
9.171767809022127182e-02 2.151270969520740432e-03 7.838235294117646745e+00 2.117471397943137390e+01
9.840741527280037759e-02 1.879523288412654567e-03 2.048333333333333428e+01 5.000157775288473516e+01
1.046713563714864598e-01 1.717715818177843919e-03 4.702000000000000313e+01 9.051033090205781662e+01
1.108696467093386595e-01 1.978629817275711061e-03 7.488679245283019270e+01 1.256380100780081932e+02
1.174911181025048434e-01 2.151142134119994175e-03 1.019344262295081904e+02 1.564989746015298806e+02
1.240901985761322518e-01 1.682567093931450772e-03 1.424600000000000080e+02 1.913654556078499809e+02
1.302695169190241364e-01 1.981638030988197227e-03 1.554576271186440692e+02 2.056575276346459873e+02
1.366843399328758479e-01 1.885635125754002352e-03 1.922678571428571388e+02 2.353279341836469030e+02
1.431380625310322841e-01 2.037281709542672608e-03 2.136451612903225907e+02 2.467732352922571408e+02
1.497407916800755912e-01 2.013243134106564892e-03 2.402380952380952408e+02 2.704505842451047783e+02
1.560440161600273323e-01 1.800320108738214832e-03 2.621578947368420813e+02 2.873802950441905750e+02
1.626324968867556287e-01 2.166758397174068339e-03 2.887162162162161962e+02 2.966668838211847969e+02
1.693678508908615654e-01 1.711853084056604935e-03 3.024333333333333371e+02 3.139312336236145597e+02
1.755753172360756398e-01 1.940749690505284321e-03 3.304057971014492523e+02 3.161110390921468252e+02
1.819629297477835528e-01 1.792019476258344991e-03 3.421384615384615131e+02 3.301514778752251118e+02
1.883474920212158954e-01 1.982820530303366913e-03 3.501666666666666856e+02 3.414795456430626928e+02
1.949500334927739553e-01 1.985593967279970003e-03 3.799333333333333371e+02 3.441200294470908148e+02
2.014306324154557237e-01 1.750557958225071797e-03 3.886956521739130608e+02 3.555830342773830353e+02
2.076332073357673447e-01 1.865361520913360683e-03 4.165135135135134874e+02 3.574098071825537772e+02
2.140129245322099916e-01 1.882829286684015863e-03 4.135199999999999818e+02 3.679985550696270593e+02
2.204163405633874917e-01 1.951475208267544961e-03 4.394615384615384528e+02 3.643044100142332127e+02
2.268599176829277919e-01 1.954094669929957399e-03 4.361750000000000114e+02 3.716332823665016463e+02
2.335135695299082048e-01 1.986313139076756155e-03 4.453411764705882092e+02 3.783706935402156546e+02
2.400224779461884173e-01 1.823737618079871109e-03 4.696374999999999886e+02 3.788699665617479582e+02
2.464005577519743639e-01 1.894426896505377799e-03 4.813999999999999773e+02 3.790700975064235081e+02
2.528350385827773383e-01 1.829527638271931031e-03 4.913333333333333144e+02 3.835274870636175137e+02
2.590859102888302123e-01 1.817056121189442432e-03 4.932142857142857224e+02 3.861648327608619979e+02
2.654612130450557106e-01 1.918447197659697845e-03 4.968426966292134921e+02 3.872926286798768274e+02
2.718942366720529247e-01 1.942478483450333455e-03 5.199780219780219568e+02 3.755797852648963158e+02
2.784185743669774227e-01 1.921358219378808702e-03 5.200752688172043463e+02 3.707354583664527468e+02
2.849156375412667530e-01 1.882334819595186037e-03 5.602765957446808898e+02 3.428092498116859019e+02
2.911870294677750826e-01 1.766712284927822799e-03 5.722921348314606576e+02 3.180549506728660276e+02
2.976511517037133681e-01 2.019527329980297554e-03 6.167961165048543535e+02 2.805459226303175910e+02
3.043178155919494809e-01 1.919359421117726450e-03 6.418799999999999955e+02 2.469182544892135240e+02
3.108074081907638564e-01 1.815555258398614735e-03 6.695102040816326507e+02 2.245733823978982855e+02
3.170970610330232087e-01 1.826000353424227750e-03 6.820808080808080831e+02 2.122584529576004400e+02
3.235319739834495723e-01 1.908097576542081529e-03 6.860380952380952522e+02 2.052200650571011522e+02
3.300700059726238145e-01 1.867687188749142220e-03 7.048396226415094361e+02 1.912729728022218012e+02
3.365262003550894554e-01 1.808122422876843900e-03 7.010476190476190368e+02 1.896100712998178039e+02
3.429039324965278412e-01 1.810371451943152679e-03 7.154811320754716917e+02 1.778644794524971928e+02
3.492243179790229801e-01 1.835371710213073819e-03 7.217870370370370665e+02 1.707286098767651481e+02
3.555659880086458058e-01 1.813249007222180170e-03 7.276759259259259807e+02 1.650906410220955820e+02
3.620245372922214488e-01 1.918012235727336494e-03 7.380683760683760966e+02 1.566136713795135904e+02
3.685406119477664388e-01 1.798147481859587110e-03 7.357027027027027088e+02 1.533272097844584039e+02
3.750909242308860247e-01 1.967614233492519498e-03 7.460645161290323131e+02 1.435938927509795064e+02
3.816999037813160189e-01 1.752662604176019427e-03 7.452782608695652016e+02 1.363130787024151118e+02
3.880273799716012495e-01 1.749306826939258557e-03 7.488879310344827900e+02 1.289634548286131519e+02
3.942361145945514900e-01 1.745527907058957431e-03 7.496982758620689538e+02 1.217052026886050413e+02
4.006128291384035145e-01 1.852638254231622501e-03 7.528861788617886077e+02 1.134485053015056195e+02
4.070503578694664726e-01 1.848743254130127446e-03 7.558870967741935374e+02 1.091591139062759481e+02
4.135933781829447264e-01 1.871256654943844995e-03 7.547364341085270780e+02 1.047604789376162984e+02
4.202179442533061082e-01 1.832712641984981681e-03 7.613999999999999773e+02 9.784951554457330758e+01
4.266798115557093873e-01 1.759393680741872749e-03 7.647637795275591088e+02 9.366743302330867493e+01
4.330910535146235696e-01 1.771858374752960505e-03 7.683692307692307395e+02 8.830849101756193420e+01
4.395078467689783608e-01 1.772659720438770270e-03 7.678863636363636260e+02 8.450251842303110550e+01
4.457793319829173595e-01 1.654526338047628432e-03 7.613759999999999764e+02 8.086664103324682173e+01
4.521562795609589402e-01 1.887763445894669913e-03 7.604154929577464372e+02 7.494039422084063062e+01
4.587656575942579140e-01 1.769717907920350091e-03 7.509781021897809978e+02 7.058348643789260279e+01
4.652405449529313231e-01 1.746242423612376143e-03 7.470647482014388743e+02 6.655897379699652561e+01
4.716282944699034529e-01 1.704407088516023735e-03 7.400218978102190022e+02 6.357965038514807077e+01
4.780637153179891352e-01 1.798647074538550902e-03 7.355486111111110858e+02 6.003663281774381488e+01
4.844976548260259142e-01 1.723433333189145671e-03 7.320774647887324136e+02 5.696281375043713524e+01
4.908596034113225648e-01 1.665744062354685903e-03 7.248936170212765546e+02 5.547514285039665793e+01
4.972011979785150859e-01 1.734256865849588200e-03 7.233630136986300840e+02 5.192533649831747056e+01
5.036178995103413047e-01 1.747915368961153139e-03 7.167229729729730252e+02 4.915051104081637590e+01
5.101756467004687767e-01 1.800451491856020327e-03 7.141806451612902720e+02 4.811753905839761813e+01
5.166235656727934389e-01 1.648057805296297825e-03 7.103265306122449374e+02 4.649340916360713294e+01
5.229884928033705638e-01 1.714260039451578075e-03 7.086118421052631220e+02 4.486270800177000240e+01
5.293925748937229336e-01 1.756900675637705763e-03 7.050192307692307168e+02 4.394678903255832836e+01
5.357749724968067229e-01 1.647361260156582873e-03 7.005033112582781314e+02 4.248383032141759941e+01
5.422269581426349960e-01 1.797131621318817348e-03 6.967621951219512084e+02 4.023850296372184232e+01
5.488258977193463117e-01 1.752106618123457169e-03 6.925093167701863877e+02 3.946574466701257222e+01
5.552607346015674405e-01 1.711536068502800701e-03 6.900687500000000227e+02 4.027610275492155267e+01
5.616696921416424182e-01 1.713298320607429745e-03 6.867546012269938274e+02 4.007117430428738203e+01
5.680596363279470928e-01 1.671719726027721563e-03 6.825812499999999545e+02 3.981720144924803861e+01
5.744116486855085357e-01 1.773350792090137981e-03 6.769702380952380736e+02 3.943724833355452120e+01
5.808465417437830292e-01 1.706594120505047427e-03 6.729090909090908781e+02 4.071248378677177016e+01
5.872915480827241019e-01 1.773275249674210931e-03 6.707976878612716973e+02 4.110403526897446369e+01
5.936297343998458986e-01 1.608871723183330060e-03 6.670925925925926094e+02 4.298109717329693069e+01
6.000917821228005655e-01 1.852508397134843563e-03 6.635494505494505120e+02 4.119389987351325289e+01
6.066068710033430955e-01 1.719733697199352486e-03 6.591286549707601807e+02 4.292917451836400033e+01
6.129319261090041548e-01 1.700305612135823196e-03 6.561104651162791015e+02 4.345654148499013303e+01
6.193292159447265632e-01 1.792945791870086646e-03 6.522277777777777601e+02 4.208746771037199608e+01
6.257789288608107681e-01 1.769335618302108433e-03 6.488531073446328037e+02 4.212485034245943183e+01
6.322945183878984077e-01 1.883051681004075783e-03 6.450793650793650613e+02 4.094950361082484136e+01
6.387697914265673127e-01 1.734308686986089703e-03 6.423977272727272521e+02 4.244545676634080422e+01
6.450797878865883739e-01 1.812617312363664322e-03 6.385380434782608745e+02 4.193591589628741190e+01
6.514777522098027518e-01 1.807195130708317372e-03 6.343945945945946505e+02 4.294752229515591324e+01
6.579453254174412180e-01 1.840076954070700866e-03 6.309470899470899212e+02 4.378134813351976362e+01
6.642487788958216788e-01 1.761967380250493336e-03 6.257527472527472128e+02 4.479585111121529195e+01
6.707545140871414846e-01 1.952870522822350513e-03 6.213150000000000546e+02 4.359888014616888796e+01
6.772291234912055646e-01 1.844192786587162299e-03 6.183809523809524080e+02 4.573150028610189111e+01
6.834443396870620857e-01 1.745041746211572261e-03 6.151521739130434980e+02 4.793887022894863037e+01
6.899300657465672337e-01 1.988575045799213618e-03 6.114927536231883778e+02 4.804583318453762786e+01
6.965346490814943170e-01 1.967867873463197050e-03 6.064422110552764025e+02 5.076943287810864547e+01
7.030970487636396538e-01 2.020648629947002003e-03 6.023300970873785900e+02 5.170162170444597649e+01
7.095716427219228573e-01 1.946516927103622520e-03 5.989747474747474598e+02 5.420405928390206896e+01
7.160970279381224657e-01 2.044543341153194464e-03 5.960285714285714675e+02 5.305737492576885472e+01
7.226116891734091219e-01 2.004959656352403585e-03 5.933560975609756269e+02 5.062441139558379888e+01
7.291288619178314390e-01 2.011427705279334160e-03 5.898619047619047251e+02 5.310039266032098482e+01
7.356079106374427967e-01 1.973711099579897668e-03 5.878509615384615472e+02 5.243541039520535207e+01
7.419803430714648762e-01 1.939746738906150680e-03 5.840292682926829002e+02 5.737611696807589823e+01
7.484516812817442188e-01 2.022257641999446187e-03 5.808636363636363740e+02 5.411027346276190997e+01
7.549512183205485671e-01 1.898119824350936232e-03 5.784807692307692832e+02 5.909121061830835941e+01
7.613853957290165342e-01 1.973382858640895885e-03 5.779681818181818471e+02 5.662599569481982087e+01
7.678481984516135617e-01 1.903941598965435333e-03 5.761860465116278647e+02 6.110908067055351012e+01
7.743372045322526320e-01 1.915374251326664194e-03 5.733243243243243796e+02 5.867278222269785459e+01
7.807807857039134047e-01 1.872160005679921477e-03 5.712339449541284466e+02 5.985679786922541012e+01
7.871827117013717734e-01 1.874571936203420349e-03 5.706561085972850833e+02 6.101192377942959411e+01
7.935705088346153291e-01 1.846468364235832015e-03 5.694753363228699072e+02 6.166687192296019049e+01
7.999497029225959288e-01 1.794315080242126848e-03 5.705296803652968265e+02 6.505631865598030572e+01
8.063895263538338742e-01 1.919941342275102670e-03 5.708644067796610670e+02 6.558131598277628882e+01
8.129038415374738591e-01 1.785391972586650427e-03 5.724222222222222172e+02 7.118231088350565017e+01
8.193543447618309994e-01 1.828478467253065801e-03 5.732978723404255561e+02 7.491380711896502476e+01
8.257450256705209934e-01 1.731942097964038994e-03 5.749553571428571104e+02 8.054203951443871290e+01
8.321389716972604766e-01 1.845140229989535984e-03 5.773333333333333712e+02 8.440933663470590886e+01
8.386208936931099922e-01 1.751195931903918061e-03 5.846752136752136266e+02 9.458799528673398527e+01
8.449970631363269424e-01 1.723661030767332288e-03 5.898146551724138362e+02 1.039934688936410936e+02
8.513046230100612677e-01 1.773741526074865430e-03 5.956722689075630797e+02 1.134730210641599939e+02
8.578256185292513214e-01 1.822821089358022794e-03 6.037368421052631220e+02 1.244564153353831273e+02
8.643009097266359797e-01 1.747841479780405487e-03 6.090995850622406351e+02 1.360103533638982753e+02
8.706520843132705689e-01 1.718512007701664341e-03 6.146470588235293917e+02 1.491123737320280327e+02
8.770655084888429043e-01 1.823306464836067656e-03 6.220988142292490011e+02 1.601636592393626870e+02
8.835379301005906738e-01 1.720994191554163586e-03 6.263909465020576590e+02 1.729786762355906546e+02
8.899818591232092624e-01 1.816014583941305376e-03 6.320823529411765094e+02 1.835093773630150338e+02
8.963154830142930907e-01 1.686559403020368615e-03 6.366833333333332803e+02 1.961653704644232903e+02
9.027402481510985455e-01 1.849914512401526186e-03 6.365992366412214096e+02 1.987853527930398059e+02
9.092741475074460622e-01 1.818523953956779297e-03 6.426901960784314269e+02 2.115276945265345603e+02
9.156513574886713247e-01 1.799905876070713017e-03 6.474365079365079509e+02 2.196197780421458674e+02
9.219738414041327434e-01 1.816254378221876130e-03 6.530898437500000000e+02 2.260382643858175129e+02
9.284093843578240524e-01 1.864548344913183461e-03 6.601846153846154266e+02 2.347160422156372306e+02
9.348720171621091035e-01 1.939851900461452830e-03 6.650823970037453137e+02 2.438100758170149902e+02
9.413551784733346084e-01 1.927152036582965508e-03 6.944198473282442592e+02 2.769517845754862151e+02
9.478756351150825488e-01 2.022964964773094239e-03 7.478550724637681242e+02 2.924640573604234532e+02
9.544794314844599059e-01 1.995588314593873917e-03 9.060811808118081672e+02 3.721542269234423657e+02
9.609640598131067302e-01 1.976081289299603128e-03 1.305033088235294144e+03 7.448563366597019240e+02
9.673540511875814429e-01 1.900963898517757681e-03 1.983867424242424249e+03 1.559294401697099602e+03
9.738764300010358532e-01 2.020370959177093719e-03 2.333048611111111313e+03 2.094180332532722332e+03
9.803887395962943563e-01 1.868024915732807104e-03 2.246895131086142101e+03 1.885229611740776136e+03
9.867609507399704993e-01 1.907798179635916648e-03 2.119415770609318770e+03 1.659050628019262604e+03
9.931792738827067701e-01 1.861169570246367679e-03 2.235625454545454431e+03 1.940244779353436797e+03
9.997024529712079666e-01 1.929714342920701943e-03 2.240023972602739832e+03 2.035376758950852263e+03
1.006152710574202525e+00 1.760100644785859590e-03 2.244746323529411711e+03 1.962644382327150652e+03
1.012546487448541255e+00 1.858180627704414780e-03 2.044415224913494740e+03 1.668462264270586957e+03
1.018988798098918291e+00 1.803978976354649174e-03 1.923982394366197241e+03 1.487746550634154573e+03
1.025394048634321598e+00 1.775790568352827222e-03 1.827238596491228009e+03 1.376522502558256519e+03
1.031778999059903112e+00 1.783042104657854955e-03 1.656141868512110705e+03 1.230005003682482538e+03
1.038243195035333466e+00 1.800042721148124251e-03 1.493174061433447150e+03 1.116040180104311503e+03
1.044593270705168830e+00 1.728638088187854378e-03 1.236227272727272748e+03 9.172402177041377627e+02
1.051019473275584426e+00 1.807666001326826760e-03 9.837056856187291487e+02 6.831324168979168689e+02
1.057452118334604840e+00 1.764796907398143069e-03 7.705694915254237003e+02 4.577259963989085350e+02
1.063812741872586898e+00 1.735604614353873946e-03 6.548424657534246762e+02 3.156924743196937015e+02
1.070275566257694377e+00 1.860876787998901613e-03 5.813709677419354875e+02 2.199977104695924197e+02
1.076675486865225739e+00 1.737707282280460301e-03 5.458591065292096118e+02 1.772127954010751125e+02
1.083000003099001241e+00 1.811785629637566912e-03 5.177763157894736423e+02 1.437043127144363552e+02
1.089457558406981885e+00 1.875700427842611059e-03 4.988993506493506516e+02 1.241935646117646144e+02
1.095857128634095679e+00 1.865882195591197666e-03 4.820131578947368212e+02 1.087715792341902556e+02
1.102286980210992473e+00 1.937596539280167377e-03 4.720798722044728493e+02 1.036717769023611737e+02
1.108924588094037933e+00 2.035521144429528872e-03 4.573323170731707137e+02 8.829896744410670806e+01
1.115518250266801070e+00 1.963453062553008333e-03 4.467120253164557084e+02 8.059006099651027455e+01
1.121980766162010701e+00 1.920251373127695831e-03 4.361273885350318551e+02 6.960903173350581596e+01
1.128426312748922689e+00 1.950613960551148517e-03 4.264565217391304373e+02 6.066285887315947889e+01
1.134959239864979930e+00 1.915365560061970144e-03 4.178184615384615199e+02 5.374464145574980733e+01
1.141388067807542761e+00 1.819889318180962796e-03 4.108920634920634711e+02 4.890844125610928472e+01
1.147829738822878420e+00 1.877407927217479219e-03 4.042097264437690001e+02 4.431246946580069590e+01
1.154234759887723172e+00 1.796226287448233561e-03 3.980219435736677269e+02 4.233531131494618194e+01
1.160592008141087206e+00 1.784421184300352767e-03 3.929504643962848149e+02 4.029742971678678742e+01
1.167026991042843242e+00 1.836276795008287468e-03 3.877432835820895320e+02 3.829522653202653260e+01
1.173494023876834547e+00 1.758155136545365687e-03 3.828837920489296494e+02 3.640481148636148845e+01
1.179808164649816637e+00 1.732605827553653768e-03 3.707692307692307736e+02 3.937427748937941629e+01
1.186220583891021807e+00 1.881017850291822648e-03 3.701254019292604767e+02 3.836884096921016152e+01
1.192681073817049464e+00 1.793318889751105601e-03 3.672379310344827559e+02 3.881396037020057577e+01
1.199065629744253458e+00 1.797529783280079436e-03 3.650211267605633907e+02 3.913379426278652318e+01
1.205502001077074059e+00 1.899328588103967692e-03 3.641575342465753238e+02 3.900478153683177140e+01
1.211991242640565014e+00 1.826306843735066819e-03 3.629057971014492523e+02 3.910865839313142800e+01
1.218362901235649165e+00 1.888953249129523074e-03 3.614136690647482055e+02 3.899717946481332831e+01
1.224837827500277143e+00 1.938626244914326818e-03 3.570467625899280506e+02 4.188385099625741503e+01
1.231306496939841066e+00 1.935692192720165272e-03 3.553442028985507477e+02 4.407592448608046709e+01
1.237900180047003751e+00 1.954996484647400414e-03 3.547455197132616718e+02 4.196259118370473118e+01
1.244387829439413284e+00 1.881879514088832415e-03 3.552238805970148974e+02 4.064552769750770267e+01
1.250735832344970877e+00 1.818331757808236372e-03 3.554767441860465169e+02 4.036067225842917594e+01
1.257083335292831006e+00 1.905720956169173206e-03 3.545166051660516473e+02 3.949899302195915141e+01
1.263603115287416090e+00 1.841854869392088893e-03 3.522083333333333144e+02 3.945988325329455648e+01
1.270020777910819465e+00 1.832011672431217405e-03 3.509467680608365185e+02 3.948519487286287699e+01
1.276488051741652807e+00 1.832185980768075541e-03 3.495855513307984666e+02 4.012705158141379513e+01
1.282839323063532211e+00 1.758750693263018286e-03 3.485511811023621931e+02 4.007499789158961789e+01
1.289363492023574365e+00 1.805471412487298991e-03 3.395892255892255776e+02 4.360209871804062942e+01
1.295761563244195891e+00 1.749310907134910172e-03 3.434765100671140772e+02 4.155920060146337391e+01
1.302096506369333051e+00 1.727886103868702576e-03 3.447043189368770868e+02 4.040745090597360445e+01
1.308490604613926855e+00 1.841981469325142248e-03 3.441339563862928230e+02 3.970966963353239976e+01
1.314923371882378955e+00 1.783204890748409099e-03 3.432797427652732836e+02 3.872210922920078247e+01
1.321263162947042602e+00 1.883891353746835161e-03 3.422777777777777715e+02 3.785512008431725661e+01
1.327809252188654421e+00 1.990407611744629372e-03 3.395118343195265993e+02 3.937409581931856906e+01
1.334395055816720577e+00 2.005908808147741692e-03 3.400410557184750928e+02 3.882759344253248202e+01
1.340924575314278222e+00 1.937181998292608577e-03 3.412626865671641667e+02 3.673024481791606632e+01
1.347326738882997477e+00 1.911240937813023883e-03 3.425059171597633281e+02 3.660200927661384185e+01
1.353867248119903444e+00 1.925349651844857632e-03 3.447337110481586251e+02 3.637029040604102192e+01
1.360292180733798650e+00 1.777880213384871099e-03 3.558443113772455035e+02 3.584914118443646203e+01
1.366716033276369036e+00 1.860440026654835337e-03 3.838011204481792902e+02 3.773943841616008399e+01
1.373134056949086190e+00 1.747663592607761902e-03 4.177222222222222285e+02 4.513094442009287377e+01
1.379508641949547476e+00 1.787974598008121871e-03 4.302788732394366207e+02 5.219172862055354756e+01
1.385849874457594222e+00 1.730044418412237826e-03 4.178126801152737926e+02 5.287576208258781918e+01
1.392210228535155858e+00 1.777760908321846531e-03 4.087333333333333485e+02 5.298220700630786695e+01
1.398630460992727143e+00 1.793834584281517276e-03 4.038083333333333371e+02 5.038974717509872647e+01
1.405027543482165298e+00 1.820682476180417696e-03 4.029063360881542621e+02 4.749324213963624430e+01
1.411380623846245186e+00 1.844474811107960554e-03 3.970749999999999886e+02 4.657616372972100294e+01
1.418011585217980208e+00 2.061904995500850411e-03 3.916658354114713347e+02 5.385616032024815070e+01
1.424633236002852632e+00 1.911062399977238009e-03 3.914617486338797789e+02 4.963600915664610369e+01
1.431027237377290762e+00 1.930893372260762729e-03 3.925672823218997110e+02 4.439483442291788151e+01
1.437551415863808524e+00 1.925262037142165712e-03 3.892727272727272521e+02 4.298582177499672241e+01
1.443999660086549230e+00 1.834928749309971486e-03 3.863580901856764171e+02 4.236418511132020370e+01
1.450408168300875378e+00 1.822080046480867126e-03 3.826151832460732862e+02 4.124778423750437639e+01
1.456762351763572827e+00 1.768742008520618686e-03 3.783131578947368325e+02 3.981992516872945487e+01
1.463211358413713192e+00 1.810126088705470279e-03 3.727142857142857224e+02 3.787858941992360684e+01
1.469593255354290973e+00 1.758193336020684059e-03 3.647838541666666856e+02 3.691875383549158585e+01
1.475950724204827313e+00 1.769305199294179780e-03 3.530387596899224718e+02 3.539709974266388315e+01
1.482355977374464340e+00 1.855140322631434503e-03 3.416274999999999977e+02 3.462885808830547774e+01
1.488803525874331735e+00 1.854999873494519958e-03 3.321119592875318176e+02 3.422144565732045152e+01
1.495319592526707764e+00 2.003828109077177445e-03 3.241148325358851707e+02 3.994962745934812176e+01
1.501939691759246465e+00 1.957822028991581826e-03 3.223698296836982990e+02 3.606462689647435838e+01
1.508463382234335848e+00 1.918938912685786129e-03 3.221149144254278553e+02 3.415875900073786653e+01
1.514901188746566207e+00 1.852902137227367511e-03 3.199458128078817936e+02 3.403521624818247915e+01
1.521228969867623793e+00 1.785136608190808364e-03 3.192115869017632122e+02 3.395208649031348358e+01
1.527563647216529041e+00 1.824993124647320475e-03 3.187427884615384528e+02 3.397475806339135573e+01
1.534022576503679458e+00 1.781774817406586286e-03 3.184635922330097060e+02 3.413980812376507146e+01
1.540418711468126034e+00 1.792491139398408621e-03 3.185311004784688862e+02 3.389734809158035489e+01
1.546838712332167631e+00 1.778278829154705072e-03 3.180746987951807228e+02 3.437976285641014584e+01
1.553238623106807825e+00 1.840983848395847744e-03 3.185471698113207708e+02 3.475438087539526322e+01
1.559673935783696619e+00 1.867161364404805587e-03 3.187054631828978586e+02 3.454791787085110855e+01
1.566161367499480317e+00 1.987417225671155377e-03 3.159229024943310833e+02 4.285088053684540910e+01
1.572795191923813007e+00 1.975399758409353626e-03 3.205101123595505896e+02 3.559869062756623492e+01
1.579229625961506400e+00 1.828964939238766603e-03 3.208894230769230944e+02 3.541104112924736569e+01
1.585615098485775532e+00 1.901195136705323549e-03 3.225224215246636845e+02 3.473008666480718887e+01
1.592069020803266399e+00 1.783565421147388207e-03 3.242582159624413407e+02 3.510105647126994199e+01
1.598398624204083740e+00 1.798472010651884717e-03 3.315593607305935961e+02 3.738567095362023451e+01
1.604843375939136507e+00 1.797152056805669104e-03 3.542217194570135916e+02 4.516877583503790561e+01
1.611212339410225569e+00 1.768878106258207515e-03 4.043692660550458982e+02 7.034241150610036186e+01
1.617590363377642504e+00 1.818287623560442892e-03 4.432247191011235827e+02 8.575115228772079945e+01
1.623974015669422899e+00 1.854816384487833732e-03 4.417607223476297804e+02 7.791597600418297986e+01
1.630543485616582799e+00 2.014479720267581264e-03 4.141589958158995728e+02 7.510954448140809347e+01
1.637155364196844820e+00 1.921442116166700376e-03 4.170969162995594957e+02 6.904357355886061498e+01
1.643640215828007012e+00 1.916406123937146409e-03 4.137811158798283486e+02 6.693785880891272200e+01
1.650095370295723063e+00 1.808845151496338592e-03 4.074521158129176115e+02 6.217223494998868460e+01
1.656466136267144007e+00 1.835556712886826517e-03 4.031204301075268859e+02 5.738161963301237734e+01
1.662921359457136594e+00 1.784847929403802829e-03 4.038235294117646959e+02 5.705592046160170128e+01
1.669278115879615276e+00 1.787810489320909016e-03 4.169870129870129745e+02 5.903526184315111180e+01
1.675603147458916142e+00 1.759339208401217896e-03 4.591434878587196522e+02 7.939549223441964898e+01
1.681944817773278311e+00 1.879012939346250957e-03 5.375232067510548859e+02 1.241319374980933929e+02
1.688494896982127180e+00 1.961244959671172398e-03 5.869382716049382225e+02 1.675411201072429321e+02
1.695047655103924189e+00 1.958531043791479891e-03 5.730864197530863748e+02 1.315874387102246033e+02
1.701563412030947964e+00 1.893890162085724253e-03 5.381711899791231417e+02 1.079790257760277541e+02
1.707975620325744792e+00 1.846204685496802061e-03 5.149853862212943341e+02 9.440208371308980873e+01
1.714377380249353600e+00 1.797036493929945892e-03 4.929581589958158929e+02 8.354449271026365409e+01
1.720768292737840266e+00 1.799184406037973973e-03 4.759731958762886848e+02 7.636889074548220435e+01
1.727152534628709324e+00 1.771490888047008889e-03 4.619791231732776851e+02 7.485018816809605369e+01
1.733526494930327289e+00 1.835615179227028260e-03 4.468879837067210019e+02 7.211167125039187908e+01
1.739975521513371870e+00 1.888347845677861795e-03 4.290426829268292863e+02 7.412685712917081560e+01
1.746497876640803248e+00 1.988580869552720402e-03 4.169263565891473036e+02 7.496671261179672285e+01
1.753090192095328348e+00 1.909790863647236811e-03 4.114940239043824590e+02 6.616960243981419865e+01
1.759542915568929722e+00 1.863330342728648260e-03 4.049521912350597859e+02 6.473312982679782124e+01
1.765978610475646082e+00 1.805054295706254351e-03 3.985319999999999823e+02 6.244618515169680251e+01
1.772332663329672986e+00 1.770928694831684115e-03 3.936875000000000000e+02 6.087851880934157123e+01
1.778664509689639184e+00 1.781133477909586536e-03 3.894990019960079621e+02 5.860249987009035522e+01
1.785069366740120511e+00 1.834600355293997381e-03 3.838378906250000000e+02 5.726711300611952993e+01
1.791506168727699633e+00 1.878728357369653049e-03 3.740254901960784082e+02 6.058872434601786949e+01
1.798039063906349488e+00 1.995486375923071192e-03 3.605666666666666629e+02 5.828733371500997151e+01
1.804647924016717919e+00 1.913848319004299433e-03 3.412413793103448256e+02 4.494741132309962950e+01
1.811089958053599736e+00 1.862622323854617795e-03 3.181360153256704848e+02 3.815333750402173507e+01
1.817521720439822408e+00 1.798364348704032875e-03 2.997818532818532731e+02 3.477384549693981342e+01
1.823812670535420288e+00 1.750448090683544159e-03 2.913000000000000114e+02 3.314372741057749749e+01
1.830221642949216854e+00 1.837728497302317443e-03 2.863817504655493735e+02 3.189511217187189018e+01
1.836582905300079060e+00 1.780128382536366044e-03 2.838960784313725298e+02 3.162467974681817040e+01
1.843061797820461534e+00 1.986079127245108083e-03 2.801243339253996396e+02 3.805762250164948313e+01
1.849632829275571488e+00 1.888944039210000737e-03 2.806823308270676876e+02 3.301030814853568529e+01
1.856090187264436642e+00 1.913060858845453587e-03 2.804527272727272589e+02 3.172102037898998006e+01
1.862531947297203283e+00 1.788974026913770074e-03 2.792584905660377217e+02 3.237063790917945028e+01
1.868931787959941415e+00 1.835149539700427039e-03 2.797613843351548439e+02 3.190638351750623158e+01
1.875342409945594868e+00 1.782793697721218873e-03 2.796573556797020501e+02 3.291959084578514450e+01
1.881685992375486283e+00 1.813583446463527945e-03 2.793708487084870740e+02 3.306266638106568223e+01
1.888176611507502489e+00 1.945205006648250507e-03 2.782169312169312434e+02 4.016119492009811154e+01
1.894684395670122701e+00 1.921537496908314263e-03 2.791627906976744384e+02 3.697955120363414494e+01
1.901176782548104516e+00 1.886986723452953362e-03 2.804217081850533759e+02 3.593087166924306786e+01
1.907561981128558237e+00 1.795440373499332084e-03 2.817737226277372429e+02 3.731151451714197265e+01
1.913985041606118376e+00 1.828239138046576940e-03 2.865947368421052488e+02 3.870373251294996209e+01
1.920403381422240097e+00 1.786024996940504313e-03 3.016521739130434980e+02 4.104267992345658911e+01
1.926716413297410169e+00 1.834639747803229817e-03 3.431459074733095918e+02 6.098621834711771328e+01
1.933271554332125497e+00 1.965820526812752777e-03 4.374696969696969973e+02 1.255607719322383389e+02
1.939792573083097382e+00 1.907526115978609412e-03 5.865584642233857267e+02 2.499029893800179991e+02
1.946288570836251841e+00 1.883695634446648113e-03 8.700698466780238505e+02 5.379013484439386730e+02
1.952655684029843908e+00 1.737190040939992066e-03 1.212435804701627376e+03 8.582368890334295202e+02
1.958969978021109171e+00 1.827434973414125523e-03 1.302831058020477712e+03 8.756526957220306713e+02
1.965496063115082181e+00 1.854230162972571750e-03 1.152182432432432506e+03 6.895465589004380718e+02
1.971963975922738088e+00 1.884120710564727479e-03 1.060071917808219268e+03 7.109553010959659787e+02
1.978442510441045021e+00 1.957066319931451050e-03 1.067019769357495989e+03 8.868577433686191398e+02
1.984931097981023740e+00 1.843590323278294961e-03 9.492888888888888914e+02 7.074675522947026138e+02
1.991287308585444338e+00 1.815152065882439042e-03 8.275093696763202615e+02 4.935187121718648200e+02
1.997701973476069481e+00 1.833321787203764366e-03 7.810797342192690849e+02 4.140565252079261427e+02
2.004164133665459424e+00 1.816322146449814287e-03 7.708464106844741082e+02 3.907192261925652588e+02
2.010465304371688244e+00 1.793999045974344238e-03 7.758942807625650175e+02 3.873665218657960736e+02
2.016906033528098163e+00 1.989616449670199121e-03 7.944679186228481740e+02 4.168329087334740848e+02
2.023555996358446407e+00 1.897180052363281293e-03 7.737135922330097628e+02 3.831389390721877248e+02
2.029968694217374470e+00 1.807083598350285245e-03 7.528010033444816145e+02 3.589556948103644913e+02
2.036339422929389187e+00 1.823287213829230622e-03 7.350291734197730875e+02 3.379916480321194854e+02
2.042808231593590484e+00 1.819045180469573350e-03 7.199918831168831730e+02 3.228784172463945197e+02
2.049121403930300289e+00 1.816823929832920258e-03 7.129096989966554929e+02 3.167396091256003956e+02
2.055546024436551544e+00 1.958593688934813937e-03 6.989166666666666288e+02 3.116722776695027051e+02
2.062179187475123410e+00 1.909374836257744399e-03 6.616015625000000000e+02 2.702983623470553312e+02
2.068587893715514436e+00 1.782255124468116103e-03 6.184680851063830005e+02 2.460783097442499638e+02
2.074943470461427353e+00 1.803325004765888358e-03 5.677638668779715090e+02 2.221360627999126507e+02
2.081348551495329602e+00 1.811685209211536278e-03 5.126223999999999705e+02 1.942986546893210118e+02
2.087807581420585645e+00 1.934124239786214495e-03 4.409494640122511555e+02 1.598467503147353455e+02
2.094354049547901386e+00 1.919763106963207067e-03 3.688911042944785095e+02 1.056821992509194814e+02
2.100814970511138302e+00 1.841726384006937703e-03 3.208364779874214037e+02 6.677628366452489672e+01
2.107147425483176129e+00 1.793021693532189254e-03 3.016498422712933802e+02 4.982711300665606302e+01
2.113573117004156288e+00 1.831442330790634650e-03 3.035587786259541758e+02 4.277216484108760142e+01
2.119956773712852627e+00 1.806996690666118864e-03 3.176439873417721742e+02 4.148723574366815825e+01
2.126392549358501416e+00 1.961143276791299343e-03 3.243411764705882092e+02 4.903280996727800556e+01
2.133022499541108896e+00 1.914261261225060897e-03 3.266494082840236501e+02 3.834001106518743285e+01
2.139480964562213483e+00 1.786119367506160778e-03 3.240217054263565615e+02 3.885332621378930895e+01
2.145796782645738254e+00 1.799418587043424183e-03 3.260229357798165211e+02 4.025470661977886522e+01
2.152165366120878165e+00 1.825425695775702338e-03 3.323075757575757621e+02 4.143298476834115007e+01
2.158655754564665852e+00 1.929951649106770133e-03 3.523415697674418539e+02 4.766731658849386122e+01
2.165204964825616862e+00 1.913631523374921799e-03 4.109766081871345023e+02 5.938193606565247507e+01
2.171687233764930003e+00 1.836559742283269984e-03 5.014281481481481251e+02 8.507370828860879897e+01
2.178057454997971210e+00 1.770075738143539208e-03 6.448338368580060660e+02 1.352508386641366656e+02
2.184381886656512783e+00 1.819268068842387707e-03 7.971381872213967199e+02 2.080448191753385174e+02
2.190889596552291430e+00 1.941484629964972597e-03 8.326375176304654815e+02 2.400402013801646035e+02
2.197415493733709368e+00 1.880394352234131695e-03 7.667242380261247945e+02 1.954108408062119508e+02
2.203858495652105454e+00 1.844129167940211774e-03 7.073285094066569627e+02 1.821070189835072313e+02
2.210218428929338064e+00 1.776952575370011446e-03 6.835044378698224818e+02 1.939605908056756789e+02
2.216548686487991304e+00 1.820372229284925253e-03 6.499230769230769056e+02 1.714910655200399390e+02
2.223054582631938558e+00 1.937499342758612587e-03 6.070511049723756969e+02 1.456540599972256587e+02
2.229555406010463425e+00 1.871681269043944497e-03 6.007682403433476566e+02 1.189834459289015172e+02
2.236023148886606471e+00 1.876509468722661325e-03 5.960319888734353526e+02 1.171301731556975767e+02
2.242466908337517939e+00 1.781536512235300631e-03 5.943280575539567963e+02 1.174547672368790217e+02
2.248784053696174290e+00 1.815619011182786555e-03 5.903672883787661476e+02 1.185885085044157279e+02
2.255261034229438355e+00 1.958337742873136802e-03 5.762348993288591146e+02 1.273132696443669971e+02
2.261752977112598817e+00 1.833135357339661826e-03 5.691881188118811679e+02 1.143183176427999257e+02
2.268193030407839927e+00 1.856919733580766289e-03 5.579126875852659850e+02 1.131739556417358870e+02
2.274620661936892052e+00 1.792548502283534354e-03 5.443709449929477842e+02 1.090465526837180050e+02
2.281045196159239286e+00 1.907452264699439036e-03 5.255770270270270430e+02 1.109335215250769551e+02
2.287566856146262317e+00 1.925687837049752790e-03 5.138649732620320947e+02 1.028607466020983026e+02
2.294017676381079784e+00 1.818149611703329506e-03 5.054404432132964189e+02 9.845511217241492830e+01
2.300373896127871021e+00 1.814054264739159471e-03 4.919507523939808493e+02 9.369950936103528250e+01
2.306733295622487301e+00 1.809288305020508025e-03 4.736250000000000000e+02 9.064529234728780693e+01
2.313210233147671158e+00 1.927057466226796351e-03 4.461158854166666856e+02 9.671196497527772351e+01
2.319750633036068876e+00 1.886628064392380537e-03 4.230039735099337577e+02 8.881410000858576836e+01
2.326167810919689938e+00 1.805281422939875990e-03 3.862097428958051637e+02 8.601424418331923505e+01
2.332524891627314911e+00 1.808157875111407291e-03 3.400161290322580498e+02 7.279864170883550401e+01
2.339018828040365428e+00 1.927078730268403945e-03 2.923820512820512931e+02 6.187981041408926330e+01
2.345529090540556361e+00 1.892646505679497623e-03 2.627434554973821719e+02 4.590472806314210175e+01
2.351902562585342693e+00 1.808634088653226840e-03 2.458903743315507882e+02 3.850753279091951242e+01
2.358283426411155403e+00 1.828495513811564770e-03 2.364458930899608902e+02 3.471909908873886508e+01
2.364665150299146479e+00 1.824483169818866225e-03 2.313364238410595988e+02 3.340666318847723204e+01
2.371140522023317931e+00 1.956229962378429419e-03 2.297282878411910758e+02 3.743946683089868088e+01
2.377698484074287411e+00 1.857249505322706908e-03 2.386923076923076792e+02 3.253555936624052691e+01
2.384135550776628865e+00 1.806484998011118103e-03 2.524245161290322699e+02 3.923539808452562028e+01
2.390495270780528703e+00 1.815820546892564329e-03 2.756155988857938723e+02 4.624359506793253161e+01
2.396907059408651008e+00 1.904650256318906557e-03 2.863734610123119069e+02 5.758181497076868283e+01
2.403395490390968892e+00 1.861409897307351969e-03 2.819816901408450462e+02 4.908375629389288974e+01
2.409868588547004364e+00 1.847911660654164229e-03 2.646789772727272521e+02 4.311945168262674599e+01
2.416315494183244539e+00 1.848423108511250412e-03 2.545347826086956502e+02 4.104218755646790839e+01
2.422721222723576151e+00 1.879130934971403807e-03 2.439709302325581461e+02 4.604581561827161806e+01
2.429135064156228374e+00 1.862177758942303550e-03 2.411055718475073206e+02 3.726420499878976500e+01
2.435558328952115659e+00 1.829358714226044739e-03 2.362973372781065109e+02 3.426876742638458495e+01
2.441961929587736613e+00 1.826990787003958654e-03 2.344341317365269504e+02 3.376070546397639305e+01
2.448435267415004279e+00 1.916283866918213176e-03 2.295392441860465169e+02 3.925387848655410039e+01
2.454898310690642571e+00 1.851262751470384186e-03 2.313954545454545553e+02 3.280643834210313514e+01
2.461278332832209870e+00 1.841207405127180587e-03 2.303836858006042405e+02 3.242315869524605887e+01
2.467732767309350983e+00 1.860175811866779036e-03 2.283768768768768780e+02 3.366458785796757525e+01
2.474317234005322774e+00 1.907302378477835920e-03 2.227768240343347657e+02 3.719195771538506534e+01
2.480763678027650521e+00 1.850982492662076430e-03 2.236411682892906754e+02 3.122802008848189814e+01
2.487114426650852028e+00 1.791691956921820849e-03 2.233314606741573130e+02 3.088018497475756163e+01
2.493514277050582706e+00 1.905910091373927331e-03 2.197318361955085777e+02 3.621421468917070285e+01
2.500016016455529844e+00 1.897218154373805617e-03 2.204237288135593360e+02 3.041704284213017573e+01
2.506504299072060071e+00 1.823698874814003905e-03 2.180144927536231876e+02 3.025728181549477824e+01
2.512828968428921783e+00 1.779539787674511890e-03 2.158761776581426659e+02 2.978004798130428199e+01
2.519262120792594928e+00 1.938201810876334251e-03 2.118729763387297567e+02 3.444679179849811845e+01
2.525775074220281358e+00 1.871497825325404334e-03 2.118726114649681449e+02 2.946644715556875838e+01
2.532197693037325781e+00 1.807973308604888651e-03 2.103487179487179617e+02 2.959252108903526235e+01
2.538545427775757091e+00 1.816891897915347926e-03 2.103783783783783861e+02 3.208248569242737602e+01
2.545039371368973402e+00 1.965732421291352915e-03 2.092137767220902731e+02 3.924360144172900533e+01
2.551577586228050976e+00 1.818913119815899733e-03 2.045075757575757507e+02 3.476167891313819069e+01
2.557912035390546901e+00 1.811160408138717511e-03 1.965000000000000000e+02 3.178483426452083194e+01
2.564418003384666633e+00 1.924750488034227642e-03 1.881511216056670719e+02 3.361330918513584010e+01
2.570930014234638072e+00 1.852202887801034569e-03 1.856146341463414728e+02 2.909726831165559346e+01
2.577333690207623373e+00 1.816621428331073769e-03 1.824767726161369126e+02 2.859280209858425437e+01
2.583698900290759326e+00 1.840143410056186736e-03 1.795733496332518371e+02 2.841673102102559412e+01
2.590116643848396460e+00 1.922552353981257615e-03 1.781831971995332538e+02 2.944560519648474894e+01
2.596553429180498362e+00 1.801710981220896188e-03 1.778883495145631173e+02 2.606213674061422481e+01
2.602955615407046341e+00 1.842317350104424401e-03 1.775000000000000000e+02 2.556408326033179890e+01
2.609495359574187212e+00 1.911716238635802895e-03 1.753306727480045595e+02 2.952631425132099352e+01
2.615974071523933020e+00 1.844748521006626301e-03 1.762070588235294224e+02 2.571234001536508273e+01
2.622378270172453618e+00 1.832507040312451657e-03 1.752725146198830544e+02 2.561685247129106457e+01
2.628819659223405658e+00 1.883705983027747803e-03 1.732597701149425404e+02 2.913217109633891155e+01
2.635224897504864661e+00 1.872415782458078902e-03 1.739885057471264247e+02 2.516410218105172447e+01
2.641639659702591736e+00 1.816527212418568051e-03 1.733021914648212203e+02 2.507327503815956149e+01
2.648064596936881454e+00 1.851525790120274028e-03 1.721870011402508567e+02 2.663181794898947174e+01
2.654540339871488630e+00 1.920962172705038655e-03 1.717007700770076895e+02 2.646171883136990033e+01
2.661017435989672553e+00 1.820997431850269717e-03 1.714765714285714182e+02 2.424370896390507468e+01
2.667377750780578261e+00 1.839233884157700843e-03 1.711248581157775277e+02 2.437219416524401794e+01
2.673833255939705111e+00 1.922629864361171097e-03 1.698494041170097546e+02 2.795449631299209869e+01
2.680310332336410362e+00 1.829470795604572599e-03 1.698734602463605938e+02 2.455358594647638526e+01
2.686679530094181256e+00 1.809753184080302099e-03 1.693161434977578494e+02 2.424533988964674691e+01
2.693172569770623248e+00 1.920456143785719515e-03 1.681839323467230543e+02 2.774068572525591847e+01
2.699710169678059213e+00 1.845827250732203417e-03 1.687099236641221296e+02 2.417330082686713766e+01
2.706108723802718607e+00 1.808001129835774996e-03 1.685470653377630015e+02 2.371032961944585438e+01
2.712552861480932442e+00 1.909490143508341294e-03 1.668398314014752373e+02 2.664290838343200107e+01
2.719028861112676942e+00 1.848278151304674159e-03 1.674010810810810881e+02 2.321126473957873060e+01
2.725349625855669977e+00 1.780111837505188701e-03 1.680643729189789042e+02 2.312875534480397732e+01
2.731792001493120292e+00 1.927874637693306574e-03 1.679272540983606632e+02 2.584414514773301974e+01
2.738310186615081410e+00 1.835670255000661395e-03 1.723727369542066015e+02 2.297722896496427936e+01
2.744685257899765141e+00 1.793617037467074102e-03 1.830484913793103487e+02 2.622691650033674904e+01
2.751066800196758422e+00 1.878288467704576767e-03 2.178867924528301785e+02 4.451266114817211417e+01
2.757601512830000434e+00 1.862141664063760894e-03 2.970475138121547047e+02 9.471483227244648617e+01
2.764058068263966828e+00 1.836587841443396716e-03 3.842608200455580914e+02 1.252396133169114023e+02
2.770529172478649382e+00 1.887167826034379927e-03 4.429448198198198270e+02 1.303891923726903883e+02
2.776955143396238501e+00 1.821333560803167642e-03 4.673419811320754889e+02 1.394791446820690339e+02
2.783316304171964184e+00 1.843620978786204888e-03 4.553172169811320487e+02 1.423856251764814544e+02
2.789755116199374552e+00 1.895104686621155434e-03 4.131560693641618514e+02 1.215906193460416063e+02
2.796202065730379438e+00 1.823396814250311405e-03 3.735892215568862298e+02 1.059531231349721594e+02
2.802598215598055997e+00 1.839199823105454800e-03 3.417149700598802156e+02 8.967651698196770838e+01
2.809058618291326859e+00 1.891542357478581855e-03 3.188690058479531899e+02 7.665203672510095601e+01
2.815539484174618412e+00 1.814857361145085640e-03 3.092924757281553525e+02 7.437406934903785327e+01
2.821989463872399906e+00 1.865090624993398201e-03 3.048506571087216344e+02 7.575032230627810748e+01
2.828483713597702565e+00 1.883630524017047489e-03 3.068773809523809746e+02 7.561115475481119574e+01
2.834900904292738222e+00 1.791954038426357698e-03 3.077612500000000182e+02 7.470996553338783031e+01
2.841279989216558999e+00 1.876324795384782303e-03 3.081618357487922708e+02 7.479686238741369664e+01
2.847767858763501359e+00 1.886990809494324501e-03 3.098514492753623131e+02 7.471477632692410964e+01
2.854224446368732959e+00 1.845718501710050556e-03 3.112431761786600646e+02 7.310636376292201533e+01
2.860652227376856871e+00 1.895283512592607677e-03 3.083689320388349415e+02 7.021437539166079489e+01
2.867113210476443186e+00 1.859648482407798373e-03 3.093811881188119060e+02 6.790997585665080294e+01
2.873572830144707879e+00 1.886954548921765396e-03 3.089410319410319516e+02 6.613670703847641619e+01
2.879995266294152589e+00 1.874768549312584749e-03 3.104287484510533091e+02 6.480138449291609959e+01
2.886377499349285003e+00 1.822646243021190660e-03 3.141620253164556971e+02 6.269786323438771802e+01
2.892826601299819611e+00 1.901257081905588812e-03 3.241445929526124132e+02 6.066091979853156602e+01
2.899287209408602628e+00 1.837036175435869181e-03 3.438025157232704601e+02 6.069202384038499076e+01
2.905651471559458798e+00 1.820821310380915442e-03 3.586709021601016616e+02 6.181010015376601530e+01
2.912064357739847953e+00 1.885695667761764669e-03 3.584226044226044223e+02 6.208167172349733676e+01
2.918524733004972394e+00 1.831846772134888184e-03 3.589532237673830650e+02 6.425419870487068863e+01
2.925008101889499557e+00 1.898964803942654149e-03 3.770158343483556678e+02 7.549382540018741850e+01
2.931494571104498625e+00 1.860470468068603543e-03 4.207490729295426490e+02 9.857282457136595610e+01
2.937893251398651540e+00 1.817351826735809622e-03 4.555470514429109130e+02 1.174573952104079666e+02
2.944305546311252186e+00 1.880927000690213848e-03 4.474981949458483541e+02 1.139330626918851550e+02
2.950769139483569781e+00 1.826098071515048831e-03 4.143796068796068539e+02 9.572511372103720362e+01
2.957217893682505760e+00 1.858471812583063982e-03 3.727687651331719394e+02 7.349238239342538748e+01
2.963641657319503686e+00 1.840162297927921053e-03 3.416552147239264059e+02 5.850857805654615618e+01
2.970043842149071800e+00 1.832295957600710810e-03 3.172326732673267315e+02 4.808639463645031498e+01
2.976510225225458495e+00 1.909562939757382871e-03 2.982422802850356334e+02 4.014760203365101887e+01
2.983008757323797777e+00 1.820848808918005624e-03 2.882292441140024835e+02 3.858675702811453334e+01
2.989442833175567138e+00 1.860876473636659213e-03 2.827357575757575887e+02 3.913310821641549353e+01
2.995851322080832713e+00 1.818248084975540883e-03 2.821068322981366236e+02 3.961135603617250922e+01
3.002288071879581022e+00 1.866109072499165002e-03 2.784360535931790537e+02 3.908609331283295063e+01
3.008748785923475388e+00 1.879638502675874765e-03 2.771587878787879049e+02 3.819407153069475669e+01
3.015199648864150372e+00 1.825469582085792030e-03 2.762350746268656962e+02 3.834532809261170883e+01
3.021614952218953931e+00 1.867358907394168870e-03 2.720484848484848612e+02 3.821968569540634064e+01
3.028035269137849372e+00 1.805619228951016193e-03 2.704593241551939968e+02 3.761066087512061529e+01
3.034481983401863037e+00 1.885823396422961745e-03 2.650794223826714529e+02 3.845872085811319607e+01
3.040948636384726900e+00 1.846244746713175374e-03 2.606753086419753345e+02 3.849355054977073110e+01
3.047399548284976056e+00 1.866575050031695892e-03 2.536119951040391811e+02 4.018691966511290303e+01
3.053818065407082116e+00 1.858882463793821993e-03 2.480614250614250693e+02 4.163774083842387341e+01
3.060168791671987076e+00 1.792825745411367891e-03 2.417086513994910888e+02 4.276484593821708557e+01
3.066596020837712544e+00 1.927764682785730512e-03 2.325142180094786681e+02 4.492346497866622457e+01
3.073140751332767540e+00 1.856356834428901387e-03 2.258355995055624135e+02 4.710245743149937425e+01
3.079593295930210139e+00 1.886716362797553155e-03 2.137903030303030221e+02 4.907108650293482555e+01
3.086017154762366044e+00 1.830431539716442747e-03 2.052874999999999943e+02 4.871584909580254674e+01
3.092486513109037993e+00 1.905108961471654438e-03 1.968225419664268543e+02 4.720193060354032610e+01
3.098964516853627060e+00 1.852397442341169754e-03 1.942076637824474687e+02 4.215333889985286930e+01
3.105440922044128804e+00 1.880034527507769499e-03 1.918812121212121156e+02 3.508518188464736909e+01
3.111821301298671738e+00 1.810318297736169049e-03 1.868955974842767205e+02 2.902970134165627059e+01
3.118233335063332667e+00 1.868901341642052608e-03 1.752971985383678373e+02 2.377740820596111249e+01
3.124683867316949026e+00 1.865189586864977357e-03 1.639706959706959708e+02 1.889606775379157710e+01
3.131144652615997170e+00 1.844489775254080271e-03 1.565790123456790184e+02 1.541548132469043075e+01
3.137527951480249655e+00 1.850518740970626434e-03 1.513936039360393693e+02 1.332217123542857529e+01
3.143946084488824955e+00 1.842734159383119935e-03 1.468401486988847466e+02 1.243686506132971203e+01
3.150358822729363073e+00 1.875642417003805899e-03 1.430533980582524407e+02 1.161856899491837858e+01
3.156784286039504561e+00 1.823981601210612454e-03 1.412662500000000136e+02 1.198183807894264596e+01
3.163270120323041557e+00 1.930117905744787839e-03 1.403596698113207424e+02 1.168875348324910135e+01
3.169756141428992979e+00 1.817110211355118556e-03 1.395577889447236259e+02 1.180047160167631404e+01
3.176136715832639901e+00 1.869400486556539428e-03 1.382157575757575785e+02 1.153470709504992442e+01
3.182603852824878121e+00 1.855271636042648588e-03 1.370380368098159636e+02 1.116418786430867982e+01
3.189050645908320547e+00 1.867823016262818358e-03 1.362096969696969779e+02 1.042147736407627612e+01
3.195475202712392715e+00 1.830177604982121797e-03 1.357717121588089242e+02 1.039515579282228508e+01
3.201930699474990760e+00 1.890160737295187680e-03 1.358506571087216344e+02 1.054229592357102163e+01
3.208380198036255848e+00 1.818817371399450607e-03 1.391195516811955031e+02 1.136289446391697489e+01
3.214769441202507405e+00 1.856295446885927562e-03 1.457269417475728233e+02 1.367405278108479294e+01
3.221219946103295317e+00 1.854520719188760538e-03 1.498533007334963258e+02 1.575407927879892256e+01
3.227683765295594753e+00 1.874065427032763596e-03 1.487244283995186436e+02 1.673566770236282508e+01
3.234131017772435612e+00 1.840716304877563787e-03 1.445893958076448769e+02 1.690529426991278328e+01
3.240599979113187423e+00 1.901252405176113557e-03 1.407069988137603787e+02 1.587418413875031398e+01
3.247028333220890239e+00 1.799593188369970169e-03 1.382842767295597355e+02 1.506823213895779645e+01
3.253443203786942295e+00 1.907653420062672836e-03 1.352936320754716917e+02 1.409147922845052747e+01
3.259883502116921683e+00 1.795580006981134817e-03 1.330579345088161176e+02 1.378918245691545863e+01
3.266300345605878341e+00 1.923600185575663262e-03 1.308429073856975435e+02 1.345217713793474701e+01
3.272853483066015201e+00 1.856140221165968399e-03 1.291292682926829229e+02 1.373385645790812681e+01
3.279208055010873757e+00 1.838273880463746476e-03 1.281423312883435699e+02 1.352986389648738452e+01
3.285677511815711327e+00 1.882917816817657360e-03 1.267756563245823429e+02 1.298928322019343184e+01
3.292103848527159204e+00 1.835553428200827411e-03 1.256217870257037958e+02 1.262149057967549837e+01
3.298586108799094418e+00 1.888317585372828586e-03 1.239691211401425193e+02 1.199936490158170699e+01
3.305031100311709658e+00 1.850386223069815962e-03 1.226857490864799018e+02 1.218741233834107085e+01
3.311493553422723224e+00 1.868513817595845007e-03 1.205453460620525021e+02 1.222805970494166949e+01
3.317903636599865536e+00 1.824831080609758517e-03 1.192650306748466278e+02 1.250335014762033836e+01
3.324331097200103002e+00 1.867240715589447552e-03 1.172702380952380992e+02 1.281400490304764261e+01
3.330698991454875468e+00 1.802295415888940022e-03 1.157506234413965132e+02 1.306228486616483053e+01
3.337129369178693850e+00 1.924555404658041986e-03 1.142090592334494801e+02 1.349816430059024164e+01
3.343680207265053550e+00 1.861922247852822480e-03 1.129083232810615129e+02 1.397507435140982679e+01
3.350044083295126374e+00 1.835162792558274860e-03 1.116646415552855416e+02 1.407759721222052107e+01
3.356505604070456616e+00 1.871227406804753775e-03 1.104881516587677766e+02 1.403800569426902989e+01
3.362916001860436488e+00 1.833654571443432820e-03 1.099537149817296040e+02 1.404604377676039917e+01
3.369285096640512123e+00 1.875337531839301689e-03 1.093097560975609781e+02 1.348995252605674722e+01
3.375802434903234950e+00 1.848095989791553092e-03 1.086833558863328761e+02 1.386073145127613238e+01
3.382214916359785661e+00 1.843501739730700950e-03 1.101081460674157313e+02 1.424557791128572326e+01
3.388621595555129762e+00 1.837214591020290208e-03 1.165443959243085885e+02 1.632132495264848870e+01
3.395087870480640202e+00 1.897809126909797642e-03 1.307761627906976685e+02 2.375579198751957222e+01
3.401600099274715294e+00 1.862825267528726196e-03 1.437209653092006079e+02 3.228299403233179987e+01
3.408008587822927371e+00 1.829521772960810344e-03 1.486118012422360266e+02 3.263556442580695460e+01
3.414429009776510870e+00 1.863403552598411495e-03 1.446965944272445768e+02 2.890909283884510472e+01
3.420895508941175223e+00 1.876279003669552520e-03 1.416369327073552427e+02 2.836690651936833873e+01
3.427361199308996742e+00 1.871984655860910217e-03 1.346155063291139129e+02 2.324110635480628773e+01
3.433789816721534383e+00 1.835455874914732619e-03 1.290097402597402549e+02 2.082085583789885774e+01
3.440207803416203358e+00 1.864980166185075923e-03 1.243317152103559806e+02 1.976575321502065208e+01
3.446682336316245543e+00 1.886495457043324163e-03 1.215886178861788665e+02 1.953910021740603042e+01
3.453142116062292821e+00 1.850491205141300763e-03 1.202873949579831958e+02 1.949592255828279264e+01
3.459552608189105705e+00 1.840426776601197887e-03 1.193390410958904084e+02 1.962797001800198515e+01
3.466037827277117955e+00 1.895781883946169978e-03 1.192512733446519491e+02 2.030213479196036275e+01
3.472473653977210972e+00 1.828931698347952819e-03 1.187280858676207487e+02 2.039578848884826101e+01
3.478868831430015351e+00 1.849798838882201271e-03 1.183142857142857167e+02 1.968597216293876073e+01
3.485296939778874226e+00 1.846836384750711896e-03 1.180164835164835182e+02 1.956602741521501088e+01
3.491740378822062674e+00 1.892374048568714641e-03 1.181147540983606490e+02 1.975016475206935951e+01
3.498222076309955408e+00 1.850392789083453492e-03 1.183759398496240607e+02 1.958177321002188620e+01
3.504611891581455030e+00 1.828338000025509641e-03 1.187728155339805767e+02 1.901962156132296045e+01
3.511032309223517167e+00 1.894740202114146826e-03 1.212022900763358848e+02 1.871092669409722120e+01
3.517510811405253346e+00 1.847376399887671770e-03 1.226422924901185780e+02 1.744063319468716244e+01
3.523886222494890585e+00 1.819823680849573695e-03 1.248895705521472337e+02 1.698976754363773622e+01
3.530333766363422221e+00 1.913949961282706506e-03 1.293584158415841614e+02 1.773163448981022228e+01
3.536838628960300657e+00 1.837400593869444173e-03 1.318583333333333201e+02 1.757461622388001388e+01
3.543212277439104163e+00 1.824314092004992007e-03 1.368586723768736704e+02 1.781282235813351278e+01
3.549634251627681092e+00 1.895848120010211945e-03 1.435189075630252091e+02 1.912235859386122172e+01
3.556117060308725097e+00 1.842284182035823720e-03 1.435371179039301239e+02 1.783521161000512478e+01
3.562580790750173865e+00 1.873137250446494902e-03 1.392346491228070136e+02 1.684469352599240821e+01
3.569027121761189303e+00 1.864198494303047999e-03 1.324707207207207205e+02 1.489732805189536258e+01
3.575415228040989657e+00 1.829283293316363293e-03 1.260394431554524317e+02 1.319199371459534298e+01
3.581824267593239686e+00 1.860007523854312686e-03 1.213387470997679856e+02 1.306523713942302578e+01
3.588330065081806630e+00 1.895947895659538546e-03 1.158468677494199568e+02 1.065529727186276077e+01
3.594804804657118602e+00 1.838793340235311087e-03 1.118634146341463378e+02 8.775550102157636090e+00
3.601203120605045882e+00 1.866742151695356807e-03 1.102622549019607874e+02 7.666645510476803871e+00
3.607629953215138574e+00 1.849946976811765471e-03 1.088471177944862092e+02 6.271733401364397942e+00
3.614090854913730499e+00 1.868416365547433599e-03 1.083459595959595987e+02 6.651488307470585504e+00
3.620574720227974552e+00 1.873754476683962313e-03 1.071979434447300719e+02 6.003203150598313442e+00
3.627004027770476924e+00 1.835919208150294619e-03 1.056898395721925112e+02 5.130831423474535136e+00
3.633382280898821648e+00 1.849285921997263250e-03 1.049241192411924146e+02 5.127850376099141627e+00
3.639818201334091174e+00 1.872714577785467623e-03 1.030844686648501352e+02 5.013188584340791287e+00
3.646271849872324999e+00 1.848931603973280732e-03 1.010674157303370748e+02 4.480121336075775673e+00
3.652754025121335069e+00 1.886957975833729447e-03 1.002022471910112387e+02 4.479554191752663783e+00
3.659208746855755479e+00 1.834720162372708565e-03 9.928613569321534271e+01 4.534538374495028279e+00
3.665582835495777569e+00 1.840575612045432024e-03 1.008798798798798799e+02 4.596014422714426395e+00
3.672040343112283445e+00 1.886479483533069204e-03 1.048023952095808369e+02 5.269889748486523473e+00
3.678529717319615866e+00 1.858096912976999176e-03 1.093602484472049667e+02 7.443278561286354567e+00
3.684932562337432049e+00 1.835190244932949138e-03 1.127845659163987193e+02 8.821442467647589325e+00
3.691340469028411508e+00 1.865394116403416890e-03 1.103754045307443334e+02 7.676052045995368722e+00
3.697825917576230470e+00 1.878575472322643403e-03 1.041940789473684248e+02 6.088098673969478902e+00
3.704288468942850354e+00 1.854378416201764085e-03 9.847440273037543079e+01 5.172628283151552431e+00
3.710695071708606907e+00 1.843173339766954189e-03 9.367017543859648754e+01 4.358764780228078450e+00
3.717119980493126530e+00 1.858275420549158159e-03 9.019642857142856940e+01 3.806194601821979884e+00
3.723579054116692877e+00 1.875547371405369762e-03 8.705090909090908724e+01 4.184967983723819174e+00
3.730020297411832164e+00 1.843995263516665269e-03 8.590909090909090651e+01 3.965632316468774121e+00
3.736426917509388268e+00 1.851423495632689448e-03 8.545348837209301962e+01 3.697576908665061168e+00
3.742862848593606184e+00 1.866246695943705233e-03 8.518972332015810878e+01 4.016804131475989692e+00
3.749304155234212121e+00 1.850203366498975400e-03 8.439754098360656087e+01 3.871308958947890400e+00
3.755769545342233950e+00 1.881542671327423493e-03 8.486307053941908407e+01 3.684296832048151948e+00
3.762207580716425692e+00 1.832713059301602828e-03 8.537719298245613686e+01 3.048539049362469111e+00
3.768650259547695391e+00 1.882711660849632198e-03 8.714977973568281300e+01 3.466680462704267107e+00
3.775101190588130873e+00 1.841328330998877110e-03 8.886046511627907307e+01 4.023578425027553251e+00
3.781544745172108257e+00 1.876261972947606757e-03 8.981603773584905070e+01 4.477217754150977669e+00
3.787984350729691752e+00 1.841817734800533721e-03 8.847761194029850174e+01 4.434502258086394200e+00
3.794443778523244770e+00 1.888119406057294294e-03 8.618090452261306211e+01 4.302429103365926544e+00
3.800887998049732097e+00 1.829598834944004332e-03 8.300537634408601662e+01 4.178799539508667671e+00
3.807319286871066577e+00 1.879776389761753357e-03 8.019021739130434412e+01 4.493069910559150948e+00
3.813728772969168901e+00 1.816176537965013323e-03 7.738596491228069851e+01 4.036320686276846814e+00
3.820127884734960233e+00 1.870328496078344947e-03 7.550887573964496369e+01 3.651817705880632925e+00
3.826558902351690605e+00 1.840091099185570860e-03 7.455974842767295740e+01 3.399724497129477996e+00
3.832976717434447789e+00 1.862754303780558536e-03 7.272077922077922096e+01 3.412842709792098805e+00
3.839467489846226655e+00 1.881591717002498556e-03 7.227027027027027373e+01 3.279192653048485617e+00
3.845958738964208923e+00 1.872212223355807642e-03 7.092857142857143060e+01 2.976352376548812018e+00
3.852379013358490312e+00 1.829949564810406546e-03 7.058461538461538964e+01 3.996300063957088256e+00
3.858770514458473411e+00 1.860590576749386821e-03 6.992000000000000171e+01 3.936617837687575339e+00
3.865201312403456324e+00 1.846877382617491750e-03 6.936752136752136266e+01 3.316063084576310604e+00
3.871669834970288271e+00 1.885989225799452511e-03 6.876785714285713880e+01 2.606194788481900115e+00
3.878154213609482870e+00 1.855219997046820071e-03 6.825242718446601486e+01 3.291190536781705145e+00
3.884570297975108666e+00 1.842018581107749764e-03 6.778947368421052033e+01 3.097671362013084906e+00
3.891030549524630455e+00 1.892572859664069882e-03 6.603333333333333144e+01 3.677156711575057191e+00
3.897480132485925619e+00 1.830223622249431631e-03 6.502500000000000568e+01 3.967012414903689610e+00
3.903837790606199842e+00 1.833538786489578550e-03 6.719178082191780277e+01 4.655982819772279235e+00
3.910297958451704581e+00 1.898394991490752427e-03 6.673529411764705799e+01 3.769011783875134469e+00
3.916760076293909876e+00 1.823271174774054393e-03 6.617241379310344485e+01 3.102969311699040666e+00
3.923205856217289345e+00 1.907998375040481686e-03 6.684905660377359027e+01 3.820603304710075587e+00
3.929647757040283906e+00 1.804292177573046203e-03 6.834883720930233153e+01 3.666683055505272737e+00
3.936002968608691699e+00 1.864030959871269735e-03 7.064864864864864558e+01 3.381512060159211241e+00
3.942404476100300759e+00 1.828532384993888883e-03 7.668965517241379359e+01 4.021050436288652996e+00
3.948822507765122225e+00 1.871711324841116540e-03 8.259090909090909349e+01 5.080752856297663378e+00
3.955157590966607906e+00 1.825831164639231917e-03 8.600000000000000000e+01 6.876460883747852471e+00
3.961507824082775464e+00 1.968979546566614058e-03 9.214285714285713880e+01 6.175990377490653493e+00
