# q qerr I(q) I(q)err
8.294532032279089417e-03 3.215448162638725495e-03 2.500000000000000000e-01 5.315922766928200360e+01
1.547771440847061503e-02 1.298069176105710962e-03 0.000000000000000000e+00 0.000000000000000000e+00
2.114153426598287117e-02 1.953452460535632252e-03 2.999999999999999889e-01 4.743416490252567730e-01
2.708829541553820289e-02 1.932501425123600049e-03 5.000000000000000000e-01 6.614378277661475680e-01
3.424760286937652415e-02 2.393094809829984012e-03 4.090909090909091161e-01 5.847581968303916522e-01
4.134659872356089005e-02 1.444308516548141333e-03 3.611111111111111049e-01 4.906533814626580781e-01
4.709622292726145520e-02 1.633576272088444088e-03 3.250000000000000111e-01 4.769696007084728295e-01
5.289360403025952090e-02 1.994215660312892175e-03 2.708333333333333148e-01 4.506939094329988627e-01
5.941266175682404643e-02 2.038777625163953021e-03 1.799999999999999933e-01 3.888444419044715938e-01
6.623959740571712385e-02 2.014614798769268252e-03 2.037037037037036924e-01 4.074074074074073293e-01
7.251770781946841049e-02 1.767162065969994948e-03 2.708333333333333148e-01 4.506939094329988071e-01
7.836204892921720677e-02 1.794558473909566021e-03 5.600000000000000533e-01 9.887365675446619928e-01
8.476368586159346852e-02 2.173163639586968114e-03 1.843750000000000000e+00 4.965948502678013021e+00
9.171767809022127182e-02 2.151270969520740432e-03 7.735294117647058876e+00 2.098562904221786951e+01
9.840741527280037759e-02 1.879523288412654567e-03 2.011666666666666714e+01 4.937312021738144097e+01
1.046713563714864598e-01 1.717715818177843919e-03 4.532000000000000028e+01 8.810223606696939669e+01
1.108696467093386595e-01 1.978629817275711061e-03 7.101886792452830832e+01 1.207593896501603155e+02
1.174911181025048434e-01 2.151142134119994175e-03 9.591803278688524870e+01 1.493061827251177647e+02
1.240901985761322518e-01 1.682567093931450772e-03 1.334399999999999977e+02 1.812858383878895268e+02
1.302695169190241364e-01 1.981638030988197227e-03 1.474745762711864359e+02 1.951021543131664089e+02
1.366843399328758479e-01 1.885635125754002352e-03 1.822142857142857224e+02 2.232492058399385257e+02
1.431380625310322841e-01 2.037281709542672608e-03 2.037258064516128968e+02 2.344799346431590834e+02
1.497407916800755912e-01 2.013243134106564892e-03 2.259523809523809632e+02 2.546789703311785900e+02
1.560440161600273323e-01 1.800320108738214832e-03 2.450877192982456165e+02 2.685421868626260107e+02
1.626324968867556287e-01 2.166758397174068339e-03 2.713108108108108354e+02 2.778402993107916359e+02
1.693678508908615654e-01 1.711853084056604935e-03 2.832833333333333599e+02 2.940475433969441497e+02
1.755753172360756398e-01 1.940749690505284321e-03 3.092318840579710013e+02 2.956280840569376664e+02
1.819629297477835528e-01 1.792019476258344991e-03 3.175846153846154039e+02 3.064306012342453300e+02
1.883474920212158954e-01 1.982820530303366913e-03 3.241111111111110858e+02 3.156766370790382439e+02
1.949500334927739553e-01 1.985593967279970003e-03 3.518133333333333326e+02 3.177408839500094473e+02
2.014306324154557237e-01 1.750557958225071797e-03 3.573623188405796895e+02 3.260726624886426066e+02
2.076332073357673447e-01 1.865361520913360683e-03 3.821216216216216139e+02 3.272151954738867516e+02
2.140129245322099916e-01 1.882829286684015863e-03 3.781333333333333258e+02 3.354916551371533160e+02
2.204163405633874917e-01 1.951475208267544961e-03 4.054102564102564088e+02 3.345387234120976245e+02
2.268599176829277919e-01 1.954094669929957399e-03 4.034250000000000114e+02 3.427215155012885361e+02
2.335135695299082048e-01 1.986313139076756155e-03 4.097058823529411598e+02 3.480409602828408993e+02
2.400224779461884173e-01 1.823737618079871109e-03 4.288500000000000227e+02 3.458157574851094296e+02
2.464005577519743639e-01 1.894426896505377799e-03 4.407882352941176691e+02 3.455529069301679215e+02
2.528350385827773383e-01 1.829527638271931031e-03 4.499047619047619264e+02 3.494743866705763367e+02
2.590859102888302123e-01 1.817056121189442432e-03 4.523333333333333144e+02 3.526657496162350185e+02
2.654612130450557106e-01 1.918447197659697845e-03 4.563595505617977324e+02 3.552335970472846611e+02
2.718942366720529247e-01 1.942478483450333455e-03 4.776483516483516496e+02 3.444405305311437360e+02
2.784185743669774227e-01 1.921358219378808702e-03 4.779462365591397770e+02 3.383307009392697182e+02
2.849156375412667530e-01 1.882334819595186037e-03 5.160744680851063322e+02 3.098598954708176620e+02
2.911870294677750826e-01 1.766712284927822799e-03 5.314719101123595237e+02 2.834192045796385173e+02
2.976511517037133681e-01 2.019527329980297554e-03 5.771553398058252924e+02 2.458967868941817585e+02
3.043178155919494809e-01 1.919359421117726450e-03 6.040399999999999636e+02 2.120365506227641106e+02
3.108074081907638564e-01 1.815555258398614735e-03 6.313469387755102389e+02 1.901295356238340162e+02
3.170970610330232087e-01 1.826000353424227750e-03 6.440101010101010388e+02 1.774655749801360685e+02
3.235319739834495723e-01 1.908097576542081529e-03 6.464095238095237619e+02 1.708074326474672091e+02
3.300700059726238145e-01 1.867687188749142220e-03 6.613867924528301501e+02 1.584902392179918991e+02
3.365262003550894554e-01 1.808122422876843900e-03 6.577904761904761699e+02 1.574707586143983633e+02
3.429039324965278412e-01 1.810371451943152679e-03 6.689811320754716917e+02 1.470786897393232096e+02
3.492243179790229801e-01 1.835371710213073819e-03 6.727592592592592382e+02 1.432510907462836656e+02
3.555659880086458058e-01 1.813249007222180170e-03 6.764722222222221717e+02 1.399494415616426863e+02
3.620245372922214488e-01 1.918012235727336494e-03 6.853931623931623562e+02 1.313187974414657617e+02
3.685406119477664388e-01 1.798147481859587110e-03 6.849279279279279535e+02 1.278488110255343884e+02
3.750909242308860247e-01 1.967614233492519498e-03 6.935000000000000000e+02 1.196670953507162665e+02
3.816999037813160189e-01 1.752662604176019427e-03 6.912434782608695514e+02 1.115996893437688158e+02
3.880273799716012495e-01 1.749306826939258557e-03 6.947155172413793025e+02 1.060905731937138228e+02
3.942361145945514900e-01 1.745527907058957431e-03 6.980517241379310462e+02 1.023497107360478822e+02
4.006128291384035145e-01 1.852638254231622501e-03 7.009512195121951663e+02 9.646502624741945908e+01
4.070503578694664726e-01 1.848743254130127446e-03 7.016129032258064626e+02 9.215778161261576429e+01
4.135933781829447264e-01 1.871256654943844995e-03 7.011395348837208985e+02 8.709981033572462650e+01
4.202179442533061082e-01 1.832712641984981681e-03 7.061923076923077360e+02 8.170605780269174545e+01
4.266798115557093873e-01 1.759393680741872749e-03 7.076299212598424901e+02 8.045702311585444022e+01
4.330910535146235696e-01 1.771858374752960505e-03 7.105769230769230944e+02 7.740037307067252925e+01
4.395078467689783608e-01 1.772659720438770270e-03 7.113030303030302548e+02 7.396329873138873268e+01
4.457793319829173595e-01 1.654526338047628432e-03 7.073200000000000500e+02 7.035944968517021891e+01
4.521562795609589402e-01 1.887763445894669913e-03 7.060704225352112644e+02 6.371588378465008873e+01
4.587656575942579140e-01 1.769717907920350091e-03 6.980948905109488578e+02 5.875508124097930107e+01
4.652405449529313231e-01 1.746242423612376143e-03 6.922302158273381565e+02 5.486535928714559418e+01
4.716282944699034529e-01 1.704407088516023735e-03 6.836788321167882714e+02 5.466377304524461067e+01
4.780637153179891352e-01 1.798647074538550902e-03 6.787013888888889142e+02 5.159018944145233121e+01
4.844976548260259142e-01 1.723433333189145671e-03 6.755492957746479306e+02 4.864565063323388472e+01
4.908596034113225648e-01 1.665744062354685903e-03 6.695886524822694810e+02 4.838598725236674625e+01
4.972011979785150859e-01 1.734256865849588200e-03 6.697260273972602818e+02 4.812845021421860281e+01
5.036178995103413047e-01 1.747915368961153139e-03 6.643445945945945823e+02 4.668784857464362403e+01
5.101756467004687767e-01 1.800451491856020327e-03 6.619354838709676869e+02 4.467454282110465158e+01
5.166235656727934389e-01 1.648057805296297825e-03 6.584489795918367463e+02 4.348936974862778726e+01
5.229884928033705638e-01 1.714260039451578075e-03 6.561776315789473983e+02 4.250111311072887332e+01
5.293925748937229336e-01 1.756900675637705763e-03 6.524871794871794464e+02 4.157781255719715574e+01
5.357749724968067229e-01 1.647361260156582873e-03 6.476158940397350534e+02 4.204171200132412167e+01
5.422269581426349960e-01 1.797131621318817348e-03 6.444024390243902189e+02 4.149006944537206465e+01
5.488258977193463117e-01 1.752106618123457169e-03 6.403540372670807983e+02 4.080214142421340995e+01
5.552607346015674405e-01 1.711536068502800701e-03 6.380499999999999545e+02 4.153414634370133740e+01
5.616696921416424182e-01 1.713298320607429745e-03 6.337852760736196842e+02 4.030446016045961244e+01
5.680596363279470928e-01 1.671719726027721563e-03 6.315375000000000227e+02 4.011633960277283961e+01
5.744116486855085357e-01 1.773350792090137981e-03 6.282797619047619264e+02 3.889731069725075230e+01
5.808465417437830292e-01 1.706594120505047427e-03 6.244303030303029800e+02 3.985039285672888809e+01
5.872915480827241019e-01 1.773275249674210931e-03 6.218843930635838433e+02 4.049174412779237286e+01
5.936297343998458986e-01 1.608871723183330060e-03 6.194814814814815236e+02 4.374222512403790120e+01
6.000917821228005655e-01 1.852508397134843563e-03 6.175329670329670080e+02 4.310483229105239644e+01
6.066068710033430955e-01 1.719733697199352486e-03 6.152456140350876694e+02 4.449357203226571045e+01
6.129319261090041548e-01 1.700305612135823196e-03 6.130174418604651692e+02 4.415353531608312210e+01
6.193292159447265632e-01 1.792945791870086646e-03 6.097333333333333485e+02 4.393372112457413436e+01
6.257789288608107681e-01 1.769335618302108433e-03 6.065649717514124859e+02 4.567201097413519761e+01
6.322945183878984077e-01 1.883051681004075783e-03 6.020000000000000000e+02 4.500241028230522744e+01
6.387697914265673127e-01 1.734308686986089703e-03 5.989829545454545041e+02 4.662897142592434818e+01
6.450797878865883739e-01 1.812617312363664322e-03 5.952119565217391255e+02 4.603035067096762134e+01
6.514777522098027518e-01 1.807195130708317372e-03 5.918432432432432506e+02 4.747484667138881775e+01
6.579453254174412180e-01 1.840076954070700866e-03 5.876243386243386340e+02 4.782640303652832614e+01
6.642487788958216788e-01 1.761967380250493336e-03 5.840549450549450512e+02 4.788915231355082369e+01
6.707545140871414846e-01 1.952870522822350513e-03 5.806799999999999500e+02 4.628845428397885087e+01
6.772291234912055646e-01 1.844192786587162299e-03 5.779841269841269877e+02 4.894878743183820546e+01
6.834443396870620857e-01 1.745041746211572261e-03 5.747717391304347530e+02 5.116837002690069625e+01
6.899300657465672337e-01 1.988575045799213618e-03 5.718164251207729194e+02 5.012982375645930233e+01
6.965346490814943170e-01 1.967867873463197050e-03 5.674874371859295934e+02 5.245458461743540113e+01
7.030970487636396538e-01 2.020648629947002003e-03 5.639902912621358837e+02 5.304632390627872240e+01
7.095716427219228573e-01 1.946516927103622520e-03 5.604747474747474598e+02 5.616380482255186024e+01
7.160970279381224657e-01 2.044543341153194464e-03 5.572333333333333485e+02 5.595265005001146363e+01
7.226116891734091219e-01 2.004959656352403585e-03 5.554829268292683082e+02 5.441944922995247680e+01
7.291288619178314390e-01 2.011427705279334160e-03 5.532238095238095639e+02 5.784312548205602411e+01
7.356079106374427967e-01 1.973711099579897668e-03 5.516105769230769056e+02 5.656501821031387323e+01
7.419803430714648762e-01 1.939746738906150680e-03 5.486341463414634063e+02 6.038511345873378389e+01
7.484516812817442188e-01 2.022257641999446187e-03 5.461454545454545269e+02 5.626469468297677423e+01
7.549512183205485671e-01 1.898119824350936232e-03 5.449086538461538112e+02 6.144393054917109964e+01
7.613853957290165342e-01 1.973382858640895885e-03 5.435636363636364194e+02 5.934596841355064356e+01
7.678481984516135617e-01 1.903941598965435333e-03 5.425534883720930566e+02 6.436002256102963770e+01
7.743372045322526320e-01 1.915374251326664194e-03 5.410675675675676075e+02 6.177024612667326409e+01
7.807807857039134047e-01 1.872160005679921477e-03 5.405596330275229775e+02 6.360739255128131475e+01
7.871827117013717734e-01 1.874571936203420349e-03 5.403981900452488389e+02 6.519880344327398802e+01
7.935705088346153291e-01 1.846468364235832015e-03 5.400403587443946662e+02 6.616797069485085103e+01
7.999497029225959288e-01 1.794315080242126848e-03 5.416940639269406574e+02 7.006592448026442810e+01
8.063895263538338742e-01 1.919941342275102670e-03 5.425127118644068105e+02 7.023976717125658809e+01
8.129038415374738591e-01 1.785391972586650427e-03 5.451244444444444071e+02 7.614604797507368517e+01
8.193543447618309994e-01 1.828478467253065801e-03 5.475361702127659100e+02 8.147376496484253039e+01
8.257450256705209934e-01 1.731942097964038994e-03 5.511383928571428896e+02 8.988623385519565545e+01
8.321389716972604766e-01 1.845140229989535984e-03 5.556791666666666742e+02 9.580274819909917028e+01
8.386208936931099922e-01 1.751195931903918061e-03 5.643333333333333712e+02 1.082487704147085026e+02
8.449970631363269424e-01 1.723661030767332288e-03 5.689353448275861638e+02 1.187488832164772248e+02
8.513046230100612677e-01 1.773741526074865430e-03 5.751344537815126614e+02 1.298518682853524240e+02
8.578256185292513214e-01 1.822821089358022794e-03 5.853846153846153584e+02 1.432597065008012578e+02
8.643009097266359797e-01 1.747841479780405487e-03 5.931286307053942437e+02 1.570265741323092925e+02
8.706520843132705689e-01 1.718512007701664341e-03 6.017016806722689353e+02 1.733767394599102829e+02
8.770655084888429043e-01 1.823306464836067656e-03 6.115889328063241237e+02 1.876328603111831796e+02
8.835379301005906738e-01 1.720994191554163586e-03 6.185185185185184764e+02 2.025049832764391340e+02
8.899818591232092624e-01 1.816014583941305376e-03 6.264156862745097669e+02 2.145556132754503835e+02
8.963154830142930907e-01 1.686559403020368615e-03 6.338708333333332803e+02 2.305862173051787352e+02
9.027402481510985455e-01 1.849914512401526186e-03 6.358320610687022736e+02 2.352640585860858664e+02
9.092741475074460622e-01 1.818523953956779297e-03 6.453843137254901876e+02 2.518844251119838873e+02
9.156513574886713247e-01 1.799905876070713017e-03 6.524285714285714448e+02 2.629889410347437888e+02
9.219738414041327434e-01 1.816254378221876130e-03 6.586523437500000000e+02 2.721316368544818829e+02
9.284093843578240524e-01 1.864548344913183461e-03 6.676346153846153584e+02 2.818292030718996557e+02
9.348720171621091035e-01 1.939851900461452830e-03 6.744906367041198791e+02 2.898741766124972514e+02
9.413551784733346084e-01 1.927152036582965508e-03 7.085610687022900720e+02 3.275672827801566314e+02
9.478756351150825488e-01 2.022964964773094239e-03 7.632137681159420026e+02 3.465092465956218462e+02
9.544794314844599059e-01 1.995588314593873917e-03 9.192250922509225575e+02 4.235112256861185642e+02
9.609640598131067302e-01 1.976081289299603128e-03 1.316011029411764639e+03 7.843979261424319702e+02
9.673540511875814429e-01 1.900963898517757681e-03 1.991299242424242493e+03 1.578170494134637920e+03
9.738764300010358532e-01 2.020370959177093719e-03 2.379697916666666515e+03 2.106170938523292534e+03
9.803887395962943563e-01 1.868024915732807104e-03 2.360419475655430688e+03 1.948775631599329017e+03
9.867609507399704993e-01 1.907798179635916648e-03 2.308512544802867524e+03 1.765134011806666194e+03
9.931792738827067701e-01 1.861169570246367679e-03 2.474767272727272939e+03 2.061504082744818788e+03
9.997024529712079666e-01 1.929714342920701943e-03 2.581143835616438537e+03 2.313740369386158363e+03
1.006152710574202525e+00 1.760100644785859590e-03 2.711720588235294144e+03 2.452183677571661519e+03
1.012546487448541255e+00 1.858180627704414780e-03 2.512653979238754346e+03 2.190925989672201013e+03
1.018988798098918291e+00 1.803978976354649174e-03 2.355267605633802759e+03 1.962646936214180414e+03
1.025394048634321598e+00 1.775790568352827222e-03 2.216319298245613936e+03 1.811455880760253876e+03
1.031778999059903112e+00 1.783042104657854955e-03 1.973567474048442818e+03 1.606160456959637941e+03
1.038243195035333466e+00 1.800042721148124251e-03 1.744430034129692785e+03 1.436005378798303127e+03
1.044593270705168830e+00 1.728638088187854378e-03 1.415097902097902079e+03 1.166651493609257841e+03
1.051019473275584426e+00 1.807666001326826760e-03 1.105849498327759193e+03 8.708220697595718320e+02
1.057452118334604840e+00 1.764796907398143069e-03 8.431728813559321907e+02 5.877482666374816063e+02
1.063812741872586898e+00 1.735604614353873946e-03 6.988732876712329016e+02 4.052690598939174720e+02
1.070275566257694377e+00 1.860876787998901613e-03 6.021032258064516327e+02 2.792539184465312019e+02
1.076675486865225739e+00 1.737707282280460301e-03 5.547147766323024598e+02 2.201498087349570767e+02
1.083000003099001241e+00 1.811785629637566912e-03 5.195000000000000000e+02 1.754625044290839639e+02
1.089457558406981885e+00 1.875700427842611059e-03 4.991363636363636260e+02 1.506978938947758309e+02
1.095857128634095679e+00 1.865882195591197666e-03 4.794703947368420813e+02 1.323498553966383611e+02
1.102286980210992473e+00 1.937596539280167377e-03 4.687955271565494968e+02 1.270885292967169278e+02
1.108924588094037933e+00 2.035521144429528872e-03 4.512256097560975832e+02 1.076157138211855653e+02
1.115518250266801070e+00 1.963453062553008333e-03 4.391993670886075734e+02 9.656773774030372692e+01
1.121980766162010701e+00 1.920251373127695831e-03 4.274808917197452161e+02 8.150772434658790644e+01
1.128426312748922689e+00 1.950613960551148517e-03 4.168913043478260647e+02 7.023545332374300187e+01
1.134959239864979930e+00 1.915365560061970144e-03 4.065446153846153834e+02 6.209429919806978404e+01
1.141388067807542761e+00 1.819889318180962796e-03 3.987587301587301454e+02 5.635906491001128416e+01
1.147829738822878420e+00 1.877407927217479219e-03 3.902857142857142776e+02 5.032367660722714220e+01
1.154234759887723172e+00 1.796226287448233561e-03 3.837084639498432352e+02 4.671166795936908755e+01
1.160592008141087206e+00 1.784421184300352767e-03 3.783962848297213668e+02 4.413242357506267410e+01
1.167026991042843242e+00 1.836276795008287468e-03 3.736119402985074771e+02 4.198781501209445111e+01
1.173494023876834547e+00 1.758155136545365687e-03 3.678440366972477023e+02 3.919015392744783099e+01
1.179808164649816637e+00 1.732605827553653768e-03 3.540430769230769101e+02 3.844554350486692584e+01
1.186220583891021807e+00 1.881017850291822648e-03 3.523601286173633298e+02 3.823493233363686983e+01
1.192681073817049464e+00 1.793318889751105601e-03 3.496034482758620925e+02 3.867642068808046929e+01
1.199065629744253458e+00 1.797529783280079436e-03 3.479542253521127009e+02 3.892536914688906080e+01
1.205502001077074059e+00 1.899328588103967692e-03 3.467397260273972392e+02 3.896314375906307959e+01
1.211991242640565014e+00 1.826306843735066819e-03 3.447282608695651902e+02 3.910823645717319152e+01
1.218362901235649165e+00 1.888953249129523074e-03 3.425107913669064601e+02 3.972558652207089125e+01
1.224837827500277143e+00 1.938626244914326818e-03 3.383273381294964111e+02 4.340297786622386411e+01
1.231306496939841066e+00 1.935692192720165272e-03 3.377681159420289987e+02 4.485043290374145641e+01
1.237900180047003751e+00 1.954996484647400414e-03 3.377849462365591648e+02 4.217495909452904357e+01
1.244387829439413284e+00 1.881879514088832415e-03 3.385373134328358447e+02 4.043371045262612995e+01
1.250735832344970877e+00 1.818331757808236372e-03 3.381395348837209553e+02 4.057575536650286097e+01
1.257083335292831006e+00 1.905720956169173206e-03 3.372952029520295127e+02 4.044438023837653162e+01
1.263603115287416090e+00 1.841854869392088893e-03 3.356893939393939377e+02 4.018735571617295221e+01
1.270020777910819465e+00 1.832011672431217405e-03 3.343460076045627147e+02 3.964144714813573245e+01
1.276488051741652807e+00 1.832185980768075541e-03 3.332851711026615931e+02 3.957939017673199800e+01
1.282839323063532211e+00 1.758750693263018286e-03 3.324645669291338663e+02 4.009740333991103256e+01
1.289363492023574365e+00 1.805471412487298991e-03 3.242592592592592382e+02 4.339774918119905323e+01
1.295761563244195891e+00 1.749310907134910172e-03 3.283959731543624230e+02 4.057537815662952596e+01
1.302096506369333051e+00 1.727886103868702576e-03 3.288704318936876803e+02 3.862679501686502448e+01
1.308490604613926855e+00 1.841981469325142248e-03 3.282616822429906733e+02 3.815464027314774142e+01
1.314923371882378955e+00 1.783204890748409099e-03 3.282829581993569263e+02 3.706522375942865466e+01
1.321263162947042602e+00 1.883891353746835161e-03 3.280555555555555429e+02 3.731857576855914260e+01
1.327809252188654421e+00 1.990407611744629372e-03 3.257011834319526429e+02 4.002005860638091406e+01
1.334395055816720577e+00 2.005908808147741692e-03 3.261847507331378324e+02 3.973325817060614185e+01
1.340924575314278222e+00 1.937181998292608577e-03 3.266656716417910502e+02 3.763910402662279608e+01
1.347326738882997477e+00 1.911240937813023883e-03 3.278313609467455763e+02 3.725409389103094782e+01
1.353867248119903444e+00 1.925349651844857632e-03 3.302549575070821675e+02 3.685679002644499747e+01
1.360292180733798650e+00 1.777880213384871099e-03 3.416706586826347234e+02 3.703402882160941800e+01
1.366716033276369036e+00 1.860440026654835337e-03 3.698039215686274588e+02 3.847106222421350452e+01
1.373134056949086190e+00 1.747663592607761902e-03 4.041198830409356901e+02 4.509626495725148487e+01
1.379508641949547476e+00 1.787974598008121871e-03 4.173352112676056436e+02 5.148598729287724751e+01
1.385849874457594222e+00 1.730044418412237826e-03 4.063746397694524717e+02 5.190558019091998432e+01
1.392210228535155858e+00 1.777760908321846531e-03 4.008083333333333371e+02 5.413118282195303266e+01
1.398630460992727143e+00 1.793834584281517276e-03 4.016277777777777942e+02 5.458270355870783419e+01
1.405027543482165298e+00 1.820682476180417696e-03 4.066308539944903373e+02 5.444701129873284629e+01
1.411380623846245186e+00 1.844474811107960554e-03 4.026666666666666856e+02 5.189574663224838957e+01
1.418011585217980208e+00 2.061904995500850411e-03 3.979401496259351347e+02 6.015699542949150924e+01
1.424633236002852632e+00 1.911062399977238009e-03 3.978142076502732039e+02 5.397067561215467890e+01
1.431027237377290762e+00 1.930893372260762729e-03 3.992480211081794437e+02 4.977839901014326074e+01
1.437551415863808524e+00 1.925262037142165712e-03 3.946493506493506516e+02 4.841214593999211502e+01
1.443999660086549230e+00 1.834928749309971486e-03 3.911167108753315915e+02 4.766160507120822842e+01
1.450408168300875378e+00 1.822080046480867126e-03 3.855471204188481806e+02 4.544694274193468431e+01
1.456762351763572827e+00 1.768742008520618686e-03 3.794342105263157805e+02 4.367248891566225666e+01
1.463211358413713192e+00 1.810126088705470279e-03 3.715867346938775313e+02 4.138441728807135433e+01
1.469593255354290973e+00 1.758193336020684059e-03 3.609947916666666856e+02 3.944025625520912826e+01
1.475950724204827313e+00 1.769305199294179780e-03 3.467028423772609926e+02 3.711367862910383764e+01
1.482355977374464340e+00 1.855140322631434503e-03 3.330249999999999773e+02 3.549108250673681653e+01
1.488803525874331735e+00 1.854999873494519958e-03 3.223155216284987432e+02 3.449251092664417939e+01
1.495319592526707764e+00 2.003828109077177445e-03 3.129234449760765528e+02 4.024430399484145227e+01
1.501939691759246465e+00 1.957822028991581826e-03 3.107031630170316134e+02 3.641369789357986519e+01
1.508463382234335848e+00 1.918938912685786129e-03 3.105550122249388778e+02 3.375278915350533993e+01
1.514901188746566207e+00 1.852902137227367511e-03 3.091280788177339787e+02 3.395492767260681433e+01
1.521228969867623793e+00 1.785136608190808364e-03 3.088010075566750743e+02 3.397873392587450780e+01
1.527563647216529041e+00 1.824993124647320475e-03 3.090985576923076792e+02 3.401470474197051885e+01
1.534022576503679458e+00 1.781774817406586286e-03 3.087087378640776478e+02 3.456103919582037776e+01
1.540418711468126034e+00 1.792491139398408621e-03 3.081124401913875772e+02 3.470986470066898733e+01
1.546838712332167631e+00 1.778278829154705072e-03 3.070722891566264821e+02 3.533784972472672337e+01
1.553238623106807825e+00 1.840983848395847744e-03 3.070518867924528195e+02 3.513457652898534889e+01
1.559673935783696619e+00 1.867161364404805587e-03 3.069049881235154658e+02 3.405909020983631308e+01
1.566161367499480317e+00 1.987417225671155377e-03 3.037414965986394577e+02 4.189199675996669470e+01
1.572795191923813007e+00 1.975399758409353626e-03 3.080584269662921315e+02 3.509923458065661350e+01
1.579229625961506400e+00 1.828964939238766603e-03 3.089711538461538680e+02 3.541208727935659795e+01
1.585615098485775532e+00 1.901195136705323549e-03 3.113139013452914696e+02 3.548552941077235801e+01
1.592069020803266399e+00 1.783565421147388207e-03 3.140727699530516475e+02 3.615124777557485203e+01
1.598398624204083740e+00 1.798472010651884717e-03 3.219474885844749110e+02 3.807088257226397587e+01
1.604843375939136507e+00 1.797152056805669104e-03 3.464004524886877903e+02 4.526644398497884936e+01
1.611212339410225569e+00 1.768878106258207515e-03 3.960412844036697493e+02 6.968022138794003695e+01
1.617590363377642504e+00 1.818287623560442892e-03 4.348359550561797846e+02 8.457855680477102567e+01
1.623974015669422899e+00 1.854816384487833732e-03 4.329074492099322811e+02 7.627380452708325720e+01
1.630543485616582799e+00 2.014479720267581264e-03 4.065020920502092281e+02 7.245006937402652625e+01
1.637155364196844820e+00 1.921442116166700376e-03 4.134030837004405043e+02 6.495492572651983210e+01
1.643640215828007012e+00 1.916406123937146409e-03 4.200407725321888393e+02 6.799801603541072836e+01
1.650095370295723063e+00 1.808845151496338592e-03 4.225167037861915560e+02 6.965701274179075142e+01
1.656466136267144007e+00 1.835556712886826517e-03 4.223333333333333144e+02 6.665965016840006285e+01
1.662921359457136594e+00 1.784847929403802829e-03 4.225599128540305287e+02 6.497436501887854376e+01
1.669278115879615276e+00 1.787810489320909016e-03 4.353181818181818130e+02 6.581029317007372015e+01
1.675603147458916142e+00 1.759339208401217896e-03 4.768432671081677654e+02 8.236266534599145928e+01
1.681944817773278311e+00 1.879012939346250957e-03 5.554071729957805701e+02 1.212985456585152377e+02
1.688494896982127180e+00 1.961244959671172398e-03 6.017983539094650496e+02 1.612797714695224727e+02
1.695047655103924189e+00 1.958531043791479891e-03 5.892880658436214389e+02 1.261324746046491185e+02
1.701563412030947964e+00 1.893890162085724253e-03 5.571858037578288076e+02 1.071919984361983751e+02
1.707975620325744792e+00 1.846204685496802061e-03 5.415365344467641080e+02 9.962165009371102542e+01
1.714377380249353600e+00 1.797036493929945892e-03 5.273242677824267730e+02 9.458314248637171318e+01
1.720768292737840266e+00 1.799184406037973973e-03 5.135546391752577620e+02 9.010588681411898904e+01
1.727152534628709324e+00 1.771490888047008889e-03 4.979519832985386074e+02 8.851096965145767115e+01
1.733526494930327289e+00 1.835615179227028260e-03 4.797759674134419470e+02 8.563833787039217782e+01
1.739975521513371870e+00 1.888347845677861795e-03 4.599979674796747986e+02 8.892882186103321374e+01
1.746497876640803248e+00 1.988580869552720402e-03 4.454593023255814046e+02 8.845249682773456357e+01
1.753090192095328348e+00 1.909790863647236811e-03 4.389940239043824590e+02 7.892207029388762862e+01
1.759542915568929722e+00 1.863330342728648260e-03 4.313127490039840382e+02 7.671519755671683072e+01
1.765978610475646082e+00 1.805054295706254351e-03 4.237640000000000100e+02 7.451472225003591632e+01
1.772332663329672986e+00 1.770928694831684115e-03 4.172661290322580498e+02 7.281644146326108569e+01
1.778664509689639184e+00 1.781133477909586536e-03 4.093373253493014090e+02 6.846371373571304275e+01
1.785069366740120511e+00 1.834600355293997381e-03 3.995097656250000000e+02 6.466783307521255608e+01
1.791506168727699633e+00 1.878728357369653049e-03 3.844117647058823763e+02 6.598662878778847585e+01
1.798039063906349488e+00 1.995486375923071192e-03 3.672092592592592837e+02 6.223370771420692904e+01
1.804647924016717919e+00 1.913848319004299433e-03 3.443256704980842642e+02 4.787901742666569760e+01
1.811089958053599736e+00 1.862622323854617795e-03 3.174080459770115112e+02 3.998729430038089561e+01
1.817521720439822408e+00 1.798364348704032875e-03 2.962664092664092550e+02 3.589908372397611203e+01
1.823812670535420288e+00 1.750448090683544159e-03 2.861294117647058783e+02 3.370295815943542550e+01
1.830221642949216854e+00 1.837728497302317443e-03 2.802532588454376423e+02 3.245073074086526077e+01
1.836582905300079060e+00 1.780128382536366044e-03 2.773784313725490165e+02 3.225253725165742225e+01
1.843061797820461534e+00 1.986079127245108083e-03 2.733676731793960926e+02 3.838123846284098306e+01
1.849632829275571488e+00 1.888944039210000737e-03 2.743740601503759535e+02 3.300737375154389497e+01
1.856090187264436642e+00 1.913060858845453587e-03 2.756581818181818448e+02 3.180375610646230911e+01
1.862531947297203283e+00 1.788974026913770074e-03 2.747886792452829923e+02 3.277790099864273543e+01
1.868931787959941415e+00 1.835149539700427039e-03 2.744571948998178641e+02 3.241957124596800810e+01
1.875342409945594868e+00 1.782793697721218873e-03 2.738454376163873576e+02 3.332599593619444533e+01
1.881685992375486283e+00 1.813583446463527945e-03 2.735498154981549987e+02 3.319326457699944655e+01
1.888176611507502489e+00 1.945205006648250507e-03 2.723209876543210157e+02 3.996228162648689164e+01
1.894684395670122701e+00 1.921537496908314263e-03 2.741860465116279215e+02 3.720159356641438109e+01
1.901176782548104516e+00 1.886986723452953362e-03 2.759377224199288321e+02 3.683165410058182943e+01
1.907561981128558237e+00 1.795440373499332084e-03 2.781733576642335493e+02 3.777282034607704020e+01
1.913985041606118376e+00 1.828239138046576940e-03 2.831947368421052715e+02 3.866347337723129129e+01
1.920403381422240097e+00 1.786024996940504313e-03 2.978713768115941889e+02 4.192673343686067255e+01
1.926716413297410169e+00 1.834639747803229817e-03 3.392615658362989279e+02 6.145217466577441456e+01
1.933271554332125497e+00 1.965820526812752777e-03 4.303636363636363740e+02 1.203079089665432235e+02
1.939792573083097382e+00 1.907526115978609412e-03 5.834188481675392950e+02 2.498645667896454654e+02
1.946288570836251841e+00 1.883695634446648113e-03 8.710885860306643735e+02 5.321563706896772601e+02
1.952655684029843908e+00 1.737190040939992066e-03 1.216262206148282075e+03 8.268724569803279110e+02
1.958969978021109171e+00 1.827434973414125523e-03 1.311040955631399356e+03 8.319037483479646653e+02
1.965496063115082181e+00 1.854230162972571750e-03 1.165591216216216253e+03 6.437739639537813900e+02
1.971963975922738088e+00 1.884120710564727479e-03 1.064739726027397182e+03 6.148696420175564299e+02
1.978442510441045021e+00 1.957066319931451050e-03 1.083433278418451437e+03 7.159382324524056003e+02
1.984931097981023740e+00 1.843590323278294961e-03 1.055892307692307668e+03 7.063347068726038742e+02
1.991287308585444338e+00 1.815152065882439042e-03 9.832504258943781679e+02 6.020416448575568893e+02
1.997701973476069481e+00 1.833321787203764366e-03 9.410049833887043178e+02 5.363100394876128121e+02
2.004164133665459424e+00 1.816322146449814287e-03 9.270033388981636335e+02 5.079966890192553137e+02
2.010465304371688244e+00 1.793999045974344238e-03 9.322270363951473655e+02 5.041159763904652209e+02
2.016906033528098163e+00 1.989616449670199121e-03 9.565023474178403831e+02 5.396802888386026780e+02
2.023555996358446407e+00 1.897180052363281293e-03 9.303867313915857267e+02 4.940328477181251969e+02
2.029968694217374470e+00 1.807083598350285245e-03 9.040484949832775783e+02 4.627328332708377161e+02
2.036339422929389187e+00 1.823287213829230622e-03 8.805072933549432719e+02 4.386995381860536440e+02
2.042808231593590484e+00 1.819045180469573350e-03 8.583863636363636260e+02 4.193625775867755010e+02
2.049121403930300289e+00 1.816823929832920258e-03 8.426471571906354256e+02 4.087392419238730668e+02
2.055546024436551544e+00 1.958593688934813937e-03 8.186959876543210157e+02 3.992063032310958306e+02
2.062179187475123410e+00 1.909374836257744399e-03 7.611031249999999773e+02 3.432334807953139375e+02
2.068587893715514436e+00 1.782255124468116103e-03 6.979476268412438458e+02 3.077769567546309304e+02
2.074943470461427353e+00 1.803325004765888358e-03 6.288145800316957548e+02 2.719623532503888441e+02
2.081348551495329602e+00 1.811685209211536278e-03 5.595167999999999893e+02 2.337659807256821409e+02
2.087807581420585645e+00 1.934124239786214495e-03 4.767963246554364218e+02 1.910333257790347830e+02
2.094354049547901386e+00 1.919763106963207067e-03 3.937039877300613284e+02 1.274883464758511593e+02
2.100814970511138302e+00 1.841726384006937703e-03 3.354150943396226694e+02 7.968925329987497719e+01
2.107147425483176129e+00 1.793021693532189254e-03 3.098927444794952635e+02 5.617442135124154845e+01
2.113573117004156288e+00 1.831442330790634650e-03 3.086122137404580030e+02 4.597291128220565781e+01
2.119956773712852627e+00 1.806996690666118864e-03 3.209367088607594951e+02 4.280579498106422420e+01
2.126392549358501416e+00 1.961143276791299343e-03 3.264617647058823309e+02 5.039700428257059173e+01
2.133022499541108896e+00 1.914261261225060897e-03 3.286834319526627155e+02 3.865028567355830802e+01
2.139480964562213483e+00 1.786119367506160778e-03 3.272186046511627637e+02 3.912194006359196408e+01
2.145796782645738254e+00 1.799418587043424183e-03 3.324480122324159197e+02 4.052299872579882134e+01
2.152165366120878165e+00 1.825425695775702338e-03 3.423666666666666742e+02 4.226922430365056016e+01
2.158655754564665852e+00 1.929951649106770133e-03 3.648473837209302246e+02 4.985703139446462728e+01
2.165204964825616862e+00 1.913631523374921799e-03 4.243947368421052602e+02 5.804517568881021106e+01
2.171687233764930003e+00 1.836559742283269984e-03 5.159022222222222354e+02 8.563903098461318564e+01
2.178057454997971210e+00 1.770075738143539208e-03 6.585755287009063750e+02 1.392619209512409668e+02
2.184381886656512783e+00 1.819268068842387707e-03 8.070386329866270216e+02 2.060821617848252743e+02
2.190889596552291430e+00 1.941484629964972597e-03 8.393526093088858033e+02 2.293916010438326509e+02
2.197415493733709368e+00 1.880394352234131695e-03 7.790188679245283083e+02 1.730951221061131093e+02
2.203858495652105454e+00 1.844129167940211774e-03 7.290882778581765251e+02 1.488123008125462263e+02
2.210218428929338064e+00 1.776952575370011446e-03 7.287426035502958257e+02 1.677167411434971598e+02
2.216548686487991304e+00 1.820372229284925253e-03 7.310101596516691416e+02 1.744072438403285332e+02
2.223054582631938558e+00 1.937499342758612587e-03 7.104751381215469337e+02 1.763477346574605349e+02
2.229555406010463425e+00 1.871681269043944497e-03 7.121716738197425229e+02 1.523931064700530555e+02
2.236023148886606471e+00 1.876509468722661325e-03 7.046981919332406505e+02 1.482890376020312999e+02
2.242466908337517939e+00 1.781536512235300631e-03 7.014158273381294748e+02 1.479689168298805271e+02
2.248784053696174290e+00 1.815619011182786555e-03 6.969110473457675425e+02 1.491396050751909002e+02
2.255261034229438355e+00 1.958337742873136802e-03 6.790093959731543691e+02 1.593548989424083970e+02
2.261752977112598817e+00 1.833135357339661826e-03 6.716548797736916185e+02 1.426419809098457279e+02
2.268193030407839927e+00 1.856919733580766289e-03 6.590545702592087309e+02 1.417999612839731185e+02
2.274620661936892052e+00 1.792548502283534354e-03 6.423131170662906015e+02 1.377359895686887512e+02
2.281045196159239286e+00 1.907452264699439036e-03 6.172878378378378557e+02 1.392338931360055767e+02
2.287566856146262317e+00 1.925687837049752790e-03 6.007967914438502248e+02 1.283123794627142047e+02
2.294017676381079784e+00 1.818149611703329506e-03 5.860526315789473983e+02 1.232405483592049649e+02
2.300373896127871021e+00 1.814054264739159471e-03 5.642681258549931727e+02 1.174564663974484091e+02
2.306733295622487301e+00 1.809288305020508025e-03 5.353653846153846416e+02 1.119853072012209054e+02
2.313210233147671158e+00 1.927057466226796351e-03 4.962669270833333144e+02 1.151697035157690863e+02
2.319750633036068876e+00 1.886628064392380537e-03 4.649973509933774949e+02 1.028617859525183178e+02
2.326167810919689938e+00 1.805281422939875990e-03 4.209702300405954247e+02 9.754338624074489417e+01
2.332524891627314911e+00 1.808157875111407291e-03 3.666706989247311981e+02 8.313653907245321761e+01
2.339018828040365428e+00 1.927078730268403945e-03 3.109153846153845961e+02 7.005026886210258397e+01
2.345529090540556361e+00 1.892646505679497623e-03 2.759607329842932018e+02 5.149867561356246881e+01
2.351902562585342693e+00 1.808634088653226840e-03 2.546818181818181870e+02 4.206016435848660961e+01
2.358283426411155403e+00 1.828495513811564770e-03 2.422216427640156553e+02 3.636610422275297339e+01
2.364665150299146479e+00 1.824483169818866225e-03 2.357364238410596045e+02 3.377165794697823742e+01
2.371140522023317931e+00 1.956229962378429419e-03 2.335062034739454191e+02 3.787135359751247421e+01
2.377698484074287411e+00 1.857249505322706908e-03 2.425871794871794975e+02 3.305782926340071981e+01
2.384135550776628865e+00 1.806484998011118103e-03 2.551316129032258004e+02 3.944105781308601166e+01
2.390495270780528703e+00 1.815820546892564329e-03 2.770919220055710070e+02 4.606799844358751272e+01
2.396907059408651008e+00 1.904650256318906557e-03 2.867127222982215926e+02 5.726925848762314075e+01
2.403395490390968892e+00 1.861409897307351969e-03 2.828309859154929313e+02 4.791122290965107311e+01
2.409868588547004364e+00 1.847911660654164229e-03 2.669659090909090651e+02 4.066000498394486584e+01
2.416315494183244539e+00 1.848423108511250412e-03 2.597985507246376642e+02 3.889671937847584360e+01
2.422721222723576151e+00 1.879130934971403807e-03 2.527354651162790731e+02 4.638458717607166193e+01
2.429135064156228374e+00 1.862177758942303550e-03 2.538944281524926794e+02 3.783585270138570422e+01
2.435558328952115659e+00 1.829358714226044739e-03 2.514289940828402337e+02 3.600117151097738599e+01
2.441961929587736613e+00 1.826990787003958654e-03 2.502320359281437163e+02 3.574102765150195182e+01
2.448435267415004279e+00 1.916283866918213176e-03 2.450145348837209269e+02 4.279013261720889005e+01
2.454898310690642571e+00 1.851262751470384186e-03 2.472030303030302889e+02 3.595270455898417339e+01
2.461278332832209870e+00 1.841207405127180587e-03 2.460090634441087616e+02 3.561127733652560323e+01
2.467732767309350983e+00 1.860175811866779036e-03 2.430390390390390394e+02 3.654480207354571775e+01
2.474317234005322774e+00 1.907302378477835920e-03 2.371573676680972937e+02 4.017087691130052463e+01
2.480763678027650521e+00 1.850982492662076430e-03 2.382990264255911086e+02 3.363625701967085746e+01
2.487114426650852028e+00 1.791691956921820849e-03 2.380014044943820295e+02 3.302856696793030977e+01
2.493514277050582706e+00 1.905910091373927331e-03 2.330317040951122749e+02 3.894880748833387685e+01
2.500016016455529844e+00 1.897218154373805617e-03 2.329674054758800423e+02 3.208668897803023867e+01
2.506504299072060071e+00 1.823698874814003905e-03 2.303122529644268752e+02 3.140616045868674888e+01
2.512828968428921783e+00 1.779539787674511890e-03 2.279380888290713187e+02 3.105158063165297477e+01
2.519262120792594928e+00 1.938201810876334251e-03 2.230174346201743560e+02 3.679049049647585434e+01
2.525775074220281358e+00 1.871497825325404334e-03 2.214101910828025552e+02 3.077689034304468407e+01
2.532197693037325781e+00 1.807973308604888651e-03 2.177500000000000000e+02 3.066159378332009311e+01
2.538545427775757091e+00 1.816891897915347926e-03 2.168790218790218773e+02 3.301732135945538005e+01
2.545039371368973402e+00 1.965732421291352915e-03 2.147779097387173408e+02 3.974076099371669812e+01
2.551577586228050976e+00 1.818913119815899733e-03 2.095744949494949481e+02 3.427416900120840637e+01
2.557912035390546901e+00 1.811160408138717511e-03 2.003984962406015029e+02 3.113861958949867770e+01
2.564418003384666633e+00 1.924750488034227642e-03 1.913329397874852305e+02 3.354092187586707752e+01
2.570930014234638072e+00 1.852202887801034569e-03 1.894317073170731760e+02 2.898823578283626645e+01
2.577333690207623373e+00 1.816621428331073769e-03 1.873594132029339789e+02 2.852725055742641658e+01
2.583698900290759326e+00 1.840143410056186736e-03 1.844449877750611222e+02 2.887436891503655545e+01
2.590116643848396460e+00 1.922552353981257615e-03 1.831960326721120111e+02 3.017027257404627605e+01
2.596553429180498362e+00 1.801710981220896188e-03 1.827281553398058236e+02 2.667136011124677353e+01
2.602955615407046341e+00 1.842317350104424401e-03 1.820258823529411814e+02 2.644976273596660477e+01
2.609495359574187212e+00 1.911716238635802895e-03 1.795758266818700122e+02 3.043522728179958392e+01
2.615974071523933020e+00 1.844748521006626301e-03 1.805494117647058943e+02 2.603714482670178754e+01
2.622378270172453618e+00 1.832507040312451657e-03 1.794456140350877149e+02 2.590456318416087811e+01
2.628819659223405658e+00 1.883705983027747803e-03 1.774402298850574766e+02 2.974357522017242417e+01
2.635224897504864661e+00 1.872415782458078902e-03 1.783816091954022909e+02 2.564791867956293814e+01
2.641639659702591736e+00 1.816527212418568051e-03 1.774948096885813129e+02 2.549360960823925737e+01
2.648064596936881454e+00 1.851525790120274028e-03 1.765427594070695534e+02 2.710009717952765840e+01
2.654540339871488630e+00 1.920962172705038655e-03 1.762673267326732685e+02 2.716077518029634064e+01
2.661017435989672553e+00 1.820997431850269717e-03 1.757702857142857056e+02 2.494970020350741535e+01
2.667377750780578261e+00 1.839233884157700843e-03 1.747956867196367625e+02 2.522295630453252713e+01
2.673833255939705111e+00 1.922629864361171097e-03 1.738905742145178692e+02 2.829445540150772587e+01
2.680310332336410362e+00 1.829470795604572599e-03 1.744098544232922734e+02 2.407008251942978916e+01
2.686679530094181256e+00 1.809753184080302099e-03 1.742354260089686022e+02 2.425349117221064077e+01
2.693172569770623248e+00 1.920456143785719515e-03 1.727251585623678523e+02 2.796814229607363345e+01
2.699710169678059213e+00 1.845827250732203417e-03 1.731472191930207316e+02 2.411523300866708297e+01
2.706108723802718607e+00 1.808001129835774996e-03 1.728648947951273556e+02 2.390629506192498610e+01
2.712552861480932442e+00 1.909490143508341294e-03 1.708113804004214842e+02 2.704202031020247787e+01
2.719028861112676942e+00 1.848278151304674159e-03 1.714378378378378329e+02 2.336615971901693811e+01
2.725349625855669977e+00 1.780111837505188701e-03 1.716703662597114430e+02 2.328181756260012136e+01
2.731792001493120292e+00 1.927874637693306574e-03 1.721547131147540881e+02 2.635845652852950849e+01
2.738310186615081410e+00 1.835670255000661395e-03 1.776144834930777563e+02 2.331499486664128185e+01
2.744685257899765141e+00 1.793617037467074102e-03 1.888448275862068897e+02 2.685566666267198954e+01
2.751066800196758422e+00 1.878288467704576767e-03 2.245398322851152955e+02 4.497422422987516200e+01
2.757601512830000434e+00 1.862141664063760894e-03 3.026508287292817840e+02 9.375481313733594391e+01
2.764058068263966828e+00 1.836587841443396716e-03 3.880170842824601323e+02 1.314814258031533427e+02
2.770529172478649382e+00 1.887167826034379927e-03 4.413186936936937173e+02 1.284842688883641131e+02
2.776955143396238501e+00 1.821333560803167642e-03 4.614504716981132333e+02 1.281248348838467734e+02
2.783316304171964184e+00 1.843620978786204888e-03 4.507334905660377444e+02 1.280811510440987888e+02
2.789755116199374552e+00 1.895104686621155434e-03 4.180369942196531952e+02 1.105306216727961441e+02
2.796202065730379438e+00 1.823396814250311405e-03 3.929485029940119603e+02 1.041880366788054886e+02
2.802598215598055997e+00 1.839199823105454800e-03 3.757389221556886127e+02 9.806343311812358365e+01
2.809058618291326859e+00 1.891542357478581855e-03 3.637941520467836085e+02 9.385390890246225126e+01
2.815539484174618412e+00 1.814857361145085640e-03 3.592900485436892950e+02 9.396474091127255690e+01
2.821989463872399906e+00 1.865090624993398201e-03 3.549796893667861468e+02 9.476400691434432133e+01
2.828483713597702565e+00 1.883630524017047489e-03 3.568238095238095298e+02 9.500218511032763047e+01
2.834900904292738222e+00 1.791954038426357698e-03 3.582987499999999841e+02 9.474333682045930516e+01
2.841279989216558999e+00 1.876324795384782303e-03 3.597391304347826235e+02 9.424498725315979186e+01
2.847767858763501359e+00 1.886990809494324501e-03 3.621135265700482933e+02 9.372643305737281594e+01
2.854224446368732959e+00 1.845718501710050556e-03 3.637481389578163657e+02 9.263716689459643305e+01
2.860652227376856871e+00 1.895283512592607677e-03 3.604016990291262346e+02 8.917865808268061301e+01
2.867113210476443186e+00 1.859648482407798373e-03 3.613143564356435604e+02 8.656511504840609916e+01
2.873572830144707879e+00 1.886954548921765396e-03 3.595294840294840242e+02 8.341303878380793435e+01
2.879995266294152589e+00 1.874768549312584749e-03 3.605043370508054750e+02 8.065340535733157878e+01
2.886377499349285003e+00 1.822646243021190660e-03 3.645430379746835570e+02 7.801451163082414553e+01
2.892826601299819611e+00 1.901257081905588812e-03 3.732102065613608488e+02 7.574875209580832802e+01
2.899287209408602628e+00 1.837036175435869181e-03 3.900993710691823821e+02 7.389483645126531997e+01
2.905651471559458798e+00 1.820821310380915442e-03 4.002871664548919739e+02 7.330201911986539187e+01
2.912064357739847953e+00 1.885695667761764669e-03 3.942899262899263135e+02 7.178708509467770682e+01
2.918524733004972394e+00 1.831846772134888184e-03 3.907117572692794170e+02 7.185459922020064027e+01
2.925008101889499557e+00 1.898964803942654149e-03 4.069585870889159764e+02 8.188055789950604435e+01
2.931494571104498625e+00 1.860470468068603543e-03 4.492472187886279471e+02 1.027884996156064261e+02
2.937893251398651540e+00 1.817351826735809622e-03 4.793814303638644674e+02 1.194578479995444269e+02
2.944305546311252186e+00 1.880927000690213848e-03 4.646774969915763904e+02 1.120592945516615515e+02
2.950769139483569781e+00 1.826098071515048831e-03 4.267358722358722503e+02 8.966228576965072250e+01
2.957217893682505760e+00 1.858471812583063982e-03 3.863922518159806145e+02 6.745867089747289924e+01
2.963641657319503686e+00 1.840162297927921053e-03 3.639668711656441928e+02 5.559055037755347684e+01
2.970043842149071800e+00 1.832295957600710810e-03 3.510012376237623926e+02 4.954925542196660615e+01
2.976510225225458495e+00 1.909562939757382871e-03 3.403444180522565148e+02 4.516618118703493678e+01
2.983008757323797777e+00 1.820848808918005624e-03 3.353147459727385353e+02 4.504910399873777038e+01
2.989442833175567138e+00 1.860876473636659213e-03 3.303733333333333348e+02 4.564497232981853614e+01
2.995851322080832713e+00 1.818248084975540883e-03 3.298931677018633764e+02 4.622548980341144187e+01
3.002288071879581022e+00 1.866109072499165002e-03 3.267697929354445705e+02 4.623601293793349498e+01
3.008748785923475388e+00 1.879638502675874765e-03 3.246254545454545450e+02 4.563674610488047279e+01
3.015199648864150372e+00 1.825469582085792030e-03 3.225422885572139080e+02 4.488925156500921076e+01
3.021614952218953931e+00 1.867358907394168870e-03 3.178472727272727525e+02 4.476300696207195529e+01
3.028035269137849372e+00 1.805619228951016193e-03 3.163491864831038924e+02 4.448993257269024326e+01
3.034481983401863037e+00 1.885823396422961745e-03 3.099807460890493189e+02 4.517248228797236465e+01
3.040948636384726900e+00 1.846244746713175374e-03 3.052925925925925981e+02 4.478815633994155121e+01
3.047399548284976056e+00 1.866575050031695892e-03 2.961383108935128803e+02 4.661550728236341001e+01
3.053818065407082116e+00 1.858882463793821993e-03 2.878230958230957981e+02 4.758827758241383066e+01
3.060168791671987076e+00 1.792825745411367891e-03 2.788613231552162688e+02 4.921437171850998737e+01
3.066596020837712544e+00 1.927764682785730512e-03 2.666220379146919299e+02 5.207426173028655825e+01
3.073140751332767540e+00 1.856356834428901387e-03 2.575920889987639271e+02 5.424065066668045176e+01
3.079593295930210139e+00 1.886716362797553155e-03 2.416969696969696884e+02 5.674213804192093846e+01
3.086017154762366044e+00 1.830431539716442747e-03 2.301399999999999864e+02 5.626531413757502520e+01
3.092486513109037993e+00 1.905108961471654438e-03 2.178141486810551442e+02 5.351108725736678196e+01
3.098964516853627060e+00 1.852397442341169754e-03 2.117676143386897536e+02 4.795519745609610851e+01
3.105440922044128804e+00 1.880034527507769499e-03 2.070072727272727207e+02 4.071942375665916103e+01
3.111821301298671738e+00 1.810318297736169049e-03 2.002767295597484178e+02 3.323114013239141684e+01
3.118233335063332667e+00 1.868901341642052608e-03 1.865334957369062181e+02 2.679899607176154319e+01
3.124683867316949026e+00 1.865189586864977357e-03 1.732405372405372361e+02 2.153830261390675105e+01
3.131144652615997170e+00 1.844489775254080271e-03 1.647691358024691226e+02 1.701040340827277220e+01
3.137527951480249655e+00 1.850518740970626434e-03 1.600701107011070121e+02 1.370256320464502409e+01
3.143946084488824955e+00 1.842734159383119935e-03 1.564237918215613377e+02 1.187436749708467509e+01
3.150358822729363073e+00 1.875642417003805899e-03 1.531128640776699115e+02 1.102224232429162853e+01
3.156784286039504561e+00 1.823981601210612454e-03 1.511637499999999932e+02 1.131684101792545150e+01
3.163270120323041557e+00 1.930117905744787839e-03 1.495106132075471805e+02 1.118252380076366315e+01
3.169756141428992979e+00 1.817110211355118556e-03 1.487537688442210992e+02 1.093634462453624145e+01
3.176136715832639901e+00 1.869400486556539428e-03 1.475345454545454515e+02 1.009343020649240685e+01
3.182603852824878121e+00 1.855271636042648588e-03 1.461963190184049211e+02 9.898551996483337945e+00
3.189050645908320547e+00 1.867823016262818358e-03 1.449878787878787989e+02 9.709031513456588769e+00
3.195475202712392715e+00 1.830177604982121797e-03 1.445732009925558259e+02 9.735443058303955510e+00
3.201930699474990760e+00 1.890160737295187680e-03 1.455017921146953483e+02 9.940008167516854343e+00
3.208380198036255848e+00 1.818817371399450607e-03 1.492876712328767042e+02 1.045632770438872150e+01
3.214769441202507405e+00 1.856295446885927562e-03 1.549769417475728233e+02 1.252693887648663740e+01
3.221219946103295317e+00 1.854520719188760538e-03 1.579217603911980348e+02 1.467383423914925800e+01
3.227683765295594753e+00 1.874065427032763596e-03 1.559350180505415153e+02 1.607153181151965171e+01
3.234131017772435612e+00 1.840716304877563787e-03 1.511985203452527742e+02 1.636325605995937948e+01
3.240599979113187423e+00 1.901252405176113557e-03 1.470699881376037865e+02 1.568423363391710446e+01
3.247028333220890239e+00 1.799593188369970169e-03 1.453886792452830150e+02 1.496067326001814735e+01
3.253443203786942295e+00 1.907653420062672836e-03 1.433431603773584868e+02 1.423457802898995261e+01
3.259883502116921683e+00 1.795580006981134817e-03 1.419949622166246854e+02 1.394745333105721485e+01
3.266300345605878341e+00 1.923600185575663262e-03 1.404618991793669522e+02 1.394876210950155304e+01
3.272853483066015201e+00 1.856140221165968399e-03 1.389256097560975718e+02 1.405240140075354383e+01
3.279208055010873757e+00 1.838273880463746476e-03 1.372024539877300526e+02 1.385962922095488281e+01
3.285677511815711327e+00 1.882917816817657360e-03 1.357565632458234006e+02 1.326875200580820824e+01
3.292103848527159204e+00 1.835553428200827411e-03 1.342949816401468865e+02 1.319388440015698549e+01
3.298586108799094418e+00 1.888317585372828586e-03 1.325819477434679357e+02 1.306358593110585886e+01
3.305031100311709658e+00 1.850386223069815962e-03 1.314190012180268070e+02 1.296022598063800935e+01
3.311493553422723224e+00 1.868513817595845007e-03 1.297696897374701734e+02 1.263789429007834286e+01
3.317903636599865536e+00 1.824831080609758517e-03 1.285042944785276120e+02 1.335077669502772402e+01
3.324331097200103002e+00 1.867240715589447552e-03 1.262952380952380906e+02 1.366221223242781235e+01
3.330698991454875468e+00 1.802295415888940022e-03 1.245773067331670774e+02 1.437771049104082444e+01
3.337129369178693850e+00 1.924555404658041986e-03 1.222775842044134720e+02 1.529390482917135863e+01
3.343680207265053550e+00 1.861922247852822480e-03 1.204342581423401697e+02 1.545084822554741955e+01
3.350044083295126374e+00 1.835162792558274860e-03 1.187812879708383917e+02 1.560296468085417665e+01
3.356505604070456616e+00 1.871227406804753775e-03 1.170462085308056857e+02 1.564991119684045096e+01
3.362916001860436488e+00 1.833654571443432820e-03 1.159610231425091342e+02 1.528497920303305868e+01
3.369285096640512123e+00 1.875337531839301689e-03 1.155524390243902388e+02 1.514065346243292431e+01
3.375802434903234950e+00 1.848095989791553092e-03 1.153098782138024347e+02 1.532469275629260785e+01
3.382214916359785661e+00 1.843501739730700950e-03 1.167162921348314626e+02 1.502027689900262253e+01
3.388621595555129762e+00 1.837214591020290208e-03 1.228398835516739496e+02 1.661426523876165717e+01
3.395087870480640202e+00 1.897809126909797642e-03 1.363502906976744100e+02 2.391837288329899280e+01
3.401600099274715294e+00 1.862825267528726196e-03 1.483423831070889776e+02 3.131751521597557897e+01
3.408008587822927371e+00 1.829521772960810344e-03 1.529177018633540399e+02 3.244104916079533041e+01
3.414429009776510870e+00 1.863403552598411495e-03 1.469133126934984546e+02 2.735423113573355636e+01
3.420895508941175223e+00 1.876279003669552520e-03 1.429014084507042242e+02 2.525877619498423954e+01
3.427361199308996742e+00 1.871984655860910217e-03 1.392737341772152035e+02 2.231856941424800311e+01
3.433789816721534383e+00 1.835455874914732619e-03 1.375876623376623513e+02 2.170555818966293771e+01
3.440207803416203358e+00 1.864980166185075923e-03 1.357605177993527548e+02 2.188785469373410564e+01
3.446682336316245543e+00 1.886495457043324163e-03 1.340845528455284636e+02 2.222141674791134847e+01
3.453142116062292821e+00 1.850491205141300763e-03 1.327983193277310932e+02 2.191920215067395361e+01
3.459552608189105705e+00 1.840426776601197887e-03 1.313304794520547887e+02 2.219876538994186177e+01
3.466037827277117955e+00 1.895781883946169978e-03 1.313565365025467031e+02 2.292493411539478032e+01
3.472473653977210972e+00 1.828931698347952819e-03 1.304042933810375757e+02 2.274070350027495735e+01
3.478868831430015351e+00 1.849798838882201271e-03 1.295464285714285779e+02 2.238774933201326434e+01
3.485296939778874226e+00 1.846836384750711896e-03 1.292838827838827740e+02 2.304042800032685179e+01
3.491740378822062674e+00 1.892374048568714641e-03 1.291092896174863256e+02 2.352406634646318651e+01
3.498222076309955408e+00 1.850392789083453492e-03 1.288627819548872253e+02 2.330880653640635813e+01
3.504611891581455030e+00 1.828338000025509641e-03 1.290116504854368884e+02 2.224353038908267166e+01
3.511032309223517167e+00 1.894740202114146826e-03 1.319809160305343596e+02 2.169548929779805491e+01
3.517510811405253346e+00 1.847376399887671770e-03 1.331067193675889371e+02 2.075908029681945877e+01
3.523886222494890585e+00 1.819823680849573695e-03 1.348159509202453989e+02 2.069627726686708513e+01
3.530333766363422221e+00 1.913949961282706506e-03 1.396673267326732741e+02 2.247911145745043981e+01
3.536838628960300657e+00 1.837400593869444173e-03 1.415208333333333428e+02 2.177016845077224971e+01
3.543212277439104163e+00 1.824314092004992007e-03 1.455460385438972253e+02 2.147391755951853298e+01
3.549634251627681092e+00 1.895848120010211945e-03 1.516890756302520913e+02 2.205834853430171094e+01
3.556117060308725097e+00 1.842284182035823720e-03 1.509366812227074206e+02 1.951698960007722050e+01
3.562580790750173865e+00 1.873137250446494902e-03 1.463530701754386030e+02 1.943074232516255861e+01
3.569027121761189303e+00 1.864198494303047999e-03 1.392747747747747837e+02 1.684854046745447320e+01
3.575415228040989657e+00 1.829283293316363293e-03 1.334918793503480288e+02 1.452889060848772118e+01
3.581824267593239686e+00 1.860007523854312686e-03 1.311252900232018703e+02 1.354757532854236146e+01
3.588330065081806630e+00 1.895947895659538546e-03 1.273016241299303886e+02 1.003105277086955560e+01
3.594804804657118602e+00 1.838793340235311087e-03 1.247195121951219505e+02 7.447615990243593664e+00
3.601203120605045882e+00 1.866742151695356807e-03 1.235735294117647101e+02 6.984465895172692562e+00
3.607629953215138574e+00 1.849946976811765471e-03 1.218120300751879768e+02 5.900748494579016068e+00
3.614090854913730499e+00 1.868416365547433599e-03 1.210353535353535364e+02 5.890957889739825148e+00
3.620574720227974552e+00 1.873754476683962313e-03 1.195526992287917807e+02 6.008075620426851948e+00
3.627004027770476924e+00 1.835919208150294619e-03 1.184331550802139077e+02 5.890775448097465450e+00
3.633382280898821648e+00 1.849285921997263250e-03 1.170379403794037927e+02 5.297774440703741483e+00
3.639818201334091174e+00 1.872714577785467623e-03 1.146158038147138996e+02 5.253114851678978070e+00
3.646271849872324999e+00 1.848931603973280732e-03 1.119325842696629252e+02 5.475767507319676319e+00
3.652754025121335069e+00 1.886957975833729447e-03 1.108792134831460743e+02 6.140829783547269827e+00
3.659208746855755479e+00 1.834720162372708565e-03 1.099705014749262517e+02 6.364465213353658335e+00
3.665582835495777569e+00 1.840575612045432024e-03 1.114144144144144093e+02 6.092437399690273203e+00
3.672040343112283445e+00 1.886479483533069204e-03 1.154251497005988085e+02 6.448565242692997579e+00
3.678529717319615866e+00 1.858096912976999176e-03 1.189503105590062120e+02 6.871526288884405531e+00
3.684932562337432049e+00 1.835190244932949138e-03 1.193311897106109285e+02 7.697708902375827833e+00
3.691340469028411508e+00 1.865394116403416890e-03 1.154142394822006423e+02 7.933867347429218952e+00
3.697825917576230470e+00 1.878575472322643403e-03 1.079243421052631646e+02 5.963481026688914888e+00
3.704288468942850354e+00 1.854378416201764085e-03 1.026279863481228602e+02 4.422668298066438908e+00
3.710695071708606907e+00 1.843173339766954189e-03 9.978947368421052033e+01 4.594106787452297169e+00
3.717119980493126530e+00 1.858275420549158159e-03 9.775714285714285268e+01 4.455831995880253693e+00
3.723579054116692877e+00 1.875547371405369762e-03 9.559999999999999432e+01 3.521156834698712323e+00
3.730020297411832164e+00 1.843995263516665269e-03 9.434848484848484418e+01 3.613048678468692376e+00
3.736426917509388268e+00 1.851423495632689448e-03 9.391860465116279499e+01 4.147105697703957539e+00
3.742862848593606184e+00 1.866246695943705233e-03 9.294071146245059367e+01 3.837124347026341198e+00
3.749304155234212121e+00 1.850203366498975400e-03 9.254508196721312174e+01 4.052447742570130629e+00
3.755769545342233950e+00 1.881542671327423493e-03 9.312033195020747200e+01 3.987860575871478908e+00
3.762207580716425692e+00 1.832713059301602828e-03 9.366666666666667140e+01 3.173584318542769900e+00
3.768650259547695391e+00 1.882711660849632198e-03 9.502202643171806073e+01 3.856404875668509646e+00
3.775101190588130873e+00 1.841328330998877110e-03 9.647906976744185670e+01 4.138382384639280431e+00
3.781544745172108257e+00 1.876261972947606757e-03 9.718867924528301216e+01 4.687217417612663972e+00
3.787984350729691752e+00 1.841817734800533721e-03 9.619900497512438164e+01 4.831611705372573340e+00
3.794443778523244770e+00 1.888119406057294294e-03 9.304522613065326198e+01 4.589499809048931844e+00
3.800887998049732097e+00 1.829598834944004332e-03 8.879032258064516725e+01 4.416253522912080065e+00
3.807319286871066577e+00 1.879776389761753357e-03 8.462500000000000000e+01 4.881058108737239998e+00
3.813728772969168901e+00 1.816176537965013323e-03 8.266666666666667140e+01 4.195978767434854539e+00
3.820127884734960233e+00 1.870328496078344947e-03 8.147928994082840859e+01 4.532366705927963757e+00
3.826558902351690605e+00 1.840091099185570860e-03 8.042138364779874848e+01 4.165739780613001209e+00
3.832976717434447789e+00 1.862754303780558536e-03 7.896103896103896602e+01 3.740552838443815808e+00
3.839467489846226655e+00 1.881591717002498556e-03 7.798648648648648418e+01 3.813170153293623521e+00
3.845958738964208923e+00 1.872212223355807642e-03 7.726428571428571956e+01 4.281593256759278709e+00
3.852379013358490312e+00 1.829949564810406546e-03 7.679230769230768772e+01 4.027009403233099860e+00
3.858770514458473411e+00 1.860590576749386821e-03 7.548000000000000398e+01 3.481011347295496439e+00
3.865201312403456324e+00 1.846877382617491750e-03 7.445299145299145493e+01 3.584683042699754463e+00
3.871669834970288271e+00 1.885989225799452511e-03 7.368750000000000000e+01 4.144434736573165523e+00
3.878154213609482870e+00 1.855219997046820071e-03 7.220388349514563231e+01 4.645618386729301719e+00
3.884570297975108666e+00 1.842018581107749764e-03 7.144210526315789878e+01 4.944825774388634798e+00
3.891030549524630455e+00 1.892572859664069882e-03 7.132222222222222285e+01 3.118008227802162136e+00
3.897480132485925619e+00 1.830223622249431631e-03 7.103749999999999432e+01 4.271892145174078337e+00
3.903837790606199842e+00 1.833538786489578550e-03 7.204109589041095774e+01 6.494378821486705533e+00
3.910297958451704581e+00 1.898394991490752427e-03 7.083823529411765207e+01 4.823439740916855456e+00
3.916760076293909876e+00 1.823271174774054393e-03 7.043103448275861922e+01 3.234126147534885920e+00
3.923205856217289345e+00 1.907998375040481686e-03 7.077358490566037119e+01 2.591919969405592106e+00
3.929647757040283906e+00 1.804292177573046203e-03 7.283720930232557578e+01 3.425953184011322428e+00
3.936002968608691699e+00 1.864030959871269735e-03 7.600000000000000000e+01 3.966072330370404408e+00
3.942404476100300759e+00 1.828532384993888883e-03 8.055172413793103203e+01 4.919083661271416830e+00
3.948822507765122225e+00 1.871711324841116540e-03 8.695454545454545325e+01 6.605469809556218763e+00
3.955157590966607906e+00 1.825831164639231917e-03 9.042857142857143060e+01 8.749927113399055045e+00
3.961507824082775464e+00 1.968979546566614058e-03 9.257142857142856940e+01 6.350317363112248259e+00
