# q qerr I(q) I(q)err
8.294532032279089417e-03 3.215448162638725495e-03 8.333333333333332871e-02 3.513704072290972391e+01
1.547771440847061503e-02 1.298069176105710962e-03 1.666666666666666574e-01 3.908679799852858294e-01
2.114153426598287117e-02 1.953452460535632252e-03 2.000000000000000111e-01 4.123105625617661252e-01
2.708829541553820289e-02 1.932501425123600049e-03 4.166666666666666435e-02 2.041241452319315919e-01
3.424760286937652415e-02 2.393094809829984012e-03 6.818181818181817677e-02 2.551130036436777826e-01
4.134659872356089005e-02 1.444308516548141333e-03 1.388888888888888951e-01 3.513641844631532618e-01
4.709622292726145520e-02 1.633576272088444088e-03 5.000000000000000278e-02 2.207940216581961157e-01
5.289360403025952090e-02 1.994215660312892175e-03 4.166666666666666435e-02 2.019866607256804447e-01
5.941266175682404643e-02 2.038777625163953021e-03 4.000000000000000083e-02 1.979898987322334103e-01
6.623959740571712385e-02 2.014614798769268252e-03 1.296296296296296224e-01 3.394500514782105016e-01
7.251770781946841049e-02 1.767162065969994948e-03 1.875000000000000000e-01 3.952847075210474403e-01
7.836204892921720677e-02 1.794558473909566021e-03 5.400000000000000355e-01 1.009554357129917035e+00
8.476368586159346852e-02 2.173163639586968114e-03 1.640625000000000000e+00 4.623944136232617019e+00
9.171767809022127182e-02 2.151270969520740432e-03 6.882352941176471006e+00 1.908723825910552208e+01
9.840741527280037759e-02 1.879523288412654567e-03 1.723333333333333428e+01 4.286217576268277440e+01
1.046713563714864598e-01 1.717715818177843919e-03 3.821999999999999886e+01 7.444659831046681120e+01
1.108696467093386595e-01 1.978629817275711061e-03 6.054716981132075659e+01 1.026102425323734764e+02
1.174911181025048434e-01 2.151142134119994175e-03 8.237704918032787305e+01 1.283267285523610894e+02
1.240901985761322518e-01 1.682567093931450772e-03 1.123199999999999932e+02 1.528549115992024667e+02
1.302695169190241364e-01 1.981638030988197227e-03 1.245932203389830448e+02 1.635776304849134704e+02
1.366843399328758479e-01 1.885635125754002352e-03 1.506607142857142776e+02 1.850924100418545777e+02
1.431380625310322841e-01 2.037281709542672608e-03 1.699193548387096655e+02 1.936652630987638588e+02
1.497407916800755912e-01 2.013243134106564892e-03 1.834761904761904816e+02 2.065442490919449767e+02
1.560440161600273323e-01 1.800320108738214832e-03 1.981403508771929864e+02 2.163571210211463267e+02
1.626324968867556287e-01 2.166758397174068339e-03 2.221081081081080981e+02 2.242890643079861093e+02
1.693678508908615654e-01 1.711853084056604935e-03 2.273833333333333258e+02 2.335606832876154044e+02
1.755753172360756398e-01 1.940749690505284321e-03 2.532753623188405925e+02 2.379502153349431524e+02
1.819629297477835528e-01 1.792019476258344991e-03 2.582923076923077019e+02 2.457110791923510646e+02
1.883474920212158954e-01 1.982820530303366913e-03 2.631527777777777715e+02 2.536324569634348620e+02
1.949500334927739553e-01 1.985593967279970003e-03 2.868933333333333167e+02 2.547377747148362630e+02
2.014306324154557237e-01 1.750557958225071797e-03 2.901159420289855007e+02 2.601757819496801289e+02
2.076332073357673447e-01 1.865361520913360683e-03 3.104459459459459367e+02 2.619954798900817536e+02
2.140129245322099916e-01 1.882829286684015863e-03 3.080799999999999841e+02 2.690467518232968587e+02
2.204163405633874917e-01 1.951475208267544961e-03 3.310641025641025408e+02 2.691613695657962353e+02
2.268599176829277919e-01 1.954094669929957399e-03 3.278500000000000227e+02 2.743316890645337480e+02
2.335135695299082048e-01 1.986313139076756155e-03 3.300941176470588516e+02 2.768487236353938670e+02
2.400224779461884173e-01 1.823737618079871109e-03 3.465874999999999773e+02 2.758475569721435363e+02
2.464005577519743639e-01 1.894426896505377799e-03 3.571999999999999886e+02 2.753137418847600202e+02
2.528350385827773383e-01 1.829527638271931031e-03 3.633333333333333144e+02 2.795900485319448308e+02
2.590859102888302123e-01 1.817056121189442432e-03 3.656904761904762040e+02 2.817157390936139905e+02
2.654612130450557106e-01 1.918447197659697845e-03 3.689213483146067460e+02 2.832341979841306170e+02
2.718942366720529247e-01 1.942478483450333455e-03 3.868901098901098976e+02 2.735670316074547941e+02
2.784185743669774227e-01 1.921358219378808702e-03 3.881505376344085789e+02 2.668854218938727740e+02
2.849156375412667530e-01 1.882334819595186037e-03 4.212553191489361666e+02 2.421790951424957825e+02
2.911870294677750826e-01 1.766712284927822799e-03 4.329550561797752835e+02 2.184748661470870843e+02
2.976511517037133681e-01 2.019527329980297554e-03 4.693495145631068226e+02 1.888242303592934945e+02
3.043178155919494809e-01 1.919359421117726450e-03 4.867400000000000091e+02 1.619903694668296907e+02
3.108074081907638564e-01 1.815555258398614735e-03 5.066836734693877702e+02 1.454425294154550841e+02
3.170970610330232087e-01 1.826000353424227750e-03 5.153737373737374128e+02 1.354537658441397809e+02
3.235319739834495723e-01 1.908097576542081529e-03 5.182952380952381191e+02 1.294877873578428762e+02
3.300700059726238145e-01 1.867687188749142220e-03 5.312075471698112779e+02 1.240388193005932465e+02
3.365262003550894554e-01 1.808122422876843900e-03 5.308761904761904589e+02 1.243660597807811286e+02
3.429039324965278412e-01 1.810371451943152679e-03 5.410000000000000000e+02 1.184551901584379578e+02
3.492243179790229801e-01 1.835371710213073819e-03 5.431018518518518476e+02 1.129911083637689302e+02
3.555659880086458058e-01 1.813249007222180170e-03 5.459629629629629335e+02 1.100216230773824719e+02
3.620245372922214488e-01 1.918012235727336494e-03 5.525470085470085451e+02 1.055815615564427219e+02
3.685406119477664388e-01 1.798147481859587110e-03 5.519369369369369451e+02 1.023779649493318544e+02
3.750909242308860247e-01 1.967614233492519498e-03 5.617258064516129252e+02 9.727515029402033520e+01
3.816999037813160189e-01 1.752662604176019427e-03 5.605304347826087223e+02 9.223048510038616143e+01
3.880273799716012495e-01 1.749306826939258557e-03 5.625603448275861638e+02 8.908941352850935402e+01
3.942361145945514900e-01 1.745527907058957431e-03 5.628793103448275588e+02 8.655888914566081382e+01
4.006128291384035145e-01 1.852638254231622501e-03 5.663821138211382049e+02 8.240192114167759030e+01
4.070503578694664726e-01 1.848743254130127446e-03 5.698225806451613380e+02 7.940250256857099487e+01
4.135933781829447264e-01 1.871256654943844995e-03 5.732480620155038196e+02 7.663693272806048640e+01
4.202179442533061082e-01 1.832712641984981681e-03 5.790769230769230944e+02 7.452435367006430056e+01
4.266798115557093873e-01 1.759393680741872749e-03 5.846220472440944604e+02 7.254542320282416767e+01
4.330910535146235696e-01 1.771858374752960505e-03 5.911615384615384983e+02 7.194670940413355709e+01
4.395078467689783608e-01 1.772659720438770270e-03 5.936893939393939945e+02 7.173161017342093260e+01
4.457793319829173595e-01 1.654526338047628432e-03 5.880320000000000391e+02 6.937976096816707638e+01
4.521562795609589402e-01 1.887763445894669913e-03 5.873239436619718390e+02 6.549499618211953589e+01
4.587656575942579140e-01 1.769717907920350091e-03 5.765766423357664507e+02 6.194476123539071466e+01
4.652405449529313231e-01 1.746242423612376143e-03 5.711654676258992822e+02 5.824930046896665203e+01
4.716282944699034529e-01 1.704407088516023735e-03 5.643941605839415843e+02 5.421228276055033746e+01
4.780637153179891352e-01 1.798647074538550902e-03 5.587361111111110858e+02 4.959283580746241427e+01
4.844976548260259142e-01 1.723433333189145671e-03 5.535563380281689660e+02 4.641216189824638150e+01
4.908596034113225648e-01 1.665744062354685903e-03 5.479078014184397034e+02 4.514984580291900329e+01
4.972011979785150859e-01 1.734256865849588200e-03 5.469452054794520564e+02 4.437067608486696457e+01
5.036178995103413047e-01 1.747915368961153139e-03 5.423378378378378102e+02 4.274827686948849959e+01
5.101756467004687767e-01 1.800451491856020327e-03 5.406967741935484355e+02 4.220697428695804376e+01
5.166235656727934389e-01 1.648057805296297825e-03 5.382312925170067501e+02 4.190549517867139429e+01
5.229884928033705638e-01 1.714260039451578075e-03 5.353092105263158373e+02 4.175080966090023082e+01
5.293925748937229336e-01 1.756900675637705763e-03 5.313974358974359120e+02 4.235811583379060608e+01
5.357749724968067229e-01 1.647361260156582873e-03 5.276026490066225278e+02 4.303054217872147547e+01
5.422269581426349960e-01 1.797131621318817348e-03 5.243536585365853853e+02 4.155057463893489000e+01
5.488258977193463117e-01 1.752106618123457169e-03 5.198198757763975664e+02 4.058711941696565617e+01
5.552607346015674405e-01 1.711536068502800701e-03 5.182250000000000227e+02 3.911426569999748892e+01
5.616696921416424182e-01 1.713298320607429745e-03 5.157055214723926611e+02 3.704975684016041981e+01
5.680596363279470928e-01 1.671719726027721563e-03 5.141062500000000455e+02 3.780404244257483981e+01
5.744116486855085357e-01 1.773350792090137981e-03 5.122916666666666288e+02 3.848043720670345635e+01
5.808465417437830292e-01 1.706594120505047427e-03 5.099818181818181984e+02 3.956283282383646593e+01
5.872915480827241019e-01 1.773275249674210931e-03 5.075433526011560730e+02 3.946685652808729827e+01
5.936297343998458986e-01 1.608871723183330060e-03 5.033456790123456699e+02 4.057624948855595193e+01
6.000917821228005655e-01 1.852508397134843563e-03 5.025384615384615472e+02 3.842015905936730036e+01
6.066068710033430955e-01 1.719733697199352486e-03 5.001871345029239819e+02 3.882907504929367093e+01
6.129319261090041548e-01 1.700305612135823196e-03 4.995523255813953369e+02 3.802600711900763031e+01
6.193292159447265632e-01 1.792945791870086646e-03 4.975722222222221944e+02 3.682493368277450685e+01
6.257789288608107681e-01 1.769335618302108433e-03 4.957570621468926788e+02 3.702650682334670762e+01
6.322945183878984077e-01 1.883051681004075783e-03 4.948201058201058231e+02 3.656267386454957347e+01
6.387697914265673127e-01 1.734308686986089703e-03 4.934034090909090651e+02 3.898322492983042054e+01
6.450797878865883739e-01 1.812617312363664322e-03 4.921521739130434980e+02 3.909352576947808444e+01
6.514777522098027518e-01 1.807195130708317372e-03 4.899297297297297291e+02 3.978999033549098385e+01
6.579453254174412180e-01 1.840076954070700866e-03 4.879365079365079509e+02 4.020616016682907201e+01
6.642487788958216788e-01 1.761967380250493336e-03 4.844450549450549488e+02 4.087460021677636490e+01
6.707545140871414846e-01 1.952870522822350513e-03 4.829100000000000250e+02 3.960083900626348452e+01
6.772291234912055646e-01 1.844192786587162299e-03 4.792010582010581743e+02 4.170173513744801852e+01
6.834443396870620857e-01 1.745041746211572261e-03 4.756630434782608745e+02 4.306622628473868986e+01
6.899300657465672337e-01 1.988575045799213618e-03 4.740048309178744148e+02 4.151054810364149006e+01
6.965346490814943170e-01 1.967867873463197050e-03 4.700452261306532478e+02 4.328987476582692295e+01
7.030970487636396538e-01 2.020648629947002003e-03 4.663252427184465887e+02 4.395604236165847567e+01
7.095716427219228573e-01 1.946516927103622520e-03 4.631767676767676676e+02 4.610933371949223414e+01
7.160970279381224657e-01 2.044543341153194464e-03 4.620428571428571445e+02 4.454621234194446089e+01
7.226116891734091219e-01 2.004959656352403585e-03 4.615219512195121752e+02 4.228074999742829476e+01
7.291288619178314390e-01 2.011427705279334160e-03 4.582047619047618809e+02 4.462704710524026552e+01
7.356079106374427967e-01 1.973711099579897668e-03 4.560817307692307736e+02 4.256599470616707492e+01
7.419803430714648762e-01 1.939746738906150680e-03 4.525024390243902417e+02 4.616194986896608299e+01
7.484516812817442188e-01 2.022257641999446187e-03 4.524499999999999886e+02 4.308516407809494808e+01
7.549512183205485671e-01 1.898119824350936232e-03 4.500288461538461320e+02 4.685933614026043159e+01
7.613853957290165342e-01 1.973382858640895885e-03 4.496818181818181870e+02 4.411799308728340918e+01
7.678481984516135617e-01 1.903941598965435333e-03 4.472418604651163037e+02 4.708688975274694144e+01
7.743372045322526320e-01 1.915374251326664194e-03 4.460360360360360232e+02 4.440262895733976478e+01
7.807807857039134047e-01 1.872160005679921477e-03 4.438669724770642233e+02 4.478311696409462428e+01
7.871827117013717734e-01 1.874571936203420349e-03 4.416923076923076792e+02 4.435871716330986914e+01
7.935705088346153291e-01 1.846468364235832015e-03 4.399865470852017779e+02 4.415824307349479483e+01
7.999497029225959288e-01 1.794315080242126848e-03 4.384429223744292017e+02 4.455382458520480782e+01
8.063895263538338742e-01 1.919941342275102670e-03 4.386822033898305335e+02 4.341091830646162464e+01
8.129038415374738591e-01 1.785391972586650427e-03 4.381999999999999886e+02 4.499393539380859863e+01
8.193543447618309994e-01 1.828478467253065801e-03 4.370553191489361780e+02 4.450366163133826802e+01
8.257450256705209934e-01 1.731942097964038994e-03 4.355625000000000000e+02 4.575481471054634852e+01
8.321389716972604766e-01 1.845140229989535984e-03 4.349208333333333485e+02 4.426663607554164059e+01
8.386208936931099922e-01 1.751195931903918061e-03 4.329829059829060043e+02 4.470821424601982841e+01
8.449970631363269424e-01 1.723661030767332288e-03 4.303620689655172669e+02 4.537810254786148079e+01
8.513046230100612677e-01 1.773741526074865430e-03 4.280336134453781369e+02 4.533700904912578977e+01
8.578256185292513214e-01 1.822821089358022794e-03 4.259838056680162026e+02 4.436725271498181655e+01
8.643009097266359797e-01 1.747841479780405487e-03 4.232365145228215511e+02 4.438789577386172880e+01
8.706520843132705689e-01 1.718512007701664341e-03 4.202521008403361407e+02 4.448676160606706986e+01
8.770655084888429043e-01 1.823306464836067656e-03 4.188181818181818130e+02 4.370284379208784031e+01
8.835379301005906738e-01 1.720994191554163586e-03 4.167901234567901270e+02 4.458916652366025346e+01
8.899818591232092624e-01 1.816014583941305376e-03 4.167529411764705856e+02 4.428004411475980362e+01
8.963154830142930907e-01 1.686559403020368615e-03 4.145749999999999886e+02 4.538746270539181893e+01
9.027402481510985455e-01 1.849914512401526186e-03 4.145381679389312808e+02 4.365555920146869084e+01
9.092741475074460622e-01 1.818523953956779297e-03 4.143529411764706083e+02 4.463545536266573777e+01
9.156513574886713247e-01 1.799905876070713017e-03 4.151746031746031917e+02 4.576490528568269411e+01
9.219738414041327434e-01 1.816254378221876130e-03 4.163007812500000000e+02 4.633995224767076593e+01
9.284093843578240524e-01 1.864548344913183461e-03 4.191846153846153697e+02 4.704851518448896996e+01
9.348720171621091035e-01 1.939851900461452830e-03 4.226891385767790439e+02 4.725506086843594034e+01
9.413551784733346084e-01 1.927152036582965508e-03 4.261793893129770936e+02 5.471573828083474211e+01
9.478756351150825488e-01 2.022964964773094239e-03 4.370688405797101268e+02 5.765014300639543166e+01
9.544794314844599059e-01 1.995588314593873917e-03 4.529372693726937200e+02 5.919162922171878449e+01
9.609640598131067302e-01 1.976081289299603128e-03 4.834338235294117680e+02 6.638330768456478381e+01
9.673540511875814429e-01 1.900963898517757681e-03 5.498863636363636260e+02 9.577622430010787014e+01
9.738764300010358532e-01 2.020370959177093719e-03 7.007465277777778283e+02 1.843351910230340707e+02
9.803887395962943563e-01 1.868024915732807104e-03 9.932022471910112245e+02 3.373668486457499398e+02
9.867609507399704993e-01 1.907798179635916648e-03 1.439243727598566238e+03 5.077948837664612256e+02
9.931792738827067701e-01 1.861169570246367679e-03 1.996032727272727243e+03 6.335086043418876898e+02
9.997024529712079666e-01 1.929714342920701943e-03 2.590267123287671438e+03 7.233274411317474915e+02
1.006152710574202525e+00 1.760100644785859590e-03 3.121000000000000000e+03 9.224871651426600465e+02
1.012546487448541255e+00 1.858180627704414780e-03 3.401076124567473926e+03 1.084987480037764726e+03
1.018988798098918291e+00 1.803978976354649174e-03 3.473848591549295634e+03 1.186086021537230408e+03
1.025394048634321598e+00 1.775790568352827222e-03 3.367126315789473665e+03 1.219637729616904608e+03
1.031778999059903112e+00 1.783042104657854955e-03 3.079117647058823422e+03 1.167200357756785024e+03
1.038243195035333466e+00 1.800042721148124251e-03 2.716692832764505056e+03 1.111006577162145732e+03
1.044593270705168830e+00 1.728638088187854378e-03 2.261895104895104851e+03 1.007096850135739032e+03
1.051019473275584426e+00 1.807666001326826760e-03 1.779836120401337894e+03 8.723559205932214127e+02
1.057452118334604840e+00 1.764796907398143069e-03 1.273952542372881453e+03 6.527495361231090101e+02
1.063812741872586898e+00 1.735604614353873946e-03 8.760000000000000000e+02 4.308832041475257597e+02
1.070275566257694377e+00 1.860876787998901613e-03 5.968580645161290477e+02 2.209282952781886422e+02
1.076675486865225739e+00 1.737707282280460301e-03 4.587388316151202616e+02 1.070078021697670607e+02
1.083000003099001241e+00 1.811785629637566912e-03 3.993421052631579187e+02 5.901593682948272601e+01
1.089457558406981885e+00 1.875700427842611059e-03 3.719805194805194901e+02 4.465218627434834531e+01
1.095857128634095679e+00 1.865882195591197666e-03 3.581085526315789593e+02 4.060235305259046612e+01
1.102286980210992473e+00 1.937596539280167377e-03 3.450734824281150281e+02 4.345584161610678109e+01
1.108924588094037933e+00 2.035521144429528872e-03 3.386707317073170884e+02 4.073071553853166904e+01
1.115518250266801070e+00 1.963453062553008333e-03 3.323006329113924266e+02 4.057368435774350957e+01
1.121980766162010701e+00 1.920251373127695831e-03 3.292356687898089262e+02 3.910331718129184253e+01
1.128426312748922689e+00 1.950613960551148517e-03 3.249596273291925286e+02 3.727984796833623449e+01
1.134959239864979930e+00 1.915365560061970144e-03 3.215476923076923299e+02 3.771627106380719852e+01
1.141388067807542761e+00 1.819889318180962796e-03 3.177841269841269991e+02 3.849960233816088362e+01
1.147829738822878420e+00 1.877407927217479219e-03 3.150638297872340559e+02 3.811072986328156986e+01
1.154234759887723172e+00 1.796226287448233561e-03 3.116802507836990799e+02 3.873707958652202876e+01
1.160592008141087206e+00 1.784421184300352767e-03 3.096099071207430597e+02 3.856514966176679593e+01
1.167026991042843242e+00 1.836276795008287468e-03 3.071611940298507193e+02 3.787246693037426581e+01
1.173494023876834547e+00 1.758155136545365687e-03 3.041467889908257121e+02 3.819870392302430417e+01
1.179808164649816637e+00 1.732605827553653768e-03 2.957876923076922822e+02 4.578129071882592172e+01
1.186220583891021807e+00 1.881017850291822648e-03 3.004726688102894059e+02 4.211758117727213602e+01
1.192681073817049464e+00 1.793318889751105601e-03 2.998620689655172669e+02 4.250169752502737452e+01
1.199065629744253458e+00 1.797529783280079436e-03 2.993380281690140805e+02 4.186004882654063408e+01
1.205502001077074059e+00 1.899328588103967692e-03 2.984931506849314928e+02 4.101617954447788605e+01
1.211991242640565014e+00 1.826306843735066819e-03 2.969927536231883778e+02 4.152321588541666841e+01
1.218362901235649165e+00 1.888953249129523074e-03 2.955323741007194371e+02 4.211096770136378353e+01
1.224837827500277143e+00 1.938626244914326818e-03 2.915251798561151304e+02 4.618506909845437747e+01
1.231306496939841066e+00 1.935692192720165272e-03 2.912898550724637516e+02 4.673367735855905636e+01
1.237900180047003751e+00 1.954996484647400414e-03 2.913942652329749308e+02 4.500481953839138072e+01
1.244387829439413284e+00 1.881879514088832415e-03 2.921194029850746006e+02 4.322236406797829744e+01
1.250735832344970877e+00 1.818331757808236372e-03 2.910155038759689887e+02 4.352861277137019158e+01
1.257083335292831006e+00 1.905720956169173206e-03 2.900147601476014643e+02 4.353697820577214372e+01
1.263603115287416090e+00 1.841854869392088893e-03 2.895492424242424363e+02 4.350857234808555773e+01
1.270020777910819465e+00 1.832011672431217405e-03 2.895741444866920347e+02 4.325623884437899846e+01
1.276488051741652807e+00 1.832185980768075541e-03 2.888707224334600596e+02 4.362946623874989882e+01
1.282839323063532211e+00 1.758750693263018286e-03 2.878622047244094233e+02 4.396598718345873635e+01
1.289363492023574365e+00 1.805471412487298991e-03 2.800303030303030027e+02 4.591232889649054272e+01
1.295761563244195891e+00 1.749310907134910172e-03 2.833523489932886150e+02 4.247499681829008722e+01
1.302096506369333051e+00 1.727886103868702576e-03 2.837940199335548073e+02 4.074289466847144325e+01
1.308490604613926855e+00 1.841981469325142248e-03 2.831775700934579163e+02 4.004398111962557039e+01
1.314923371882378955e+00 1.783204890748409099e-03 2.818424437299035503e+02 3.974448624771540040e+01
1.321263162947042602e+00 1.883891353746835161e-03 2.818549382716049649e+02 3.971503575384424067e+01
1.327809252188654421e+00 1.990407611744629372e-03 2.787100591715976066e+02 4.222076019324880036e+01
1.334395055816720577e+00 2.005908808147741692e-03 2.805982404692082355e+02 4.105666484037053721e+01
1.340924575314278222e+00 1.937181998292608577e-03 2.808417910447761301e+02 3.875377523127100687e+01
1.347326738882997477e+00 1.911240937813023883e-03 2.800266272189348911e+02 3.817597012799744505e+01
1.353867248119903444e+00 1.925349651844857632e-03 2.796997167138810028e+02 3.848983051328756488e+01
1.360292180733798650e+00 1.777880213384871099e-03 2.799341317365269219e+02 3.926024352505378090e+01
1.366716033276369036e+00 1.860440026654835337e-03 2.800700280112044993e+02 3.861340819242120403e+01
1.373134056949086190e+00 1.747663592607761902e-03 2.815204678362572963e+02 3.966050656844956279e+01
1.379508641949547476e+00 1.787974598008121871e-03 2.845211267605633907e+02 3.966603942410339556e+01
1.385849874457594222e+00 1.730044418412237826e-03 2.952074927953890437e+02 4.257058109390790435e+01
1.392210228535155858e+00 1.777760908321846531e-03 3.156833333333333371e+02 4.685028113675084427e+01
1.398630460992727143e+00 1.793834584281517276e-03 3.460777777777777828e+02 5.390454268632860391e+01
1.405027543482165298e+00 1.820682476180417696e-03 3.825234159779614060e+02 5.866778754830564679e+01
1.411380623846245186e+00 1.844474811107960554e-03 4.168500000000000227e+02 6.162527326962173646e+01
1.418011585217980208e+00 2.061904995500850411e-03 4.385785536159601179e+02 7.699979522132811383e+01
1.424633236002852632e+00 1.911062399977238009e-03 4.620491803278688394e+02 7.056634989515720235e+01
1.431027237377290762e+00 1.930893372260762729e-03 4.743746701846965834e+02 6.634345693717321524e+01
1.437551415863808524e+00 1.925262037142165712e-03 4.772779220779220850e+02 6.801792239482486480e+01
1.443999660086549230e+00 1.834928749309971486e-03 4.753050397877984210e+02 6.876371771443368175e+01
1.450408168300875378e+00 1.822080046480867126e-03 4.675026178010471085e+02 6.761511417517141354e+01
1.456762351763572827e+00 1.768742008520618686e-03 4.545894736842105317e+02 6.525066136725561705e+01
1.463211358413713192e+00 1.810126088705470279e-03 4.381454081632653015e+02 6.140645069199914019e+01
1.469593255354290973e+00 1.758193336020684059e-03 4.179322916666666856e+02 5.842927018419631935e+01
1.475950724204827313e+00 1.769305199294179780e-03 3.933565891472867975e+02 5.433640423353892146e+01
1.482355977374464340e+00 1.855140322631434503e-03 3.680649999999999977e+02 4.937054726757644119e+01
1.488803525874331735e+00 1.854999873494519958e-03 3.403638676844783504e+02 4.415601909551368465e+01
1.495319592526707764e+00 2.003828109077177445e-03 3.103277511961722439e+02 4.825402345416515004e+01
1.501939691759246465e+00 1.957822028991581826e-03 2.907639902676398833e+02 3.921315109871407856e+01
1.508463382234335848e+00 1.918938912685786129e-03 2.794792176039119909e+02 3.642265988332167836e+01
1.514901188746566207e+00 1.852902137227367511e-03 2.729605911330049253e+02 3.638885263621877186e+01
1.521228969867623793e+00 1.785136608190808364e-03 2.711335012594458362e+02 3.648743125561901479e+01
1.527563647216529041e+00 1.824993124647320475e-03 2.699350961538461320e+02 3.620803880051480661e+01
1.534022576503679458e+00 1.781774817406586286e-03 2.684805825242718242e+02 3.656140350584585974e+01
1.540418711468126034e+00 1.792491139398408621e-03 2.681483253588516504e+02 3.734838416062137156e+01
1.546838712332167631e+00 1.778278829154705072e-03 2.672674698795180461e+02 3.788901288157779845e+01
1.553238623106807825e+00 1.840983848395847744e-03 2.672783018867924625e+02 3.766443315897504363e+01
1.559673935783696619e+00 1.867161364404805587e-03 2.673562945368170745e+02 3.684157235993773583e+01
1.566161367499480317e+00 1.987417225671155377e-03 2.638526077097505436e+02 4.424650778868289080e+01
1.572795191923813007e+00 1.975399758409353626e-03 2.676808988764045125e+02 3.765259197068436947e+01
1.579229625961506400e+00 1.828964939238766603e-03 2.672740384615384528e+02 3.716963561387035497e+01
1.585615098485775532e+00 1.901195136705323549e-03 2.679843049327354265e+02 3.689230704863808086e+01
1.592069020803266399e+00 1.783565421147388207e-03 2.683051643192488314e+02 3.716700773973956728e+01
1.598398624204083740e+00 1.798472010651884717e-03 2.694337899543378967e+02 3.795951381155529702e+01
1.604843375939136507e+00 1.797152056805669104e-03 2.697466063348416014e+02 3.783691386649825716e+01
1.611212339410225569e+00 1.768878106258207515e-03 2.707729357798165211e+02 3.785708560130755984e+01
1.617590363377642504e+00 1.818287623560442892e-03 2.713123595505617800e+02 3.746623631724737180e+01
1.623974015669422899e+00 1.854816384487833732e-03 2.766997742663656936e+02 3.758294873419153248e+01
1.630543485616582799e+00 2.014479720267581264e-03 2.825418410041841071e+02 4.661206420372808878e+01
1.637155364196844820e+00 1.921442116166700376e-03 3.095330396475770840e+02 4.256062112026828004e+01
1.643640215828007012e+00 1.916406123937146409e-03 3.409978540772532369e+02 4.608291639993152700e+01
1.650095370295723063e+00 1.808845151496338592e-03 3.802383073496659449e+02 5.342721334356770058e+01
1.656466136267144007e+00 1.835556712886826517e-03 4.197354838709677551e+02 6.152478650786778047e+01
1.662921359457136594e+00 1.784847929403802829e-03 4.511132897603486072e+02 7.283525479020049431e+01
1.669278115879615276e+00 1.787810489320909016e-03 4.713506493506493484e+02 8.078318673189131971e+01
1.675603147458916142e+00 1.759339208401217896e-03 4.812891832229580586e+02 8.600886044736772362e+01
1.681944817773278311e+00 1.879012939346250957e-03 4.889177215189873209e+02 8.732531337617018607e+01
1.688494896982127180e+00 1.961244959671172398e-03 4.850514403292181100e+02 1.081704641368829272e+02
1.695047655103924189e+00 1.958531043791479891e-03 4.993004115226337376e+02 9.158680517048205161e+01
1.701563412030947964e+00 1.893890162085724253e-03 5.086325678496868363e+02 8.870676005088479599e+01
1.707975620325744792e+00 1.846204685496802061e-03 5.294551148225469888e+02 8.605899612690458866e+01
1.714377380249353600e+00 1.797036493929945892e-03 5.550083682008367987e+02 8.679920770341260550e+01
1.720768292737840266e+00 1.799184406037973973e-03 5.833711340206185696e+02 8.905666639217547242e+01
1.727152534628709324e+00 1.771490888047008889e-03 6.029185803757828808e+02 9.371957397115129140e+01
1.733526494930327289e+00 1.835615179227028260e-03 6.115234215885947151e+02 9.442571627603901163e+01
1.739975521513371870e+00 1.888347845677861795e-03 5.991585365853658232e+02 1.086354273830083343e+02
1.746497876640803248e+00 1.988580869552720402e-03 5.813275193798449436e+02 1.073882597262085312e+02
1.753090192095328348e+00 1.909790863647236811e-03 5.647171314741035530e+02 8.549751924129687097e+01
1.759542915568929722e+00 1.863330342728648260e-03 5.443127490039840950e+02 8.077108732781975675e+01
1.765978610475646082e+00 1.805054295706254351e-03 5.287980000000000018e+02 7.853925637539484228e+01
1.772332663329672986e+00 1.770928694831684115e-03 5.151794354838709751e+02 7.653934010707862967e+01
1.778664509689639184e+00 1.781133477909586536e-03 5.003892215568862412e+02 7.357117334215925553e+01
1.785069366740120511e+00 1.834600355293997381e-03 4.828710937500000000e+02 6.984008468124656588e+01
1.791506168727699633e+00 1.878728357369653049e-03 4.563999999999999773e+02 7.740090185419765589e+01
1.798039063906349488e+00 1.995486375923071192e-03 4.318333333333333144e+02 7.333549028814404380e+01
1.804647924016717919e+00 1.913848319004299433e-03 4.103065134099616671e+02 5.699087888922837664e+01
1.811089958053599736e+00 1.862622323854617795e-03 3.831168582375478877e+02 5.190292642119331390e+01
1.817521720439822408e+00 1.798364348704032875e-03 3.524517374517374719e+02 4.752399810714909734e+01
1.823812670535420288e+00 1.750448090683544159e-03 3.205137254901960659e+02 4.227208594673736286e+01
1.830221642949216854e+00 1.837728497302317443e-03 2.915214152700186219e+02 3.706246991550531789e+01
1.836582905300079060e+00 1.780128382536366044e-03 2.722333333333333485e+02 3.504829907390450927e+01
1.843061797820461534e+00 1.986079127245108083e-03 2.588134991119005122e+02 4.244809244513421476e+01
1.849632829275571488e+00 1.888944039210000737e-03 2.580469924812030058e+02 3.550859983149616284e+01
1.856090187264436642e+00 1.913060858845453587e-03 2.563763636363636351e+02 3.440944556079991656e+01
1.862531947297203283e+00 1.788974026913770074e-03 2.541396226415094475e+02 3.480722673681238888e+01
1.868931787959941415e+00 1.835149539700427039e-03 2.529963570127504511e+02 3.386717301671292546e+01
1.875342409945594868e+00 1.782793697721218873e-03 2.523147113594041002e+02 3.412585231278160336e+01
1.881685992375486283e+00 1.813583446463527945e-03 2.519114391143911575e+02 3.422660702230677288e+01
1.888176611507502489e+00 1.945205006648250507e-03 2.491181657848324562e+02 4.150634130719485171e+01
1.894684395670122701e+00 1.921537496908314263e-03 2.515706618962432799e+02 3.596297364230008498e+01
1.901176782548104516e+00 1.886986723452953362e-03 2.527597864768683280e+02 3.422121178785575069e+01
1.907561981128558237e+00 1.795440373499332084e-03 2.536587591240875952e+02 3.514798866428574797e+01
1.913985041606118376e+00 1.828239138046576940e-03 2.543280701754385973e+02 3.484139449108061370e+01
1.920403381422240097e+00 1.786024996940504313e-03 2.554021739130434696e+02 3.593432313154785618e+01
1.926716413297410169e+00 1.834639747803229817e-03 2.575800711743772240e+02 3.610395422168967627e+01
1.933271554332125497e+00 1.965820526812752777e-03 2.574040404040404155e+02 4.618569666396456341e+01
1.939792573083097382e+00 1.907526115978609412e-03 2.672041884816753736e+02 3.799467938631185149e+01
1.946288570836251841e+00 1.883695634446648113e-03 2.769727427597955511e+02 4.004406722146235609e+01
1.952655684029843908e+00 1.737190040939992066e-03 2.971735985533454141e+02 5.088629504843773788e+01
1.958969978021109171e+00 1.827434973414125523e-03 3.397440273037542511e+02 7.782512281277816157e+01
1.965496063115082181e+00 1.854230162972571750e-03 4.069628378378378102e+02 1.221696880483100927e+02
1.971963975922738088e+00 1.884120710564727479e-03 4.960102739726027608e+02 1.684149105745056261e+02
1.978442510441045021e+00 1.957066319931451050e-03 6.247364085667215932e+02 1.971573793368737597e+02
1.984931097981023740e+00 1.843590323278294961e-03 7.805760683760684060e+02 2.101727634530214743e+02
1.991287308585444338e+00 1.815152065882439042e-03 9.353236797274275887e+02 2.241034829737673419e+02
1.997701973476069481e+00 1.833321787203764366e-03 1.082461794019933450e+03 2.393404978103797873e+02
2.004164133665459424e+00 1.816322146449814287e-03 1.205781302170283880e+03 2.643226393051230616e+02
2.010465304371688244e+00 1.793999045974344238e-03 1.291242634315424539e+03 2.956053603552595064e+02
2.016906033528098163e+00 1.989616449670199121e-03 1.330812206572770037e+03 3.740831091849209429e+02
2.023555996358446407e+00 1.897180052363281293e-03 1.372559870550161804e+03 3.291875967570367720e+02
2.029968694217374470e+00 1.807083598350285245e-03 1.372715719063545066e+03 3.310367427695573497e+02
2.036339422929389187e+00 1.823287213829230622e-03 1.366460291734197654e+03 3.290476404040804823e+02
2.042808231593590484e+00 1.819045180469573350e-03 1.351228896103896204e+03 3.329935160695955005e+02
2.049121403930300289e+00 1.816823929832920258e-03 1.321533444816053589e+03 3.521074971834930807e+02
2.055546024436551544e+00 1.958593688934813937e-03 1.262632716049382680e+03 3.609419287855824905e+02
2.062179187475123410e+00 1.909374836257744399e-03 1.203537499999999909e+03 3.089014877288449270e+02
2.068587893715514436e+00 1.782255124468116103e-03 1.124918166939443608e+03 2.961275735460338865e+02
2.074943470461427353e+00 1.803325004765888358e-03 1.037868462757527823e+03 2.817441600334428813e+02
2.081348551495329602e+00 1.811685209211536278e-03 9.419103999999999814e+02 2.710033118404275001e+02
2.087807581420585645e+00 1.934124239786214495e-03 8.294180704441041598e+02 2.761516004093329002e+02
2.094354049547901386e+00 1.919763106963207067e-03 7.258726993865030863e+02 2.353728223503044035e+02
2.100814970511138302e+00 1.841726384006937703e-03 6.172987421383647870e+02 1.974434181258516503e+02
2.107147425483176129e+00 1.793021693532189254e-03 5.089432176656151228e+02 1.565531470568282089e+02
2.113573117004156288e+00 1.831442330790634650e-03 4.068488549618320462e+02 1.115236522717253393e+02
2.119956773712852627e+00 1.806996690666118864e-03 3.276123417721519218e+02 7.349360210761943790e+01
2.126392549358501416e+00 1.961143276791299343e-03 2.793955882352940989e+02 5.865259111613637799e+01
2.133022499541108896e+00 1.914261261225060897e-03 2.623032544378698390e+02 3.919242349372706968e+01
2.139480964562213483e+00 1.786119367506160778e-03 2.556775193798449664e+02 3.729938797740484091e+01
2.145796782645738254e+00 1.799418587043424183e-03 2.568241590214067287e+02 3.656734398261151853e+01
2.152165366120878165e+00 1.825425695775702338e-03 2.606484848484848271e+02 3.721341190634986873e+01
2.158655754564665852e+00 1.929951649106770133e-03 2.660450581395348877e+02 4.780473923571885564e+01
2.165204964825616862e+00 1.913631523374921799e-03 2.801710526315789593e+02 3.846630556199537665e+01
2.171687233764930003e+00 1.836559742283269984e-03 2.881200000000000045e+02 3.895934062868906977e+01
2.178057454997971210e+00 1.770075738143539208e-03 2.959425981873112050e+02 3.975395933708718132e+01
2.184381886656512783e+00 1.819268068842387707e-03 3.069628528974740220e+02 4.092385990256074280e+01
2.190889596552291430e+00 1.941484629964972597e-03 3.202651622002820773e+02 5.648356120514569767e+01
2.197415493733709368e+00 1.880394352234131695e-03 3.594281567489114764e+02 5.454208534607145253e+01
2.203858495652105454e+00 1.844129167940211774e-03 4.183487698986975261e+02 7.353925574080943761e+01
2.210218428929338064e+00 1.776952575370011446e-03 5.063683431952662772e+02 9.386170781325401435e+01
2.216548686487991304e+00 1.820372229284925253e-03 6.176937590711175972e+02 1.084034023649652170e+02
2.223054582631938558e+00 1.937499342758612587e-03 7.273259668508287632e+02 1.467391058658793668e+02
2.229555406010463425e+00 1.871681269043944497e-03 8.611373390557939729e+02 1.257222564599049122e+02
2.236023148886606471e+00 1.876509468722661325e-03 9.606036161335188126e+02 1.411042613281790636e+02
2.242466908337517939e+00 1.781536512235300631e-03 1.032804316546762493e+03 1.610512327053835406e+02
2.248784053696174290e+00 1.815619011182786555e-03 1.074334289813486293e+03 1.756779181078479155e+02
2.255261034229438355e+00 1.958337742873136802e-03 1.080354362416107278e+03 2.310574082552726054e+02
2.261752977112598817e+00 1.833135357339661826e-03 1.107684582743988585e+03 1.902550671839200334e+02
2.268193030407839927e+00 1.856919733580766289e-03 1.109774897680764070e+03 1.932109649815621140e+02
2.274620661936892052e+00 1.792548502283534354e-03 1.105705218617771607e+03 1.996650053982688746e+02
2.281045196159239286e+00 1.907452264699439036e-03 1.079779729729729752e+03 2.337297321049078391e+02
2.287566856146262317e+00 1.925687837049752790e-03 1.063286096256684459e+03 2.158725239725516190e+02
2.294017676381079784e+00 1.818149611703329506e-03 1.029286703601108002e+03 2.006927922684360226e+02
2.300373896127871021e+00 1.814054264739159471e-03 9.830916552667578117e+02 1.943843695011623822e+02
2.306733295622487301e+00 1.809288305020508025e-03 9.303942307692307168e+02 1.878961099799684291e+02
2.313210233147671158e+00 1.927057466226796351e-03 8.609231770833333712e+02 2.117712116448857671e+02
2.319750633036068876e+00 1.886628064392380537e-03 8.103456953642383951e+02 1.746031758933954734e+02
2.326167810919689938e+00 1.805281422939875990e-03 7.378917456021650878e+02 1.657937288609741415e+02
2.332524891627314911e+00 1.808157875111407291e-03 6.606854838709676869e+02 1.536467683366907124e+02
2.339018828040365428e+00 1.927078730268403945e-03 5.732653846153846189e+02 1.574456737025595601e+02
2.345529090540556361e+00 1.892646505679497623e-03 4.974214659685864035e+02 1.306764504346481601e+02
2.351902562585342693e+00 1.808634088653226840e-03 4.148569518716577704e+02 1.091407651554607554e+02
2.358283426411155403e+00 1.828495513811564770e-03 3.363337679269882869e+02 8.277346041215839989e+01
2.364665150299146479e+00 1.824483169818866225e-03 2.733576158940397249e+02 5.779285688032796742e+01
2.371140522023317931e+00 1.956229962378429419e-03 2.332990074441687227e+02 4.762915363198266050e+01
2.377698484074287411e+00 1.857249505322706908e-03 2.176820512820512761e+02 3.271780724991519662e+01
2.384135550776628865e+00 1.806484998011118103e-03 2.072554838709677369e+02 3.052983035523208954e+01
2.390495270780528703e+00 1.815820546892564329e-03 2.043133704735376170e+02 2.968114688688412528e+01
2.396907059408651008e+00 1.904650256318906557e-03 1.991231190150478767e+02 3.662510263232768892e+01
2.403395490390968892e+00 1.861409897307351969e-03 2.024070422535211264e+02 2.901834708193396750e+01
2.409868588547004364e+00 1.847911660654164229e-03 2.046036931818181870e+02 2.943741034754996022e+01
2.416315494183244539e+00 1.848423108511250412e-03 2.113608695652173992e+02 2.999576067505390142e+01
2.422721222723576151e+00 1.879130934971403807e-03 2.191409883720930338e+02 4.049135827118860931e+01
2.429135064156228374e+00 1.862177758942303550e-03 2.385175953079179010e+02 3.353915745473677390e+01
2.435558328952115659e+00 1.829358714226044739e-03 2.552381656804733723e+02 3.577601038916396448e+01
2.441961929587736613e+00 1.826990787003958654e-03 2.709970059880239432e+02 3.868479623324557082e+01
2.448435267415004279e+00 1.916283866918213176e-03 2.777572674418604493e+02 5.336341809598562946e+01
2.454898310690642571e+00 1.851262751470384186e-03 2.913166666666666629e+02 4.313182986466894420e+01
2.461278332832209870e+00 1.841207405127180587e-03 2.959033232628398764e+02 4.451890728396683983e+01
2.467732767309350983e+00 1.860175811866779036e-03 2.968153153153153312e+02 4.983975973355958899e+01
2.474317234005322774e+00 1.907302378477835920e-03 2.929513590844063060e+02 5.576000199054541895e+01
2.480763678027650521e+00 1.850982492662076430e-03 2.981515994436717847e+02 4.602428196359365131e+01
2.487114426650852028e+00 1.791691956921820849e-03 2.995814606741573130e+02 4.575666674489448127e+01
2.493514277050582706e+00 1.905910091373927331e-03 2.951453104359313215e+02 5.700287555798485783e+01
2.500016016455529844e+00 1.897218154373805617e-03 2.990234680573663582e+02 4.517167890419283793e+01
2.506504299072060071e+00 1.823698874814003905e-03 2.951383399209486242e+02 4.465554911464195698e+01
2.512828968428921783e+00 1.779539787674511890e-03 2.903862718707940758e+02 4.426088883287191322e+01
2.519262120792594928e+00 1.938201810876334251e-03 2.800971357409713391e+02 5.392588106145304039e+01
2.525775074220281358e+00 1.871497825325404334e-03 2.769515923566879110e+02 4.202679024406924668e+01
2.532197693037325781e+00 1.807973308604888651e-03 2.684948717948718127e+02 4.052124283598720211e+01
2.538545427775757091e+00 1.816891897915347926e-03 2.593899613899613996e+02 3.987248386997839589e+01
2.545039371368973402e+00 1.965732421291352915e-03 2.471163895486935758e+02 4.702278355914892671e+01
2.551577586228050976e+00 1.818913119815899733e-03 2.401792929292929273e+02 3.741223264030814022e+01
2.557912035390546901e+00 1.811160408138717511e-03 2.299862155388471194e+02 3.568574258429497803e+01
2.564418003384666633e+00 1.924750488034227642e-03 2.152892561983471182e+02 4.172328902534894013e+01
2.570930014234638072e+00 1.852202887801034569e-03 2.065292682926829286e+02 3.312509230229695589e+01
2.577333690207623373e+00 1.816621428331073769e-03 1.962457212713936485e+02 3.081250690216939603e+01
2.583698900290759326e+00 1.840143410056186736e-03 1.874633251833740815e+02 3.112622898626626267e+01
2.590116643848396460e+00 1.922552353981257615e-03 1.831131855309218111e+02 3.191794347604222537e+01
2.596553429180498362e+00 1.801710981220896188e-03 1.828483009708737939e+02 2.753653543723906338e+01
2.602955615407046341e+00 1.842317350104424401e-03 1.830823529411764810e+02 2.740080114000660316e+01
2.609495359574187212e+00 1.911716238635802895e-03 1.812234891676168616e+02 3.391288422968074201e+01
2.615974071523933020e+00 1.844748521006626301e-03 1.836235294117647072e+02 2.823383770753635602e+01
2.622378270172453618e+00 1.832507040312451657e-03 1.834035087719298360e+02 2.839869021323754339e+01
2.628819659223405658e+00 1.883705983027747803e-03 1.809678160919540346e+02 3.413677806791727676e+01
2.635224897504864661e+00 1.872415782458078902e-03 1.830574712643678197e+02 2.823070358991540019e+01
2.641639659702591736e+00 1.816527212418568051e-03 1.823713956170703625e+02 2.850789125674648261e+01
2.648064596936881454e+00 1.851525790120274028e-03 1.810171037628278157e+02 3.189996051203970140e+01
2.654540339871488630e+00 1.920962172705038655e-03 1.814697469746974718e+02 3.053937363309612252e+01
2.661017435989672553e+00 1.820997431850269717e-03 1.816468571428571295e+02 2.785898215173361692e+01
2.667377750780578261e+00 1.839233884157700843e-03 1.808524404086265633e+02 2.764505998020878508e+01
2.673833255939705111e+00 1.922629864361171097e-03 1.779306608884073739e+02 3.286077352367015436e+01
2.680310332336410362e+00 1.829470795604572599e-03 1.788017917133258550e+02 2.710178894615106415e+01
2.686679530094181256e+00 1.809753184080302099e-03 1.784618834080717420e+02 2.681932084825280782e+01
2.693172569770623248e+00 1.920456143785719515e-03 1.753879492600422907e+02 3.175394318159797535e+01
2.699710169678059213e+00 1.845827250732203417e-03 1.758811341330425364e+02 2.548457152423531014e+01
2.706108723802718607e+00 1.808001129835774996e-03 1.747596899224806180e+02 2.525133051115766136e+01
2.712552861480932442e+00 1.909490143508341294e-03 1.709694415173867128e+02 3.017167394400363278e+01
2.719028861112676942e+00 1.848278151304674159e-03 1.719697297297297212e+02 2.433804989327909851e+01
2.725349625855669977e+00 1.780111837505188701e-03 1.711154273029966646e+02 2.401297075941110037e+01
2.731792001493120292e+00 1.927874637693306574e-03 1.676465163934426243e+02 2.849976083218836109e+01
2.738310186615081410e+00 1.835670255000661395e-03 1.691214057507987150e+02 2.256764252149093863e+01
2.744685257899765141e+00 1.793617037467074102e-03 1.690247844827586334e+02 2.259370942409146465e+01
2.751066800196758422e+00 1.878288467704576767e-03 1.699790356394129844e+02 2.214043134055750528e+01
2.757601512830000434e+00 1.862141664063760894e-03 1.729602209944751507e+02 1.421498424167029562e+01
2.764058068263966828e+00 1.836587841443396716e-03 1.737870159453302961e+02 1.409255764901458541e+01
2.770529172478649382e+00 1.887167826034379927e-03 1.755360360360360232e+02 1.439009226859724144e+01
2.776955143396238501e+00 1.821333560803167642e-03 1.797323113207547181e+02 1.431230038095662671e+01
2.783316304171964184e+00 1.843620978786204888e-03 1.879410377358490507e+02 1.487903239003902733e+01
2.789755116199374552e+00 1.895104686621155434e-03 2.060439306358381373e+02 1.575324077371181097e+01
2.796202065730379438e+00 1.823396814250311405e-03 2.369185628742515064e+02 2.038513550376778483e+01
2.802598215598055997e+00 1.839199823105454800e-03 2.792874251497005957e+02 2.586038760677651638e+01
2.809058618291326859e+00 1.891542357478581855e-03 3.290011695906432578e+02 3.006258578910812318e+01
2.815539484174618412e+00 1.814857361145085640e-03 3.808713592233009990e+02 3.158328555582975383e+01
2.821989463872399906e+00 1.865090624993398201e-03 4.268458781362007244e+02 3.301362747040570156e+01
2.828483713597702565e+00 1.883630524017047489e-03 4.671416666666666515e+02 3.464581475674558675e+01
2.834900904292738222e+00 1.791954038426357698e-03 4.948924999999999841e+02 3.778051163463777584e+01
2.841279989216558999e+00 1.876324795384782303e-03 5.137898550724637516e+02 3.903703841123073914e+01
2.847767858763501359e+00 1.886990809494324501e-03 5.269480676328502113e+02 4.046325515930187322e+01
2.854224446368732959e+00 1.845718501710050556e-03 5.361972704714639804e+02 4.122912783117043745e+01
2.860652227376856871e+00 1.895283512592607677e-03 5.412572815533980020e+02 4.039830083889897594e+01
2.867113210476443186e+00 1.859648482407798373e-03 5.457500000000000000e+02 4.059960935406854787e+01
2.873572830144707879e+00 1.886954548921765396e-03 5.491056511056510772e+02 4.024769774812708789e+01
2.879995266294152589e+00 1.874768549312584749e-03 5.497335811648079016e+02 4.014292084036159736e+01
2.886377499349285003e+00 1.822646243021190660e-03 5.451151898734177621e+02 3.975022701808260450e+01
2.892826601299819611e+00 1.901257081905588812e-03 5.363851761846901809e+02 3.866715122203535770e+01
2.899287209408602628e+00 1.837036175435869181e-03 5.255421383647799303e+02 3.749530587816342830e+01
2.905651471559458798e+00 1.820821310380915442e-03 5.109402795425667136e+02 3.669592648866566265e+01
2.912064357739847953e+00 1.885695667761764669e-03 4.897149877149877284e+02 3.930457507454639199e+01
2.918524733004972394e+00 1.831846772134888184e-03 4.663982300884955521e+02 4.568893831541337391e+01
2.925008101889499557e+00 1.898964803942654149e-03 4.328014616321559060e+02 5.960852230540898233e+01
2.931494571104498625e+00 1.860470468068603543e-03 4.036637824474660192e+02 6.992432968635969814e+01
2.937893251398651540e+00 1.817351826735809622e-03 3.767829360100376448e+02 7.721707762939021791e+01
2.944305546311252186e+00 1.880927000690213848e-03 3.494560770156438139e+02 8.096930531376744966e+01
2.950769139483569781e+00 1.826098071515048831e-03 3.365417690417690437e+02 7.252520210635130127e+01
2.957217893682505760e+00 1.858471812583063982e-03 3.231222760290556835e+02 6.269909472950650553e+01
2.963641657319503686e+00 1.840162297927921053e-03 3.213496932515337221e+02 4.835475610712800432e+01
2.970043842149071800e+00 1.832295957600710810e-03 3.291274752475247283e+02 3.675236567998295811e+01
2.976510225225458495e+00 1.909562939757382871e-03 3.479655581947743599e+02 2.943719847560991454e+01
2.983008757323797777e+00 1.820848808918005624e-03 3.783060718711276422e+02 2.533648906646783061e+01
2.989442833175567138e+00 1.860876473636659213e-03 4.100424242424242607e+02 2.383477361808080630e+01
2.995851322080832713e+00 1.818248084975540883e-03 4.400770186335403764e+02 2.356403465077234927e+01
3.002288071879581022e+00 1.866109072499165002e-03 4.617381242387332350e+02 2.420402606999579831e+01
3.008748785923475388e+00 1.879638502675874765e-03 4.774303030303030368e+02 2.464968308179757983e+01
3.015199648864150372e+00 1.825469582085792030e-03 4.881529850746268835e+02 2.395664449996349532e+01
3.021614952218953931e+00 1.867358907394168870e-03 4.918799999999999955e+02 2.470487622091860302e+01
3.028035269137849372e+00 1.805619228951016193e-03 4.935206508135169088e+02 2.632222895314557931e+01
3.034481983401863037e+00 1.885823396422961745e-03 4.902226233453670261e+02 2.824310054517520641e+01
3.040948636384726900e+00 1.846244746713175374e-03 4.858086419753086602e+02 3.103727643621391152e+01
3.047399548284976056e+00 1.866575050031695892e-03 4.761848225214198465e+02 3.854132368142040121e+01
3.053818065407082116e+00 1.858882463793821993e-03 4.661007371007370921e+02 4.604927176772334008e+01
3.060168791671987076e+00 1.792825745411367891e-03 4.523511450381679424e+02 5.241342595411468608e+01
3.066596020837712544e+00 1.927764682785730512e-03 4.287523696682464447e+02 6.316594031714938495e+01
3.073140751332767540e+00 1.856356834428901387e-03 4.057540173053151875e+02 7.430405415658789536e+01
3.079593295930210139e+00 1.886716362797553155e-03 3.699103030303030550e+02 9.252111485609586339e+01
3.086017154762366044e+00 1.830431539716442747e-03 3.447012500000000159e+02 1.014256642817783245e+02
3.092486513109037993e+00 1.905108961471654438e-03 3.121534772182254187e+02 1.084509774896343401e+02
3.098964516853627060e+00 1.852397442341169754e-03 2.885611866501853910e+02 1.045995588721649625e+02
3.105440922044128804e+00 1.880034527507769499e-03 2.614909090909090992e+02 9.938751627435195246e+01
3.111821301298671738e+00 1.810318297736169049e-03 2.426377358490566110e+02 9.073175825919777537e+01
3.118233335063332667e+00 1.868901341642052608e-03 2.224640682095005957e+02 8.092346615186561110e+01
3.124683867316949026e+00 1.865189586864977357e-03 2.067423687423687397e+02 7.037059914236147051e+01
3.131144652615997170e+00 1.844489775254080271e-03 1.922296296296296418e+02 5.949876561141522302e+01
3.137527951480249655e+00 1.850518740970626434e-03 1.785904059040590539e+02 4.799301911582916347e+01
3.143946084488824955e+00 1.842734159383119935e-03 1.692366790582403837e+02 3.649170316964841732e+01
3.150358822729363073e+00 1.875642417003805899e-03 1.600679611650485299e+02 2.662783468970096479e+01
3.156784286039504561e+00 1.823981601210612454e-03 1.569812499999999886e+02 1.993983763725272595e+01
3.163270120323041557e+00 1.930117905744787839e-03 1.549174528301886653e+02 1.674669564530537258e+01
3.169756141428992979e+00 1.817110211355118556e-03 1.557851758793969736e+02 1.512353029743244370e+01
3.176136715832639901e+00 1.869400486556539428e-03 1.555224242424242505e+02 1.382186925812847988e+01
3.182603852824878121e+00 1.855271636042648588e-03 1.556478527607361855e+02 1.294858078279069780e+01
3.189050645908320547e+00 1.867823016262818358e-03 1.540460606060605926e+02 1.234741026742909753e+01
3.195475202712392715e+00 1.830177604982121797e-03 1.531141439205955237e+02 1.250442169453158847e+01
3.201930699474990760e+00 1.890160737295187680e-03 1.515137395459976233e+02 1.246455455891508457e+01
3.208380198036255848e+00 1.818817371399450607e-03 1.511270236612702433e+02 1.244805748924530775e+01
3.214769441202507405e+00 1.856295446885927562e-03 1.489174757281553525e+02 1.287897859279768831e+01
3.221219946103295317e+00 1.854520719188760538e-03 1.467689486552567359e+02 1.351618156555612948e+01
3.227683765295594753e+00 1.874065427032763596e-03 1.429277978339350170e+02 1.611640103347533781e+01
3.234131017772435612e+00 1.840716304877563787e-03 1.416387176325524138e+02 1.836869901642647207e+01
3.240599979113187423e+00 1.901252405176113557e-03 1.376512455516014199e+02 2.040297228590273093e+01
3.247028333220890239e+00 1.799593188369970169e-03 1.363622641509433890e+02 2.082397113478209860e+01
3.253443203786942295e+00 1.907653420062672836e-03 1.348419811320754604e+02 2.107734150281886443e+01
3.259883502116921683e+00 1.795580006981134817e-03 1.368501259445843914e+02 2.098572187971582181e+01
3.266300345605878341e+00 1.923600185575663262e-03 1.382461899179367038e+02 2.093809740607082404e+01
3.272853483066015201e+00 1.856140221165968399e-03 1.400609756097560989e+02 2.041439628908260318e+01
3.279208055010873757e+00 1.838273880463746476e-03 1.417460122699386602e+02 1.999773516477369029e+01
3.285677511815711327e+00 1.882917816817657360e-03 1.424832935560859255e+02 1.911333330499558869e+01
3.292103848527159204e+00 1.835553428200827411e-03 1.428457772337821439e+02 1.857913089750426394e+01
3.298586108799094418e+00 1.888317585372828586e-03 1.419323040380047587e+02 1.865702040766233694e+01
3.305031100311709658e+00 1.850386223069815962e-03 1.417990255785627198e+02 1.819570287795854924e+01
3.311493553422723224e+00 1.868513817595845007e-03 1.399474940334128803e+02 1.778463165735944784e+01
3.317903636599865536e+00 1.824831080609758517e-03 1.388846625766871057e+02 1.884850949973763079e+01
3.324331097200103002e+00 1.867240715589447552e-03 1.349559523809523682e+02 2.136581398799526355e+01
3.330698991454875468e+00 1.802295415888940022e-03 1.325635910224438874e+02 2.331193171233768169e+01
3.337129369178693850e+00 1.924555404658041986e-03 1.283635307781649146e+02 2.615347311724244506e+01
3.343680207265053550e+00 1.861922247852822480e-03 1.247334137515078396e+02 2.716324278446802154e+01
3.350044083295126374e+00 1.835162792558274860e-03 1.214410692588092360e+02 2.772627734772472863e+01
3.356505604070456616e+00 1.871227406804753775e-03 1.178495260663507054e+02 2.777003864972497382e+01
3.362916001860436488e+00 1.833654571443432820e-03 1.159013398294762425e+02 2.709546685023039103e+01
3.369285096640512123e+00 1.875337531839301689e-03 1.145365853658536537e+02 2.659021548964660653e+01
3.375802434903234950e+00 1.848095989791553092e-03 1.141786197564276080e+02 2.666919081227893429e+01
3.382214916359785661e+00 1.843501739730700950e-03 1.129213483146067460e+02 2.564697993626205985e+01
3.388621595555129762e+00 1.837214591020290208e-03 1.109825327510916964e+02 2.376721081523054835e+01
3.395087870480640202e+00 1.897809126909797642e-03 1.096962209302325562e+02 2.248459441572720863e+01
3.401600099274715294e+00 1.862825267528726196e-03 1.076757164404223204e+02 2.097664271504060807e+01
3.408008587822927371e+00 1.829521772960810344e-03 1.064922360248447148e+02 1.994267613414847418e+01
3.414429009776510870e+00 1.863403552598411495e-03 1.062198142414860627e+02 1.867743983556281151e+01
3.420895508941175223e+00 1.876279003669552520e-03 1.075805946791862340e+02 1.849989129810729693e+01
3.427361199308996742e+00 1.871984655860910217e-03 1.090332278481012622e+02 1.652038132485842681e+01
3.433789816721534383e+00 1.835455874914732619e-03 1.137256493506493484e+02 1.542905635005794629e+01
3.440207803416203358e+00 1.864980166185075923e-03 1.210501618122977305e+02 1.526552979467218663e+01
3.446682336316245543e+00 1.886495457043324163e-03 1.304308943089430954e+02 1.559921010624977811e+01
3.453142116062292821e+00 1.850491205141300763e-03 1.400000000000000000e+02 1.610219464138064538e+01
3.459552608189105705e+00 1.840426776601197887e-03 1.478390410958904226e+02 1.597465398815522164e+01
3.466037827277117955e+00 1.895781883946169978e-03 1.551494057724957543e+02 1.679336121243134272e+01
3.472473653977210972e+00 1.828931698347952819e-03 1.594525939177102032e+02 1.663992796684910047e+01
3.478868831430015351e+00 1.849798838882201271e-03 1.620517857142857281e+02 1.643491220803185016e+01
3.485296939778874226e+00 1.846836384750711896e-03 1.636684981684981608e+02 1.675445742815456995e+01
3.491740378822062674e+00 1.892374048568714641e-03 1.641147540983606632e+02 1.773709465666702201e+01
3.498222076309955408e+00 1.850392789083453492e-03 1.625770676691729193e+02 1.996879225404041236e+01
3.504611891581455030e+00 1.828338000025509641e-03 1.593708737864077705e+02 2.348176462417612242e+01
3.511032309223517167e+00 1.894740202114146826e-03 1.565057251908396836e+02 2.809639515838675194e+01
3.517510811405253346e+00 1.847376399887671770e-03 1.499150197628458443e+02 3.345344416677743027e+01
3.523886222494890585e+00 1.819823680849573695e-03 1.443067484662576589e+02 3.711399271119068288e+01
3.530333766363422221e+00 1.913949961282706506e-03 1.417445544554455523e+02 4.033429104149736588e+01
3.536838628960300657e+00 1.837400593869444173e-03 1.335729166666666572e+02 4.105953555593929849e+01
3.543212277439104163e+00 1.824314092004992007e-03 1.277002141327623121e+02 4.072411305001399029e+01
3.549634251627681092e+00 1.895848120010211945e-03 1.250504201680672338e+02 3.991066284978898437e+01
3.556117060308725097e+00 1.842284182035823720e-03 1.189541484716157242e+02 3.733388217455462410e+01
3.562580790750173865e+00 1.873137250446494902e-03 1.185087719298245617e+02 3.598240535208165625e+01
3.569027121761189303e+00 1.864198494303047999e-03 1.167027027027027088e+02 3.264604950575361642e+01
3.575415228040989657e+00 1.829283293316363293e-03 1.150139211136890935e+02 2.851974243522838393e+01
3.581824267593239686e+00 1.860007523854312686e-03 1.158654292343387482e+02 2.453436721759046790e+01
3.588330065081806630e+00 1.895947895659538546e-03 1.174060324825986044e+02 1.895392816592006113e+01
3.594804804657118602e+00 1.838793340235311087e-03 1.202219512195121922e+02 1.507550301634134193e+01
3.601203120605045882e+00 1.866742151695356807e-03 1.242279411764705941e+02 1.310628024618656617e+01
3.607629953215138574e+00 1.849946976811765471e-03 1.266340852130325771e+02 9.472187294714720096e+00
3.614090854913730499e+00 1.868416365547433599e-03 1.292676767676767611e+02 9.087800394406261972e+00
3.620574720227974552e+00 1.873754476683962313e-03 1.306786632390745524e+02 8.981774114392013786e+00
3.627004027770476924e+00 1.835919208150294619e-03 1.314064171122994651e+02 9.751954557418430980e+00
3.633382280898821648e+00 1.849285921997263250e-03 1.312384823848238398e+02 1.142315577644851032e+01
3.639818201334091174e+00 1.872714577785467623e-03 1.287084468664850192e+02 1.295059910048669849e+01
3.646271849872324999e+00 1.848931603973280732e-03 1.256966292134831491e+02 1.505634852328711837e+01
3.652754025121335069e+00 1.886957975833729447e-03 1.222528089887640448e+02 1.777397889732902669e+01
3.659208746855755479e+00 1.834720162372708565e-03 1.173982300884955805e+02 2.036486050207205523e+01
3.665582835495777569e+00 1.840575612045432024e-03 1.118258258258258309e+02 2.177179786681671203e+01
3.672040343112283445e+00 1.886479483533069204e-03 1.064820359281437163e+02 2.268674164048174191e+01
3.678529717319615866e+00 1.858096912976999176e-03 1.008819875776397481e+02 2.264898209191256129e+01
3.684932562337432049e+00 1.835190244932949138e-03 9.556591639871382426e+01 2.172807425957630656e+01
3.691340469028411508e+00 1.865394116403416890e-03 9.076375404530743651e+01 1.976271192225846107e+01
3.697825917576230470e+00 1.878575472322643403e-03 8.629934210526316463e+01 1.656546614060946609e+01
3.704288468942850354e+00 1.854378416201764085e-03 8.405460750853242757e+01 1.419479076773716741e+01
3.710695071708606907e+00 1.843173339766954189e-03 8.183157894736842763e+01 1.188715175015873626e+01
3.717119980493126530e+00 1.858275420549158159e-03 8.174285714285714732e+01 9.724642588259357012e+00
3.723579054116692877e+00 1.875547371405369762e-03 8.359272727272727366e+01 7.926475356061351896e+00
3.730020297411832164e+00 1.843995263516665269e-03 8.619318181818181301e+01 7.482135519246805089e+00
3.736426917509388268e+00 1.851423495632689448e-03 8.813565891472867975e+01 7.241243735760776623e+00
3.742862848593606184e+00 1.866246695943705233e-03 9.037154150197628155e+01 6.097186106739907352e+00
3.749304155234212121e+00 1.850203366498975400e-03 9.221311475409835623e+01 5.533479009532654480e+00
3.755769545342233950e+00 1.881542671327423493e-03 9.255186721991701404e+01 5.640750342575478804e+00
3.762207580716425692e+00 1.832713059301602828e-03 9.292105263157894512e+01 5.561261689486242332e+00
3.768650259547695391e+00 1.882711660849632198e-03 9.225991189427313088e+01 5.978642277370206592e+00
3.775101190588130873e+00 1.841328330998877110e-03 9.012558139534883139e+01 6.832118022141410840e+00
3.781544745172108257e+00 1.876261972947606757e-03 8.776415094339623124e+01 7.941998375638663177e+00
3.787984350729691752e+00 1.841817734800533721e-03 8.608457711442785865e+01 9.474145694869156031e+00
3.794443778523244770e+00 1.888119406057294294e-03 8.264321608040201284e+01 1.030595075155183515e+01
3.800887998049732097e+00 1.829598834944004332e-03 7.891397849462364888e+01 1.108218022162437322e+01
3.807319286871066577e+00 1.879776389761753357e-03 7.516847826086956275e+01 1.153090027504874016e+01
3.813728772969168901e+00 1.816176537965013323e-03 7.319883040935673080e+01 9.246601587348370899e+00
3.820127884734960233e+00 1.870328496078344947e-03 7.051479289940827755e+01 7.213042021987114971e+00
3.826558902351690605e+00 1.840091099185570860e-03 7.013836477987420892e+01 5.296904483237820038e+00
3.832976717434447789e+00 1.862754303780558536e-03 7.071428571428570820e+01 4.282357993144326969e+00
3.839467489846226655e+00 1.881591717002498556e-03 7.139189189189188767e+01 4.693772586703607530e+00
3.845958738964208923e+00 1.872212223355807642e-03 7.207142857142856940e+01 4.192984909223929968e+00
3.852379013358490312e+00 1.829949564810406546e-03 7.135384615384614904e+01 5.312595282821124698e+00
3.858770514458473411e+00 1.860590576749386821e-03 7.071999999999999886e+01 4.970247478747916503e+00
3.865201312403456324e+00 1.846877382617491750e-03 6.987179487179487580e+01 4.602998574831798528e+00
3.871669834970288271e+00 1.885989225799452511e-03 6.992857142857143060e+01 4.752214843456401105e+00
3.878154213609482870e+00 1.855219997046820071e-03 6.855339805825242649e+01 4.384449250529043773e+00
3.884570297975108666e+00 1.842018581107749764e-03 6.513684210526315610e+01 5.028715326933428820e+00
3.891030549524630455e+00 1.892572859664069882e-03 6.239999999999999858e+01 4.864839839775474850e+00
3.897480132485925619e+00 1.830223622249431631e-03 6.051250000000000284e+01 5.320361829800677178e+00
3.903837790606199842e+00 1.833538786489578550e-03 5.908219178082191547e+01 5.527749475291687808e+00
3.910297958451704581e+00 1.898394991490752427e-03 5.707352941176470296e+01 4.165166973478376278e+00
3.916760076293909876e+00 1.823271174774054393e-03 5.574137931034482563e+01 2.800437370291060102e+00
3.923205856217289345e+00 1.907998375040481686e-03 5.541509433962264097e+01 2.720581995407310938e+00
3.929647757040283906e+00 1.804292177573046203e-03 5.569767441860464885e+01 2.831580386485097911e+00
3.936002968608691699e+00 1.864030959871269735e-03 5.535135135135135442e+01 3.630887702431711439e+00
3.942404476100300759e+00 1.828532384993888883e-03 5.427586206896551602e+01 3.629709618466419041e+00
3.948822507765122225e+00 1.871711324841116540e-03 5.586363636363636687e+01 2.666752753431387291e+00
3.955157590966607906e+00 1.825831164639231917e-03 5.564285714285714590e+01 2.602981022612657291e+00
3.961507824082775464e+00 1.968979546566614058e-03 6.085714285714285410e+01 5.802884574739971768e+00
