# q qerr I(q) I(q)err
8.294532032279089417e-03 3.215448162638725495e-03 6.666666666666666297e-01 3.132564917597552778e+01
1.547771440847061503e-02 1.298069176105710962e-03 6.666666666666666297e-01 5.270462766947299205e-01
2.114153426598287117e-02 1.953452460535632252e-03 8.000000000000000444e-01 4.472135954999579832e-01
2.708829541553820289e-02 1.932501425123600049e-03 8.750000000000000000e-01 3.818813079129866894e-01
3.424760286937652415e-02 2.393094809829984012e-03 1.000000000000000000e+00 3.370999312316210750e-01
4.134659872356089005e-02 1.444308516548141333e-03 1.027777777777777679e+00 5.270462766947298094e-01
4.709622292726145520e-02 1.633576272088444088e-03 8.499999999999999778e-01 6.314665470157544425e-01
5.289360403025952090e-02 1.994215660312892175e-03 8.125000000000000000e-01 5.025974200756173627e-01
5.941266175682404643e-02 2.038777625163953021e-03 8.000000000000000444e-01 5.440588203494176600e-01
6.623959740571712385e-02 2.014614798769268252e-03 8.888888888888888395e-01 6.697459748157452708e-01
7.251770781946841049e-02 1.767162065969994948e-03 8.541666666666666297e-01 5.170697352496189669e-01
7.836204892921720677e-02 1.794558473909566021e-03 1.040000000000000036e+00 9.269304181005177945e-01
8.476368586159346852e-02 2.173163639586968114e-03 2.156250000000000000e+00 4.896736397208859337e+00
9.171767809022127182e-02 2.151270969520740432e-03 8.676470588235293491e+00 2.344817778682367049e+01
9.840741527280037759e-02 1.879523288412654567e-03 2.356666666666666643e+01 5.819998568155607899e+01
1.046713563714864598e-01 1.717715818177843919e-03 5.524000000000000199e+01 1.085429279133375644e+02
1.108696467093386595e-01 1.978629817275711061e-03 8.862264150943396146e+01 1.509852595249139711e+02
1.174911181025048434e-01 2.151142134119994175e-03 1.222459016393442681e+02 1.872670381128462225e+02
1.240901985761322518e-01 1.682567093931450772e-03 1.748000000000000114e+02 2.322294899447527143e+02
1.302695169190241364e-01 1.981638030988197227e-03 1.934915254237288025e+02 2.538692522582673519e+02
1.366843399328758479e-01 1.885635125754002352e-03 2.420000000000000000e+02 2.923458690367578470e+02
1.431380625310322841e-01 2.037281709542672608e-03 2.673870967741935374e+02 3.072231535496683819e+02
1.497407916800755912e-01 2.013243134106564892e-03 3.033174603174603021e+02 3.390926494233104336e+02
1.560440161600273323e-01 1.800320108738214832e-03 3.339122807017544119e+02 3.649204785685099068e+02
1.626324968867556287e-01 2.166758397174068339e-03 3.678513513513513544e+02 3.790890078791704241e+02
1.693678508908615654e-01 1.711853084056604935e-03 3.884499999999999886e+02 4.039449488069712402e+02
1.755753172360756398e-01 1.940749690505284321e-03 4.199130434782608745e+02 4.050314246406565530e+02
1.819629297477835528e-01 1.792019476258344991e-03 4.373076923076923208e+02 4.247831148651699777e+02
1.883474920212158954e-01 1.982820530303366913e-03 4.483055555555555429e+02 4.396281506905917240e+02
1.949500334927739553e-01 1.985593967279970003e-03 4.848000000000000114e+02 4.430504380617027209e+02
2.014306324154557237e-01 1.750557958225071797e-03 4.979855072463768124e+02 4.584545711221764464e+02
2.076332073357673447e-01 1.865361520913360683e-03 5.305000000000000000e+02 4.585384978974546470e+02
2.140129245322099916e-01 1.882829286684015863e-03 5.281466666666666470e+02 4.730532532859745629e+02
2.204163405633874917e-01 1.951475208267544961e-03 5.649487179487178992e+02 4.715547218372942098e+02
2.268599176829277919e-01 1.954094669929957399e-03 5.643374999999999773e+02 4.845950400205309734e+02
2.335135695299082048e-01 1.986313139076756155e-03 5.762235294117647300e+02 4.934351972050944255e+02
2.400224779461884173e-01 1.823737618079871109e-03 6.037124999999999773e+02 4.918915289471856909e+02
2.464005577519743639e-01 1.894426896505377799e-03 6.185176470588235134e+02 4.930934255967949298e+02
2.528350385827773383e-01 1.829527638271931031e-03 6.312142857142856656e+02 4.961294156859109989e+02
2.590859102888302123e-01 1.817056121189442432e-03 6.345476190476190368e+02 5.003211987021421123e+02
2.654612130450557106e-01 1.918447197659697845e-03 6.396404494382022676e+02 5.031119130179469607e+02
2.718942366720529247e-01 1.942478483450333455e-03 6.680989010989011376e+02 4.902478876093173881e+02
2.784185743669774227e-01 1.921358219378808702e-03 6.656989247311828422e+02 4.879170702144336929e+02
2.849156375412667530e-01 1.882334819595186037e-03 7.135212765957446663e+02 4.577922619407215734e+02
2.911870294677750826e-01 1.766712284927822799e-03 7.220000000000000000e+02 4.367284914920239771e+02
2.976511517037133681e-01 2.019527329980297554e-03 7.706893203883495289e+02 3.980166453509640405e+02
3.043178155919494809e-01 1.919359421117726450e-03 7.890099999999999909e+02 3.669317375207546661e+02
3.108074081907638564e-01 1.815555258398614735e-03 8.179795918367346985e+02 3.393558715250491673e+02
3.170970610330232087e-01 1.826000353424227750e-03 8.321313131313131635e+02 3.225532204812916461e+02
3.235319739834495723e-01 1.908097576542081529e-03 8.372190476190476147e+02 3.120895961243666648e+02
3.300700059726238145e-01 1.867687188749142220e-03 8.660754716981132333e+02 2.945158078164154745e+02
3.365262003550894554e-01 1.808122422876843900e-03 8.659428571428571786e+02 2.916851139744463239e+02
3.429039324965278412e-01 1.810371451943152679e-03 8.870283018867924056e+02 2.742805330072785637e+02
3.492243179790229801e-01 1.835371710213073819e-03 8.941944444444444571e+02 2.620648617604949777e+02
3.555659880086458058e-01 1.813249007222180170e-03 9.019722222222221717e+02 2.517698627437530092e+02
3.620245372922214488e-01 1.918012235727336494e-03 9.181623931623931867e+02 2.381549821634161219e+02
3.685406119477664388e-01 1.798147481859587110e-03 9.154684684684684726e+02 2.307171957123489392e+02
3.750909242308860247e-01 1.967614233492519498e-03 9.341209677419354875e+02 2.154957769672965071e+02
3.816999037813160189e-01 1.752662604176019427e-03 9.321826086956522204e+02 2.040021173766093057e+02
3.880273799716012495e-01 1.749306826939258557e-03 9.374568965517241850e+02 1.932996209519471904e+02
3.942361145945514900e-01 1.745527907058957431e-03 9.385086206896551175e+02 1.838259460693072356e+02
4.006128291384035145e-01 1.852638254231622501e-03 9.436016260162601839e+02 1.735195938257983244e+02
4.070503578694664726e-01 1.848743254130127446e-03 9.478387096774193878e+02 1.676968898884288137e+02
4.135933781829447264e-01 1.871256654943844995e-03 9.466589147286821344e+02 1.602159794980927074e+02
4.202179442533061082e-01 1.832712641984981681e-03 9.539692307692307622e+02 1.488999107855765942e+02
4.266798115557093873e-01 1.759393680741872749e-03 9.570000000000000000e+02 1.416369707952799786e+02
4.330910535146235696e-01 1.771858374752960505e-03 9.629230769230769056e+02 1.370622024384480540e+02
4.395078467689783608e-01 1.772659720438770270e-03 9.630606060606060055e+02 1.318797252710111820e+02
4.457793319829173595e-01 1.654526338047628432e-03 9.534080000000000155e+02 1.242272627083121392e+02
4.521562795609589402e-01 1.887763445894669913e-03 9.557957746478873560e+02 1.140886384228470547e+02
4.587656575942579140e-01 1.769717907920350091e-03 9.433138686131386521e+02 1.067325881975363728e+02
4.652405449529313231e-01 1.746242423612376143e-03 9.378057553956834909e+02 9.832165540688487226e+01
4.716282944699034529e-01 1.704407088516023735e-03 9.268686131386861007e+02 9.138434530479308648e+01
4.780637153179891352e-01 1.798647074538550902e-03 9.191111111111110858e+02 8.478237391065388806e+01
4.844976548260259142e-01 1.723433333189145671e-03 9.134788732394366662e+02 8.142857042178944482e+01
4.908596034113225648e-01 1.665744062354685903e-03 9.044184397163120366e+02 7.884317545341313860e+01
4.972011979785150859e-01 1.734256865849588200e-03 9.039520547945205635e+02 7.349385476306129306e+01
5.036178995103413047e-01 1.747915368961153139e-03 8.958378378378378102e+02 6.725706764558961481e+01
5.101756467004687767e-01 1.800451491856020327e-03 8.912387096774193651e+02 6.349830612176192091e+01
5.166235656727934389e-01 1.648057805296297825e-03 8.866258503401360258e+02 5.860992043091929560e+01
5.229884928033705638e-01 1.714260039451578075e-03 8.841381578947368780e+02 5.592571652377877456e+01
5.293925748937229336e-01 1.756900675637705763e-03 8.786794871794871824e+02 5.378355564657439913e+01
5.357749724968067229e-01 1.647361260156582873e-03 8.699470198675496704e+02 4.941080150958816830e+01
5.422269581426349960e-01 1.797131621318817348e-03 8.651158536585365937e+02 4.728093996902505580e+01
5.488258977193463117e-01 1.752106618123457169e-03 8.602919254658385171e+02 4.408134571368046295e+01
5.552607346015674405e-01 1.711536068502800701e-03 8.570312500000000000e+02 4.140198327073233031e+01
5.616696921416424182e-01 1.713298320607429745e-03 8.518773006134969137e+02 3.992565355426859242e+01
5.680596363279470928e-01 1.671719726027721563e-03 8.459687500000000000e+02 3.775238506538361349e+01
5.744116486855085357e-01 1.773350792090137981e-03 8.410833333333333712e+02 3.526717047754275569e+01
5.808465417437830292e-01 1.706594120505047427e-03 8.365090909090909008e+02 3.422419359162821451e+01
5.872915480827241019e-01 1.773275249674210931e-03 8.329017341040462270e+02 3.273825352719392612e+01
5.936297343998458986e-01 1.608871723183330060e-03 8.266604938271605079e+02 3.187872347211943236e+01
6.000917821228005655e-01 1.852508397134843563e-03 8.224120879120879408e+02 2.974456322050470547e+01
6.066068710033430955e-01 1.719733697199352486e-03 8.174853801169590497e+02 2.805968980567492821e+01
6.129319261090041548e-01 1.700305612135823196e-03 8.131569767441860677e+02 2.601429823804092223e+01
6.193292159447265632e-01 1.792945791870086646e-03 8.062055555555555202e+02 2.489395285785061418e+01
6.257789288608107681e-01 1.769335618302108433e-03 8.002937853107345063e+02 2.458503253143024381e+01
6.322945183878984077e-01 1.883051681004075783e-03 7.939788359788359458e+02 2.339197779775035357e+01
6.387697914265673127e-01 1.734308686986089703e-03 7.887613636363636260e+02 2.343229349883835866e+01
6.450797878865883739e-01 1.812617312363664322e-03 7.854239130434782510e+02 2.425905912093237404e+01
6.514777522098027518e-01 1.807195130708317372e-03 7.815513513513513999e+02 2.514813555106357512e+01
6.579453254174412180e-01 1.840076954070700866e-03 7.769576719576720052e+02 2.494211489609588028e+01
6.642487788958216788e-01 1.761967380250493336e-03 7.715824175824176336e+02 2.523100375125527606e+01
6.707545140871414846e-01 1.952870522822350513e-03 7.668200000000000500e+02 2.435244751559892507e+01
6.772291234912055646e-01 1.844192786587162299e-03 7.605396825396825307e+02 2.541252160459860576e+01
6.834443396870620857e-01 1.745041746211572261e-03 7.539565217391303804e+02 2.662333978245446886e+01
6.899300657465672337e-01 1.988575045799213618e-03 7.478888888888889142e+02 2.758617007466029847e+01
6.965346490814943170e-01 1.967867873463197050e-03 7.414773869346734045e+02 2.909204985843265590e+01
7.030970487636396538e-01 2.020648629947002003e-03 7.357718446601941196e+02 2.940742001865910282e+01
7.095716427219228573e-01 1.946516927103622520e-03 7.315959595959595845e+02 3.084641595729507557e+01
7.160970279381224657e-01 2.044543341153194464e-03 7.275380952380952522e+02 3.093262519714907199e+01
7.226116891734091219e-01 2.004959656352403585e-03 7.220878048780488143e+02 3.106111264297962293e+01
7.291288619178314390e-01 2.011427705279334160e-03 7.173761904761904589e+02 3.204153978991713103e+01
7.356079106374427967e-01 1.973711099579897668e-03 7.133461538461538112e+02 3.118635234337622109e+01
7.419803430714648762e-01 1.939746738906150680e-03 7.097170731707317373e+02 3.301701758680189158e+01
7.484516812817442188e-01 2.022257641999446187e-03 7.042999999999999545e+02 3.206899522195003982e+01
7.549512183205485671e-01 1.898119824350936232e-03 7.007548076923077360e+02 3.430457821542864139e+01
7.613853957290165342e-01 1.973382858640895885e-03 6.954954545454545496e+02 3.255725662087772321e+01
7.678481984516135617e-01 1.903941598965435333e-03 6.905488372093022917e+02 3.409506450312344583e+01
7.743372045322526320e-01 1.915374251326664194e-03 6.866081081081081265e+02 3.286003031652914075e+01
7.807807857039134047e-01 1.872160005679921477e-03 6.832889908256880744e+02 3.220078084476956093e+01
7.871827117013717734e-01 1.874571936203420349e-03 6.805972850678732584e+02 3.162318838594234549e+01
7.935705088346153291e-01 1.846468364235832015e-03 6.775829596412555702e+02 3.171013603538169434e+01
7.999497029225959288e-01 1.794315080242126848e-03 6.752511415525113989e+02 3.383619136923035597e+01
8.063895263538338742e-01 1.919941342275102670e-03 6.736186440677965948e+02 3.392334932909939482e+01
8.129038415374738591e-01 1.785391972586650427e-03 6.716399999999999864e+02 3.595450705791665058e+01
8.193543447618309994e-01 1.828478467253065801e-03 6.688893617021276441e+02 3.784514993327628218e+01
8.257450256705209934e-01 1.731942097964038994e-03 6.658616071428571104e+02 4.026001269807276373e+01
8.321389716972604766e-01 1.845140229989535984e-03 6.647749999999999773e+02 4.142546645281537110e+01
8.386208936931099922e-01 1.751195931903918061e-03 6.669230769230769056e+02 4.630231107104045662e+01
8.449970631363269424e-01 1.723661030767332288e-03 6.685086206896551175e+02 5.088206832111837485e+01
8.513046230100612677e-01 1.773741526074865430e-03 6.701050420168066921e+02 5.611507081198062963e+01
8.578256185292513214e-01 1.822821089358022794e-03 6.742793522267206754e+02 6.236149037649812499e+01
8.643009097266359797e-01 1.747841479780405487e-03 6.786431535269709912e+02 6.949336379424438803e+01
8.706520843132705689e-01 1.718512007701664341e-03 6.832647058823529278e+02 7.810652035519846947e+01
8.770655084888429043e-01 1.823306464836067656e-03 6.894703557312252542e+02 8.649952587371977586e+01
8.835379301005906738e-01 1.720994191554163586e-03 6.941111111111110858e+02 9.644145991096181092e+01
8.899818591232092624e-01 1.816014583941305376e-03 7.006274509803921546e+02 1.058508057578438155e+02
8.963154830142930907e-01 1.686559403020368615e-03 7.054291666666666742e+02 1.168194159268911818e+02
9.027402481510985455e-01 1.849914512401526186e-03 7.072786259541984464e+02 1.210455081119862086e+02
9.092741475074460622e-01 1.818523953956779297e-03 7.124901960784313815e+02 1.305400279034909943e+02
9.156513574886713247e-01 1.799905876070713017e-03 7.155436507936508406e+02 1.372811109605243871e+02
9.219738414041327434e-01 1.816254378221876130e-03 7.171171875000000000e+02 1.426473689946769241e+02
9.284093843578240524e-01 1.864548344913183461e-03 7.191269230769230489e+02 1.477691018299201176e+02
9.348720171621091035e-01 1.939851900461452830e-03 7.174419475655430460e+02 1.505175502369871197e+02
9.413551784733346084e-01 1.927152036582965508e-03 7.254503816793893520e+02 1.650843446850419696e+02
9.478756351150825488e-01 2.022964964773094239e-03 7.327717391304347530e+02 1.668571743592726193e+02
9.544794314844599059e-01 1.995588314593873917e-03 7.448007380073801187e+02 1.692607983614552722e+02
9.609640598131067302e-01 1.976081289299603128e-03 7.841764705882352473e+02 1.819202082067279491e+02
9.673540511875814429e-01 1.900963898517757681e-03 8.643674242424242493e+02 2.174142963093030119e+02
9.738764300010358532e-01 2.020370959177093719e-03 9.697500000000000000e+02 2.656826489729387504e+02
9.803887395962943563e-01 1.868024915732807104e-03 1.115992509363295767e+03 3.366046591255815770e+02
9.867609507399704993e-01 1.907798179635916648e-03 1.251275985663082338e+03 4.177138283368578300e+02
9.931792738827067701e-01 1.861169570246367679e-03 1.337101818181818089e+03 4.947722056238114874e+02
9.997024529712079666e-01 1.929714342920701943e-03 1.358297945205479436e+03 5.259298854797999638e+02
1.006152710574202525e+00 1.760100644785859590e-03 1.387580882352941217e+03 5.743132337379864794e+02
1.012546487448541255e+00 1.858180627704414780e-03 1.352505190311418573e+03 5.697079769994136313e+02
1.018988798098918291e+00 1.803978976354649174e-03 1.320947183098591495e+03 5.598121640302495052e+02
1.025394048634321598e+00 1.775790568352827222e-03 1.298431578947368507e+03 5.723345186329726175e+02
1.031778999059903112e+00 1.783042104657854955e-03 1.314391003460207685e+03 6.910409859892523627e+02
1.038243195035333466e+00 1.800042721148124251e-03 1.500836177474402803e+03 1.166001459105943241e+03
1.044593270705168830e+00 1.728638088187854378e-03 1.607527972027972055e+03 1.608594603129535244e+03
1.051019473275584426e+00 1.807666001326826760e-03 1.351775919732441480e+03 1.322228454603192858e+03
1.057452118334604840e+00 1.764796907398143069e-03 9.289559322033898070e+02 6.676260228475392751e+02
1.063812741872586898e+00 1.735604614353873946e-03 7.146952054794520564e+02 2.993563676015706392e+02
1.070275566257694377e+00 1.860876787998901613e-03 6.252870967741935146e+02 1.736255215323119501e+02
1.076675486865225739e+00 1.737707282280460301e-03 5.912749140893471349e+02 1.383581348419060930e+02
1.083000003099001241e+00 1.811785629637566912e-03 5.669375000000000000e+02 1.149184887041794951e+02
1.089457558406981885e+00 1.875700427842611059e-03 5.496461038961039094e+02 1.022361360020918681e+02
1.095857128634095679e+00 1.865882195591197666e-03 5.337039473684210407e+02 9.118563085113156319e+01
1.102286980210992473e+00 1.937596539280167377e-03 5.219392971246006709e+02 8.918193677231749916e+01
1.108924588094037933e+00 2.035521144429528872e-03 5.084146341463414842e+02 7.682094370309226861e+01
1.115518250266801070e+00 1.963453062553008333e-03 4.960981012658227769e+02 7.243124319232798314e+01
1.121980766162010701e+00 1.920251373127695831e-03 4.841974522292993584e+02 6.618113426925867770e+01
1.128426312748922689e+00 1.950613960551148517e-03 4.731956521739130608e+02 6.037172298798456893e+01
1.134959239864979930e+00 1.915365560061970144e-03 4.632984615384615381e+02 5.482653337691684214e+01
1.141388067807542761e+00 1.819889318180962796e-03 4.549968253968253862e+02 5.137036368917466689e+01
1.147829738822878420e+00 1.877407927217479219e-03 4.462158054711246109e+02 4.700591353915505266e+01
1.154234759887723172e+00 1.796226287448233561e-03 4.383416927899686470e+02 4.501041666892905369e+01
1.160592008141087206e+00 1.784421184300352767e-03 4.316625386996904012e+02 4.386073793342868754e+01
1.167026991042843242e+00 1.836276795008287468e-03 4.242865671641791323e+02 4.221101137089044641e+01
1.173494023876834547e+00 1.758155136545365687e-03 4.161498470948012027e+02 3.817014088881939671e+01
1.179808164649816637e+00 1.732605827553653768e-03 3.987969230769230649e+02 3.296130103136817979e+01
1.186220583891021807e+00 1.881017850291822648e-03 3.945948553054662398e+02 3.190891108307171464e+01
1.192681073817049464e+00 1.793318889751105601e-03 3.890586206896551857e+02 3.190800688990286105e+01
1.199065629744253458e+00 1.797529783280079436e-03 3.850774647887324136e+02 3.233154464315153831e+01
1.205502001077074059e+00 1.899328588103967692e-03 3.812945205479451829e+02 3.200288759196671862e+01
1.211991242640565014e+00 1.826306843735066819e-03 3.772065217391304373e+02 3.284771818242570163e+01
1.218362901235649165e+00 1.888953249129523074e-03 3.727625899280575368e+02 3.250473642991655510e+01
1.224837827500277143e+00 1.938626244914326818e-03 3.672805755395683605e+02 3.509972410083684480e+01
1.231306496939841066e+00 1.935692192720165272e-03 3.647536231884058111e+02 3.526761046379647979e+01
1.237900180047003751e+00 1.954996484647400414e-03 3.625268817204300831e+02 3.441722058284327090e+01
1.244387829439413284e+00 1.881879514088832415e-03 3.586604477611940069e+02 3.410807894372614157e+01
1.250735832344970877e+00 1.818331757808236372e-03 3.557054263565891574e+02 3.445968984400735735e+01
1.257083335292831006e+00 1.905720956169173206e-03 3.539926199261992679e+02 3.400976514096844028e+01
1.263603115287416090e+00 1.841854869392088893e-03 3.502234848484848726e+02 3.530237554666587840e+01
1.270020777910819465e+00 1.832011672431217405e-03 3.482813688212928014e+02 3.499643980133171084e+01
1.276488051741652807e+00 1.832185980768075541e-03 3.456844106463878461e+02 3.601470393072609966e+01
1.282839323063532211e+00 1.758750693263018286e-03 3.426692913385826955e+02 3.526675006982243588e+01
1.289363492023574365e+00 1.805471412487298991e-03 3.356026936026935914e+02 3.573031800459516205e+01
1.295761563244195891e+00 1.749310907134910172e-03 3.393993288590604038e+02 3.697926496789620643e+01
1.302096506369333051e+00 1.727886103868702576e-03 3.405116279069767415e+02 3.850398956462563405e+01
1.308490604613926855e+00 1.841981469325142248e-03 3.393925233644859532e+02 3.774244305865263271e+01
1.314923371882378955e+00 1.783204890748409099e-03 3.382379421221864959e+02 3.762048726182288760e+01
1.321263162947042602e+00 1.883891353746835161e-03 3.356574074074073906e+02 3.764628380122089624e+01
1.327809252188654421e+00 1.990407611744629372e-03 3.332514792899408462e+02 4.059129806398976825e+01
1.334395055816720577e+00 2.005908808147741692e-03 3.312785923753665429e+02 4.007272759034451326e+01
1.340924575314278222e+00 1.937181998292608577e-03 3.306626865671642008e+02 3.971170534112665251e+01
1.347326738882997477e+00 1.911240937813023883e-03 3.289171597633136344e+02 3.927744574786825638e+01
1.353867248119903444e+00 1.925349651844857632e-03 3.276855524079319935e+02 3.906476723712687971e+01
1.360292180733798650e+00 1.777880213384871099e-03 3.277185628742515178e+02 3.908402063607324806e+01
1.366716033276369036e+00 1.860440026654835337e-03 3.302044817927171039e+02 3.849989185880713904e+01
1.373134056949086190e+00 1.747663592607761902e-03 3.333567251461988121e+02 3.892216840997973293e+01
1.379508641949547476e+00 1.787974598008121871e-03 3.399887323943661954e+02 3.907990887810574065e+01
1.385849874457594222e+00 1.730044418412237826e-03 3.461786743515850162e+02 4.047780552653107833e+01
1.392210228535155858e+00 1.777760908321846531e-03 3.528666666666666742e+02 4.243179058031667950e+01
1.398630460992727143e+00 1.793834584281517276e-03 3.544527777777777828e+02 4.361127689282007935e+01
1.405027543482165298e+00 1.820682476180417696e-03 3.563829201101928561e+02 4.429179966963000936e+01
1.411380623846245186e+00 1.844474811107960554e-03 3.546333333333333258e+02 4.535533269312114868e+01
1.418011585217980208e+00 2.061904995500850411e-03 3.527930174563591095e+02 5.113218441410889170e+01
1.424633236002852632e+00 1.911062399977238009e-03 3.516584699453551934e+02 4.766882472128988013e+01
1.431027237377290762e+00 1.930893372260762729e-03 3.501926121372031844e+02 4.593160947697608520e+01
1.437551415863808524e+00 1.925262037142165712e-03 3.455844155844155807e+02 4.578893108769283771e+01
1.443999660086549230e+00 1.834928749309971486e-03 3.427851458885941724e+02 4.632231623455219705e+01
1.450408168300875378e+00 1.822080046480867126e-03 3.399345549738220029e+02 4.623016904489626455e+01
1.456762351763572827e+00 1.768742008520618686e-03 3.362657894736842081e+02 4.570559164952621956e+01
1.463211358413713192e+00 1.810126088705470279e-03 3.353494897959183731e+02 4.652228096288026649e+01
1.469593255354290973e+00 1.758193336020684059e-03 3.361718750000000000e+02 5.130004741624372144e+01
1.475950724204827313e+00 1.769305199294179780e-03 3.364806201550387641e+02 5.756854324406443624e+01
1.482355977374464340e+00 1.855140322631434503e-03 3.230899999999999750e+02 5.333947529738177451e+01
1.488803525874331735e+00 1.854999873494519958e-03 3.085776081424936592e+02 4.775053016664224970e+01
1.495319592526707764e+00 2.003828109077177445e-03 2.949880382775119756e+02 4.642511921717964896e+01
1.501939691759246465e+00 1.957822028991581826e-03 2.916009732360097360e+02 4.298701667240957391e+01
1.508463382234335848e+00 1.918938912685786129e-03 2.879437652811735688e+02 4.179621215528922562e+01
1.514901188746566207e+00 1.852902137227367511e-03 2.867783251231526833e+02 4.181052815967117198e+01
1.521228969867623793e+00 1.785136608190808364e-03 2.837934508816121024e+02 4.150945558338669628e+01
1.527563647216529041e+00 1.824993124647320475e-03 2.829471153846153584e+02 4.137311997976713940e+01
1.534022576503679458e+00 1.781774817406586286e-03 2.808713592233009990e+02 4.163109640472329431e+01
1.540418711468126034e+00 1.792491139398408621e-03 2.802392344497607723e+02 4.127612456162147936e+01
1.546838712332167631e+00 1.778278829154705072e-03 2.789445783132530323e+02 4.157358608480444673e+01
1.553238623106807825e+00 1.840983848395847744e-03 2.779221698113207708e+02 4.173377986165970555e+01
1.559673935783696619e+00 1.867161364404805587e-03 2.768456057007126105e+02 4.202588869504917568e+01
1.566161367499480317e+00 1.987417225671155377e-03 2.727709750566893376e+02 4.612476030837639485e+01
1.572795191923813007e+00 1.975399758409353626e-03 2.748966292134831519e+02 4.299788710703978722e+01
1.579229625961506400e+00 1.828964939238766603e-03 2.742379807692307736e+02 4.315902163813603210e+01
1.585615098485775532e+00 1.901195136705323549e-03 2.752488789237668243e+02 4.230279023010167805e+01
1.592069020803266399e+00 1.783565421147388207e-03 2.750845070422535059e+02 4.327968986240232141e+01
1.598398624204083740e+00 1.798472010651884717e-03 2.767945205479451829e+02 4.290677750238250354e+01
1.604843375939136507e+00 1.797152056805669104e-03 2.787941176470588402e+02 4.324655869508302430e+01
1.611212339410225569e+00 1.768878106258207515e-03 2.832339449541284466e+02 4.412854896608735800e+01
1.617590363377642504e+00 1.818287623560442892e-03 2.898831460674157370e+02 4.514555253871643714e+01
1.623974015669422899e+00 1.854816384487833732e-03 3.003115124153499096e+02 4.774535829611237148e+01
1.630543485616582799e+00 2.014479720267581264e-03 3.077447698744770150e+02 5.614451255604579671e+01
1.637155364196844820e+00 1.921442116166700376e-03 3.188546255506607849e+02 5.457148365217650365e+01
1.643640215828007012e+00 1.916406123937146409e-03 3.231158798283261717e+02 5.598150480846672394e+01
1.650095370295723063e+00 1.808845151496338592e-03 3.255812917594655005e+02 5.764210413909689379e+01
1.656466136267144007e+00 1.835556712886826517e-03 3.263763440860215042e+02 5.781333544361714161e+01
1.662921359457136594e+00 1.784847929403802829e-03 3.269738562091503127e+02 5.853153368923999977e+01
1.669278115879615276e+00 1.787810489320909016e-03 3.268203463203463457e+02 5.897818418833765719e+01
1.675603147458916142e+00 1.759339208401217896e-03 3.280838852097130030e+02 5.896429301225793296e+01
1.681944817773278311e+00 1.879012939346250957e-03 3.350907172995780456e+02 5.747217616802259244e+01
1.688494896982127180e+00 1.961244959671172398e-03 3.448127572016460931e+02 6.461339242592934795e+01
1.695047655103924189e+00 1.958531043791479891e-03 3.663292181069958815e+02 5.816175214161882678e+01
1.701563412030947964e+00 1.893890162085724253e-03 3.817787056367432115e+02 6.069077517242223507e+01
1.707975620325744792e+00 1.846204685496802061e-03 3.914655532359081462e+02 6.397792297950650919e+01
1.714377380249353600e+00 1.797036493929945892e-03 3.947112970711297066e+02 6.719108562942284379e+01
1.720768292737840266e+00 1.799184406037973973e-03 3.999649484536082582e+02 7.263296188870526748e+01
1.727152534628709324e+00 1.771490888047008889e-03 4.109498956158664100e+02 8.370940573394771889e+01
1.733526494930327289e+00 1.835615179227028260e-03 4.103706720977596660e+02 8.853069598201341250e+01
1.739975521513371870e+00 1.888347845677861795e-03 3.837500000000000000e+02 8.266388009990053831e+01
1.746497876640803248e+00 1.988580869552720402e-03 3.579922480620155056e+02 7.136626188709226426e+01
1.753090192095328348e+00 1.909790863647236811e-03 3.448486055776892272e+02 6.292871041805516796e+01
1.759542915568929722e+00 1.863330342728648260e-03 3.358207171314741117e+02 6.070613175608195178e+01
1.765978610475646082e+00 1.805054295706254351e-03 3.289719999999999800e+02 5.933236182725242713e+01
1.772332663329672986e+00 1.770928694831684115e-03 3.237016129032257936e+02 5.800558823750860427e+01
1.778664509689639184e+00 1.781133477909586536e-03 3.198283433133732387e+02 5.735457294463279965e+01
1.785069366740120511e+00 1.834600355293997381e-03 3.169511718750000000e+02 5.728732289256303289e+01
1.791506168727699633e+00 1.878728357369653049e-03 3.134470588235294031e+02 6.394380985612134793e+01
1.798039063906349488e+00 1.995486375923071192e-03 3.172333333333333485e+02 7.126484034315801352e+01
1.804647924016717919e+00 1.913848319004299433e-03 3.184252873563218600e+02 7.882304751121023401e+01
1.811089958053599736e+00 1.862622323854617795e-03 2.953601532567049617e+02 7.237111216592001028e+01
1.817521720439822408e+00 1.798364348704032875e-03 2.649729729729729684e+02 5.682216033047996717e+01
1.823812670535420288e+00 1.750448090683544159e-03 2.428568627450980273e+02 4.885591877851062037e+01
1.830221642949216854e+00 1.837728497302317443e-03 2.346089385474860194e+02 4.709917596122349437e+01
1.836582905300079060e+00 1.780128382536366044e-03 2.309980392156862763e+02 4.710617952215390147e+01
1.843061797820461534e+00 1.986079127245108083e-03 2.272113676731794101e+02 4.955795822182806631e+01
1.849632829275571488e+00 1.888944039210000737e-03 2.269379699248120232e+02 4.747820811907505600e+01
1.856090187264436642e+00 1.913060858845453587e-03 2.252454545454545496e+02 4.693889856342079980e+01
1.862531947297203283e+00 1.788974026913770074e-03 2.241924528301886710e+02 4.615614520430664669e+01
1.868931787959941415e+00 1.835149539700427039e-03 2.226393442622950829e+02 4.606650038933473468e+01
1.875342409945594868e+00 1.782793697721218873e-03 2.210744878957169419e+02 4.704231810492986909e+01
1.881685992375486283e+00 1.813583446463527945e-03 2.207619926199261897e+02 4.679489396879644403e+01
1.888176611507502489e+00 1.945205006648250507e-03 2.183333333333333428e+02 5.084992501079783267e+01
1.894684395670122701e+00 1.921537496908314263e-03 2.201341681574239715e+02 4.944943879780075235e+01
1.901176782548104516e+00 1.886986723452953362e-03 2.203469750889679801e+02 4.927083418337740994e+01
1.907561981128558237e+00 1.795440373499332084e-03 2.203047445255474486e+02 4.954210795474821794e+01
1.913985041606118376e+00 1.828239138046576940e-03 2.216385964912280713e+02 4.986812766659058838e+01
1.920403381422240097e+00 1.786024996940504313e-03 2.237699275362318758e+02 5.043663607497160228e+01
1.926716413297410169e+00 1.834639747803229817e-03 2.284822064056939439e+02 5.017196059926784812e+01
1.933271554332125497e+00 1.965820526812752777e-03 2.388198653198653290e+02 5.387406667115251224e+01
1.939792573083097382e+00 1.907526115978609412e-03 2.643595113438045132e+02 5.033577135736100416e+01
1.946288570836251841e+00 1.883695634446648113e-03 3.029352640545145050e+02 6.064194458819765288e+01
1.952655684029843908e+00 1.737190040939992066e-03 3.579403254972875175e+02 8.217927928658859571e+01
1.958969978021109171e+00 1.827434973414125523e-03 4.257901023890784700e+02 1.068108194329854115e+02
1.965496063115082181e+00 1.854230162972571750e-03 4.954881756756756772e+02 1.349254887303757755e+02
1.971963975922738088e+00 1.884120710564727479e-03 5.526712328767123381e+02 1.763935684960069352e+02
1.978442510441045021e+00 1.957066319931451050e-03 5.931120263591433286e+02 1.984926620641210775e+02
1.984931097981023740e+00 1.843590323278294961e-03 6.090871794871794691e+02 2.025615096664082841e+02
1.991287308585444338e+00 1.815152065882439042e-03 6.097086882453152157e+02 2.062493937604148186e+02
1.997701973476069481e+00 1.833321787203764366e-03 6.101528239202657460e+02 2.139285986894878420e+02
2.004164133665459424e+00 1.816322146449814287e-03 6.078681135225375556e+02 2.214599774628199498e+02
2.010465304371688244e+00 1.793999045974344238e-03 6.069202772963604957e+02 2.307710129194520619e+02
2.016906033528098163e+00 1.989616449670199121e-03 6.124866979655712385e+02 2.557073472836106589e+02
2.023555996358446407e+00 1.897180052363281293e-03 6.080841423948220381e+02 2.376780263063799339e+02
2.029968694217374470e+00 1.807083598350285245e-03 5.963311036789298214e+02 2.291375161162654877e+02
2.036339422929389187e+00 1.823287213829230622e-03 5.838508914100485754e+02 2.224266059378085458e+02
2.042808231593590484e+00 1.819045180469573350e-03 5.706412337662337677e+02 2.191350038792433850e+02
2.049121403930300289e+00 1.816823929832920258e-03 5.637892976588628926e+02 2.239003796364407606e+02
2.055546024436551544e+00 1.958593688934813937e-03 5.568996913580247110e+02 2.248970113392015833e+02
2.062179187475123410e+00 1.909374836257744399e-03 5.470015624999999773e+02 2.092222726551837013e+02
2.068587893715514436e+00 1.782255124468116103e-03 5.446464811783960158e+02 2.244931599511163256e+02
2.074943470461427353e+00 1.803325004765888358e-03 5.566148969889064801e+02 2.931928505247624344e+02
2.081348551495329602e+00 1.811685209211536278e-03 6.117296000000000049e+02 4.643937278336131271e+02
2.087807581420585645e+00 1.934124239786214495e-03 6.831822358346095143e+02 6.529547994554925481e+02
2.094354049547901386e+00 1.919763106963207067e-03 5.875598159509202105e+02 5.537207583812086114e+02
2.100814970511138302e+00 1.841726384006937703e-03 3.931619496855345801e+02 2.801295507830364500e+02
2.107147425483176129e+00 1.793021693532189254e-03 2.725410094637223892e+02 1.118330491179649044e+02
2.113573117004156288e+00 1.831442330790634650e-03 2.372442748091603164e+02 6.941208025957985228e+01
2.119956773712852627e+00 1.806996690666118864e-03 2.304556962025316409e+02 6.082126771379473240e+01
2.126392549358501416e+00 1.961143276791299343e-03 2.299338235294117680e+02 6.185737813097767201e+01
2.133022499541108896e+00 1.914261261225060897e-03 2.351449704142011967e+02 5.536558083527659591e+01
2.139480964562213483e+00 1.786119367506160778e-03 2.390992248062015619e+02 5.480902359981123340e+01
2.145796782645738254e+00 1.799418587043424183e-03 2.440948012232416033e+02 5.462709582296173494e+01
2.152165366120878165e+00 1.825425695775702338e-03 2.489151515151515071e+02 5.415208890506782069e+01
2.158655754564665852e+00 1.929951649106770133e-03 2.533023255813953369e+02 6.054119319565209878e+01
2.165204964825616862e+00 1.913631523374921799e-03 2.647777777777777715e+02 5.575031796515939675e+01
2.171687233764930003e+00 1.836559742283269984e-03 2.766874074074074201e+02 5.473867520786067331e+01
2.178057454997971210e+00 1.770075738143539208e-03 2.944697885196374614e+02 5.435637364494778012e+01
2.184381886656512783e+00 1.819268068842387707e-03 3.196805349182763507e+02 5.585070839164849588e+01
2.190889596552291430e+00 1.941484629964972597e-03 3.475627644569816539e+02 7.039209168848044840e+01
2.197415493733709368e+00 1.880394352234131695e-03 3.834034833091436667e+02 6.882977082202674524e+01
2.203858495652105454e+00 1.844129167940211774e-03 4.096714905933429804e+02 7.655339783762190109e+01
2.210218428929338064e+00 1.776952575370011446e-03 4.276893491124260436e+02 8.420721880697171002e+01
2.216548686487991304e+00 1.820372229284925253e-03 4.368345428156748653e+02 8.825702973785010386e+01
2.223054582631938558e+00 1.937499342758612587e-03 4.369654696132596428e+02 1.014927201360840030e+02
2.229555406010463425e+00 1.871681269043944497e-03 4.457939914163090407e+02 9.279184427769979493e+01
2.236023148886606471e+00 1.876509468722661325e-03 4.444881780250347560e+02 9.364674944953226543e+01
2.242466908337517939e+00 1.781536512235300631e-03 4.442287769784172724e+02 9.504625797861419301e+01
2.248784053696174290e+00 1.815619011182786555e-03 4.414677187948349797e+02 9.548338841150255973e+01
2.255261034229438355e+00 1.958337742873136802e-03 4.347409395973154460e+02 1.052037444295073527e+02
2.261752977112598817e+00 1.833135357339661826e-03 4.366987270155586884e+02 9.315990972608126697e+01
2.268193030407839927e+00 1.856919733580766289e-03 4.325675306957708131e+02 9.175795964344479216e+01
2.274620661936892052e+00 1.792548502283534354e-03 4.227813822284908269e+02 9.193844061469829398e+01
2.281045196159239286e+00 1.907452264699439036e-03 4.051594594594594696e+02 9.800750345821738563e+01
2.287566856146262317e+00 1.925687837049752790e-03 3.958315508021390201e+02 9.175212631373038619e+01
2.294017676381079784e+00 1.818149611703329506e-03 3.882825484764542807e+02 8.870098734533786455e+01
2.300373896127871021e+00 1.814054264739159471e-03 3.809206566347469334e+02 8.593463235477301509e+01
2.306733295622487301e+00 1.809288305020508025e-03 3.765810439560439704e+02 8.356621872104288684e+01
2.313210233147671158e+00 1.927057466226796351e-03 3.734869791666666856e+02 9.239999772255784194e+01
2.319750633036068876e+00 1.886628064392380537e-03 3.863099337748344624e+02 9.789320972623139028e+01
2.326167810919689938e+00 1.805281422939875990e-03 4.045751014884979782e+02 1.360194165324991786e+02
2.332524891627314911e+00 1.808157875111407291e-03 4.121236559139784958e+02 1.677177798941526135e+02
2.339018828040365428e+00 1.927078730268403945e-03 3.701435897435897573e+02 1.590575853692958788e+02
2.345529090540556361e+00 1.892646505679497623e-03 2.973704188481675601e+02 1.102137828694950912e+02
2.351902562585342693e+00 1.808634088653226840e-03 2.361898395721925112e+02 7.274156908183286419e+01
2.358283426411155403e+00 1.828495513811564770e-03 2.092659713168187636e+02 5.917301668234457424e+01
2.364665150299146479e+00 1.824483169818866225e-03 1.992225165562913958e+02 5.556278996584145347e+01
2.371140522023317931e+00 1.956229962378429419e-03 1.927481389578163657e+02 5.595452580665291720e+01
2.377698484074287411e+00 1.857249505322706908e-03 1.896679487179487182e+02 5.154341792725752214e+01
2.384135550776628865e+00 1.806484998011118103e-03 1.845509677419354944e+02 4.878601449175361893e+01
2.390495270780528703e+00 1.815820546892564329e-03 1.825083565459609929e+02 4.882548021687504303e+01
2.396907059408651008e+00 1.904650256318906557e-03 1.791545827633378849e+02 5.078562932568784305e+01
2.403395490390968892e+00 1.861409897307351969e-03 1.820760563380281667e+02 4.748758131230813007e+01
2.409868588547004364e+00 1.847911660654164229e-03 1.825142045454545325e+02 4.741311389841595059e+01
2.416315494183244539e+00 1.848423108511250412e-03 1.837652173913043612e+02 4.748756863162362407e+01
2.422721222723576151e+00 1.879130934971403807e-03 1.794578488372092977e+02 5.076087115013125128e+01
2.429135064156228374e+00 1.862177758942303550e-03 1.815029325513196454e+02 4.805992711126953054e+01
2.435558328952115659e+00 1.829358714226044739e-03 1.803786982248520587e+02 4.772287221526332957e+01
2.441961929587736613e+00 1.826990787003958654e-03 1.795239520958083972e+02 4.774301436060955695e+01
2.448435267415004279e+00 1.916283866918213176e-03 1.742005813953488484e+02 5.041900770261482023e+01
2.454898310690642571e+00 1.851262751470384186e-03 1.752575757575757507e+02 4.781383516174158643e+01
2.461278332832209870e+00 1.841207405127180587e-03 1.733187311178247683e+02 4.705959881450286275e+01
2.467732767309350983e+00 1.860175811866779036e-03 1.714639639639639768e+02 4.676127955814040860e+01
2.474317234005322774e+00 1.907302378477835920e-03 1.677925608011445036e+02 4.670319509273178937e+01
2.480763678027650521e+00 1.850982492662076430e-03 1.695173852573018110e+02 4.531698048791182742e+01
2.487114426650852028e+00 1.791691956921820849e-03 1.698483146067415817e+02 4.521399595463314114e+01
2.493514277050582706e+00 1.905910091373927331e-03 1.676512549537648624e+02 4.639372000278869734e+01
2.500016016455529844e+00 1.897218154373805617e-03 1.683011734028683293e+02 4.445083905531407709e+01
2.506504299072060071e+00 1.823698874814003905e-03 1.663069828722002512e+02 4.444620113968356634e+01
2.512828968428921783e+00 1.779539787674511890e-03 1.655033647375504700e+02 4.401589161435737907e+01
2.519262120792594928e+00 1.938201810876334251e-03 1.631344956413449552e+02 4.575246910929486432e+01
2.525775074220281358e+00 1.871497825325404334e-03 1.639821656050955312e+02 4.308891314811093309e+01
2.532197693037325781e+00 1.807973308604888651e-03 1.640987179487179617e+02 4.287051908910246567e+01
2.538545427775757091e+00 1.816891897915347926e-03 1.664234234234234293e+02 4.322953785923083814e+01
2.545039371368973402e+00 1.965732421291352915e-03 1.685748218527315885e+02 4.758518254079491783e+01
2.551577586228050976e+00 1.818913119815899733e-03 1.720164141414141454e+02 4.857056205949890426e+01
2.557912035390546901e+00 1.811160408138717511e-03 1.680325814536340943e+02 4.791451746903332776e+01
2.564418003384666633e+00 1.924750488034227642e-03 1.573683589138134664e+02 4.600824370947007935e+01
2.570930014234638072e+00 1.852202887801034569e-03 1.495597560975609781e+02 4.221000967443907115e+01
2.577333690207623373e+00 1.816621428331073769e-03 1.449755501222493876e+02 4.065572684591786157e+01
2.583698900290759326e+00 1.840143410056186736e-03 1.435525672371638279e+02 4.043899979440250547e+01
2.590116643848396460e+00 1.922552353981257615e-03 1.426289381563593963e+02 4.151119447042670885e+01
2.596553429180498362e+00 1.801710981220896188e-03 1.417997572815534113e+02 3.979943283534902321e+01
2.602955615407046341e+00 1.842317350104424401e-03 1.414282352941176555e+02 3.910263343904747302e+01
2.609495359574187212e+00 1.911716238635802895e-03 1.398095781071835688e+02 4.058378173524336319e+01
2.615974071523933020e+00 1.844748521006626301e-03 1.398905882352941035e+02 3.914279612625182381e+01
2.622378270172453618e+00 1.832507040312451657e-03 1.394877192982456222e+02 3.859098929418642143e+01
2.628819659223405658e+00 1.883705983027747803e-03 1.383275862068965409e+02 3.961690057209621330e+01
2.635224897504864661e+00 1.872415782458078902e-03 1.379896551724137908e+02 3.896519072185438404e+01
2.641639659702591736e+00 1.816527212418568051e-03 1.377762399077277848e+02 3.843327876598069537e+01
2.648064596936881454e+00 1.851525790120274028e-03 1.370581527936145960e+02 3.898423931401049458e+01
2.654540339871488630e+00 1.920962172705038655e-03 1.369988998899889907e+02 3.861524972508777154e+01
2.661017435989672553e+00 1.820997431850269717e-03 1.364914285714285711e+02 3.773315597179536951e+01
2.667377750780578261e+00 1.839233884157700843e-03 1.358569807037457338e+02 3.765058055711227070e+01
2.673833255939705111e+00 1.922629864361171097e-03 1.351245937161430106e+02 3.884184388962226819e+01
2.680310332336410362e+00 1.829470795604572599e-03 1.349484882418813072e+02 3.702335116998400366e+01
2.686679530094181256e+00 1.809753184080302099e-03 1.352062780269058351e+02 3.684650702213370010e+01
2.693172569770623248e+00 1.920456143785719515e-03 1.350073995771670070e+02 3.819976361685018418e+01
2.699710169678059213e+00 1.845827250732203417e-03 1.362889858233369580e+02 3.785953358472084318e+01
2.706108723802718607e+00 1.808001129835774996e-03 1.377840531561461717e+02 3.869253928414850918e+01
2.712552861480932442e+00 1.909490143508341294e-03 1.365732349841938742e+02 3.911420059924530079e+01
2.719028861112676942e+00 1.848278151304674159e-03 1.345589189189189199e+02 3.614503214846928358e+01
2.725349625855669977e+00 1.780111837505188701e-03 1.325604883462819146e+02 3.388523612702947219e+01
2.731792001493120292e+00 1.927874637693306574e-03 1.305747950819672099e+02 3.349509253806141373e+01
2.738310186615081410e+00 1.835670255000661395e-03 1.316986155484557912e+02 3.202420887407517824e+01
2.744685257899765141e+00 1.793617037467074102e-03 1.324385775862068897e+02 3.070572466948872048e+01
2.751066800196758422e+00 1.878288467704576767e-03 1.347148846960167816e+02 2.921587338007543266e+01
2.757601512830000434e+00 1.862141664063760894e-03 1.425337016574585505e+02 2.618142726212388993e+01
2.764058068263966828e+00 1.836587841443396716e-03 1.539384965831435181e+02 2.393039016080546233e+01
2.770529172478649382e+00 1.887167826034379927e-03 1.700394144144144093e+02 2.319705198121666356e+01
2.776955143396238501e+00 1.821333560803167642e-03 1.906285377358490507e+02 2.483294700567115854e+01
2.783316304171964184e+00 1.843620978786204888e-03 2.100731132075471805e+02 2.764391033144797305e+01
2.789755116199374552e+00 1.895104686621155434e-03 2.261341040462427827e+02 2.965915386744168458e+01
2.796202065730379438e+00 1.823396814250311405e-03 2.371568862275449021e+02 3.206026519758412974e+01
2.802598215598055997e+00 1.839199823105454800e-03 2.435988023952095887e+02 3.208074016208252033e+01
2.809058618291326859e+00 1.891542357478581855e-03 2.464502923976608315e+02 3.174618064644322502e+01
2.815539484174618412e+00 1.814857361145085640e-03 2.486905339805825292e+02 3.063385351911934507e+01
2.821989463872399906e+00 1.865090624993398201e-03 2.493249701314217361e+02 3.002330701755673914e+01
2.828483713597702565e+00 1.883630524017047489e-03 2.506797619047619037e+02 3.050319139654323664e+01
2.834900904292738222e+00 1.791954038426357698e-03 2.514737499999999955e+02 3.116839189186698533e+01
2.841279989216558999e+00 1.876324795384782303e-03 2.511231884057970944e+02 3.166061265491872589e+01
2.847767858763501359e+00 1.886990809494324501e-03 2.510785024154589280e+02 3.235004378894458199e+01
2.854224446368732959e+00 1.845718501710050556e-03 2.517518610421836343e+02 3.183078172302101905e+01
2.860652227376856871e+00 1.895283512592607677e-03 2.510036407766990294e+02 3.192649310583530919e+01
2.867113210476443186e+00 1.859648482407798373e-03 2.507128712871287064e+02 3.195874698225228627e+01
2.873572830144707879e+00 1.886954548921765396e-03 2.498402948402948311e+02 3.100929318230171461e+01
2.879995266294152589e+00 1.874768549312584749e-03 2.492825278810408918e+02 3.100267538863045758e+01
2.886377499349285003e+00 1.822646243021190660e-03 2.486962025316455822e+02 2.979533105914768143e+01
2.892826601299819611e+00 1.901257081905588812e-03 2.471202916160388838e+02 3.019213909226606418e+01
2.899287209408602628e+00 1.837036175435869181e-03 2.477811320754717030e+02 3.104125269211696647e+01
2.905651471559458798e+00 1.820821310380915442e-03 2.489047013977128415e+02 3.223194129709214906e+01
2.912064357739847953e+00 1.885695667761764669e-03 2.495184275184275293e+02 3.589762850391154103e+01
2.918524733004972394e+00 1.831846772134888184e-03 2.543893805309734546e+02 4.109380684522741234e+01
2.925008101889499557e+00 1.898964803942654149e-03 2.593897685749086577e+02 5.313986169652866209e+01
2.931494571104498625e+00 1.860470468068603543e-03 2.721742892459827203e+02 7.128466757501257689e+01
2.937893251398651540e+00 1.817351826735809622e-03 2.823789209535759142e+02 8.717642407451852193e+01
2.944305546311252186e+00 1.880927000690213848e-03 2.794007220216606697e+02 9.048834591502152591e+01
2.950769139483569781e+00 1.826098071515048831e-03 2.728022113022112762e+02 7.810686906648945182e+01
2.957217893682505760e+00 1.858471812583063982e-03 2.569661016949152668e+02 5.843889232987150706e+01
2.963641657319503686e+00 1.840162297927921053e-03 2.428822085889570417e+02 3.841739723226963577e+01
2.970043842149071800e+00 1.832295957600710810e-03 2.332537128712871208e+02 2.570150057679189004e+01
2.976510225225458495e+00 1.909562939757382871e-03 2.287339667458432189e+02 2.196648122770453782e+01
2.983008757323797777e+00 1.820848808918005624e-03 2.287311028500619443e+02 2.158466171474358575e+01
2.989442833175567138e+00 1.860876473636659213e-03 2.280169696969697100e+02 2.200302401789462081e+01
2.995851322080832713e+00 1.818248084975540883e-03 2.278745341614906863e+02 2.217855834564702988e+01
3.002288071879581022e+00 1.866109072499165002e-03 2.259439707673568876e+02 2.260057684759777885e+01
3.008748785923475388e+00 1.879638502675874765e-03 2.240787878787878924e+02 2.269571999634366222e+01
3.015199648864150372e+00 1.825469582085792030e-03 2.222898009950248763e+02 2.278822484865109388e+01
3.021614952218953931e+00 1.867358907394168870e-03 2.189866666666666788e+02 2.378371839317939873e+01
3.028035269137849372e+00 1.805619228951016193e-03 2.171614518147684691e+02 2.477547068461450053e+01
3.034481983401863037e+00 1.885823396422961745e-03 2.127870036101083144e+02 2.671623146398647108e+01
3.040948636384726900e+00 1.846244746713175374e-03 2.100000000000000000e+02 2.779208520424474926e+01
3.047399548284976056e+00 1.866575050031695892e-03 2.052729498164014785e+02 2.905722638713211481e+01
3.053818065407082116e+00 1.858882463793821993e-03 2.006253071253071312e+02 3.046255493301743300e+01
3.060168791671987076e+00 1.792825745411367891e-03 1.962086513994910888e+02 3.232594790830324172e+01
3.066596020837712544e+00 1.927764682785730512e-03 1.893116113744075903e+02 3.567757067892447509e+01
3.073140751332767540e+00 1.856356834428901387e-03 1.860234857849196430e+02 3.931776942935239560e+01
3.079593295930210139e+00 1.886716362797553155e-03 1.799624242424242482e+02 4.431788472109688115e+01
3.086017154762366044e+00 1.830431539716442747e-03 1.761812500000000057e+02 4.610692599816218973e+01
3.092486513109037993e+00 1.905108961471654438e-03 1.682841726618705138e+02 4.546218729805044489e+01
3.098964516853627060e+00 1.852397442341169754e-03 1.631693448702101250e+02 4.475985875336656505e+01
3.105440922044128804e+00 1.880034527507769499e-03 1.622218181818181790e+02 4.948771049267852362e+01
3.111821301298671738e+00 1.810318297736169049e-03 1.664352201257861736e+02 5.790304028533420677e+01
3.118233335063332667e+00 1.868901341642052608e-03 1.647393422655298423e+02 6.064863521310309125e+01
3.124683867316949026e+00 1.865189586864977357e-03 1.555921855921855865e+02 5.180091718269783030e+01
3.131144652615997170e+00 1.844489775254080271e-03 1.416691358024691283e+02 3.630571491133716933e+01
3.137527951480249655e+00 1.850518740970626434e-03 1.302509225092250915e+02 2.296585686327610887e+01
3.143946084488824955e+00 1.842734159383119935e-03 1.239752168525402709e+02 1.594412018482932325e+01
3.150358822729363073e+00 1.875642417003805899e-03 1.203859223300970882e+02 1.342579672661430124e+01
3.156784286039504561e+00 1.823981601210612454e-03 1.193174999999999955e+02 1.245495245374304005e+01
3.163270120323041557e+00 1.930117905744787839e-03 1.171120283018867951e+02 1.174420116541375947e+01
3.169756141428992979e+00 1.817110211355118556e-03 1.160062814070351749e+02 1.111378873712435045e+01
3.176136715832639901e+00 1.869400486556539428e-03 1.148363636363636431e+02 1.045404056751875821e+01
3.182603852824878121e+00 1.855271636042648588e-03 1.135153374233128858e+02 1.052493816892389766e+01
3.189050645908320547e+00 1.867823016262818358e-03 1.115163636363636357e+02 1.021594389382954837e+01
3.195475202712392715e+00 1.830177604982121797e-03 1.109925558312655056e+02 1.048636997247031566e+01
3.201930699474990760e+00 1.890160737295187680e-03 1.104755077658303435e+02 1.017606202084330036e+01
3.208380198036255848e+00 1.818817371399450607e-03 1.098443337484433329e+02 9.656580490267302253e+00
3.214769441202507405e+00 1.856295446885927562e-03 1.088228155339805880e+02 9.428380640868077478e+00
3.221219946103295317e+00 1.854520719188760538e-03 1.083312958435207776e+02 1.029548469181635184e+01
3.227683765295594753e+00 1.874065427032763596e-03 1.073670276774969921e+02 1.021574865395676213e+01
3.234131017772435612e+00 1.840716304877563787e-03 1.074821208384710189e+02 1.035259832482700837e+01
3.240599979113187423e+00 1.901252405176113557e-03 1.073357058125741332e+02 1.017342681889674161e+01
3.247028333220890239e+00 1.799593188369970169e-03 1.074918238993710702e+02 1.036431885156532751e+01
3.253443203786942295e+00 1.907653420062672836e-03 1.067877358490566024e+02 1.038302884318194330e+01
3.259883502116921683e+00 1.795580006981134817e-03 1.065465994962216598e+02 1.068977019980338738e+01
3.266300345605878341e+00 1.923600185575663262e-03 1.060152403282532276e+02 1.099743213745331261e+01
3.272853483066015201e+00 1.856140221165968399e-03 1.054841463414634148e+02 1.124897166296202045e+01
3.279208055010873757e+00 1.838273880463746476e-03 1.046969325153374228e+02 1.064870390245747345e+01
3.285677511815711327e+00 1.882917816817657360e-03 1.038221957040572789e+02 1.035194108345082142e+01
3.292103848527159204e+00 1.835553428200827411e-03 1.033231334149326841e+02 1.053083226951725138e+01
3.298586108799094418e+00 1.888317585372828586e-03 1.024204275534441848e+02 1.077548843063764039e+01
3.305031100311709658e+00 1.850386223069815962e-03 1.013970767356881879e+02 1.102062898241144850e+01
3.311493553422723224e+00 1.868513817595845007e-03 9.971599045346061985e+01 1.022258962132797144e+01
3.317903636599865536e+00 1.824831080609758517e-03 9.882822085889570474e+01 1.000581298169558231e+01
3.324331097200103002e+00 1.867240715589447552e-03 9.727023809523809916e+01 1.042335553950588078e+01
3.330698991454875468e+00 1.802295415888940022e-03 9.601995012468827895e+01 1.045210551329298809e+01
3.337129369178693850e+00 1.924555404658041986e-03 9.517305458768873905e+01 1.060166685999169545e+01
3.343680207265053550e+00 1.861922247852822480e-03 9.338480096501808703e+01 1.053569000702633751e+01
3.350044083295126374e+00 1.835162792558274860e-03 9.228068043742405280e+01 1.060734307999691950e+01
3.356505604070456616e+00 1.871227406804753775e-03 9.094786729857820262e+01 1.065456391698788785e+01
3.362916001860436488e+00 1.833654571443432820e-03 9.005237515225334732e+01 1.046790816700939253e+01
3.369285096640512123e+00 1.875337531839301689e-03 8.986097560975609611e+01 1.069989811868079244e+01
3.375802434903234950e+00 1.848095989791553092e-03 8.920568335588633602e+01 1.101136955868176415e+01
3.382214916359785661e+00 1.843501739730700950e-03 8.845926966292134352e+01 1.063392903660073330e+01
3.388621595555129762e+00 1.837214591020290208e-03 8.836098981077147130e+01 1.041251315271056477e+01
3.395087870480640202e+00 1.897809126909797642e-03 8.943459302325581461e+01 1.111452611732058315e+01
3.401600099274715294e+00 1.862825267528726196e-03 9.053996983408748633e+01 1.197314936998381363e+01
3.408008587822927371e+00 1.829521772960810344e-03 9.288509316770186786e+01 1.275122585676670361e+01
3.414429009776510870e+00 1.863403552598411495e-03 9.588390092879257054e+01 1.184393984049155080e+01
3.420895508941175223e+00 1.876279003669552520e-03 9.890766823161189336e+01 1.115451725683435136e+01
3.427361199308996742e+00 1.871984655860910217e-03 1.001772151898734222e+02 1.021744049995560211e+01
3.433789816721534383e+00 1.835455874914732619e-03 1.014561688311688243e+02 1.013819068037027193e+01
3.440207803416203358e+00 1.864980166185075923e-03 1.022766990291262204e+02 1.010638885736762305e+01
3.446682336316245543e+00 1.886495457043324163e-03 1.027447154471544764e+02 1.044549656263798454e+01
3.453142116062292821e+00 1.850491205141300763e-03 1.023546218487394981e+02 1.008389425674016593e+01
3.459552608189105705e+00 1.840426776601197887e-03 1.014589041095890423e+02 9.913709253809843247e+00
3.466037827277117955e+00 1.895781883946169978e-03 1.014991511035653673e+02 1.025289298083690248e+01
3.472473653977210972e+00 1.828931698347952819e-03 1.010429338103756720e+02 9.865101979727013415e+00
3.478868831430015351e+00 1.849798838882201271e-03 9.997678571428571104e+01 9.337202376209146948e+00
3.485296939778874226e+00 1.846836384750711896e-03 9.897619047619048160e+01 9.386849450851045162e+00
3.491740378822062674e+00 1.892374048568714641e-03 9.783242258652094847e+01 9.478421019785823631e+00
3.498222076309955408e+00 1.850392789083453492e-03 9.700375939849624274e+01 1.049140323339267411e+01
3.504611891581455030e+00 1.828338000025509641e-03 9.566990291262135315e+01 1.103424091714463096e+01
3.511032309223517167e+00 1.894740202114146826e-03 9.479961832061069060e+01 1.192588111408540819e+01
3.517510811405253346e+00 1.847376399887671770e-03 9.195059288537549946e+01 1.134995911739077989e+01
3.523886222494890585e+00 1.819823680849573695e-03 9.075460122699387000e+01 1.131762174035712398e+01
3.530333766363422221e+00 1.913949961282706506e-03 9.050891089108911558e+01 1.196072109583857745e+01
3.536838628960300657e+00 1.837400593869444173e-03 8.813541666666667140e+01 1.084227195338278449e+01
3.543212277439104163e+00 1.824314092004992007e-03 8.701713062098501439e+01 1.023690264544292994e+01
3.549634251627681092e+00 1.895848120010211945e-03 8.746218487394958174e+01 1.049387391444948570e+01
3.556117060308725097e+00 1.842284182035823720e-03 8.598471615720524142e+01 9.778650406659991745e+00
3.562580790750173865e+00 1.873137250446494902e-03 8.591008771929824661e+01 9.221830469175632317e+00
3.569027121761189303e+00 1.864198494303047999e-03 8.562387387387387605e+01 8.627137522153589089e+00
3.575415228040989657e+00 1.829283293316363293e-03 8.520881670533643160e+01 7.885846717566753483e+00
3.581824267593239686e+00 1.860007523854312686e-03 8.492343387470997129e+01 6.579056405191533230e+00
3.588330065081806630e+00 1.895947895659538546e-03 8.358004640371230209e+01 4.922736785620405620e+00
3.594804804657118602e+00 1.838793340235311087e-03 8.232439024390244242e+01 4.093475024369130466e+00
3.601203120605045882e+00 1.866742151695356807e-03 8.172058823529411598e+01 3.708055501949277133e+00
3.607629953215138574e+00 1.849946976811765471e-03 8.143107769423558295e+01 3.118095666778399888e+00
3.614090854913730499e+00 1.868416365547433599e-03 8.071464646464646364e+01 3.712342809300060331e+00
3.620574720227974552e+00 1.873754476683962313e-03 7.974550128534704641e+01 3.537369408976786200e+00
3.627004027770476924e+00 1.835919208150294619e-03 7.901336898395722130e+01 3.665836833522615912e+00
3.633382280898821648e+00 1.849285921997263250e-03 7.811653116531165608e+01 3.825497714950556905e+00
3.639818201334091174e+00 1.872714577785467623e-03 7.689918256130789587e+01 3.648062804702846940e+00
3.646271849872324999e+00 1.848931603973280732e-03 7.564887640449438777e+01 3.883398266752970507e+00
3.652754025121335069e+00 1.886957975833729447e-03 7.439325842696629820e+01 4.007484948716605544e+00
3.659208746855755479e+00 1.834720162372708565e-03 7.279941002949853157e+01 3.913202557214710886e+00
3.665582835495777569e+00 1.840575612045432024e-03 7.155855855855855907e+01 4.190532252657240164e+00
3.672040343112283445e+00 1.886479483533069204e-03 7.037425149700598581e+01 4.018144779394765997e+00
3.678529717319615866e+00 1.858096912976999176e-03 6.978881987577639734e+01 3.565460852595790708e+00
3.684932562337432049e+00 1.835190244932949138e-03 6.908038585209003202e+01 3.847607825553422956e+00
3.691340469028411508e+00 1.865394116403416890e-03 6.882524271844660291e+01 3.756930316489748733e+00
3.697825917576230470e+00 1.878575472322643403e-03 6.897039473684210975e+01 3.676787046425794792e+00
3.704288468942850354e+00 1.854378416201764085e-03 6.833788395904436186e+01 3.107783563219054024e+00
3.710695071708606907e+00 1.843173339766954189e-03 6.783157894736842763e+01 3.214958114605904083e+00
3.717119980493126530e+00 1.858275420549158159e-03 6.689285714285713880e+01 3.506971919023064377e+00
3.723579054116692877e+00 1.875547371405369762e-03 6.654181818181818642e+01 2.906300934859797458e+00
3.730020297411832164e+00 1.843995263516665269e-03 6.607954545454545325e+01 2.848051627275276054e+00
3.736426917509388268e+00 1.851423495632689448e-03 6.509689922480620794e+01 3.307071597763070248e+00
3.742862848593606184e+00 1.866246695943705233e-03 6.455335968379446854e+01 3.181643871198140516e+00
3.749304155234212121e+00 1.850203366498975400e-03 6.452868852459016580e+01 3.133196051206659671e+00
3.755769545342233950e+00 1.881542671327423493e-03 6.422821576763485041e+01 3.323920814194608830e+00
3.762207580716425692e+00 1.832713059301602828e-03 6.325000000000000000e+01 2.693396733664070286e+00
3.768650259547695391e+00 1.882711660849632198e-03 6.212334801762114722e+01 3.349449033213959481e+00
3.775101190588130873e+00 1.841328330998877110e-03 6.165116279069767558e+01 2.898667193402355124e+00
3.781544745172108257e+00 1.876261972947606757e-03 6.119339622641509635e+01 3.070142390330260262e+00
3.787984350729691752e+00 1.841817734800533721e-03 6.048258706467661483e+01 3.295309225927486541e+00
3.794443778523244770e+00 1.888119406057294294e-03 6.070351758793970021e+01 2.905730826238839271e+00
3.800887998049732097e+00 1.829598834944004332e-03 6.033333333333333570e+01 2.713632120084466415e+00
3.807319286871066577e+00 1.879776389761753357e-03 5.965760869565217206e+01 2.800511362972819995e+00
3.813728772969168901e+00 1.816176537965013323e-03 5.919298245614034926e+01 3.296129718217831517e+00
3.820127884734960233e+00 1.870328496078344947e-03 5.928402366863905115e+01 3.357981648978375588e+00
3.826558902351690605e+00 1.840091099185570860e-03 5.767924528301886511e+01 2.758999858344649336e+00
3.832976717434447789e+00 1.862754303780558536e-03 5.638311688311688386e+01 2.322642948195039914e+00
3.839467489846226655e+00 1.881591717002498556e-03 5.666891891891891930e+01 2.779565815241003435e+00
3.845958738964208923e+00 1.872212223355807642e-03 5.640714285714285836e+01 3.016857399916108129e+00
3.852379013358490312e+00 1.829949564810406546e-03 5.556923076923077076e+01 3.115033218548834970e+00
3.858770514458473411e+00 1.860590576749386821e-03 5.488000000000000256e+01 2.318758288394890066e+00
3.865201312403456324e+00 1.846877382617491750e-03 5.520512820512820440e+01 2.634877916505682816e+00
3.871669834970288271e+00 1.885989225799452511e-03 5.400892857142856940e+01 3.416085897213777312e+00
3.878154213609482870e+00 1.855219997046820071e-03 5.295145631067961034e+01 3.332261743737645165e+00
3.884570297975108666e+00 1.842018581107749764e-03 5.312631578947368638e+01 3.358587620313648880e+00
3.891030549524630455e+00 1.892572859664069882e-03 5.193333333333333002e+01 2.589580260568481673e+00
3.897480132485925619e+00 1.830223622249431631e-03 5.051250000000000284e+01 2.466019059131538516e+00
3.903837790606199842e+00 1.833538786489578550e-03 4.975342465753424648e+01 2.982402884531128340e+00
3.910297958451704581e+00 1.898394991490752427e-03 4.839705882352941302e+01 2.840558330029076650e+00
3.916760076293909876e+00 1.823271174774054393e-03 4.910344827586207117e+01 2.422889264909127149e+00
3.923205856217289345e+00 1.907998375040481686e-03 5.064150943396226268e+01 3.140815266951852980e+00
3.929647757040283906e+00 1.804292177573046203e-03 5.053488372093023173e+01 3.024060715750814143e+00
3.936002968608691699e+00 1.864030959871269735e-03 4.978378378378378244e+01 2.894795208431542477e+00
3.942404476100300759e+00 1.828532384993888883e-03 4.955172413793103203e+01 2.482519145538802707e+00
3.948822507765122225e+00 1.871711324841116540e-03 5.131818181818182012e+01 2.154181020195051754e+00
3.955157590966607906e+00 1.825831164639231917e-03 5.278571428571428470e+01 2.965791356003814272e+00
3.961507824082775464e+00 1.968979546566614058e-03 5.500000000000000000e+01 4.825527358301296310e+00
