# q qerr I(q) I(q)err
8.294532032279089417e-03 3.215448162638725495e-03 6.666666666666666297e-01 4.742773872539872571e+01
1.547771440847061503e-02 1.298069176105710962e-03 1.666666666666666574e-01 3.908679799852857184e-01
2.114153426598287117e-02 1.953452460535632252e-03 1.000000000000000056e-01 3.082207001484488784e-01
2.708829541553820289e-02 1.932501425123600049e-03 2.083333333333333426e-01 4.166666666666665741e-01
3.424760286937652415e-02 2.393094809829984012e-03 2.272727272727272652e-01 4.251883394061296007e-01
4.134659872356089005e-02 1.444308516548141333e-03 1.111111111111111049e-01 3.191423692521127564e-01
4.709622292726145520e-02 1.633576272088444088e-03 1.250000000000000000e-01 3.354101966249684597e-01
5.289360403025952090e-02 1.994215660312892175e-03 2.083333333333333426e-01 4.114253678777394230e-01
5.941266175682404643e-02 2.038777625163953021e-03 2.200000000000000011e-01 4.195235392680606856e-01
6.623959740571712385e-02 2.014614798769268252e-03 1.851851851851851749e-01 3.928371006591931947e-01
7.251770781946841049e-02 1.767162065969994948e-03 3.125000000000000000e-01 5.128555677121322542e-01
7.836204892921720677e-02 1.794558473909566021e-03 6.800000000000000488e-01 1.072939886480132943e+00
8.476368586159346852e-02 2.173163639586968114e-03 1.859375000000000000e+00 5.067657480902788336e+00
9.171767809022127182e-02 2.151270969520740432e-03 7.661764705882353255e+00 2.104088539324065366e+01
9.840741527280037759e-02 1.879523288412654567e-03 1.988333333333333286e+01 4.849365365121960281e+01
1.046713563714864598e-01 1.717715818177843919e-03 4.434000000000000341e+01 8.556933562906748136e+01
1.108696467093386595e-01 1.978629817275711061e-03 6.922641509433962881e+01 1.156998809081073745e+02
1.174911181025048434e-01 2.151142134119994175e-03 9.259016393442622928e+01 1.413400355300796605e+02
1.240901985761322518e-01 1.682567093931450772e-03 1.265400000000000063e+02 1.692917576257036671e+02
1.302695169190241364e-01 1.981638030988197227e-03 1.388305084745762770e+02 1.810406422950298406e+02
1.366843399328758479e-01 1.885635125754002352e-03 1.686250000000000000e+02 2.047697204003979152e+02
1.431380625310322841e-01 2.037281709542672608e-03 1.880322580645161281e+02 2.139855273875351429e+02
1.497407916800755912e-01 2.013243134106564892e-03 2.076984126984127101e+02 2.322062906143083580e+02
1.560440161600273323e-01 1.800320108738214832e-03 2.264385964912280826e+02 2.464736729716666161e+02
1.626324968867556287e-01 2.166758397174068339e-03 2.502432432432432563e+02 2.536392912498799319e+02
1.693678508908615654e-01 1.711853084056604935e-03 2.586333333333333258e+02 2.663511644010173427e+02
1.755753172360756398e-01 1.940749690505284321e-03 2.835507246376811850e+02 2.686488636310727429e+02
1.819629297477835528e-01 1.792019476258344991e-03 2.923999999999999773e+02 2.796475804128639311e+02
1.883474920212158954e-01 1.982820530303366913e-03 2.995694444444444571e+02 2.895479528080084606e+02
1.949500334927739553e-01 1.985593967279970003e-03 3.252133333333333098e+02 2.911592416530857577e+02
2.014306324154557237e-01 1.750557958225071797e-03 3.305072463768116222e+02 2.989989519060489442e+02
2.076332073357673447e-01 1.865361520913360683e-03 3.550000000000000000e+02 3.013983850097516211e+02
2.140129245322099916e-01 1.882829286684015863e-03 3.534666666666666401e+02 3.106632503388694886e+02
2.204163405633874917e-01 1.951475208267544961e-03 3.800641025641025408e+02 3.109762284506758760e+02
2.268599176829277919e-01 1.954094669929957399e-03 3.789624999999999773e+02 3.195514796163521964e+02
2.335135695299082048e-01 1.986313139076756155e-03 3.851058823529411939e+02 3.246609662028660637e+02
2.400224779461884173e-01 1.823737618079871109e-03 4.048625000000000114e+02 3.243686627511973484e+02
2.464005577519743639e-01 1.894426896505377799e-03 4.160705882352941103e+02 3.241497774188531480e+02
2.528350385827773383e-01 1.829527638271931031e-03 4.238928571428571672e+02 3.283527779214109614e+02
2.590859102888302123e-01 1.817056121189442432e-03 4.262500000000000000e+02 3.307688374220338119e+02
2.654612130450557106e-01 1.918447197659697845e-03 4.290449438202247165e+02 3.313614216282074949e+02
2.718942366720529247e-01 1.942478483450333455e-03 4.504285714285714448e+02 3.207895259156783254e+02
2.784185743669774227e-01 1.921358219378808702e-03 4.515268817204300831e+02 3.139704579911222027e+02
2.849156375412667530e-01 1.882334819595186037e-03 4.892872340425531661e+02 2.881109518089968446e+02
2.911870294677750826e-01 1.766712284927822799e-03 5.020786516853932540e+02 2.656326881893827476e+02
2.976511517037133681e-01 2.019527329980297554e-03 5.392815533980582359e+02 2.345289871024672834e+02
3.043178155919494809e-01 1.919359421117726450e-03 5.539600000000000364e+02 2.074674866093480148e+02
3.108074081907638564e-01 1.815555258398614735e-03 5.742959183673469852e+02 1.889592525529364195e+02
3.170970610330232087e-01 1.826000353424227750e-03 5.834545454545454959e+02 1.796081593611239953e+02
3.235319739834495723e-01 1.908097576542081529e-03 5.879714285714285325e+02 1.751223486788671266e+02
3.300700059726238145e-01 1.867687188749142220e-03 6.055566037735849250e+02 1.667452501934797340e+02
3.365262003550894554e-01 1.808122422876843900e-03 6.042190476190476147e+02 1.648670512276448790e+02
3.429039324965278412e-01 1.810371451943152679e-03 6.168018867924528195e+02 1.551878241646454910e+02
3.492243179790229801e-01 1.835371710213073819e-03 6.223240740740740193e+02 1.483825131169525662e+02
3.555659880086458058e-01 1.813249007222180170e-03 6.278148148148147811e+02 1.421050117418098466e+02
3.620245372922214488e-01 1.918012235727336494e-03 6.370940170940170901e+02 1.344684711823880150e+02
3.685406119477664388e-01 1.798147481859587110e-03 6.366216216216216708e+02 1.321526120833334517e+02
3.750909242308860247e-01 1.967614233492519498e-03 6.474435483870968255e+02 1.245116929470525946e+02
3.816999037813160189e-01 1.752662604176019427e-03 6.466434782608695286e+02 1.185593605160450323e+02
3.880273799716012495e-01 1.749306826939258557e-03 6.499310344827586050e+02 1.129119804931358289e+02
3.942361145945514900e-01 1.745527907058957431e-03 6.512327586206896513e+02 1.073589671614082164e+02
4.006128291384035145e-01 1.852638254231622501e-03 6.554065040650406218e+02 1.013503575224345639e+02
4.070503578694664726e-01 1.848743254130127446e-03 6.581693548387096371e+02 9.806965977596945550e+01
4.135933781829447264e-01 1.871256654943844995e-03 6.596589147286821344e+02 9.324938020297341268e+01
4.202179442533061082e-01 1.832712641984981681e-03 6.672769230769230262e+02 8.843438713759692860e+01
4.266798115557093873e-01 1.759393680741872749e-03 6.743779527559055396e+02 8.460665059302755253e+01
4.330910535146235696e-01 1.771858374752960505e-03 6.883846153846153584e+02 8.228165296225630243e+01
4.395078467689783608e-01 1.772659720438770270e-03 7.116363636363636260e+02 8.322487708185128952e+01
4.457793319829173595e-01 1.654526338047628432e-03 7.401359999999999673e+02 8.560480472496857374e+01
4.521562795609589402e-01 1.887763445894669913e-03 7.658943661971831034e+02 8.341147410933726292e+01
4.587656575942579140e-01 1.769717907920350091e-03 7.674963503649635186e+02 8.413283486039402703e+01
4.652405449529313231e-01 1.746242423612376143e-03 7.797985611510791841e+02 8.500334983976316039e+01
4.716282944699034529e-01 1.704407088516023735e-03 8.026350364963503807e+02 8.436652685160326826e+01
4.780637153179891352e-01 1.798647074538550902e-03 8.311597222222221717e+02 8.296713230212475310e+01
4.844976548260259142e-01 1.723433333189145671e-03 8.522042253521126440e+02 8.416270634112810001e+01
4.908596034113225648e-01 1.665744062354685903e-03 8.550638297872339990e+02 8.198760887876571246e+01
4.972011979785150859e-01 1.734256865849588200e-03 8.519863013698629857e+02 8.145315314263446282e+01
5.036178995103413047e-01 1.747915368961153139e-03 8.414594594594594810e+02 8.379633515401914678e+01
5.101756467004687767e-01 1.800451491856020327e-03 8.446774193548386620e+02 8.864814640229042197e+01
5.166235656727934389e-01 1.648057805296297825e-03 8.493129251700680697e+02 9.192147337703569576e+01
5.229884928033705638e-01 1.714260039451578075e-03 8.483092105263158373e+02 8.618129514956542891e+01
5.293925748937229336e-01 1.756900675637705763e-03 8.278141025641025408e+02 7.540069981468592175e+01
5.357749724968067229e-01 1.647361260156582873e-03 7.849072847682118663e+02 6.632728451152165405e+01
5.422269581426349960e-01 1.797131621318817348e-03 7.393475609756097811e+02 5.743142977081907929e+01
5.488258977193463117e-01 1.752106618123457169e-03 6.997515527950311025e+02 5.101746221964491212e+01
5.552607346015674405e-01 1.711536068502800701e-03 6.714249999999999545e+02 4.816225992673101075e+01
5.616696921416424182e-01 1.713298320607429745e-03 6.472822085889570189e+02 4.644743057957852272e+01
5.680596363279470928e-01 1.671719726027721563e-03 6.303500000000000227e+02 4.599842048918636550e+01
5.744116486855085357e-01 1.773350792090137981e-03 6.195892857142856656e+02 4.281843241831611380e+01
5.808465417437830292e-01 1.706594120505047427e-03 6.108909090909090764e+02 4.074272028471279583e+01
5.872915480827241019e-01 1.773275249674210931e-03 6.066184971098265351e+02 3.846306232764844424e+01
5.936297343998458986e-01 1.608871723183330060e-03 6.037654320987654728e+02 3.938264735471388178e+01
6.000917821228005655e-01 1.852508397134843563e-03 6.043406593406593856e+02 3.751301750471294127e+01
6.066068710033430955e-01 1.719733697199352486e-03 6.047777777777778283e+02 3.891348428577502006e+01
6.129319261090041548e-01 1.700305612135823196e-03 6.125116279069767415e+02 4.055526579321951175e+01
6.193292159447265632e-01 1.792945791870086646e-03 6.300222222222222399e+02 4.194652239150154571e+01
6.257789288608107681e-01 1.769335618302108433e-03 6.584293785310734393e+02 4.503230457598952086e+01
6.322945183878984077e-01 1.883051681004075783e-03 6.907354497354497198e+02 4.937972443067344841e+01
6.387697914265673127e-01 1.734308686986089703e-03 7.149318181818181301e+02 6.135247057504006563e+01
6.450797878865883739e-01 1.812617312363664322e-03 7.456793478260869961e+02 7.385972901347045649e+01
6.514777522098027518e-01 1.807195130708317372e-03 7.836216216216216708e+02 8.242307257450642055e+01
6.579453254174412180e-01 1.840076954070700866e-03 8.097142857142856656e+02 8.723483739671407022e+01
6.642487788958216788e-01 1.761967380250493336e-03 7.991923076923077360e+02 9.426428423946346413e+01
6.707545140871414846e-01 1.952870522822350513e-03 7.750549999999999500e+02 9.624576484188797565e+01
6.772291234912055646e-01 1.844192786587162299e-03 7.364074074074073906e+02 9.249344427039245886e+01
6.834443396870620857e-01 1.745041746211572261e-03 6.950271739130434980e+02 8.172780550015679069e+01
6.899300657465672337e-01 1.988575045799213618e-03 6.563671497584541612e+02 6.629492237856005943e+01
6.965346490814943170e-01 1.967867873463197050e-03 6.193718592964823983e+02 5.771441796955598846e+01
7.030970487636396538e-01 2.020648629947002003e-03 5.928786407766990578e+02 4.998207662539994089e+01
7.095716427219228573e-01 1.946516927103622520e-03 5.718737373737374128e+02 4.746225066556575456e+01
7.160970279381224657e-01 2.044543341153194464e-03 5.580761904761905043e+02 4.563983520810663208e+01
7.226116891734091219e-01 2.004959656352403585e-03 5.453804878048780438e+02 4.366265929573837212e+01
7.291288619178314390e-01 2.011427705279334160e-03 5.342666666666666515e+02 4.534520152769531620e+01
7.356079106374427967e-01 1.973711099579897668e-03 5.274182692307692832e+02 4.311512032016022289e+01
7.419803430714648762e-01 1.939746738906150680e-03 5.205902439024390560e+02 4.654345835629777639e+01
7.484516812817442188e-01 2.022257641999446187e-03 5.175272727272727025e+02 4.350696723913431896e+01
7.549512183205485671e-01 1.898119824350936232e-03 5.125240384615384528e+02 4.645119460282572277e+01
7.613853957290165342e-01 1.973382858640895885e-03 5.111090909090909236e+02 4.219987564119391266e+01
7.678481984516135617e-01 1.903941598965435333e-03 5.068465116279069775e+02 4.375326068355915510e+01
7.743372045322526320e-01 1.915374251326664194e-03 5.045135135135134874e+02 4.172323941265183578e+01
7.807807857039134047e-01 1.872160005679921477e-03 5.007981651376146601e+02 4.272731532000358357e+01
7.871827117013717734e-01 1.874571936203420349e-03 4.986923076923076792e+02 4.291387614455360477e+01
7.935705088346153291e-01 1.846468364235832015e-03 4.967085201793722149e+02 4.329317940107868878e+01
7.999497029225959288e-01 1.794315080242126848e-03 4.953105022831049951e+02 4.424878794341528021e+01
8.063895263538338742e-01 1.919941342275102670e-03 4.953389830508474461e+02 4.297152290875185798e+01
8.129038415374738591e-01 1.785391972586650427e-03 4.957777777777777715e+02 4.393918355923163688e+01
8.193543447618309994e-01 1.828478467253065801e-03 4.960425531914893895e+02 4.293238707159208190e+01
8.257450256705209934e-01 1.731942097964038994e-03 4.940535714285714448e+02 4.442697714037758772e+01
8.321389716972604766e-01 1.845140229989535984e-03 4.927375000000000114e+02 4.476285662615080696e+01
8.386208936931099922e-01 1.751195931903918061e-03 4.900683760683760966e+02 4.613779872967010220e+01
8.449970631363269424e-01 1.723661030767332288e-03 4.889439655172413950e+02 4.675556464748714802e+01
8.513046230100612677e-01 1.773741526074865430e-03 4.854327731092436693e+02 4.575702440186474007e+01
8.578256185292513214e-01 1.822821089358022794e-03 4.801781376518218849e+02 4.461977648721602208e+01
8.643009097266359797e-01 1.747841479780405487e-03 4.762655601659751028e+02 4.478455895491757843e+01
8.706520843132705689e-01 1.718512007701664341e-03 4.719453781512605133e+02 4.441488107492413207e+01
8.770655084888429043e-01 1.823306464836067656e-03 4.686916996047430644e+02 4.303186815549237565e+01
8.835379301005906738e-01 1.720994191554163586e-03 4.651687242798353736e+02 4.322394793416798819e+01
8.899818591232092624e-01 1.816014583941305376e-03 4.655607843137254918e+02 4.187649294394316968e+01
8.963154830142930907e-01 1.686559403020368615e-03 4.649125000000000227e+02 4.165573564948770269e+01
9.027402481510985455e-01 1.849914512401526186e-03 4.664694656488549640e+02 3.980379959954145619e+01
9.092741475074460622e-01 1.818523953956779297e-03 4.638000000000000114e+02 4.094580827980166049e+01
9.156513574886713247e-01 1.799905876070713017e-03 4.606706349206349387e+02 4.301606996382020753e+01
9.219738414041327434e-01 1.816254378221876130e-03 4.585468750000000000e+02 4.457674142941410622e+01
9.284093843578240524e-01 1.864548344913183461e-03 4.583730769230769511e+02 4.559002862533837686e+01
9.348720171621091035e-01 1.939851900461452830e-03 4.575880149812734317e+02 4.491699667718037148e+01
9.413551784733346084e-01 1.927152036582965508e-03 4.580381679389312808e+02 4.880329955716334212e+01
9.478756351150825488e-01 2.022964964773094239e-03 4.678079710144927503e+02 4.878964870150101518e+01
9.544794314844599059e-01 1.995588314593873917e-03 5.009225092250922557e+02 4.916161671410403500e+01
9.609640598131067302e-01 1.976081289299603128e-03 6.031727941176470722e+02 7.638962749765248361e+01
9.673540511875814429e-01 1.900963898517757681e-03 8.296628787878787534e+02 1.389878000299398195e+02
9.738764300010358532e-01 2.020370959177093719e-03 1.179906250000000000e+03 2.335362389720157523e+02
9.803887395962943563e-01 1.868024915732807104e-03 1.444382022471910204e+03 3.057476464012256088e+02
9.867609507399704993e-01 1.907798179635916648e-03 1.541971326164874654e+03 3.207208935322983621e+02
9.931792738827067701e-01 1.861169570246367679e-03 1.682432727272727334e+03 3.788145429587211197e+02
9.997024529712079666e-01 1.929714342920701943e-03 1.895147260273972506e+03 4.782351968187431339e+02
1.006152710574202525e+00 1.760100644785859590e-03 2.038183823529411711e+03 5.937408977402834580e+02
1.012546487448541255e+00 1.858180627704414780e-03 2.036525951557093322e+03 5.834581864184161759e+02
1.018988798098918291e+00 1.803978976354649174e-03 1.977028169014084597e+03 5.548428365306300520e+02
1.025394048634321598e+00 1.775790568352827222e-03 1.860378947368420995e+03 5.343929674812760595e+02
1.031778999059903112e+00 1.783042104657854955e-03 1.669404844290657365e+03 4.940705406049232238e+02
1.038243195035333466e+00 1.800042721148124251e-03 1.449064846416382352e+03 4.620096065693183505e+02
1.044593270705168830e+00 1.728638088187854378e-03 1.198000000000000000e+03 4.148991957781344126e+02
1.051019473275584426e+00 1.807666001326826760e-03 9.338862876254180492e+02 3.447804498453203905e+02
1.057452118334604840e+00 1.764796907398143069e-03 6.892440677966101248e+02 2.361284171671261447e+02
1.063812741872586898e+00 1.735604614353873946e-03 5.304075342465753238e+02 1.437839526426036514e+02
1.070275566257694377e+00 1.860876787998901613e-03 4.435258064516128798e+02 7.592833674261198951e+01
1.076675486865225739e+00 1.737707282280460301e-03 4.021718213058419451e+02 4.722926391862973361e+01
1.083000003099001241e+00 1.811785629637566912e-03 3.835690789473684390e+02 3.769109723257692934e+01
1.089457558406981885e+00 1.875700427842611059e-03 3.721038961038960906e+02 3.519817638524310865e+01
1.095857128634095679e+00 1.865882195591197666e-03 3.658717105263157805e+02 3.490362051520231290e+01
1.102286980210992473e+00 1.937596539280167377e-03 3.580990415335463126e+02 3.772898262880212172e+01
1.108924588094037933e+00 2.035521144429528872e-03 3.560091463414634063e+02 3.688557544538165445e+01
1.115518250266801070e+00 1.963453062553008333e-03 3.516012658227847965e+02 3.749250392418098698e+01
1.121980766162010701e+00 1.920251373127695831e-03 3.495668789808917154e+02 3.622517434210450915e+01
1.128426312748922689e+00 1.950613960551148517e-03 3.468043478260869392e+02 3.501896018214597461e+01
1.134959239864979930e+00 1.915365560061970144e-03 3.450400000000000205e+02 3.539306842176433321e+01
1.141388067807542761e+00 1.819889318180962796e-03 3.420095238095237846e+02 3.592562780498293051e+01
1.147829738822878420e+00 1.877407927217479219e-03 3.409057750759878331e+02 3.621142680163860206e+01
1.154234759887723172e+00 1.796226287448233561e-03 3.382539184952977962e+02 3.673059961857058653e+01
1.160592008141087206e+00 1.784421184300352767e-03 3.365820433436532539e+02 3.632358690463237139e+01
1.167026991042843242e+00 1.836276795008287468e-03 3.344865671641791209e+02 3.597080806977024281e+01
1.173494023876834547e+00 1.758155136545365687e-03 3.313577981651376376e+02 3.672438446191517869e+01
1.179808164649816637e+00 1.732605827553653768e-03 3.221815384615384801e+02 4.600957996461943367e+01
1.186220583891021807e+00 1.881017850291822648e-03 3.266495176848874848e+02 4.064786618689484499e+01
1.192681073817049464e+00 1.793318889751105601e-03 3.266000000000000227e+02 4.014990015876279017e+01
1.199065629744253458e+00 1.797529783280079436e-03 3.271725352112675864e+02 3.988759374660083523e+01
1.205502001077074059e+00 1.899328588103967692e-03 3.274349315068492956e+02 4.017305026894806019e+01
1.211991242640565014e+00 1.826306843735066819e-03 3.266702898550724399e+02 4.026522876307789289e+01
1.218362901235649165e+00 1.888953249129523074e-03 3.251546762589928221e+02 4.077775806132105174e+01
1.224837827500277143e+00 1.938626244914326818e-03 3.217805755395683605e+02 4.426308674033258228e+01
1.231306496939841066e+00 1.935692192720165272e-03 3.215398550724637516e+02 4.538251680259650556e+01
1.237900180047003751e+00 1.954996484647400414e-03 3.216594982078852922e+02 4.277046814824356602e+01
1.244387829439413284e+00 1.881879514088832415e-03 3.218507462686567351e+02 4.120986879146494886e+01
1.250735832344970877e+00 1.818331757808236372e-03 3.214341085271317979e+02 4.121021990509058242e+01
1.257083335292831006e+00 1.905720956169173206e-03 3.210258302583025625e+02 4.197213295411049927e+01
1.263603115287416090e+00 1.841854869392088893e-03 3.203825757575757507e+02 4.163544629243951789e+01
1.270020777910819465e+00 1.832011672431217405e-03 3.193840304182509726e+02 4.053330775872828440e+01
1.276488051741652807e+00 1.832185980768075541e-03 3.184106463878326849e+02 4.085074664286413082e+01
1.282839323063532211e+00 1.758750693263018286e-03 3.178700787401574530e+02 4.134446152423559795e+01
1.289363492023574365e+00 1.805471412487298991e-03 3.090269360269360277e+02 4.549602459592525605e+01
1.295761563244195891e+00 1.749310907134910172e-03 3.118087248322147502e+02 4.214523889134992629e+01
1.302096506369333051e+00 1.727886103868702576e-03 3.113720930232557862e+02 4.027454360642352782e+01
1.308490604613926855e+00 1.841981469325142248e-03 3.108224299065420837e+02 3.976557869586938665e+01
1.314923371882378955e+00 1.783204890748409099e-03 3.104823151125402205e+02 3.854884299139236958e+01
1.321263162947042602e+00 1.883891353746835161e-03 3.102407407407407618e+02 3.836928519248155567e+01
1.327809252188654421e+00 1.990407611744629372e-03 3.072366863905325545e+02 4.092193107762314241e+01
1.334395055816720577e+00 2.005908808147741692e-03 3.078093841642228767e+02 4.061999057695197735e+01
1.340924575314278222e+00 1.937181998292608577e-03 3.083761194029850685e+02 3.810750641276447936e+01
1.347326738882997477e+00 1.911240937813023883e-03 3.090621301775148027e+02 3.726304852258597577e+01
1.353867248119903444e+00 1.925349651844857632e-03 3.102747875354107805e+02 3.669893671208657082e+01
1.360292180733798650e+00 1.777880213384871099e-03 3.145538922155688510e+02 3.727824990078899958e+01
1.366716033276369036e+00 1.860440026654835337e-03 3.243137254901960773e+02 3.664574816347774799e+01
1.373134056949086190e+00 1.747663592607761902e-03 3.455380116959064480e+02 3.949737365832576330e+01
1.379508641949547476e+00 1.787974598008121871e-03 3.736422535211267473e+02 4.224986735376141667e+01
1.385849874457594222e+00 1.730044418412237826e-03 3.928270893371757779e+02 4.707038241220301700e+01
1.392210228535155858e+00 1.777760908321846531e-03 3.917055555555555770e+02 4.705223145152523045e+01
1.398630460992727143e+00 1.793834584281517276e-03 3.893750000000000000e+02 4.597045397740693318e+01
1.405027543482165298e+00 1.820682476180417696e-03 3.997300275482093639e+02 4.626279207287604578e+01
1.411380623846245186e+00 1.844474811107960554e-03 4.112749999999999773e+02 4.878083213039045063e+01
1.418011585217980208e+00 2.061904995500850411e-03 4.108827930174563789e+02 6.040029343095719128e+01
1.424633236002852632e+00 1.911062399977238009e-03 4.154262295081967409e+02 5.512680202688171249e+01
1.431027237377290762e+00 1.930893372260762729e-03 4.198047493403693693e+02 4.985041889875490284e+01
1.437551415863808524e+00 1.925262037142165712e-03 4.222779220779220850e+02 5.063255818864575275e+01
1.443999660086549230e+00 1.834928749309971486e-03 4.203315649867374191e+02 5.011265520850798794e+01
1.450408168300875378e+00 1.822080046480867126e-03 4.146544502617800845e+02 4.998410851871337002e+01
1.456762351763572827e+00 1.768742008520618686e-03 4.067763157894736992e+02 4.857335102052236664e+01
1.463211358413713192e+00 1.810126088705470279e-03 3.968341836734693970e+02 4.657912557238360307e+01
1.469593255354290973e+00 1.758193336020684059e-03 3.852942708333333144e+02 4.525589975543091015e+01
1.475950724204827313e+00 1.769305199294179780e-03 3.720310077519379774e+02 4.357729948938337827e+01
1.482355977374464340e+00 1.855140322631434503e-03 3.603424999999999727e+02 4.180694978110696525e+01
1.488803525874331735e+00 1.854999873494519958e-03 3.503994910941476064e+02 4.017451369474108702e+01
1.495319592526707764e+00 2.003828109077177445e-03 3.438397129186602683e+02 4.703724729109485025e+01
1.501939691759246465e+00 1.957822028991581826e-03 3.436885644768856309e+02 4.106317679633542639e+01
1.508463382234335848e+00 1.918938912685786129e-03 3.400586797066014810e+02 3.842614770312739836e+01
1.514901188746566207e+00 1.852902137227367511e-03 3.335000000000000000e+02 3.862038946927672356e+01
1.521228969867623793e+00 1.785136608190808364e-03 3.305062972292191716e+02 3.806767606636360313e+01
1.527563647216529041e+00 1.824993124647320475e-03 3.300336538461538680e+02 3.742092825404295553e+01
1.534022576503679458e+00 1.781774817406586286e-03 3.308009708737864116e+02 3.746080413010494681e+01
1.540418711468126034e+00 1.792491139398408621e-03 3.357822966507176830e+02 3.755579489723677966e+01
1.546838712332167631e+00 1.778278829154705072e-03 3.389373493975903671e+02 3.791796180639418878e+01
1.553238623106807825e+00 1.840983848395847744e-03 3.395754716981132333e+02 3.805628776727763807e+01
1.559673935783696619e+00 1.867161364404805587e-03 3.391353919239904826e+02 3.784800261290985901e+01
1.566161367499480317e+00 1.987417225671155377e-03 3.322879818594104222e+02 4.743910559735399346e+01
1.572795191923813007e+00 1.975399758409353626e-03 3.310112359550561791e+02 3.894513441379126562e+01
1.579229625961506400e+00 1.828964939238766603e-03 3.242980769230769056e+02 3.784969440667909168e+01
1.585615098485775532e+00 1.901195136705323549e-03 3.205672645739910536e+02 3.685975266065726430e+01
1.592069020803266399e+00 1.783565421147388207e-03 3.181150234741784288e+02 3.694474617121480975e+01
1.598398624204083740e+00 1.798472010651884717e-03 3.185799086757990608e+02 3.788281869521554768e+01
1.604843375939136507e+00 1.797152056805669104e-03 3.220452488687782875e+02 3.750122593083585087e+01
1.611212339410225569e+00 1.768878106258207515e-03 3.361582568807339726e+02 3.869227688068074400e+01
1.617590363377642504e+00 1.818287623560442892e-03 3.685842696629213719e+02 4.639189860884404482e+01
1.623974015669422899e+00 1.854816384487833732e-03 4.069458239277652183e+02 5.689623928028737510e+01
1.630543485616582799e+00 2.014479720267581264e-03 4.091673640167364283e+02 6.996851919493481375e+01
1.637155364196844820e+00 1.921442116166700376e-03 4.007048458149780004e+02 5.695285851402500299e+01
1.643640215828007012e+00 1.916406123937146409e-03 4.007467811158798554e+02 5.516940098115730962e+01
1.650095370295723063e+00 1.808845151496338592e-03 4.152182628062360550e+02 6.176847763737374919e+01
1.656466136267144007e+00 1.835556712886826517e-03 4.240430107526881898e+02 6.211337505602933362e+01
1.662921359457136594e+00 1.784847929403802829e-03 4.249106753812636157e+02 6.007878357699605232e+01
1.669278115879615276e+00 1.787810489320909016e-03 4.252402597402597166e+02 5.916572899864100776e+01
1.675603147458916142e+00 1.759339208401217896e-03 4.317262693156732780e+02 6.166876883830192924e+01
1.681944817773278311e+00 1.879012939346250957e-03 4.583101265822784853e+02 6.806824760722534506e+01
1.688494896982127180e+00 1.961244959671172398e-03 5.007119341563786179e+02 9.588507334063626786e+01
1.695047655103924189e+00 1.958531043791479891e-03 5.452921810699588150e+02 8.985420063266754198e+01
1.701563412030947964e+00 1.893890162085724253e-03 5.384780793319415579e+02 8.418061403032520218e+01
1.707975620325744792e+00 1.846204685496802061e-03 5.222108559498956311e+02 7.860444980425251060e+01
1.714377380249353600e+00 1.797036493929945892e-03 5.285732217573221305e+02 8.247730143505481237e+01
1.720768292737840266e+00 1.799184406037973973e-03 5.487917525773195848e+02 8.586864529542744151e+01
1.727152534628709324e+00 1.771490888047008889e-03 5.687139874739040124e+02 8.673479038298033572e+01
1.733526494930327289e+00 1.835615179227028260e-03 6.073482688391038664e+02 9.414731268246936224e+01
1.739975521513371870e+00 1.888347845677861795e-03 6.458048780487804379e+02 1.148811782150174281e+02
1.746497876640803248e+00 1.988580869552720402e-03 6.459806201550387641e+02 1.149285739328719700e+02
1.753090192095328348e+00 1.909790863647236811e-03 6.140876494023904115e+02 9.580088321748600322e+01
1.759542915568929722e+00 1.863330342728648260e-03 5.887211155378486183e+02 9.360561580025152750e+01
1.765978610475646082e+00 1.805054295706254351e-03 5.758719999999999573e+02 9.629421249483273471e+01
1.772332663329672986e+00 1.770928694831684115e-03 5.625907258064515872e+02 9.113945478151603652e+01
1.778664509689639184e+00 1.781133477909586536e-03 5.442035928143712908e+02 7.889285587956510426e+01
1.785069366740120511e+00 1.834600355293997381e-03 5.256621093750000000e+02 6.907720724383631250e+01
1.791506168727699633e+00 1.878728357369653049e-03 5.063294117647058670e+02 7.649150905377736365e+01
1.798039063906349488e+00 1.995486375923071192e-03 5.005037037037037067e+02 7.564923313968735386e+01
1.804647924016717919e+00 1.913848319004299433e-03 5.029827586206896513e+02 6.416184976077710189e+01
1.811089958053599736e+00 1.862622323854617795e-03 4.928505747126436631e+02 6.183133025541201278e+01
1.817521720439822408e+00 1.798364348704032875e-03 4.666138996138996049e+02 5.797119165096739835e+01
1.823812670535420288e+00 1.750448090683544159e-03 4.417137254901960546e+02 5.370091315627474415e+01
1.830221642949216854e+00 1.837728497302317443e-03 4.242439478584730068e+02 5.067009605868776845e+01
1.836582905300079060e+00 1.780128382536366044e-03 4.127254901960784537e+02 5.018480150594864853e+01
1.843061797820461534e+00 1.986079127245108083e-03 3.977406749555950114e+02 6.058785261861588367e+01
1.849632829275571488e+00 1.888944039210000737e-03 3.910751879699247979e+02 4.800524853176149520e+01
1.856090187264436642e+00 1.913060858845453587e-03 3.816709090909091060e+02 4.426098436761299837e+01
1.862531947297203283e+00 1.788974026913770074e-03 3.705396226415094247e+02 4.420450347473083497e+01
1.868931787959941415e+00 1.835149539700427039e-03 3.603369763205828917e+02 4.246453564488304266e+01
1.875342409945594868e+00 1.782793697721218873e-03 3.487411545623835991e+02 4.215427376136062065e+01
1.881685992375486283e+00 1.813583446463527945e-03 3.379132841328413406e+02 4.019061679421687217e+01
1.888176611507502489e+00 1.945205006648250507e-03 3.255485008818342294e+02 4.842030060813038972e+01
1.894684395670122701e+00 1.921537496908314263e-03 3.219320214669052120e+02 4.150055173108273721e+01
1.901176782548104516e+00 1.886986723452953362e-03 3.190604982206405680e+02 3.839991389463208549e+01
1.907561981128558237e+00 1.795440373499332084e-03 3.171313868613138425e+02 3.860533205894110864e+01
1.913985041606118376e+00 1.828239138046576940e-03 3.159877192982456222e+02 3.787052971139603130e+01
1.920403381422240097e+00 1.786024996940504313e-03 3.154510869565217490e+02 3.822876720601905021e+01
1.926716413297410169e+00 1.834639747803229817e-03 3.196476868327401917e+02 3.830849421430532686e+01
1.933271554332125497e+00 1.965820526812752777e-03 3.369208754208754044e+02 4.891155699261083356e+01
1.939792573083097382e+00 1.907526115978609412e-03 3.906980802792321015e+02 6.239131514785419341e+01
1.946288570836251841e+00 1.883695634446648113e-03 4.572657580919931775e+02 9.042496496404703521e+01
1.952655684029843908e+00 1.737190040939992066e-03 5.449312839059674616e+02 1.016665677334778763e+02
1.958969978021109171e+00 1.827434973414125523e-03 6.908242320819113047e+02 1.542277454760838111e+02
1.965496063115082181e+00 1.854230162972571750e-03 8.187077702702703164e+02 1.977649230369972315e+02
1.971963975922738088e+00 1.884120710564727479e-03 8.065359589041096342e+02 1.814146171710681017e+02
1.978442510441045021e+00 1.957066319931451050e-03 7.562355848434925747e+02 1.394664789811304786e+02
1.984931097981023740e+00 1.843590323278294961e-03 7.684820512820513159e+02 1.458171817786326869e+02
1.991287308585444338e+00 1.815152065882439042e-03 7.953083475298126359e+02 1.705459242005062208e+02
1.997701973476069481e+00 1.833321787203764366e-03 8.016162790697674154e+02 1.684141192892894594e+02
2.004164133665459424e+00 1.816322146449814287e-03 8.068597662771285286e+02 1.574370111749524028e+02
2.010465304371688244e+00 1.793999045974344238e-03 8.146481802426343393e+02 1.555252977731730084e+02
2.016906033528098163e+00 1.989616449670199121e-03 8.127386541471048531e+02 1.860690639186675526e+02
2.023555996358446407e+00 1.897180052363281293e-03 8.225679611650485867e+02 1.603115404131325761e+02
2.029968694217374470e+00 1.807083598350285245e-03 8.257474916387959638e+02 1.628576466574346000e+02
2.036339422929389187e+00 1.823287213829230622e-03 8.299643435980550521e+02 1.616229739389382303e+02
2.042808231593590484e+00 1.819045180469573350e-03 8.155259740259740511e+02 1.573264097511220143e+02
2.049121403930300289e+00 1.816823929832920258e-03 7.859431438127090814e+02 1.588616908070538898e+02
2.055546024436551544e+00 1.958593688934813937e-03 7.504552469135802539e+02 1.606668739308608735e+02
2.062179187475123410e+00 1.909374836257744399e-03 7.283109375000000227e+02 1.407953381373507398e+02
2.068587893715514436e+00 1.782255124468116103e-03 6.979263502454991794e+02 1.409870373497973048e+02
2.074943470461427353e+00 1.803325004765888358e-03 6.561711568938193295e+02 1.369181953310000210e+02
2.081348551495329602e+00 1.811685209211536278e-03 6.005488000000000284e+02 1.344081385059699585e+02
2.087807581420585645e+00 1.934124239786214495e-03 5.471500765696783901e+02 1.419566745941400256e+02
2.094354049547901386e+00 1.919763106963207067e-03 5.021180981595092021e+02 1.226866427431140636e+02
2.100814970511138302e+00 1.841726384006937703e-03 4.389591194968553509e+02 9.914979690736178952e+01
2.107147425483176129e+00 1.793021693532189254e-03 3.719905362776025299e+02 7.418369575385297310e+01
2.113573117004156288e+00 1.831442330790634650e-03 3.262015267175572717e+02 5.454214142147056776e+01
2.119956773712852627e+00 1.806996690666118864e-03 3.077294303797468160e+02 4.574396380642589577e+01
2.126392549358501416e+00 1.961143276791299343e-03 3.071411764705882206e+02 5.127328148718071077e+01
2.133022499541108896e+00 1.914261261225060897e-03 3.198757396449703947e+02 3.989441385963552733e+01
2.139480964562213483e+00 1.786119367506160778e-03 3.237488372093023372e+02 3.975465572588826291e+01
2.145796782645738254e+00 1.799418587043424183e-03 3.223960244648317826e+02 3.918701389015274117e+01
2.152165366120878165e+00 1.825425695775702338e-03 3.232272727272727479e+02 4.094266383325692971e+01
2.158655754564665852e+00 1.929951649106770133e-03 3.288619186046511800e+02 5.376665161465619747e+01
2.165204964825616862e+00 1.913631523374921799e-03 3.478143274853800904e+02 4.358468321545328905e+01
2.171687233764930003e+00 1.836559742283269984e-03 3.763925925925926208e+02 4.220267422728275619e+01
2.178057454997971210e+00 1.770075738143539208e-03 4.312099697885196292e+02 4.991217398629358115e+01
2.184381886656512783e+00 1.819268068842387707e-03 5.201708766716195669e+02 6.795441965142966012e+01
2.190889596552291430e+00 1.941484629964972597e-03 6.416671368124118544e+02 1.286883658405624544e+02
2.197415493733709368e+00 1.880394352234131695e-03 7.509303338171263249e+02 1.597640294874909443e+02
2.203858495652105454e+00 1.844129167940211774e-03 7.561591895803184116e+02 1.553796929607177617e+02
2.210218428929338064e+00 1.776952575370011446e-03 6.995872781065088475e+02 1.282246516806499415e+02
2.216548686487991304e+00 1.820372229284925253e-03 6.714513788098694249e+02 1.195202436386088891e+02
2.223054582631938558e+00 1.937499342758612587e-03 6.730193370165745819e+02 1.508233331735642082e+02
2.229555406010463425e+00 1.871681269043944497e-03 6.929899856938483254e+02 1.292342580263407399e+02
2.236023148886606471e+00 1.876509468722661325e-03 6.971668984700974079e+02 1.152824380694437281e+02
2.242466908337517939e+00 1.781536512235300631e-03 7.093381294964028712e+02 1.101932303976270759e+02
2.248784053696174290e+00 1.815619011182786555e-03 7.181449067431850608e+02 1.111246441029602892e+02
2.255261034229438355e+00 1.958337742873136802e-03 7.125570469798657314e+02 1.373667719781306005e+02
2.261752977112598817e+00 1.833135357339661826e-03 7.208274398868458093e+02 1.187810185802986211e+02
2.268193030407839927e+00 1.856919733580766289e-03 7.193738062755797955e+02 1.224903980471977292e+02
2.274620661936892052e+00 1.792548502283534354e-03 7.110183356840620945e+02 1.251935132850281036e+02
2.281045196159239286e+00 1.907452264699439036e-03 6.830405405405405190e+02 1.381025462332753477e+02
2.287566856146262317e+00 1.925687837049752790e-03 6.596403743315507882e+02 1.229037921047569029e+02
2.294017676381079784e+00 1.818149611703329506e-03 6.356731301939057630e+02 1.098639206885161599e+02
2.300373896127871021e+00 1.814054264739159471e-03 6.131477428180575089e+02 1.050891692998342677e+02
2.306733295622487301e+00 1.809288305020508025e-03 5.877184065934065984e+02 1.035581868593786368e+02
2.313210233147671158e+00 1.927057466226796351e-03 5.546731770833333712e+02 1.175027905288372665e+02
2.319750633036068876e+00 1.886628064392380537e-03 5.280198675496689020e+02 9.676861678513863296e+01
2.326167810919689938e+00 1.805281422939875990e-03 4.882746955345060655e+02 9.313393030263317485e+01
2.332524891627314911e+00 1.808157875111407291e-03 4.486465053763440665e+02 9.135162390499567664e+01
2.339018828040365428e+00 1.927078730268403945e-03 4.027935897435897346e+02 9.701503030219848256e+01
2.345529090540556361e+00 1.892646505679497623e-03 3.542015706806282651e+02 7.981199407040638505e+01
2.351902562585342693e+00 1.808634088653226840e-03 3.038770053475935811e+02 6.267118334013736103e+01
2.358283426411155403e+00 1.828495513811564770e-03 2.705058670143416180e+02 4.849336611662790375e+01
2.364665150299146479e+00 1.824483169818866225e-03 2.541509933774834451e+02 4.147484576770311548e+01
2.371140522023317931e+00 1.956229962378429419e-03 2.458014888337469017e+02 4.438898718436129798e+01
2.377698484074287411e+00 1.857249505322706908e-03 2.450230769230769283e+02 3.647704947041442836e+01
2.384135550776628865e+00 1.806484998011118103e-03 2.435341935483870941e+02 3.571717537624497396e+01
2.390495270780528703e+00 1.815820546892564329e-03 2.533314763231197730e+02 3.692834362423091932e+01
2.396907059408651008e+00 1.904650256318906557e-03 2.656552667578659452e+02 4.685707205710095735e+01
2.403395490390968892e+00 1.861409897307351969e-03 2.860309859154929768e+02 4.366878134087171759e+01
2.409868588547004364e+00 1.847911660654164229e-03 2.917230113636363740e+02 4.590502037042565320e+01
2.416315494183244539e+00 1.848423108511250412e-03 2.837695652173912890e+02 4.388100064972794456e+01
2.422721222723576151e+00 1.879130934971403807e-03 2.668808139534883708e+02 5.101682787181056966e+01
2.429135064156228374e+00 1.862177758942303550e-03 2.642478005865102659e+02 4.299214566303741947e+01
2.435558328952115659e+00 1.829358714226044739e-03 2.617396449704141901e+02 4.160845095728436860e+01
2.441961929587736613e+00 1.826990787003958654e-03 2.607829341317365106e+02 3.979107692647828287e+01
2.448435267415004279e+00 1.916283866918213176e-03 2.569287790697674154e+02 4.653631426091386203e+01
2.454898310690642571e+00 1.851262751470384186e-03 2.619121212121212352e+02 3.835556960764026968e+01
2.461278332832209870e+00 1.841207405127180587e-03 2.616782477341389495e+02 3.830577691863250323e+01
2.467732767309350983e+00 1.860175811866779036e-03 2.600585585585585591e+02 4.069628176518923368e+01
2.474317234005322774e+00 1.907302378477835920e-03 2.562031473533619419e+02 4.420389997332212317e+01
2.480763678027650521e+00 1.850982492662076430e-03 2.608873435326842696e+02 3.838525813330701908e+01
2.487114426650852028e+00 1.791691956921820849e-03 2.625168539325842971e+02 3.905941733196796406e+01
2.493514277050582706e+00 1.905910091373927331e-03 2.596631439894319442e+02 4.665512986248347715e+01
2.500016016455529844e+00 1.897218154373805617e-03 2.630599739243806994e+02 3.878369630802912127e+01
2.506504299072060071e+00 1.823698874814003905e-03 2.623412384716732504e+02 3.824752888371418891e+01
2.512828968428921783e+00 1.779539787674511890e-03 2.612853297442799203e+02 3.791896146421788671e+01
2.519262120792594928e+00 1.938201810876334251e-03 2.565080946450809734e+02 4.449751564390999192e+01
2.525775074220281358e+00 1.871497825325404334e-03 2.558471337579617852e+02 3.753689485552234117e+01
2.532197693037325781e+00 1.807973308604888651e-03 2.519602564102564202e+02 3.728981658275896649e+01
2.538545427775757091e+00 1.816891897915347926e-03 2.483899613899613996e+02 3.768243024424337051e+01
2.545039371368973402e+00 1.965732421291352915e-03 2.437814726840855144e+02 4.385805722359589964e+01
2.551577586228050976e+00 1.818913119815899733e-03 2.441553030303030312e+02 3.811893357979054997e+01
2.557912035390546901e+00 1.811160408138717511e-03 2.425902255639097689e+02 3.839766195473596611e+01
2.564418003384666633e+00 1.924750488034227642e-03 2.334403778040141617e+02 4.341279551006489612e+01
2.570930014234638072e+00 1.852202887801034569e-03 2.259256097560975718e+02 3.664217861182086722e+01
2.577333690207623373e+00 1.816621428331073769e-03 2.183154034229828824e+02 3.517797817261983795e+01
2.583698900290759326e+00 1.840143410056186736e-03 2.141919315403422956e+02 3.624703105082733856e+01
2.590116643848396460e+00 1.922552353981257615e-03 2.141283547257876307e+02 3.799886397207025368e+01
2.596553429180498362e+00 1.801710981220896188e-03 2.163567961165048530e+02 3.376987833757031865e+01
2.602955615407046341e+00 1.842317350104424401e-03 2.190082352941176396e+02 3.329094472513572356e+01
2.609495359574187212e+00 1.911716238635802895e-03 2.183489167616875761e+02 3.939079386434143260e+01
2.615974071523933020e+00 1.844748521006626301e-03 2.199741176470588186e+02 3.443495837775193991e+01
2.622378270172453618e+00 1.832507040312451657e-03 2.190479532163742817e+02 3.460172868397911827e+01
2.628819659223405658e+00 1.883705983027747803e-03 2.168747126436781514e+02 4.051249584991562358e+01
2.635224897504864661e+00 1.872415782458078902e-03 2.183954022988505699e+02 3.594440753923403520e+01
2.641639659702591736e+00 1.816527212418568051e-03 2.186747404844290656e+02 3.579917958563745373e+01
2.648064596936881454e+00 1.851525790120274028e-03 2.182816419612314576e+02 3.833861190946124964e+01
2.654540339871488630e+00 1.920962172705038655e-03 2.192222222222222285e+02 3.774056440604506690e+01
2.661017435989672553e+00 1.820997431850269717e-03 2.215245714285714200e+02 3.598799397077885942e+01
2.667377750780578261e+00 1.839233884157700843e-03 2.271713961407491524e+02 3.955952555265376702e+01
2.673833255939705111e+00 1.922629864361171097e-03 2.352567713976164612e+02 5.021892917200919015e+01
2.680310332336410362e+00 1.829470795604572599e-03 2.432631578947368496e+02 4.929021878093211484e+01
2.686679530094181256e+00 1.809753184080302099e-03 2.452410313901345376e+02 4.983765594275360655e+01
2.693172569770623248e+00 1.920456143785719515e-03 2.418752642706131155e+02 5.359657814296044620e+01
2.699710169678059213e+00 1.845827250732203417e-03 2.393860414394765428e+02 4.731728593064927679e+01
2.706108723802718607e+00 1.808001129835774996e-03 2.362037652270210515e+02 4.635458109206554411e+01
2.712552861480932442e+00 1.909490143508341294e-03 2.322518440463645959e+02 4.999276092081471035e+01
2.719028861112676942e+00 1.848278151304674159e-03 2.325124324324324334e+02 4.371942013239571878e+01
2.725349625855669977e+00 1.780111837505188701e-03 2.326659267480577000e+02 4.201169318064264502e+01
2.731792001493120292e+00 1.927874637693306574e-03 2.307049180327868783e+02 4.413930677959351101e+01
2.738310186615081410e+00 1.835670255000661395e-03 2.328604898828540968e+02 3.728583979854817443e+01
2.744685257899765141e+00 1.793617037467074102e-03 2.354224137931034591e+02 3.662896201070362423e+01
2.751066800196758422e+00 1.878288467704576767e-03 2.422201257861635213e+02 3.627734988943825556e+01
2.757601512830000434e+00 1.862141664063760894e-03 2.582099447513812152e+02 2.953171009340420738e+01
2.764058068263966828e+00 1.836587841443396716e-03 2.910250569476082205e+02 3.174837849973286907e+01
2.770529172478649382e+00 1.887167826034379927e-03 3.469966216216216139e+02 4.181253727137791287e+01
2.776955143396238501e+00 1.821333560803167642e-03 4.085813679245283083e+02 4.594758302229789138e+01
2.783316304171964184e+00 1.843620978786204888e-03 4.444610849056603570e+02 4.267880224916234511e+01
2.789755116199374552e+00 1.895104686621155434e-03 4.484635838150289260e+02 4.610111488469174645e+01
2.796202065730379438e+00 1.823396814250311405e-03 4.256119760479041929e+02 5.275125099649573457e+01
2.802598215598055997e+00 1.839199823105454800e-03 3.969772455089820369e+02 5.285120390666090628e+01
2.809058618291326859e+00 1.891542357478581855e-03 3.799017543859649209e+02 4.905404167672624993e+01
2.815539484174618412e+00 1.814857361145085640e-03 3.780728155339805880e+02 4.336604337849156821e+01
2.821989463872399906e+00 1.865090624993398201e-03 3.805197132616487465e+02 3.759072568652696589e+01
2.828483713597702565e+00 1.883630524017047489e-03 3.839428571428571217e+02 3.179785856820880241e+01
2.834900904292738222e+00 1.791954038426357698e-03 3.865637500000000273e+02 3.050961554371015083e+01
2.841279989216558999e+00 1.876324795384782303e-03 3.888599033816425390e+02 2.967848259838389424e+01
2.847767858763501359e+00 1.886990809494324501e-03 3.912632850241545839e+02 3.078552633663065308e+01
2.854224446368732959e+00 1.845718501710050556e-03 3.945856079404466641e+02 3.141482198773620027e+01
2.860652227376856871e+00 1.895283512592607677e-03 3.977633495145631173e+02 3.135686807335785531e+01
2.867113210476443186e+00 1.859648482407798373e-03 3.998292079207921006e+02 3.183007676720519186e+01
2.873572830144707879e+00 1.886954548921765396e-03 3.976621621621621898e+02 3.140098428708071410e+01
2.879995266294152589e+00 1.874768549312584749e-03 3.918178438661710175e+02 3.070876994103543112e+01
2.886377499349285003e+00 1.822646243021190660e-03 3.854278481012657949e+02 2.941812958604969097e+01
2.892826601299819611e+00 1.901257081905588812e-03 3.809781287970838548e+02 2.785207812188069809e+01
2.899287209408602628e+00 1.837036175435869181e-03 3.786452830188679286e+02 2.694122685627330682e+01
2.905651471559458798e+00 1.820821310380915442e-03 3.798831003811944242e+02 2.631611003142538507e+01
2.912064357739847953e+00 1.885695667761764669e-03 3.841167076167076289e+02 2.703596725039916038e+01
2.918524733004972394e+00 1.831846772134888184e-03 3.844159292035398039e+02 2.987658083606887871e+01
2.925008101889499557e+00 1.898964803942654149e-03 3.709829476248477249e+02 3.397729313078034608e+01
2.931494571104498625e+00 1.860470468068603543e-03 3.606996291718170369e+02 3.559914009735493323e+01
2.937893251398651540e+00 1.817351826735809622e-03 3.701455457967377924e+02 3.954035250002289814e+01
2.944305546311252186e+00 1.880927000690213848e-03 3.958772563176895574e+02 4.410990754834850947e+01
2.950769139483569781e+00 1.826098071515048831e-03 4.196179361179360967e+02 4.270537595221064464e+01
2.957217893682505760e+00 1.858471812583063982e-03 4.135435835351089509e+02 4.066333271900263213e+01
2.963641657319503686e+00 1.840162297927921053e-03 3.905337423312883516e+02 3.424142641924847652e+01
2.970043842149071800e+00 1.832295957600710810e-03 3.620779702970297080e+02 3.108460520091914958e+01
2.976510225225458495e+00 1.909562939757382871e-03 3.391068883610451508e+02 2.948282415833642389e+01
2.983008757323797777e+00 1.820848808918005624e-03 3.277447335811647804e+02 2.749674217159514100e+01
2.989442833175567138e+00 1.860876473636659213e-03 3.248678787878787944e+02 2.343836447563969472e+01
2.995851322080832713e+00 1.818248084975540883e-03 3.264149068322981293e+02 2.059668416975477712e+01
3.002288071879581022e+00 1.866109072499165002e-03 3.299269183922046409e+02 1.882581034717175328e+01
3.008748785923475388e+00 1.879638502675874765e-03 3.327454545454545496e+02 1.869906142221115886e+01
3.015199648864150372e+00 1.825469582085792030e-03 3.334315920398009894e+02 1.903886667377230424e+01
3.021614952218953931e+00 1.867358907394168870e-03 3.320860606060605846e+02 1.899106570669085414e+01
3.028035269137849372e+00 1.805619228951016193e-03 3.329624530663328983e+02 1.912974723023507195e+01
3.034481983401863037e+00 1.885823396422961745e-03 3.331419975932611237e+02 1.953664169118894023e+01
3.040948636384726900e+00 1.846244746713175374e-03 3.316691358024691567e+02 2.074355462981401743e+01
3.047399548284976056e+00 1.866575050031695892e-03 3.246658506731945977e+02 2.325744489546151783e+01
3.053818065407082116e+00 1.858882463793821993e-03 3.151670761670761749e+02 2.558092724510234461e+01
3.060168791671987076e+00 1.792825745411367891e-03 3.046895674300254200e+02 2.826048734654211358e+01
3.066596020837712544e+00 1.927764682785730512e-03 2.899905213270142212e+02 3.470819307737892245e+01
3.073140751332767540e+00 1.856356834428901387e-03 2.769975278121137308e+02 4.013831143957805381e+01
3.079593295930210139e+00 1.886716362797553155e-03 2.601636363636363853e+02 4.854030593512452896e+01
3.086017154762366044e+00 1.830431539716442747e-03 2.496287499999999966e+02 5.228329522299638654e+01
3.092486513109037993e+00 1.905108961471654438e-03 2.351187050359712316e+02 5.528088692414829097e+01
3.098964516853627060e+00 1.852397442341169754e-03 2.236007416563658978e+02 5.193715466770711942e+01
3.105440922044128804e+00 1.880034527507769499e-03 2.113284848484848624e+02 4.713934609658075914e+01
3.111821301298671738e+00 1.810318297736169049e-03 2.068113207547169736e+02 4.236214801203619373e+01
3.118233335063332667e+00 1.868901341642052608e-03 2.034104750304506695e+02 3.805979781837202580e+01
3.124683867316949026e+00 1.865189586864977357e-03 1.984981684981684964e+02 3.296261332469283900e+01
3.131144652615997170e+00 1.844489775254080271e-03 1.884074074074074190e+02 2.656842930541329650e+01
3.137527951480249655e+00 1.850518740970626434e-03 1.770356703567035765e+02 1.950339804593723869e+01
3.143946084488824955e+00 1.842734159383119935e-03 1.698104089219330888e+02 1.478016533913828923e+01
3.150358822729363073e+00 1.875642417003805899e-03 1.655279126213592349e+02 1.156759817661571788e+01
3.156784286039504561e+00 1.823981601210612454e-03 1.628512499999999932e+02 1.028191069305700367e+01
3.163270120323041557e+00 1.930117905744787839e-03 1.602606132075471805e+02 1.009306138309619882e+01
3.169756141428992979e+00 1.817110211355118556e-03 1.597035175879397002e+02 9.877753650060503432e+00
3.176136715832639901e+00 1.869400486556539428e-03 1.593442424242424238e+02 9.443007956439576134e+00
3.182603852824878121e+00 1.855271636042648588e-03 1.597190184049079846e+02 1.012137228705496383e+01
3.189050645908320547e+00 1.867823016262818358e-03 1.596509090909090958e+02 9.967529874077809993e+00
3.195475202712392715e+00 1.830177604982121797e-03 1.597692307692307736e+02 9.985650135449397169e+00
3.201930699474990760e+00 1.890160737295187680e-03 1.596630824372759889e+02 9.586346095217210816e+00
3.208380198036255848e+00 1.818817371399450607e-03 1.607322540473225274e+02 9.115979351911962070e+00
3.214769441202507405e+00 1.856295446885927562e-03 1.619393203883495005e+02 9.060001268498869109e+00
3.221219946103295317e+00 1.854520719188760538e-03 1.641577017114914554e+02 9.115585821364490471e+00
3.227683765295594753e+00 1.874065427032763596e-03 1.674885679903730420e+02 9.451830501877411805e+00
3.234131017772435612e+00 1.840716304877563787e-03 1.697435265104808764e+02 1.110983151989075424e+01
3.240599979113187423e+00 1.901252405176113557e-03 1.686358244365361827e+02 1.217039140533365682e+01
3.247028333220890239e+00 1.799593188369970169e-03 1.661232704402515594e+02 1.297816466985437245e+01
3.253443203786942295e+00 1.907653420062672836e-03 1.628042452830188722e+02 1.229282603348239533e+01
3.259883502116921683e+00 1.795580006981134817e-03 1.609924433249370281e+02 1.165558141903315281e+01
3.266300345605878341e+00 1.923600185575663262e-03 1.584818288393903742e+02 1.190719536648832033e+01
3.272853483066015201e+00 1.856140221165968399e-03 1.562500000000000000e+02 1.226078420282702197e+01
3.279208055010873757e+00 1.838273880463746476e-03 1.556503067484662495e+02 1.222704373271778699e+01
3.285677511815711327e+00 1.882917816817657360e-03 1.541384248210023884e+02 1.239967285086883209e+01
3.292103848527159204e+00 1.835553428200827411e-03 1.527552019583843332e+02 1.239308230823537471e+01
3.298586108799094418e+00 1.888317585372828586e-03 1.501532066508313505e+02 1.193765423094674816e+01
3.305031100311709658e+00 1.850386223069815962e-03 1.479951278928136560e+02 1.211344948862027060e+01
3.311493553422723224e+00 1.868513817595845007e-03 1.449546539379474837e+02 1.243893108621145593e+01
3.317903636599865536e+00 1.824831080609758517e-03 1.433190184049079789e+02 1.271125168126461524e+01
3.324331097200103002e+00 1.867240715589447552e-03 1.415178571428571388e+02 1.356006259642806278e+01
3.330698991454875468e+00 1.802295415888940022e-03 1.405411471321695842e+02 1.477012905610097704e+01
3.337129369178693850e+00 1.924555404658041986e-03 1.386411149825783866e+02 1.631259482355836710e+01
3.343680207265053550e+00 1.861922247852822480e-03 1.365548854041013271e+02 1.661772374848136380e+01
3.350044083295126374e+00 1.835162792558274860e-03 1.351773997569866310e+02 1.671173935054574500e+01
3.356505604070456616e+00 1.871227406804753775e-03 1.342890995260663374e+02 1.654885589089438369e+01
3.362916001860436488e+00 1.833654571443432820e-03 1.330060901339829513e+02 1.648680776424389549e+01
3.369285096640512123e+00 1.875337531839301689e-03 1.313134146341463406e+02 1.636771680718087651e+01
3.375802434903234950e+00 1.848095989791553092e-03 1.295223274695534599e+02 1.647444011686087961e+01
3.382214916359785661e+00 1.843501739730700950e-03 1.274915730337078656e+02 1.599760520224174165e+01
3.388621595555129762e+00 1.837214591020290208e-03 1.264032023289665148e+02 1.515335081708804488e+01
3.395087870480640202e+00 1.897809126909797642e-03 1.274244186046511658e+02 1.419145942527594428e+01
3.401600099274715294e+00 1.862825267528726196e-03 1.328989441930618511e+02 1.350566208311761685e+01
3.408008587822927371e+00 1.829521772960810344e-03 1.451801242236024905e+02 1.407733110746278449e+01
3.414429009776510870e+00 1.863403552598411495e-03 1.572910216718266270e+02 1.424577385310973554e+01
3.420895508941175223e+00 1.876279003669552520e-03 1.631643192488263026e+02 1.534215457617718492e+01
3.427361199308996742e+00 1.871984655860910217e-03 1.589952531645569707e+02 1.569386626396338436e+01
3.433789816721534383e+00 1.835455874914732619e-03 1.522256493506493484e+02 1.416598383576240749e+01
3.440207803416203358e+00 1.864980166185075923e-03 1.460598705501618042e+02 1.206380318749409675e+01
3.446682336316245543e+00 1.886495457043324163e-03 1.415479674796748100e+02 1.047877319565135146e+01
3.453142116062292821e+00 1.850491205141300763e-03 1.383109243697479087e+02 9.965806238153241736e+00
3.459552608189105705e+00 1.840426776601197887e-03 1.371404109589041127e+02 1.011861389273017231e+01
3.466037827277117955e+00 1.895781883946169978e-03 1.383073005093378640e+02 1.143978744061489294e+01
3.472473653977210972e+00 1.828931698347952819e-03 1.399570661896243280e+02 1.174893339312557394e+01
3.478868831430015351e+00 1.849798838882201271e-03 1.403874999999999886e+02 1.153204386543364457e+01
3.485296939778874226e+00 1.846836384750711896e-03 1.403021978021978100e+02 1.141567583950244469e+01
3.491740378822062674e+00 1.892374048568714641e-03 1.401165755919854234e+02 1.155178849238804339e+01
3.498222076309955408e+00 1.850392789083453492e-03 1.397406015037593932e+02 1.164044217381462865e+01
3.504611891581455030e+00 1.828338000025509641e-03 1.406815533980582416e+02 1.232965139474278615e+01
3.511032309223517167e+00 1.894740202114146826e-03 1.427805343511450360e+02 1.431665754207213936e+01
3.517510811405253346e+00 1.847376399887671770e-03 1.426640316205533736e+02 1.564903799383966110e+01
3.523886222494890585e+00 1.819823680849573695e-03 1.411717791411042811e+02 1.670560333186356772e+01
3.530333766363422221e+00 1.913949961282706506e-03 1.413980198019802117e+02 1.828088846984031335e+01
3.536838628960300657e+00 1.837400593869444173e-03 1.396791666666666742e+02 1.911861390293355711e+01
3.543212277439104163e+00 1.824314092004992007e-03 1.395224839400428323e+02 2.002086900518674639e+01
3.549634251627681092e+00 1.895848120010211945e-03 1.409957983193277187e+02 2.059365710636694402e+01
3.556117060308725097e+00 1.842284182035823720e-03 1.401855895196506481e+02 1.861699759096704909e+01
3.562580790750173865e+00 1.873137250446494902e-03 1.420679824561403564e+02 1.850029400704712401e+01
3.569027121761189303e+00 1.864198494303047999e-03 1.404436936936936888e+02 1.666428154348220048e+01
3.575415228040989657e+00 1.829283293316363293e-03 1.366844547563805179e+02 1.480043348440423578e+01
3.581824267593239686e+00 1.860007523854312686e-03 1.320324825986078849e+02 1.329703294767832666e+01
3.588330065081806630e+00 1.895947895659538546e-03 1.257772621809744749e+02 9.977979749808959298e+00
3.594804804657118602e+00 1.838793340235311087e-03 1.215585365853658573e+02 8.377765820478165537e+00
3.601203120605045882e+00 1.866742151695356807e-03 1.198480392156862706e+02 7.403037676499900854e+00
3.607629953215138574e+00 1.849946976811765471e-03 1.179949874686716811e+02 5.538650922482644567e+00
3.614090854913730499e+00 1.868416365547433599e-03 1.171818181818181870e+02 5.170841643851137093e+00
3.620574720227974552e+00 1.873754476683962313e-03 1.167763496143958832e+02 4.950739023554884710e+00
3.627004027770476924e+00 1.835919208150294619e-03 1.163315508021390343e+02 5.520312334062875692e+00
3.633382280898821648e+00 1.849285921997263250e-03 1.160514905149051543e+02 6.181551618201289955e+00
3.639818201334091174e+00 1.872714577785467623e-03 1.142970027247956466e+02 6.909087272322770978e+00
3.646271849872324999e+00 1.848931603973280732e-03 1.121825842696629252e+02 7.816597618756119914e+00
3.652754025121335069e+00 1.886957975833729447e-03 1.113314606741572987e+02 9.124639303495033715e+00
3.659208746855755479e+00 1.834720162372708565e-03 1.089705014749262517e+02 9.929348577560491051e+00
3.665582835495777569e+00 1.840575612045432024e-03 1.062612612612612679e+02 1.081297901180356469e+01
3.672040343112283445e+00 1.886479483533069204e-03 1.042245508982035886e+02 1.139628882148891797e+01
3.678529717319615866e+00 1.858096912976999176e-03 1.029130434782608745e+02 1.158475093501379583e+01
3.684932562337432049e+00 1.835190244932949138e-03 1.039421221864951832e+02 1.070998877472809951e+01
3.691340469028411508e+00 1.865394116403416890e-03 1.056343042071197402e+02 9.970719378151063239e+00
3.697825917576230470e+00 1.878575472322643403e-03 1.050032894736842053e+02 8.970345883139506427e+00
3.704288468942850354e+00 1.854378416201764085e-03 1.034095563139931784e+02 8.092946155124433716e+00
3.710695071708606907e+00 1.843173339766954189e-03 1.003543859649122822e+02 6.069064901963177938e+00
3.717119980493126530e+00 1.858275420549158159e-03 9.697499999999999432e+01 5.215978198902729623e+00
3.723579054116692877e+00 1.875547371405369762e-03 9.459636363636363399e+01 3.863485344642125341e+00
3.730020297411832164e+00 1.843995263516665269e-03 9.332196969696970257e+01 3.837096906800287144e+00
3.736426917509388268e+00 1.851423495632689448e-03 9.171317829457363757e+01 4.010880730328277188e+00
3.742862848593606184e+00 1.866246695943705233e-03 9.106719367588932812e+01 4.459268848232107452e+00
3.749304155234212121e+00 1.850203366498975400e-03 9.089754098360656087e+01 4.624124226154496142e+00
3.755769545342233950e+00 1.881542671327423493e-03 9.160995850622406067e+01 3.847155579148230586e+00
3.762207580716425692e+00 1.832713059301602828e-03 9.170614035087719174e+01 3.758626069351538312e+00
3.768650259547695391e+00 1.882711660849632198e-03 9.076211453744492985e+01 4.261246482423005411e+00
3.775101190588130873e+00 1.841328330998877110e-03 9.093953488372092409e+01 3.764678860495394019e+00
3.781544745172108257e+00 1.876261972947606757e-03 9.251415094339623124e+01 4.026721885360774245e+00
3.787984350729691752e+00 1.841817734800533721e-03 9.390547263681591517e+01 5.154869915377040535e+00
3.794443778523244770e+00 1.888119406057294294e-03 9.458291457286432546e+01 5.757653776116725020e+00
3.800887998049732097e+00 1.829598834944004332e-03 9.390860215053763227e+01 5.689716642938712710e+00
3.807319286871066577e+00 1.879776389761753357e-03 9.043478260869565588e+01 5.652842769789569566e+00
3.813728772969168901e+00 1.816176537965013323e-03 8.735672514619882634e+01 4.584869912270670866e+00
3.820127884734960233e+00 1.870328496078344947e-03 8.442011834319526997e+01 4.869657118274766106e+00
3.826558902351690605e+00 1.840091099185570860e-03 8.198113207547169168e+01 4.964607142299413134e+00
3.832976717434447789e+00 1.862754303780558536e-03 8.099350649350648723e+01 4.448833943962691606e+00
3.839467489846226655e+00 1.881591717002498556e-03 8.030405405405404906e+01 4.758791026929415580e+00
3.845958738964208923e+00 1.872212223355807642e-03 7.924285714285714732e+01 4.089171863667782070e+00
3.852379013358490312e+00 1.829949564810406546e-03 7.951538461538461888e+01 3.949668550246300480e+00
3.858770514458473411e+00 1.860590576749386821e-03 7.923199999999999932e+01 4.117770270425488377e+00
3.865201312403456324e+00 1.846877382617491750e-03 7.973504273504273954e+01 3.901042341007909808e+00
3.871669834970288271e+00 1.885989225799452511e-03 7.926785714285713880e+01 4.380590451535231189e+00
3.878154213609482870e+00 1.855219997046820071e-03 7.921359223300970598e+01 4.592643508818762044e+00
3.884570297975108666e+00 1.842018581107749764e-03 7.804210526315789309e+01 4.457841918533799408e+00
3.891030549524630455e+00 1.892572859664069882e-03 7.632222222222222285e+01 4.728140082736053351e+00
3.897480132485925619e+00 1.830223622249431631e-03 7.587500000000000000e+01 4.365525455200095273e+00
3.903837790606199842e+00 1.833538786489578550e-03 7.557534246575342252e+01 4.804978808990816752e+00
3.910297958451704581e+00 1.898394991490752427e-03 7.301470588235294201e+01 3.891922253017062516e+00
3.916760076293909876e+00 1.823271174774054393e-03 7.275862068965517437e+01 5.033301703695902241e+00
3.923205856217289345e+00 1.907998375040481686e-03 7.266037735849056389e+01 4.439418561732081159e+00
3.929647757040283906e+00 1.804292177573046203e-03 7.211627906976744384e+01 3.972389836957824993e+00
3.936002968608691699e+00 1.864030959871269735e-03 7.283783783783783861e+01 4.483799260354829563e+00
3.942404476100300759e+00 1.828532384993888883e-03 7.496551724137931672e+01 3.750544946532063495e+00
3.948822507765122225e+00 1.871711324841116540e-03 7.618181818181818699e+01 4.448976110269875051e+00
3.955157590966607906e+00 1.825831164639231917e-03 7.800000000000000000e+01 5.042675027063654447e+00
3.961507824082775464e+00 1.968979546566614058e-03 8.314285714285713880e+01 4.598136268408880234e+00
