# q qerr I(q) I(q)err
8.294532032279089417e-03 3.215448162638725495e-03 4.166666666666666852e-01 3.524279583084038592e+01
1.547771440847061503e-02 1.298069176105710962e-03 4.166666666666666852e-01 5.270462766947298094e-01
2.114153426598287117e-02 1.953452460535632252e-03 4.500000000000000111e-01 5.196152422706632468e-01
2.708829541553820289e-02 1.932501425123600049e-03 2.500000000000000000e-01 4.448782605013045788e-01
3.424760286937652415e-02 2.393094809829984012e-03 3.409090909090908839e-01 4.821182598999185775e-01
4.134659872356089005e-02 1.444308516548141333e-03 4.444444444444444198e-01 5.091750772173155859e-01
4.709622292726145520e-02 1.633576272088444088e-03 5.000000000000000000e-01 5.123475382979799653e-01
5.289360403025952090e-02 1.994215660312892175e-03 2.916666666666666852e-01 4.611654921078887637e-01
5.941266175682404643e-02 2.038777625163953021e-03 3.200000000000000067e-01 4.732863826479691283e-01
6.623959740571712385e-02 2.014614798769268252e-03 3.518518518518518601e-01 4.843221048378528182e-01
7.251770781946841049e-02 1.767162065969994948e-03 4.791666666666666852e-01 5.488308280133120665e-01
7.836204892921720677e-02 1.794558473909566021e-03 8.000000000000000444e-01 1.120714058089752108e+00
8.476368586159346852e-02 2.173163639586968114e-03 2.000000000000000000e+00 5.300353761778547224e+00
9.171767809022127182e-02 2.151270969520740432e-03 8.191176470588235503e+00 2.225940180818280467e+01
9.840741527280037759e-02 1.879523288412654567e-03 2.166666666666666785e+01 5.242184659090141707e+01
1.046713563714864598e-01 1.717715818177843919e-03 4.943999999999999773e+01 9.430161822577595387e+01
1.108696467093386595e-01 1.978629817275711061e-03 7.881132075471698784e+01 1.305992664119000608e+02
1.174911181025048434e-01 2.151142134119994175e-03 1.079016393442622928e+02 1.627596695259210833e+02
1.240901985761322518e-01 1.682567093931450772e-03 1.513199999999999932e+02 1.992250084703223081e+02
1.302695169190241364e-01 1.981638030988197227e-03 1.658983050847457719e+02 2.141515101287725997e+02
1.366843399328758479e-01 1.885635125754002352e-03 2.036785714285714164e+02 2.440691461179283976e+02
1.431380625310322841e-01 2.037281709542672608e-03 2.268548387096774093e+02 2.568462747344277659e+02
1.497407916800755912e-01 2.013243134106564892e-03 2.539841269841269877e+02 2.815970037340023850e+02
1.560440161600273323e-01 1.800320108738214832e-03 2.791403508771929864e+02 3.016614815162751597e+02
1.626324968867556287e-01 2.166758397174068339e-03 3.114864864864865126e+02 3.145228039894158201e+02
1.693678508908615654e-01 1.711853084056604935e-03 3.266166666666666742e+02 3.342908613767358474e+02
1.755753172360756398e-01 1.940749690505284321e-03 3.570000000000000000e+02 3.364795361695411771e+02
1.819629297477835528e-01 1.792019476258344991e-03 3.687384615384615358e+02 3.504565218794060684e+02
1.883474920212158954e-01 1.982820530303366913e-03 3.768472222222222285e+02 3.623396612194040927e+02
1.949500334927739553e-01 1.985593967279970003e-03 4.110933333333333053e+02 3.650285000745375328e+02
2.014306324154557237e-01 1.750557958225071797e-03 4.200869565217391255e+02 3.768339419237063908e+02
2.076332073357673447e-01 1.865361520913360683e-03 4.479459459459459367e+02 3.784633176863849826e+02
2.140129245322099916e-01 1.882829286684015863e-03 4.457733333333333121e+02 3.907361756138448072e+02
2.204163405633874917e-01 1.951475208267544961e-03 4.793333333333333144e+02 3.910035193406221197e+02
2.268599176829277919e-01 1.954094669929957399e-03 4.781750000000000114e+02 4.015855407786738169e+02
2.335135695299082048e-01 1.986313139076756155e-03 4.855529411764705969e+02 4.080390777812093006e+02
2.400224779461884173e-01 1.823737618079871109e-03 5.078000000000000114e+02 4.054662223909656404e+02
2.464005577519743639e-01 1.894426896505377799e-03 5.217647058823529278e+02 4.048636816164689094e+02
2.528350385827773383e-01 1.829527638271931031e-03 5.308095238095238528e+02 4.093580014559493634e+02
2.590859102888302123e-01 1.817056121189442432e-03 5.354761904761904816e+02 4.138902320056126314e+02
2.654612130450557106e-01 1.918447197659697845e-03 5.396067415730336734e+02 4.165455158465546788e+02
2.718942366720529247e-01 1.942478483450333455e-03 5.649340659340659840e+02 4.050654341179456424e+02
2.784185743669774227e-01 1.921358219378808702e-03 5.632365591397849585e+02 4.002666319979057903e+02
2.849156375412667530e-01 1.882334819595186037e-03 6.068829787234042215e+02 3.721671238030530731e+02
2.911870294677750826e-01 1.766712284927822799e-03 6.182471910112359410e+02 3.477679196586338435e+02
2.976511517037133681e-01 2.019527329980297554e-03 6.650291262135922352e+02 3.080258144166878651e+02
3.043178155919494809e-01 1.919359421117726450e-03 6.891200000000000045e+02 2.704831543737982997e+02
3.108074081907638564e-01 1.815555258398614735e-03 7.179081632653061433e+02 2.427141192640615373e+02
3.170970610330232087e-01 1.826000353424227750e-03 7.317878787878787534e+02 2.275520216542199421e+02
3.235319739834495723e-01 1.908097576542081529e-03 7.362380952380951840e+02 2.197997202154786862e+02
3.300700059726238145e-01 1.867687188749142220e-03 7.556320754716981583e+02 2.069944006857971601e+02
3.365262003550894554e-01 1.808122422876843900e-03 7.536380952380952749e+02 2.054430725393820296e+02
3.429039324965278412e-01 1.810371451943152679e-03 7.693490566037735334e+02 1.934228292793703474e+02
3.492243179790229801e-01 1.835371710213073819e-03 7.741018518518518476e+02 1.849225058284296210e+02
3.555659880086458058e-01 1.813249007222180170e-03 7.798888888888889142e+02 1.774031962308509662e+02
3.620245372922214488e-01 1.918012235727336494e-03 7.917863247863248262e+02 1.669977082714048038e+02
3.685406119477664388e-01 1.798147481859587110e-03 7.927387387387387889e+02 1.627518467578250068e+02
3.750909242308860247e-01 1.967614233492519498e-03 8.078709677419354875e+02 1.549013683703177264e+02
3.816999037813160189e-01 1.752662604176019427e-03 8.053913043478261216e+02 1.481426099819006197e+02
3.880273799716012495e-01 1.749306826939258557e-03 8.086120689655172100e+02 1.420492312415449589e+02
3.942361145945514900e-01 1.745527907058957431e-03 8.087844827586206975e+02 1.356762880634905741e+02
4.006128291384035145e-01 1.852638254231622501e-03 8.127560975609756042e+02 1.283644278354857704e+02
4.070503578694664726e-01 1.848743254130127446e-03 8.155161290322580498e+02 1.238333454711303574e+02
4.135933781829447264e-01 1.871256654943844995e-03 8.166434108527131457e+02 1.185646796403450480e+02
4.202179442533061082e-01 1.832712641984981681e-03 8.228153846153845734e+02 1.109106495759046425e+02
4.266798115557093873e-01 1.759393680741872749e-03 8.261102362204724159e+02 1.051264168471799394e+02
4.330910535146235696e-01 1.771858374752960505e-03 8.313999999999999773e+02 1.013814806332232195e+02
4.395078467689783608e-01 1.772659720438770270e-03 8.336287878787878753e+02 9.848921027637075554e+01
4.457793319829173595e-01 1.654526338047628432e-03 8.268799999999999955e+02 9.404305737267372933e+01
4.521562795609589402e-01 1.887763445894669913e-03 8.278098591549295406e+02 8.733889297299836585e+01
4.587656575942579140e-01 1.769717907920350091e-03 8.151167883211678600e+02 8.109511619013714778e+01
4.652405449529313231e-01 1.746242423612376143e-03 8.066474820143885154e+02 7.496821264508990623e+01
4.716282944699034529e-01 1.704407088516023735e-03 7.973357664233576543e+02 7.135752946276114983e+01
4.780637153179891352e-01 1.798647074538550902e-03 7.914166666666666288e+02 6.665835451653342147e+01
4.844976548260259142e-01 1.723433333189145671e-03 7.880281690140844830e+02 6.312897124548907613e+01
4.908596034113225648e-01 1.665744062354685903e-03 7.830567375886524815e+02 6.127293913111319057e+01
4.972011979785150859e-01 1.734256865849588200e-03 7.826095890410958873e+02 5.932735723251465032e+01
5.036178995103413047e-01 1.747915368961153139e-03 7.762567567567567721e+02 5.677138244630710773e+01
5.101756467004687767e-01 1.800451491856020327e-03 7.705677419354839230e+02 5.373306823798980503e+01
5.166235656727934389e-01 1.648057805296297825e-03 7.647074829931972317e+02 5.041036560962361079e+01
5.229884928033705638e-01 1.714260039451578075e-03 7.603157894736841627e+02 4.781413837197996486e+01
5.293925748937229336e-01 1.756900675637705763e-03 7.539294871794871824e+02 4.589384028316744946e+01
5.357749724968067229e-01 1.647361260156582873e-03 7.460927152317881337e+02 4.378006400919165486e+01
5.422269581426349960e-01 1.797131621318817348e-03 7.419024390243902189e+02 4.229342489573367914e+01
5.488258977193463117e-01 1.752106618123457169e-03 7.365093167701863877e+02 4.049420979555659983e+01
5.552607346015674405e-01 1.711536068502800701e-03 7.329750000000000227e+02 4.108443097756131834e+01
5.616696921416424182e-01 1.713298320607429745e-03 7.288711656441718105e+02 4.040494151004926238e+01
5.680596363279470928e-01 1.671719726027721563e-03 7.236062500000000455e+02 4.010500280513641513e+01
5.744116486855085357e-01 1.773350792090137981e-03 7.180535714285714448e+02 4.003172636355142799e+01
5.808465417437830292e-01 1.706594120505047427e-03 7.117999999999999545e+02 4.046968188057760329e+01
5.872915480827241019e-01 1.773275249674210931e-03 7.086820809248555406e+02 4.031825677858031298e+01
5.936297343998458986e-01 1.608871723183330060e-03 7.048148148148147811e+02 4.127035668741595487e+01
6.000917821228005655e-01 1.852508397134843563e-03 7.030879120879120592e+02 3.893920884234141511e+01
6.066068710033430955e-01 1.719733697199352486e-03 6.982222222222221717e+02 3.854804686140543879e+01
6.129319261090041548e-01 1.700305612135823196e-03 6.942151162790697754e+02 3.741169881495171978e+01
6.193292159447265632e-01 1.792945791870086646e-03 6.899111111111111541e+02 3.626618327564559507e+01
6.257789288608107681e-01 1.769335618302108433e-03 6.860338983050847901e+02 3.506505902539818464e+01
6.322945183878984077e-01 1.883051681004075783e-03 6.845291005291005604e+02 3.313477521116266900e+01
6.387697914265673127e-01 1.734308686986089703e-03 6.788238636363636260e+02 3.500798315095459401e+01
6.450797878865883739e-01 1.812617312363664322e-03 6.719728260869565020e+02 3.688973264695348320e+01
6.514777522098027518e-01 1.807195130708317372e-03 6.662594594594594355e+02 3.857262755874915428e+01
6.579453254174412180e-01 1.840076954070700866e-03 6.624021164021163486e+02 3.888593013255941599e+01
6.642487788958216788e-01 1.761967380250493336e-03 6.575824175824176336e+02 3.970397647714968770e+01
6.707545140871414846e-01 1.952870522822350513e-03 6.544149999999999636e+02 3.910837314437920043e+01
6.772291234912055646e-01 1.844192786587162299e-03 6.493915343915343783e+02 4.100796270524806175e+01
6.834443396870620857e-01 1.745041746211572261e-03 6.445163043478261216e+02 4.244347055018057091e+01
6.899300657465672337e-01 1.988575045799213618e-03 6.398067632850242035e+02 4.126221542420448429e+01
6.965346490814943170e-01 1.967867873463197050e-03 6.331658291457285941e+02 4.333640139381108014e+01
7.030970487636396538e-01 2.020648629947002003e-03 6.288446601941747076e+02 4.331258442804966791e+01
7.095716427219228573e-01 1.946516927103622520e-03 6.245050505050504626e+02 4.567849879894535547e+01
7.160970279381224657e-01 2.044543341153194464e-03 6.206380952380952749e+02 4.486971262568004448e+01
7.226116891734091219e-01 2.004959656352403585e-03 6.168926829268292522e+02 4.375567038973584033e+01
7.291288619178314390e-01 2.011427705279334160e-03 6.131238095238095411e+02 4.688404667047786489e+01
7.356079106374427967e-01 1.973711099579897668e-03 6.100913461538461888e+02 4.622007117757137706e+01
7.419803430714648762e-01 1.939746738906150680e-03 6.050829268292683309e+02 4.954734976893840326e+01
7.484516812817442188e-01 2.022257641999446187e-03 6.027272727272727479e+02 4.552234035146238966e+01
7.549512183205485671e-01 1.898119824350936232e-03 5.992307692307692832e+02 4.843821172410874709e+01
7.613853957290165342e-01 1.973382858640895885e-03 5.981318181818181756e+02 4.607677925785241513e+01
7.678481984516135617e-01 1.903941598965435333e-03 5.935395348837208758e+02 4.894063577619802885e+01
7.743372045322526320e-01 1.915374251326664194e-03 5.901486486486486456e+02 4.667079662757480207e+01
7.807807857039134047e-01 1.872160005679921477e-03 5.846330275229357767e+02 4.711761952666368103e+01
7.871827117013717734e-01 1.874571936203420349e-03 5.812126696832579000e+02 4.739963042768701484e+01
7.935705088346153291e-01 1.846468364235832015e-03 5.783766816143497635e+02 4.671287813840135072e+01
7.999497029225959288e-01 1.794315080242126848e-03 5.755936073059360751e+02 4.632249592339790922e+01
8.063895263538338742e-01 1.919941342275102670e-03 5.723983050847457434e+02 4.461440054184444648e+01
8.129038415374738591e-01 1.785391972586650427e-03 5.681822222222222081e+02 4.561031613869393908e+01
8.193543447618309994e-01 1.828478467253065801e-03 5.640680851063830232e+02 4.446786928584499066e+01
8.257450256705209934e-01 1.731942097964038994e-03 5.598928571428571104e+02 4.604070992788084737e+01
8.321389716972604766e-01 1.845140229989535984e-03 5.563083333333332803e+02 4.516873419314637772e+01
8.386208936931099922e-01 1.751195931903918061e-03 5.511495726495726331e+02 4.561221320784142108e+01
8.449970631363269424e-01 1.723661030767332288e-03 5.472543103448275588e+02 4.576746180797911734e+01
8.513046230100612677e-01 1.773741526074865430e-03 5.437605042016806465e+02 4.583451734245202402e+01
8.578256185292513214e-01 1.822821089358022794e-03 5.398906882591093108e+02 4.597191270964498955e+01
8.643009097266359797e-01 1.747841479780405487e-03 5.364190871369294200e+02 4.730439485895816887e+01
8.706520843132705689e-01 1.718512007701664341e-03 5.328151260504201900e+02 4.779440742362981354e+01
8.770655084888429043e-01 1.823306464836067656e-03 5.307826086956521294e+02 4.713724919013908021e+01
8.835379301005906738e-01 1.720994191554163586e-03 5.260617283950617775e+02 4.725276292583733095e+01
8.899818591232092624e-01 1.816014583941305376e-03 5.237019607843137692e+02 4.595466866894076219e+01
8.963154830142930907e-01 1.686559403020368615e-03 5.183999999999999773e+02 4.642843956025227925e+01
9.027402481510985455e-01 1.849914512401526186e-03 5.162595419847327776e+02 4.495759709963789419e+01
9.092741475074460622e-01 1.818523953956779297e-03 5.134509803921569073e+02 4.554905083857698855e+01
9.156513574886713247e-01 1.799905876070713017e-03 5.095000000000000000e+02 4.622497177795802514e+01
9.219738414041327434e-01 1.816254378221876130e-03 5.062968750000000000e+02 4.635965608589373232e+01
9.284093843578240524e-01 1.864548344913183461e-03 5.036423076923076678e+02 4.586717348551461981e+01
9.348720171621091035e-01 1.939851900461452830e-03 5.036779026217228648e+02 4.576752759874854348e+01
9.413551784733346084e-01 1.927152036582965508e-03 5.035114503816793672e+02 5.162907108688666113e+01
9.478756351150825488e-01 2.022964964773094239e-03 5.092065217391304373e+02 5.002203988093680209e+01
9.544794314844599059e-01 1.995588314593873917e-03 5.345682656826568291e+02 4.324968508088976193e+01
9.609640598131067302e-01 1.976081289299603128e-03 6.381176470588235361e+02 1.000457313252363463e+02
9.673540511875814429e-01 1.900963898517757681e-03 9.459393939393939945e+02 3.556494005299840637e+02
9.738764300010358532e-01 2.020370959177093719e-03 1.503486111111111086e+03 9.045719741159877003e+02
9.803887395962943563e-01 1.868024915732807104e-03 1.960041198501872714e+03 1.290556031761566601e+03
9.867609507399704993e-01 1.907798179635916648e-03 1.882290322580645125e+03 9.907519279331244206e+02
9.931792738827067701e-01 1.861169570246367679e-03 1.673010909090909081e+03 6.037467439496069801e+02
9.997024529712079666e-01 1.929714342920701943e-03 1.730962328767123381e+03 7.013442609906136340e+02
1.006152710574202525e+00 1.760100644785859590e-03 1.883246323529411711e+03 9.752775052717779545e+02
1.012546487448541255e+00 1.858180627704414780e-03 1.768089965397923834e+03 8.252085355627523313e+02
1.018988798098918291e+00 1.803978976354649174e-03 1.612876760563380230e+03 5.494620658816113519e+02
1.025394048634321598e+00 1.775790568352827222e-03 1.539764912280701765e+03 4.286536859813365936e+02
1.031778999059903112e+00 1.783042104657854955e-03 1.480311418685120998e+03 4.038643023147887448e+02
1.038243195035333466e+00 1.800042721148124251e-03 1.390423208191126378e+03 4.422258312451367033e+02
1.044593270705168830e+00 1.728638088187854378e-03 1.193041958041957969e+03 4.520480996533611915e+02
1.051019473275584426e+00 1.807666001326826760e-03 9.353110367892976456e+02 3.825839684633100433e+02
1.057452118334604840e+00 1.764796907398143069e-03 7.095220338983050397e+02 2.565608602513783580e+02
1.063812741872586898e+00 1.735604614353873946e-03 5.701267123287670984e+02 1.550430611678195589e+02
1.070275566257694377e+00 1.860876787998901613e-03 4.931290322580645125e+02 8.328811183693071030e+01
1.076675486865225739e+00 1.737707282280460301e-03 4.560859106529209726e+02 5.338130160759214959e+01
1.083000003099001241e+00 1.811785629637566912e-03 4.395822368421052602e+02 4.150996734757419659e+01
1.089457558406981885e+00 1.875700427842611059e-03 4.286266233766233995e+02 3.762592227422474167e+01
1.095857128634095679e+00 1.865882195591197666e-03 4.224342105263157805e+02 3.702529000655162861e+01
1.102286980210992473e+00 1.937596539280167377e-03 4.142332268370607267e+02 4.119005306845197367e+01
1.108924588094037933e+00 2.035521144429528872e-03 4.120670731707317032e+02 3.941154774840801167e+01
1.115518250266801070e+00 1.963453062553008333e-03 4.072784810126582329e+02 4.008798756879840397e+01
1.121980766162010701e+00 1.920251373127695831e-03 4.051815286624203623e+02 3.802554598890688453e+01
1.128426312748922689e+00 1.950613960551148517e-03 4.027981366459627566e+02 3.565111642771288558e+01
1.134959239864979930e+00 1.915365560061970144e-03 4.005600000000000023e+02 3.570005990083317471e+01
1.141388067807542761e+00 1.819889318180962796e-03 3.964793650793650954e+02 3.651123311548106187e+01
1.147829738822878420e+00 1.877407927217479219e-03 3.941398176291793334e+02 3.650197597210799927e+01
1.154234759887723172e+00 1.796226287448233561e-03 3.915172413793103487e+02 3.690499420008682563e+01
1.160592008141087206e+00 1.784421184300352767e-03 3.902012383900928967e+02 3.678361631956538957e+01
1.167026991042843242e+00 1.836276795008287468e-03 3.869074626865671576e+02 3.618060166351907014e+01
1.173494023876834547e+00 1.758155136545365687e-03 3.838715596330275162e+02 3.721959289134709081e+01
1.179808164649816637e+00 1.732605827553653768e-03 3.744492307692307804e+02 4.670058018214670170e+01
1.186220583891021807e+00 1.881017850291822648e-03 3.799646302250803842e+02 4.233546078350217101e+01
1.192681073817049464e+00 1.793318889751105601e-03 3.784379310344827445e+02 4.174214031695296256e+01
1.199065629744253458e+00 1.797529783280079436e-03 3.773415492957746551e+02 4.202854543312156466e+01
1.205502001077074059e+00 1.899328588103967692e-03 3.769041095890410702e+02 4.162422483453144650e+01
1.211991242640565014e+00 1.826306843735066819e-03 3.757173913043478137e+02 4.278822445321672774e+01
1.218362901235649165e+00 1.888953249129523074e-03 3.743741007194244617e+02 4.285047902429035815e+01
1.224837827500277143e+00 1.938626244914326818e-03 3.693453237410071779e+02 4.691850405184084849e+01
1.231306496939841066e+00 1.935692192720165272e-03 3.687753623188405641e+02 4.642958076899222419e+01
1.237900180047003751e+00 1.954996484647400414e-03 3.684121863799283005e+02 4.462170786437526004e+01
1.244387829439413284e+00 1.881879514088832415e-03 3.674962686567164383e+02 4.298257597941049113e+01
1.250735832344970877e+00 1.818331757808236372e-03 3.663139534883720785e+02 4.267625938619040227e+01
1.257083335292831006e+00 1.905720956169173206e-03 3.651512915129151224e+02 4.139156679796881377e+01
1.263603115287416090e+00 1.841854869392088893e-03 3.639469696969696884e+02 4.143858199581268309e+01
1.270020777910819465e+00 1.832011672431217405e-03 3.630646387832699702e+02 4.083207593322909901e+01
1.276488051741652807e+00 1.832185980768075541e-03 3.612433460076045435e+02 4.169824923614174139e+01
1.282839323063532211e+00 1.758750693263018286e-03 3.598661417322834382e+02 4.298220264178521433e+01
1.289363492023574365e+00 1.805471412487298991e-03 3.506632996632996537e+02 4.726353486746761234e+01
1.295761563244195891e+00 1.749310907134910172e-03 3.543288590604026922e+02 4.284481520757924500e+01
1.302096506369333051e+00 1.727886103868702576e-03 3.558205980066445022e+02 4.027241675304304636e+01
1.308490604613926855e+00 1.841981469325142248e-03 3.557227414330217812e+02 3.991650345880585604e+01
1.314923371882378955e+00 1.783204890748409099e-03 3.545466237942122234e+02 3.983687076010722450e+01
1.321263162947042602e+00 1.883891353746835161e-03 3.535679012345678984e+02 4.011269133829670608e+01
1.327809252188654421e+00 1.990407611744629372e-03 3.501597633136094601e+02 4.388653783102536465e+01
1.334395055816720577e+00 2.005908808147741692e-03 3.511495601173020304e+02 4.144361685811121987e+01
1.340924575314278222e+00 1.937181998292608577e-03 3.514388059701492466e+02 3.912085882250061530e+01
1.347326738882997477e+00 1.911240937813023883e-03 3.512366863905325545e+02 3.840057868212065273e+01
1.353867248119903444e+00 1.925349651844857632e-03 3.503937677053824586e+02 3.743635430153373989e+01
1.360292180733798650e+00 1.777880213384871099e-03 3.508772455089820141e+02 3.740772456618675079e+01
1.366716033276369036e+00 1.860440026654835337e-03 3.555966386554621863e+02 3.637293267509058126e+01
1.373134056949086190e+00 1.747663592607761902e-03 3.727485380116959277e+02 4.023691254326890743e+01
1.379508641949547476e+00 1.787974598008121871e-03 4.050056338028168739e+02 4.562520289335391510e+01
1.385849874457594222e+00 1.730044418412237826e-03 4.352968299711815803e+02 5.184825240685898251e+01
1.392210228535155858e+00 1.777760908321846531e-03 4.404222222222222172e+02 5.282850252479570230e+01
1.398630460992727143e+00 1.793834584281517276e-03 4.278194444444444571e+02 5.109895311314370758e+01
1.405027543482165298e+00 1.820682476180417696e-03 4.251294765840220293e+02 4.951366909460193000e+01
1.411380623846245186e+00 1.844474811107960554e-03 4.240111111111111200e+02 5.025053804760774767e+01
1.418011585217980208e+00 2.061904995500850411e-03 4.167431421446383979e+02 5.929938594979336131e+01
1.424633236002852632e+00 1.911062399977238009e-03 4.115355191256830381e+02 5.014608641738142580e+01
1.431027237377290762e+00 1.930893372260762729e-03 4.080897097625330048e+02 4.378319817187729512e+01
1.437551415863808524e+00 1.925262037142165712e-03 4.067558441558441586e+02 4.413402860634261060e+01
1.443999660086549230e+00 1.834928749309971486e-03 4.063660477453581166e+02 4.378394784336332890e+01
1.450408168300875378e+00 1.822080046480867126e-03 4.055209424083769818e+02 4.384381052042159865e+01
1.456762351763572827e+00 1.768742008520618686e-03 4.055868421052631447e+02 4.439078024985746396e+01
1.463211358413713192e+00 1.810126088705470279e-03 4.060433673469387941e+02 4.506294651120312267e+01
1.469593255354290973e+00 1.758193336020684059e-03 4.015494791666666856e+02 4.597498780403023488e+01
1.475950724204827313e+00 1.769305199294179780e-03 3.867105943152454870e+02 4.570216741414400730e+01
1.482355977374464340e+00 1.855140322631434503e-03 3.683399999999999750e+02 4.261836751918121280e+01
1.488803525874331735e+00 1.854999873494519958e-03 3.513104325699745800e+02 3.895830085154214828e+01
1.495319592526707764e+00 2.003828109077177445e-03 3.385861244019138780e+02 4.379634211763588780e+01
1.501939691759246465e+00 1.957822028991581826e-03 3.352530413625304391e+02 3.776972540961106262e+01
1.508463382234335848e+00 1.918938912685786129e-03 3.347041564792176018e+02 3.543491251112471474e+01
1.514901188746566207e+00 1.852902137227367511e-03 3.329359605911329822e+02 3.592970939325346791e+01
1.521228969867623793e+00 1.785136608190808364e-03 3.316750629722922099e+02 3.627326867847244074e+01
1.527563647216529041e+00 1.824993124647320475e-03 3.309014423076923208e+02 3.650625145940902172e+01
1.534022576503679458e+00 1.781774817406586286e-03 3.294805825242718242e+02 3.636520278906875348e+01
1.540418711468126034e+00 1.792491139398408621e-03 3.287368421052631788e+02 3.588451004182484638e+01
1.546838712332167631e+00 1.778278829154705072e-03 3.276746987951807455e+02 3.616744056072536040e+01
1.553238623106807825e+00 1.840983848395847744e-03 3.274504716981132333e+02 3.621823300263822887e+01
1.559673935783696619e+00 1.867161364404805587e-03 3.269049881235154658e+02 3.554660065773965982e+01
1.566161367499480317e+00 1.987417225671155377e-03 3.225736961451246998e+02 4.426057731484759472e+01
1.572795191923813007e+00 1.975399758409353626e-03 3.255977528089887869e+02 3.628329839897764941e+01
1.579229625961506400e+00 1.828964939238766603e-03 3.241346153846153584e+02 3.639218125008520133e+01
1.585615098485775532e+00 1.901195136705323549e-03 3.250269058295963873e+02 3.588430287612604275e+01
1.592069020803266399e+00 1.783565421147388207e-03 3.244976525821596169e+02 3.586696190250031435e+01
1.598398624204083740e+00 1.798472010651884717e-03 3.253584474885844884e+02 3.669521767802795864e+01
1.604843375939136507e+00 1.797152056805669104e-03 3.264049773755656361e+02 3.739319372175913969e+01
1.611212339410225569e+00 1.768878106258207515e-03 3.350940366972477023e+02 3.974056458705009476e+01
1.617590363377642504e+00 1.818287623560442892e-03 3.645191011235955330e+02 5.040812326950981515e+01
1.623974015669422899e+00 1.854816384487833732e-03 4.211331828442437768e+02 7.290948461425065830e+01
1.630543485616582799e+00 2.014479720267581264e-03 4.447907949790795215e+02 8.886803095207480396e+01
1.637155364196844820e+00 1.921442116166700376e-03 4.346651982378854768e+02 7.023923523164232563e+01
1.643640215828007012e+00 1.916406123937146409e-03 4.157381974248926895e+02 6.006823370283725438e+01
1.650095370295723063e+00 1.808845151496338592e-03 4.177795100222717224e+02 6.582535696187781582e+01
1.656466136267144007e+00 1.835556712886826517e-03 4.157806451612902947e+02 6.586074273214110519e+01
1.662921359457136594e+00 1.784847929403802829e-03 4.044444444444444571e+02 5.867847062209899889e+01
1.669278115879615276e+00 1.787810489320909016e-03 3.960064935064934843e+02 5.249994819649035804e+01
1.675603147458916142e+00 1.759339208401217896e-03 3.949139072847681859e+02 5.219306484872574003e+01
1.681944817773278311e+00 1.879012939346250957e-03 4.077742616033755212e+02 5.440670837448187314e+01
1.688494896982127180e+00 1.961244959671172398e-03 4.429876543209876445e+02 7.821623653419106859e+01
1.695047655103924189e+00 1.958531043791479891e-03 5.079917695473250774e+02 8.382946090812947659e+01
1.701563412030947964e+00 1.893890162085724253e-03 5.263131524008350652e+02 8.406955242954560958e+01
1.707975620325744792e+00 1.846204685496802061e-03 5.094592901878914404e+02 7.884664981304418063e+01
1.714377380249353600e+00 1.797036493929945892e-03 4.934476987447698662e+02 7.727960482899655403e+01
1.720768292737840266e+00 1.799184406037973973e-03 4.916247422680412456e+02 7.752037747180570193e+01
1.727152534628709324e+00 1.771490888047008889e-03 4.786116910229645214e+02 7.575325821308490504e+01
1.733526494930327289e+00 1.835615179227028260e-03 4.515621181262729351e+02 6.594218317916360661e+01
1.739975521513371870e+00 1.888347845677861795e-03 4.219166666666666856e+02 6.543437567766045504e+01
1.746497876640803248e+00 1.988580869552720402e-03 4.066666666666666856e+02 6.037549385634815025e+01
1.753090192095328348e+00 1.909790863647236811e-03 4.013585657370517765e+02 4.921537383156419310e+01
1.759542915568929722e+00 1.863330342728648260e-03 3.979820717131474339e+02 4.792214013765216407e+01
1.765978610475646082e+00 1.805054295706254351e-03 3.947880000000000109e+02 4.771952045023084565e+01
1.772332663329672986e+00 1.770928694831684115e-03 3.915846774193548185e+02 4.755391736657315249e+01
1.778664509689639184e+00 1.781133477909586536e-03 3.890838323353293617e+02 4.723161520421363946e+01
1.785069366740120511e+00 1.834600355293997381e-03 3.874101562500000000e+02 4.740251669017175118e+01
1.791506168727699633e+00 1.878728357369653049e-03 3.858549019607843320e+02 5.749474174843924601e+01
1.798039063906349488e+00 1.995486375923071192e-03 3.824351851851851620e+02 5.761290311152765042e+01
1.804647924016717919e+00 1.913848319004299433e-03 3.648448275862069181e+02 4.847958996746903892e+01
1.811089958053599736e+00 1.862622323854617795e-03 3.370593869731800964e+02 4.318525136681004284e+01
1.817521720439822408e+00 1.798364348704032875e-03 3.141351351351351582e+02 3.839111553822894507e+01
1.823812670535420288e+00 1.750448090683544159e-03 3.035980392156862990e+02 3.571532861661786029e+01
1.830221642949216854e+00 1.837728497302317443e-03 2.977392923649906606e+02 3.446821978957846966e+01
1.836582905300079060e+00 1.780128382536366044e-03 2.943235294117646959e+02 3.453574281405525426e+01
1.843061797820461534e+00 1.986079127245108083e-03 2.890497335701598445e+02 4.209752816717575286e+01
1.849632829275571488e+00 1.888944039210000737e-03 2.896954887218045087e+02 3.554480294334609169e+01
1.856090187264436642e+00 1.913060858845453587e-03 2.891181818181818244e+02 3.428422474135447828e+01
1.862531947297203283e+00 1.788974026913770074e-03 2.873886792452830150e+02 3.459488785319209114e+01
1.868931787959941415e+00 1.835149539700427039e-03 2.870364298724954324e+02 3.375569324799692339e+01
1.875342409945594868e+00 1.782793697721218873e-03 2.867206703910614465e+02 3.457776223271888227e+01
1.881685992375486283e+00 1.813583446463527945e-03 2.865940959409593916e+02 3.404434093679806494e+01
1.888176611507502489e+00 1.945205006648250507e-03 2.837583774250441024e+02 4.168805072609590212e+01
1.894684395670122701e+00 1.921537496908314263e-03 2.843792486583184314e+02 3.709008466156846850e+01
1.901176782548104516e+00 1.886986723452953362e-03 2.840889679715302236e+02 3.485755560144486509e+01
1.907561981128558237e+00 1.795440373499332084e-03 2.842883211678832254e+02 3.539956321580514498e+01
1.913985041606118376e+00 1.828239138046576940e-03 2.845368421052631334e+02 3.533107233310125395e+01
1.920403381422240097e+00 1.786024996940504313e-03 2.855724637681159379e+02 3.586303135484244109e+01
1.926716413297410169e+00 1.834639747803229817e-03 2.877508896797153284e+02 3.614720977908088173e+01
1.933271554332125497e+00 1.965820526812752777e-03 2.980471380471380485e+02 4.567349958599844939e+01
1.939792573083097382e+00 1.907526115978609412e-03 3.469214659685864035e+02 8.756181947275693744e+01
1.946288570836251841e+00 1.883695634446648113e-03 4.262163543441226352e+02 1.822514771375777514e+02
1.952655684029843908e+00 1.737190040939992066e-03 5.266003616636528477e+02 2.187379933374068628e+02
1.958969978021109171e+00 1.827434973414125523e-03 6.885187713310580193e+02 3.218939388537728519e+02
1.965496063115082181e+00 1.854230162972571750e-03 8.907432432432432279e+02 4.994606376629590727e+02
1.971963975922738088e+00 1.884120710564727479e-03 9.440684931506849580e+02 4.960176534653367071e+02
1.978442510441045021e+00 1.957066319931451050e-03 8.358023064250411380e+02 3.050539479635808675e+02
1.984931097981023740e+00 1.843590323278294961e-03 7.856461538461538794e+02 2.517169465820313405e+02
1.991287308585444338e+00 1.815152065882439042e-03 7.907972742759795892e+02 3.015871634535997146e+02
1.997701973476069481e+00 1.833321787203764366e-03 7.575365448504983306e+02 2.709167628864763628e+02
2.004164133665459424e+00 1.816322146449814287e-03 6.882921535893154896e+02 1.863247034094696062e+02
2.010465304371688244e+00 1.793999045974344238e-03 6.467729636048526345e+02 1.379209832756510821e+02
2.016906033528098163e+00 1.989616449670199121e-03 6.328701095461658497e+02 1.447411649615676481e+02
2.023555996358446407e+00 1.897180052363281293e-03 6.357006472491909790e+02 1.202005829024062393e+02
2.029968694217374470e+00 1.807083598350285245e-03 6.355434782608696196e+02 1.221064828976108885e+02
2.036339422929389187e+00 1.823287213829230622e-03 6.378265802269044116e+02 1.228732613880009126e+02
2.042808231593590484e+00 1.819045180469573350e-03 6.370487012987013031e+02 1.223322969990436917e+02
2.049121403930300289e+00 1.816823929832920258e-03 6.351739130434782510e+02 1.308964019306445152e+02
2.055546024436551544e+00 1.958593688934813937e-03 6.331327160493826796e+02 1.347699097681425258e+02
2.062179187475123410e+00 1.909374836257744399e-03 6.294265625000000455e+02 1.202321060945764941e+02
2.068587893715514436e+00 1.782255124468116103e-03 6.092700490998363421e+02 1.267451772419280900e+02
2.074943470461427353e+00 1.803325004765888358e-03 5.896624405705230174e+02 1.449063458534265294e+02
2.081348551495329602e+00 1.811685209211536278e-03 5.690656000000000176e+02 1.631110707511908799e+02
2.087807581420585645e+00 1.934124239786214495e-03 5.041271056661561829e+02 1.615131482438620480e+02
2.094354049547901386e+00 1.919763106963207067e-03 4.157070552147239368e+02 1.212743097798481386e+02
2.100814970511138302e+00 1.841726384006937703e-03 3.374842767295597241e+02 8.157113196973510583e+01
2.107147425483176129e+00 1.793021693532189254e-03 2.937176656151419820e+02 5.699897862567561901e+01
2.113573117004156288e+00 1.831442330790634650e-03 2.732854961832061349e+02 4.403119812947906553e+01
2.119956773712852627e+00 1.806996690666118864e-03 2.657832278481012622e+02 3.898257249053082063e+01
2.126392549358501416e+00 1.961143276791299343e-03 2.668338235294117453e+02 4.392676150477721819e+01
2.133022499541108896e+00 1.914261261225060897e-03 2.805059171597633281e+02 3.580344687400839376e+01
2.139480964562213483e+00 1.786119367506160778e-03 2.865395348837209326e+02 3.663997861859478888e+01
2.145796782645738254e+00 1.799418587043424183e-03 2.832339449541284466e+02 3.505693142487078262e+01
2.152165366120878165e+00 1.825425695775702338e-03 2.775030303030303003e+02 3.379291877072762418e+01
2.158655754564665852e+00 1.929951649106770133e-03 2.738924418604651123e+02 4.220513189924946573e+01
2.165204964825616862e+00 1.913631523374921799e-03 2.789590643274854074e+02 3.297393558806608382e+01
2.171687233764930003e+00 1.836559742283269984e-03 2.921125925925925912e+02 3.116720868347599094e+01
2.178057454997971210e+00 1.770075738143539208e-03 3.351646525679758497e+02 4.618526689792989970e+01
2.184381886656512783e+00 1.819268068842387707e-03 4.195913818722139581e+02 7.484238238581032476e+01
2.190889596552291430e+00 1.941484629964972597e-03 5.507122708039491954e+02 1.157860851367917263e+02
2.197415493733709368e+00 1.880394352234131695e-03 7.072989840348330972e+02 1.658067391815415874e+02
2.203858495652105454e+00 1.844129167940211774e-03 7.754529667149059833e+02 1.842021976012662776e+02
2.210218428929338064e+00 1.776952575370011446e-03 7.160014792899407894e+02 1.450910599605412585e+02
2.216548686487991304e+00 1.820372229284925253e-03 6.538635703918722584e+02 1.238687389864556394e+02
2.223054582631938558e+00 1.937499342758612587e-03 6.371657458563536238e+02 1.696655357695253201e+02
2.229555406010463425e+00 1.871681269043944497e-03 6.321359084406294642e+02 1.717381071034700426e+02
2.236023148886606471e+00 1.876509468722661325e-03 5.763630041724617286e+02 1.275704208095619805e+02
2.242466908337517939e+00 1.781536512235300631e-03 5.369266187050359349e+02 9.313315434182666763e+01
2.248784053696174290e+00 1.815619011182786555e-03 5.215279770444763017e+02 8.052018142120812172e+01
2.255261034229438355e+00 1.958337742873136802e-03 5.148536912751677619e+02 9.403175178458715777e+01
2.261752977112598817e+00 1.833135357339661826e-03 5.202291371994342626e+02 7.665629962930904640e+01
2.268193030407839927e+00 1.856919733580766289e-03 5.164201909959072054e+02 7.621326974226987261e+01
2.274620661936892052e+00 1.792548502283534354e-03 5.130028208744711264e+02 7.796466775239967717e+01
2.281045196159239286e+00 1.907452264699439036e-03 5.057783783783783633e+02 9.086416527055149572e+01
2.287566856146262317e+00 1.925687837049752790e-03 5.064385026737967905e+02 8.359181613111708486e+01
2.294017676381079784e+00 1.818149611703329506e-03 5.051038781163434805e+02 7.960512234019202538e+01
2.300373896127871021e+00 1.814054264739159471e-03 5.040218878248974193e+02 7.942792783710316940e+01
2.306733295622487301e+00 1.809288305020508025e-03 5.026991758241758248e+02 8.068393955790847372e+01
2.313210233147671158e+00 1.927057466226796351e-03 4.937526041666666856e+02 1.024526487895993512e+02
2.319750633036068876e+00 1.886628064392380537e-03 4.892728476821192203e+02 1.055377090652214207e+02
2.326167810919689938e+00 1.805281422939875990e-03 4.616265223274695586e+02 1.196074575693503164e+02
2.332524891627314911e+00 1.808157875111407291e-03 4.033763440860215042e+02 1.108364944168826298e+02
2.339018828040365428e+00 1.927078730268403945e-03 3.248910256410256352e+02 9.224453724500456531e+01
2.345529090540556361e+00 1.892646505679497623e-03 2.694306282722512833e+02 6.390442751425759127e+01
2.351902562585342693e+00 1.808634088653226840e-03 2.384291443850267456e+02 4.724871152073930602e+01
2.358283426411155403e+00 1.828495513811564770e-03 2.233663624511082162e+02 3.820065424864300496e+01
2.364665150299146479e+00 1.824483169818866225e-03 2.163589403973510059e+02 3.427091300605363955e+01
2.371140522023317931e+00 1.956229962378429419e-03 2.116464019851116518e+02 3.773089168446576736e+01
2.377698484074287411e+00 1.857249505322706908e-03 2.106884615384615245e+02 3.107228925849065604e+01
2.384135550776628865e+00 1.806484998011118103e-03 2.074941935483871021e+02 2.950650487198823768e+01
2.390495270780528703e+00 1.815820546892564329e-03 2.133398328690807659e+02 2.960958637519823000e+01
2.396907059408651008e+00 1.904650256318906557e-03 2.250656634746922009e+02 3.880206733278262732e+01
2.403395490390968892e+00 1.861409897307351969e-03 2.521408450704225288e+02 3.964778125220344407e+01
2.409868588547004364e+00 1.847911660654164229e-03 2.738593750000000000e+02 4.553911495370815032e+01
2.416315494183244539e+00 1.848423108511250412e-03 2.757971014492753739e+02 4.399066751002212072e+01
2.422721222723576151e+00 1.879130934971403807e-03 2.574505813953488200e+02 4.867565545163788698e+01
2.429135064156228374e+00 1.862177758942303550e-03 2.508856304985337147e+02 4.074921449703290222e+01
2.435558328952115659e+00 1.829358714226044739e-03 2.441745562130177518e+02 4.233274742234525689e+01
2.441961929587736613e+00 1.826990787003958654e-03 2.369431137724550922e+02 4.064323347497202832e+01
2.448435267415004279e+00 1.916283866918213176e-03 2.263822674418604777e+02 4.279424213351973094e+01
2.454898310690642571e+00 1.851262751470384186e-03 2.255181818181818301e+02 3.368171655814219889e+01
2.461278332832209870e+00 1.841207405127180587e-03 2.228247734138972760e+02 3.265975142705587331e+01
2.467732767309350983e+00 1.860175811866779036e-03 2.203363363363363305e+02 3.428626610669401487e+01
2.474317234005322774e+00 1.907302378477835920e-03 2.167925608011445036e+02 3.610950825442247236e+01
2.480763678027650521e+00 1.850982492662076430e-03 2.200876216968011079e+02 3.113637211086775736e+01
2.487114426650852028e+00 1.791691956921820849e-03 2.214030898876404478e+02 3.122703012652117849e+01
2.493514277050582706e+00 1.905910091373927331e-03 2.194438573315719907e+02 3.791895528805195426e+01
2.500016016455529844e+00 1.897218154373805617e-03 2.218279009126466690e+02 3.143390057522896797e+01
2.506504299072060071e+00 1.823698874814003905e-03 2.203504611330698424e+02 3.143161067991547952e+01
2.512828968428921783e+00 1.779539787674511890e-03 2.191641991924630020e+02 3.167060301637588537e+01
2.519262120792594928e+00 1.938201810876334251e-03 2.163748443337484559e+02 3.769195035639025804e+01
2.525775074220281358e+00 1.871497825325404334e-03 2.181082802547770711e+02 3.220618100383400417e+01
2.532197693037325781e+00 1.807973308604888651e-03 2.181461538461538510e+02 3.247996393469690446e+01
2.538545427775757091e+00 1.816891897915347926e-03 2.173114543114542982e+02 3.401411508639618120e+01
2.545039371368973402e+00 1.965732421291352915e-03 2.115439429928741220e+02 4.050061461150983178e+01
2.551577586228050976e+00 1.818913119815899733e-03 2.056792929292929273e+02 3.611111883697028446e+01
2.557912035390546901e+00 1.811160408138717511e-03 1.989323308270676591e+02 3.594104191560546724e+01
2.564418003384666633e+00 1.924750488034227642e-03 1.909291617473435565e+02 3.886735652987643874e+01
2.570930014234638072e+00 1.852202887801034569e-03 1.861304878048780438e+02 3.176762365289624057e+01
2.577333690207623373e+00 1.816621428331073769e-03 1.813068459657701794e+02 2.980394963464812363e+01
2.583698900290759326e+00 1.840143410056186736e-03 1.786393643031784961e+02 3.187777030166242653e+01
2.590116643848396460e+00 1.922552353981257615e-03 1.776802800466744543e+02 3.359491816137305165e+01
2.596553429180498362e+00 1.801710981220896188e-03 1.761626213592232943e+02 2.959582862563392780e+01
2.602955615407046341e+00 1.842317350104424401e-03 1.745470588235294258e+02 2.767065051013400279e+01
2.609495359574187212e+00 1.911716238635802895e-03 1.717126567844925944e+02 3.119006548422852987e+01
2.615974071523933020e+00 1.844748521006626301e-03 1.723623529411764821e+02 2.694060477174052437e+01
2.622378270172453618e+00 1.832507040312451657e-03 1.716865497076023530e+02 2.703676686334047474e+01
2.628819659223405658e+00 1.883705983027747803e-03 1.694839080459770173e+02 3.111060651120524412e+01
2.635224897504864661e+00 1.872415782458078902e-03 1.702413793103448256e+02 2.712236112963130807e+01
2.641639659702591736e+00 1.816527212418568051e-03 1.694117647058823479e+02 2.710463751066292915e+01
2.648064596936881454e+00 1.851525790120274028e-03 1.684732041049030897e+02 2.992127819506031727e+01
2.654540339871488630e+00 1.920962172705038655e-03 1.690913091309130891e+02 3.087403900601354678e+01
2.661017435989672553e+00 1.820997431850269717e-03 1.690045714285714382e+02 2.966080600553464564e+01
2.667377750780578261e+00 1.839233884157700843e-03 1.689943246311010228e+02 3.044050347689922020e+01
2.673833255939705111e+00 1.922629864361171097e-03 1.695872156013001018e+02 3.607064388579073011e+01
2.680310332336410362e+00 1.829470795604572599e-03 1.702060470324747996e+02 3.255596083832337229e+01
2.686679530094181256e+00 1.809753184080302099e-03 1.703845291479820503e+02 3.690266391868317442e+01
2.693172569770623248e+00 1.920456143785719515e-03 1.704989429175475664e+02 5.017709649396130800e+01
2.699710169678059213e+00 1.845827250732203417e-03 1.678495092693565880e+02 3.211024292914732570e+01
2.706108723802718607e+00 1.808001129835774996e-03 1.666821705426356459e+02 2.904211752581887751e+01
2.712552861480932442e+00 1.909490143508341294e-03 1.637386722866174864e+02 3.116300205281072166e+01
2.719028861112676942e+00 1.848278151304674159e-03 1.628594594594594582e+02 2.634097802754810047e+01
2.725349625855669977e+00 1.780111837505188701e-03 1.616326304106548264e+02 2.573887124787510317e+01
2.731792001493120292e+00 1.927874637693306574e-03 1.600737704918032875e+02 2.852168362452938766e+01
2.738310186615081410e+00 1.835670255000661395e-03 1.615995740149094786e+02 2.462029084738048468e+01
2.744685257899765141e+00 1.793617037467074102e-03 1.620700431034482847e+02 2.479703205529818888e+01
2.751066800196758422e+00 1.878288467704576767e-03 1.649601677148847045e+02 2.481832196964098358e+01
2.757601512830000434e+00 1.862141664063760894e-03 1.705569060773480601e+02 2.062433996916361778e+01
2.764058068263966828e+00 1.836587841443396716e-03 1.864510250569476000e+02 2.354726369834489574e+01
2.770529172478649382e+00 1.887167826034379927e-03 2.313018018018018154e+02 4.519099132549279574e+01
2.776955143396238501e+00 1.821333560803167642e-03 3.013891509433962028e+02 7.542710908286630911e+01
2.783316304171964184e+00 1.843620978786204888e-03 3.612889150943396430e+02 8.469460610176003001e+01
2.789755116199374552e+00 1.895104686621155434e-03 3.932647398843930659e+02 8.426016440499320481e+01
2.796202065730379438e+00 1.823396814250311405e-03 3.996323353293413447e+02 9.285516220889415706e+01
2.802598215598055997e+00 1.839199823105454800e-03 3.763999999999999773e+02 8.416114283962554055e+01
2.809058618291326859e+00 1.891542357478581855e-03 3.466736842105262895e+02 6.992486052046000111e+01
2.815539484174618412e+00 1.814857361145085640e-03 3.291723300970873538e+02 6.368405309237328993e+01
2.821989463872399906e+00 1.865090624993398201e-03 3.132497013142174183e+02 5.667016710806245072e+01
2.828483713597702565e+00 1.883630524017047489e-03 2.974797619047619150e+02 4.168166114552465729e+01
2.834900904292738222e+00 1.791954038426357698e-03 2.828837500000000205e+02 3.090422852337524873e+01
2.841279989216558999e+00 1.876324795384782303e-03 2.755809178743961070e+02 2.676988987894392835e+01
2.847767858763501359e+00 1.886990809494324501e-03 2.732053140096618336e+02 2.632889115743679653e+01
2.854224446368732959e+00 1.845718501710050556e-03 2.733535980148883482e+02 2.610556870333948964e+01
2.860652227376856871e+00 1.895283512592607677e-03 2.739878640776698830e+02 2.698336116459365286e+01
2.867113210476443186e+00 1.859648482407798373e-03 2.766683168316831711e+02 2.911291131920432207e+01
2.873572830144707879e+00 1.886954548921765396e-03 2.775675675675675507e+02 3.083114334069585993e+01
2.879995266294152589e+00 1.874768549312584749e-03 2.787707558859975165e+02 2.924670435674504176e+01
2.886377499349285003e+00 1.822646243021190660e-03 2.798734177215189902e+02 2.884513901065730224e+01
2.892826601299819611e+00 1.901257081905588812e-03 2.795492102065613835e+02 2.843447213481321612e+01
2.899287209408602628e+00 1.837036175435869181e-03 2.824628930817610240e+02 2.884807566343048180e+01
2.905651471559458798e+00 1.820821310380915442e-03 2.878754764930114334e+02 2.957194986420475402e+01
2.912064357739847953e+00 1.885695667761764669e-03 3.005221130221130466e+02 3.315208836923478231e+01
2.918524733004972394e+00 1.831846772134888184e-03 3.215587863463969711e+02 3.863598106881046590e+01
2.925008101889499557e+00 1.898964803942654149e-03 3.290852618757612618e+02 4.791709137113434025e+01
2.931494571104498625e+00 1.860470468068603543e-03 3.198294190358467404e+02 5.259167391046374007e+01
2.937893251398651540e+00 1.817351826735809622e-03 3.073262233375156711e+02 5.155728572775169027e+01
2.944305546311252186e+00 1.880927000690213848e-03 3.173694344163658343e+02 5.330051208506533555e+01
2.950769139483569781e+00 1.826098071515048831e-03 3.524852579852579879e+02 5.691773675394525611e+01
2.957217893682505760e+00 1.858471812583063982e-03 3.716198547215496433e+02 5.792190465642677566e+01
2.963641657319503686e+00 1.840162297927921053e-03 3.622490797546012118e+02 5.123815063842662454e+01
2.970043842149071800e+00 1.832295957600710810e-03 3.359938118811880940e+02 4.351025489216646491e+01
2.976510225225458495e+00 1.909562939757382871e-03 3.117399049881234987e+02 3.625457263481069248e+01
2.983008757323797777e+00 1.820848808918005624e-03 2.950136307311028645e+02 3.247124099206359205e+01
2.989442833175567138e+00 1.860876473636659213e-03 2.795939393939394222e+02 2.934126401681909257e+01
2.995851322080832713e+00 1.818248084975540883e-03 2.648161490683229999e+02 2.518516782797377473e+01
3.002288071879581022e+00 1.866109072499165002e-03 2.534263093788063372e+02 2.199784670081021432e+01
3.008748785923475388e+00 1.879638502675874765e-03 2.483103030303030323e+02 2.149883358998872396e+01
3.015199648864150372e+00 1.825469582085792030e-03 2.462524875621890601e+02 2.055904001307576578e+01
3.021614952218953931e+00 1.867358907394168870e-03 2.445466666666666526e+02 1.948117972907092366e+01
3.028035269137849372e+00 1.805619228951016193e-03 2.449023779724655867e+02 2.029726788706746632e+01
3.034481983401863037e+00 1.885823396422961745e-03 2.443056558363417707e+02 2.121225802647412095e+01
3.040948636384726900e+00 1.846244746713175374e-03 2.434518518518518420e+02 2.223771887654374879e+01
3.047399548284976056e+00 1.866575050031695892e-03 2.406205630354957066e+02 2.347537043931801648e+01
3.053818065407082116e+00 1.858882463793821993e-03 2.386142506142506079e+02 2.618183178571337422e+01
3.060168791671987076e+00 1.792825745411367891e-03 2.356424936386768536e+02 2.869339062670399443e+01
3.066596020837712544e+00 1.927764682785730512e-03 2.297061611374407448e+02 3.230256900930597652e+01
3.073140751332767540e+00 1.856356834428901387e-03 2.240024721878862692e+02 3.571986178573973092e+01
3.079593295930210139e+00 1.886716362797553155e-03 2.125127272727272612e+02 4.080681210349060706e+01
3.086017154762366044e+00 1.830431539716442747e-03 2.037712500000000091e+02 4.410063647499887196e+01
3.092486513109037993e+00 1.905108961471654438e-03 1.942841726618705138e+02 4.926130511219808739e+01
3.098964516853627060e+00 1.852397442341169754e-03 1.900012360939431346e+02 5.263873892485938910e+01
3.105440922044128804e+00 1.880034527507769499e-03 1.828012121212121315e+02 5.380902481475715859e+01
3.111821301298671738e+00 1.810318297736169049e-03 1.758930817610063002e+02 4.790656268683055430e+01
3.118233335063332667e+00 1.868901341642052608e-03 1.661132764920828322e+02 3.522547139547991435e+01
3.124683867316949026e+00 1.865189586864977357e-03 1.581636141636141701e+02 2.458560681897420253e+01
3.131144652615997170e+00 1.844489775254080271e-03 1.511123456790123498e+02 1.879978621131689565e+01
3.137527951480249655e+00 1.850518740970626434e-03 1.432349323493234863e+02 1.577031335572620918e+01
3.143946084488824955e+00 1.842734159383119935e-03 1.384126394052044589e+02 1.438848516092335217e+01
3.150358822729363073e+00 1.875642417003805899e-03 1.362985436893203826e+02 1.322558461259091445e+01
3.156784286039504561e+00 1.823981601210612454e-03 1.348050000000000068e+02 1.303430018259515499e+01
3.163270120323041557e+00 1.930117905744787839e-03 1.316096698113207424e+02 1.322623404278149195e+01
3.169756141428992979e+00 1.817110211355118556e-03 1.290816582914572734e+02 1.367198166874266541e+01
3.176136715832639901e+00 1.869400486556539428e-03 1.264739393939393892e+02 1.334139893788633735e+01
3.182603852824878121e+00 1.855271636042648588e-03 1.255472392638036752e+02 1.342899886303226431e+01
3.189050645908320547e+00 1.867823016262818358e-03 1.241454545454545411e+02 1.326150459534029835e+01
3.195475202712392715e+00 1.830177604982121797e-03 1.230235732009925584e+02 1.351313925808561756e+01
3.201930699474990760e+00 1.890160737295187680e-03 1.218124253285543546e+02 1.369070197003759404e+01
3.208380198036255848e+00 1.818817371399450607e-03 1.214184308841843034e+02 1.342832203570658223e+01
3.214769441202507405e+00 1.856295446885927562e-03 1.213470873786407793e+02 1.308393738878143253e+01
3.221219946103295317e+00 1.854520719188760538e-03 1.232762836185819140e+02 1.291739961993508423e+01
3.227683765295594753e+00 1.874065427032763596e-03 1.274897713598074631e+02 1.341753584471851823e+01
3.234131017772435612e+00 1.840716304877563787e-03 1.340184956843403086e+02 1.560710345482441141e+01
3.240599979113187423e+00 1.901252405176113557e-03 1.360711743772241960e+02 1.728217427584746702e+01
3.247028333220890239e+00 1.799593188369970169e-03 1.338037735849056560e+02 1.793584627782233198e+01
3.253443203786942295e+00 1.907653420062672836e-03 1.295754716981132049e+02 1.766955412630517230e+01
3.259883502116921683e+00 1.795580006981134817e-03 1.281397984886649795e+02 1.737900316010966506e+01
3.266300345605878341e+00 1.923600185575663262e-03 1.259882766705744501e+02 1.692656614074369870e+01
3.272853483066015201e+00 1.856140221165968399e-03 1.226914634146341427e+02 1.619272765507286849e+01
3.279208055010873757e+00 1.838273880463746476e-03 1.202245398773006144e+02 1.591457771142300182e+01
3.285677511815711327e+00 1.882917816817657360e-03 1.182279236276849588e+02 1.558193734721487900e+01
3.292103848527159204e+00 1.835553428200827411e-03 1.163659730722154251e+02 1.506298242189930825e+01
3.298586108799094418e+00 1.888317585372828586e-03 1.140095011876484534e+02 1.429141618571973105e+01
3.305031100311709658e+00 1.850386223069815962e-03 1.125602923264311812e+02 1.396074302116495858e+01
3.311493553422723224e+00 1.868513817595845007e-03 1.108066825775656383e+02 1.358634937471847337e+01
3.317903636599865536e+00 1.824831080609758517e-03 1.101411042944785237e+02 1.363219367636679102e+01
3.324331097200103002e+00 1.867240715589447552e-03 1.082797619047618980e+02 1.379939334908317505e+01
3.330698991454875468e+00 1.802295415888940022e-03 1.065822942643391542e+02 1.447035196103853849e+01
3.337129369178693850e+00 1.924555404658041986e-03 1.049442508710801434e+02 1.507273377578939133e+01
3.343680207265053550e+00 1.861922247852822480e-03 1.035910735826296758e+02 1.569937591508507957e+01
3.350044083295126374e+00 1.835162792558274860e-03 1.020121506682867505e+02 1.600007178917618234e+01
3.356505604070456616e+00 1.871227406804753775e-03 1.009182464454976298e+02 1.549507937684633596e+01
3.362916001860436488e+00 1.833654571443432820e-03 1.002399512789281317e+02 1.574399212790145519e+01
3.369285096640512123e+00 1.875337531839301689e-03 9.991707317073171168e+01 1.541666338140604076e+01
3.375802434903234950e+00 1.848095989791553092e-03 9.922192151556157569e+01 1.565825953725637554e+01
3.382214916359785661e+00 1.843501739730700950e-03 9.860393258426965701e+01 1.574181225207001056e+01
3.388621595555129762e+00 1.837214591020290208e-03 9.811208151382824383e+01 1.610990644282962592e+01
3.395087870480640202e+00 1.897809126909797642e-03 9.878779069767442422e+01 1.649338332944378038e+01
3.401600099274715294e+00 1.862825267528726196e-03 1.014358974358974308e+02 1.660482318936330159e+01
3.408008587822927371e+00 1.829521772960810344e-03 1.104534161490683175e+02 1.903193034131043504e+01
3.414429009776510870e+00 1.863403552598411495e-03 1.232321981424148589e+02 2.230413206649381763e+01
3.420895508941175223e+00 1.876279003669552520e-03 1.347136150234741763e+02 2.601442073791262288e+01
3.427361199308996742e+00 1.871984655860910217e-03 1.380063291139240391e+02 2.601490508174946825e+01
3.433789816721534383e+00 1.835455874914732619e-03 1.344155844155844193e+02 2.274655768070129014e+01
3.440207803416203358e+00 1.864980166185075923e-03 1.315938511326860976e+02 2.129370246198489980e+01
3.446682336316245543e+00 1.886495457043324163e-03 1.310943089430894304e+02 2.308674431868141852e+01
3.453142116062292821e+00 1.850491205141300763e-03 1.256689075630252148e+02 1.914480176929703958e+01
3.459552608189105705e+00 1.840426776601197887e-03 1.172260273972602675e+02 1.405257925010241848e+01
3.466037827277117955e+00 1.895781883946169978e-03 1.126926994906621360e+02 1.292121032424187099e+01
3.472473653977210972e+00 1.828931698347952819e-03 1.111288014311270160e+02 1.313653735851717741e+01
3.478868831430015351e+00 1.849798838882201271e-03 1.099607142857142890e+02 1.349120721780958654e+01
3.485296939778874226e+00 1.846836384750711896e-03 1.088791208791208760e+02 1.349663511849515629e+01
3.491740378822062674e+00 1.892374048568714641e-03 1.081438979963570119e+02 1.332375174551483177e+01
3.498222076309955408e+00 1.850392789083453492e-03 1.066259398496240607e+02 1.285146403189209963e+01
3.504611891581455030e+00 1.828338000025509641e-03 1.055786407766990322e+02 1.277567042219484783e+01
3.511032309223517167e+00 1.894740202114146826e-03 1.065438931297709928e+02 1.418165506437032519e+01
3.517510811405253346e+00 1.847376399887671770e-03 1.056798418972332030e+02 1.517212275040827585e+01
3.523886222494890585e+00 1.819823680849573695e-03 1.050429447852760774e+02 1.612712414343043221e+01
3.530333766363422221e+00 1.913949961282706506e-03 1.063009900990098942e+02 1.761494361626112237e+01
3.536838628960300657e+00 1.837400593869444173e-03 1.059895833333333286e+02 1.699625801340794951e+01
3.543212277439104163e+00 1.824314092004992007e-03 1.074582441113490319e+02 1.792055953285574077e+01
3.549634251627681092e+00 1.895848120010211945e-03 1.113718487394958032e+02 1.919288178962290203e+01
3.556117060308725097e+00 1.842284182035823720e-03 1.135633187772925794e+02 1.693747989084906536e+01
3.562580790750173865e+00 1.873137250446494902e-03 1.189714912280701782e+02 1.667777705624175510e+01
3.569027121761189303e+00 1.864198494303047999e-03 1.229639639639639626e+02 1.568843518711289242e+01
3.575415228040989657e+00 1.829283293316363293e-03 1.225452436194895540e+02 1.527910580596226886e+01
3.581824267593239686e+00 1.860007523854312686e-03 1.184501160092807481e+02 1.627569377668175932e+01
3.588330065081806630e+00 1.895947895659538546e-03 1.114315545243619425e+02 1.392648600900990452e+01
3.594804804657118602e+00 1.838793340235311087e-03 1.054317073170731760e+02 1.144914732283536019e+01
3.601203120605045882e+00 1.866742151695356807e-03 1.005808823529411740e+02 1.031512212828030073e+01
3.607629953215138574e+00 1.849946976811765471e-03 9.567919799498746158e+01 8.022308579251692606e+00
3.614090854913730499e+00 1.868416365547433599e-03 9.316414141414141170e+01 7.322563536163334774e+00
3.620574720227974552e+00 1.873754476683962313e-03 9.163753213367608907e+01 7.449147147226549137e+00
3.627004027770476924e+00 1.835919208150294619e-03 8.953743315508020828e+01 6.522382969146611309e+00
3.633382280898821648e+00 1.849285921997263250e-03 8.785636856368563485e+01 5.859521679757908608e+00
3.639818201334091174e+00 1.872714577785467623e-03 8.662397820163488404e+01 4.767262614316699398e+00
3.646271849872324999e+00 1.848931603973280732e-03 8.512640449438202950e+01 4.457173930251605576e+00
3.652754025121335069e+00 1.886957975833729447e-03 8.444662921348314910e+01 4.380252091236297218e+00
3.659208746855755479e+00 1.834720162372708565e-03 8.294100294985250343e+01 4.529080425899739026e+00
3.665582835495777569e+00 1.840575612045432024e-03 8.083783783783783861e+01 5.356952508976225324e+00
3.672040343112283445e+00 1.886479483533069204e-03 7.956886227544910639e+01 5.852346126081529043e+00
3.678529717319615866e+00 1.858096912976999176e-03 7.925155279503105987e+01 6.638368564171551967e+00
3.684932562337432049e+00 1.835190244932949138e-03 8.122829581993569548e+01 6.044321640347733116e+00
3.691340469028411508e+00 1.865394116403416890e-03 8.533656957928802456e+01 5.117497534344667365e+00
3.697825917576230470e+00 1.878575472322643403e-03 8.913486842105263008e+01 5.238585731942746015e+00
3.704288468942850354e+00 1.854378416201764085e-03 9.018088737201365745e+01 5.438327468451452873e+00
3.710695071708606907e+00 1.843173339766954189e-03 8.844912280701754526e+01 5.334088127568045401e+00
3.717119980493126530e+00 1.858275420549158159e-03 8.443214285714286405e+01 4.792532456534726037e+00
3.723579054116692877e+00 1.875547371405369762e-03 8.085454545454545894e+01 4.593685928883594727e+00
3.730020297411832164e+00 1.843995263516665269e-03 7.859848484848484418e+01 4.348474949835632763e+00
3.736426917509388268e+00 1.851423495632689448e-03 7.547674418604651692e+01 3.850821521785284141e+00
3.742862848593606184e+00 1.866246695943705233e-03 7.312648221343873445e+01 3.210087270176285035e+00
3.749304155234212121e+00 1.850203366498975400e-03 7.171311475409835623e+01 2.977808047643531797e+00
3.755769545342233950e+00 1.881542671327423493e-03 7.096680497925311215e+01 3.128440840844026738e+00
3.762207580716425692e+00 1.832713059301602828e-03 7.056140350877193157e+01 2.775757960644047451e+00
3.768650259547695391e+00 1.882711660849632198e-03 7.047577092511012609e+01 2.557783758992828282e+00
3.775101190588130873e+00 1.841328330998877110e-03 6.996279069767442138e+01 2.499921037152108561e+00
3.781544745172108257e+00 1.876261972947606757e-03 7.058490566037735903e+01 2.923599974389921030e+00
3.787984350729691752e+00 1.841817734800533721e-03 7.250746268656716609e+01 4.230160758537225618e+00
3.794443778523244770e+00 1.888119406057294294e-03 7.330653266331658813e+01 4.241223891934094326e+00
3.800887998049732097e+00 1.829598834944004332e-03 7.424731182795699169e+01 3.276563049594401367e+00
3.807319286871066577e+00 1.879776389761753357e-03 7.294565217391304657e+01 4.074311207399943235e+00
3.813728772969168901e+00 1.816176537965013323e-03 7.061403508771930149e+01 3.761252397243908252e+00
3.820127884734960233e+00 1.870328496078344947e-03 6.837869822485207294e+01 3.177343995057030579e+00
3.826558902351690605e+00 1.840091099185570860e-03 6.620125786163522719e+01 2.726253685747578981e+00
3.832976717434447789e+00 1.862754303780558536e-03 6.432467532467532578e+01 2.744641661718280279e+00
3.839467489846226655e+00 1.881591717002498556e-03 6.343243243243243512e+01 2.777511958712131079e+00
3.845958738964208923e+00 1.872212223355807642e-03 6.241428571428571104e+01 2.801002007299881580e+00
3.852379013358490312e+00 1.829949564810406546e-03 6.239230769230768914e+01 2.744763707616902249e+00
3.858770514458473411e+00 1.860590576749386821e-03 6.192799999999999727e+01 2.713344799320571710e+00
3.865201312403456324e+00 1.846877382617491750e-03 6.047863247863247693e+01 2.363676720334171311e+00
3.871669834970288271e+00 1.885989225799452511e-03 6.059821428571428470e+01 2.805475922737749706e+00
3.878154213609482870e+00 1.855219997046820071e-03 5.895145631067961034e+01 2.978415454573048571e+00
3.884570297975108666e+00 1.842018581107749764e-03 5.877894736842105061e+01 2.552886585200664360e+00
3.891030549524630455e+00 1.892572859664069882e-03 5.837777777777777999e+01 2.815696742930271945e+00
3.897480132485925619e+00 1.830223622249431631e-03 5.643750000000000000e+01 2.991916192008058140e+00
3.903837790606199842e+00 1.833538786489578550e-03 5.556164383561643660e+01 2.884854751870231215e+00
3.910297958451704581e+00 1.898394991490752427e-03 5.505882352941176805e+01 3.205747433750285591e+00
3.916760076293909876e+00 1.823271174774054393e-03 5.546551724137930961e+01 2.289016321344539584e+00
3.923205856217289345e+00 1.907998375040481686e-03 5.713207547169811562e+01 2.832451925252106761e+00
3.929647757040283906e+00 1.804292177573046203e-03 5.660465116279069520e+01 4.184366587975238971e+00
3.936002968608691699e+00 1.864030959871269735e-03 5.516216216216216139e+01 3.188616531270513033e+00
3.942404476100300759e+00 1.828532384993888883e-03 5.600000000000000000e+01 2.690981105534713702e+00
3.948822507765122225e+00 1.871711324841116540e-03 5.722727272727272663e+01 2.884842118658623722e+00
3.955157590966607906e+00 1.825831164639231917e-03 5.578571428571428470e+01 3.048920852916149116e+00
3.961507824082775464e+00 1.968979546566614058e-03 6.128571428571428470e+01 4.761666660713988364e+00
