# angle I
-5.345013494957747469e+00 6.338333333333333712e+02
-5.045018388767892326e+00 1.098625000000000000e+03
-4.689203949978235642e+00 9.929375000000000000e+02
-4.333026410032358555e+00 9.015000000000000000e+02
-3.976512850060811122e+00 8.671875000000000000e+02
-3.619690506843096234e+00 8.696875000000000000e+02
-3.262586760556078769e+00 8.691875000000000000e+02
-2.904206446615597237e+00 1.129823529411764639e+03
-2.536625107857171102e+00 1.064666666666666742e+03
-2.169762540650015836e+00 1.113411764705882433e+03
-1.820546743112691601e+00 1.215875000000000000e+03
-1.464675008922181831e+00 1.228750000000000000e+03
-1.108690583851543510e+00 1.173437500000000000e+03
-7.526209769764011792e-01 1.184375000000000000e+03
-1.762194385507231675e-01 1.502888888888888914e+03
3.964937367391271339e-01 1.304375000000000000e+03
7.526209769764011792e-01 1.300812500000000000e+03
1.108690583851543510e+00 1.331687500000000000e+03
1.464675008922181831e+00 1.367125000000000000e+03
1.820546743112691601e+00 1.374937500000000000e+03
2.169762540650015836e+00 1.261352941176470495e+03
2.536625107857171102e+00 1.192000000000000000e+03
2.904206446615597237e+00 1.224588235294117567e+03
3.262586760556078769e+00 8.437500000000000000e+02
3.619690506843096234e+00 8.220625000000000000e+02
3.976512850060811122e+00 8.249375000000000000e+02
4.333026410032358555e+00 8.633125000000000000e+02
4.689203949978235642e+00 8.821250000000000000e+02
5.045018388767892326e+00 8.708750000000000000e+02
5.400442812991911090e+00 8.755625000000000000e+02
5.755450488841650447e+00 9.074375000000000000e+02
6.121346079378987781e+00 1.080411764705882433e+03
6.496668123211583712e+00 9.856470588235293917e+02
6.859015260005412173e+00 7.598125000000000000e+02
7.225286504036425583e+00 9.093529411764706083e+02
7.590197231644101095e+00 8.500625000000000000e+02
7.944261363996122149e+00 7.958125000000000000e+02
8.317826571389893786e+00 7.951666666666666288e+02
8.694031650506699904e+00 8.980000000000000000e+02
9.055537378374085122e+00 1.015000000000000000e+03
9.421497369287795465e+00 8.895333333333333030e+02
9.763407514716192281e+00 8.459375000000000000e+02
1.012575574675722834e+01 7.868235294117647527e+02
1.048819627135121557e+01 7.734375000000000000e+02
1.082670619925649369e+01 8.558666666666666742e+02
1.117815282102464103e+01 9.051176470588235361e+02
1.155253435339616530e+01 7.098235294117647527e+02
1.191343590158883536e+01 6.894375000000000000e+02
1.226267284651528833e+01 6.611875000000000000e+02
1.262280932778145370e+01 6.493529411764706083e+02
1.297953919419553870e+01 7.031875000000000000e+02
1.335482213221673931e+01 6.637058823529412166e+02
1.372408791116629168e+01 7.042352941176470722e+02
1.409901987699426762e+01 8.717777777777778283e+02
1.446083602812778324e+01 7.205333333333333030e+02
1.481730709028705206e+01 8.675000000000000000e+02
1.517173449838404942e+01 7.497058823529412166e+02
1.551811551146366774e+01 6.520000000000000000e+02
1.589641250683601470e+01 7.647222222222221717e+02
1.627339110809699463e+01 7.600666666666667197e+02
1.662011968575146881e+01 7.433529411764706083e+02
1.697835480865197155e+01 7.308125000000000000e+02
1.734199584128202787e+01 7.194375000000000000e+02
1.770553895594225224e+01 7.172352941176470722e+02
1.807130326400313081e+01 6.639411764705882888e+02
1.843465442894936857e+01 6.492000000000000455e+02
1.878096222119318170e+01 6.618750000000000000e+02
1.913659987323090306e+01 6.248823529411764639e+02
1.950514123753502460e+01 6.216875000000000000e+02
1.986330730459379268e+01 6.710625000000000000e+02
2.022073492801051842e+01 7.230000000000000000e+02
2.058710680632741230e+01 7.169375000000000000e+02
2.094314887247101353e+01 7.010625000000000000e+02
2.130438054981574680e+01 6.505294117647058556e+02
2.167905111950058483e+01 6.084117647058823195e+02
2.204560599318464398e+01 6.014375000000000000e+02
2.239682653882750429e+01 6.130625000000000000e+02
2.275363822822428617e+01 5.776875000000000000e+02
2.312793991557033380e+01 6.355000000000000000e+02
2.349935112218316746e+01 6.202500000000000000e+02
2.385416066626844156e+01 5.862500000000000000e+02
2.420834365316106940e+01 6.000625000000000000e+02
2.455857028755591998e+01 5.645625000000000000e+02
2.493091152744412042e+01 5.808823529411764639e+02
2.527483223733344175e+01 6.313999999999999773e+02
2.563425652252228559e+01 6.410625000000000000e+02
2.601672385617668581e+01 6.753500000000000227e+02
2.640577305237117756e+01 6.721428571428571104e+02
2.671930330674172893e+01 6.996000000000000227e+02
2.707089648078908084e+01 6.596875000000000000e+02
2.745202761316002693e+01 6.226842105263158373e+02
2.782921475418621426e+01 6.112000000000000455e+02
2.818807885309087169e+01 7.154705882352941444e+02
2.854806482795782330e+01 6.568750000000000000e+02
2.889549902919376478e+01 6.671333333333333258e+02
2.924727850905018656e+01 6.300588235294117112e+02
2.961173747369430131e+01 6.218125000000000000e+02
2.997762869486751214e+01 6.267058823529412166e+02
3.034381575091571293e+01 5.962500000000000000e+02
3.069637995846956002e+01 6.174375000000000000e+02
3.104821642274215066e+01 6.518125000000000000e+02
3.141729887792190112e+01 7.078235294117647527e+02
3.177492433466741772e+01 8.791875000000000000e+02
3.214626355577831163e+01 1.161470588235294144e+03
3.251675605723034579e+01 8.852500000000000000e+02
3.287487621126714288e+01 7.203529411764706083e+02
3.322782418636403889e+01 6.583333333333333712e+02
3.358790561082158632e+01 6.104705882352941444e+02
3.397104670879200228e+01 7.200588235294117112e+02
3.430972963393656272e+01 6.535333333333333030e+02
3.467331300415371231e+01 7.392941176470587834e+02
3.504488555086337698e+01 6.478125000000000000e+02
3.541363622899447705e+01 6.791666666666666288e+02
3.577692547683867730e+01 6.735333333333333030e+02
3.613001053112260763e+01 6.881250000000000000e+02
3.648202563062135084e+01 7.181875000000000000e+02
3.682962937910751577e+01 7.144375000000000000e+02
3.718790880640079166e+01 8.048235294117647527e+02
3.755793617592696165e+01 8.437647058823529278e+02
3.793580923229645663e+01 7.252500000000000000e+02
3.829782656806155927e+01 6.781250000000000000e+02
3.865315950278650803e+01 9.398750000000000000e+02
3.901830970180436253e+01 7.388823529411764639e+02
3.937154677477515463e+01 7.515000000000000000e+02
3.973451736319234584e+01 8.688823529411764639e+02
4.009041448886217296e+01 1.098733333333333348e+03
4.045700437370926039e+01 1.207352941176470495e+03
4.081547633796911612e+01 1.815200000000000045e+03
4.116711665622139549e+01 1.061470588235294144e+03
4.153243602663183509e+01 1.417647058823529505e+03
4.190135268967101467e+01 9.869375000000000000e+02
4.225694403171050340e+01 8.867647058823529278e+02
4.263072221917273197e+01 7.155882352941176805e+02
4.298236812304300258e+01 1.032599999999999909e+03
4.335397244744854106e+01 8.515263157894736423e+02
4.370938581296284298e+01 9.742857142857143344e+02
4.408141282004845607e+01 6.650555555555555429e+02
4.442311195098108811e+01 8.440625000000000000e+02
4.474736345545046134e+01 9.760000000000000000e+02
4.513181037106932081e+01 1.192478260869565247e+03
4.550518791356464732e+01 1.116000000000000000e+03
4.587859612931388398e+01 1.086173913043478251e+03
4.626298575904075960e+01 9.752500000000000000e+02
4.659827357861271935e+01 1.044333333333333258e+03
4.695833007920350610e+01 8.950625000000000000e+02
4.732706300537589073e+01 1.478411764705882433e+03
4.768729047865042503e+01 1.055812500000000000e+03
4.804603123853006252e+01 1.066823529411764639e+03
4.839911688274412427e+01 7.371333333333333258e+02
4.876043263521199123e+01 9.031111111111110858e+02
4.912600027158417504e+01 8.352500000000000000e+02
4.948820129318639260e+01 8.751875000000000000e+02
4.985200348507563461e+01 8.761875000000000000e+02
5.021186646673336895e+01 1.174312500000000000e+03
5.056009585579234056e+01 7.719375000000000000e+02
5.092929928871412670e+01 8.420000000000000000e+02
5.129035769465544803e+01 7.610000000000000000e+02
5.164685043638609585e+01 7.637647058823529278e+02
5.201769573310133410e+01 7.900000000000000000e+02
5.238760095852538257e+01 9.812500000000000000e+02
5.273628981835555862e+01 8.010625000000000000e+02
5.309476049356305793e+01 1.024529411764705856e+03
5.345016124763998988e+01 9.781875000000000000e+02
5.381627393954912719e+01 9.810000000000000000e+02
5.418861012304124358e+01 9.981250000000000000e+02
5.455507675480509988e+01 1.078823529411764639e+03
5.490978944155331476e+01 9.265625000000000000e+02
5.527062247726589561e+01 8.858125000000000000e+02
5.563114682740363293e+01 9.094375000000000000e+02
5.601023261561899602e+01 1.046473684210526244e+03
5.636736094360470872e+01 9.114615384615384528e+02
5.670276624052125669e+01 8.838235294117647527e+02
5.708342660208528230e+01 1.008588235294117680e+03
5.743755150235368490e+01 8.185000000000000000e+02
5.781125925987439729e+01 1.008235294117647072e+03
5.818065824853643875e+01 1.249375000000000000e+03
5.852827955308822538e+01 1.320000000000000000e+03
5.888312669818119360e+01 1.256500000000000000e+03
5.924840814141190748e+01 1.346882352941176578e+03
5.961154974951115548e+01 9.034375000000000000e+02
5.996845703544695283e+01 1.131500000000000000e+03
6.032107613684184599e+01 1.506250000000000000e+03
6.067635033341284867e+01 9.804375000000000000e+02
6.103835741567128537e+01 1.024647058823529505e+03
6.140561065545576724e+01 7.538125000000000000e+02
6.177042045335986842e+01 8.175882352941176805e+02
6.213399215608534831e+01 9.552500000000000000e+02
6.248259002593690781e+01 1.040000000000000000e+03
6.284760485184366985e+01 8.500555555555555429e+02
6.324143716501277623e+01 9.198333333333333712e+02
6.359422694762883310e+01 9.108571428571428896e+02
6.391455316895247307e+01 9.405714285714285552e+02
6.427479584875267449e+01 1.287052631578947285e+03
6.466508569255833550e+01 8.750000000000000000e+02
6.502666580012007103e+01 8.560588235294117112e+02
6.539446369731982145e+01 6.545625000000000000e+02
6.574820320749168445e+01 7.089375000000000000e+02
6.610068040043485382e+01 7.212500000000000000e+02
6.645692095565500779e+01 6.843125000000000000e+02
6.681800687385491244e+01 6.418235294117647527e+02
6.719035107877287771e+01 6.836470588235293917e+02
6.755840506439764681e+01 7.049375000000000000e+02
6.790011856147869196e+01 6.872666666666666515e+02
6.826495417233978458e+01 8.285555555555555429e+02
6.864122356074808806e+01 8.532500000000000000e+02
6.899120487936832546e+01 1.078687500000000000e+03
6.934515837690105400e+01 1.160000000000000000e+03
6.970219057915214478e+01 8.976875000000000000e+02
7.006043201921525565e+01 1.004352941176470608e+03
7.042671108571890670e+01 9.380625000000000000e+02
7.078710034359642123e+01 7.169375000000000000e+02
7.115811437123892347e+01 7.418888888888889142e+02
7.153958093271063490e+01 7.188823529411764639e+02
7.190442186609608655e+01 6.657999999999999545e+02
7.224263994054126670e+01 7.653750000000000000e+02
7.260219134987632117e+01 8.598823529411764639e+02
7.297609154208090843e+01 7.615625000000000000e+02
7.332683994636451530e+01 8.328750000000000000e+02
7.367044320861349149e+01 9.603750000000000000e+02
7.404725045633394132e+01 8.892352941176470722e+02
7.441295239220515612e+01 8.737333333333333485e+02
7.476343416238385942e+01 1.035117647058823422e+03
7.513029354853142650e+01 8.594117647058823195e+02
7.551519662243860864e+01 9.931176470588235361e+02
7.587747040259006326e+01 9.532500000000000000e+02
7.622370848935524634e+01 8.636875000000000000e+02
7.658149045660854881e+01 9.134705882352941444e+02
7.695187606182420836e+01 7.560625000000000000e+02
7.730262882985928741e+01 8.848750000000000000e+02
7.767087407088446582e+01 9.408888888888889142e+02
7.804258364307008833e+01 7.437500000000000000e+02
7.840203383197295750e+01 7.019411764705882888e+02
7.876824823481187821e+01 8.703125000000000000e+02
7.911783678159913791e+01 9.767500000000000000e+02
7.947884115428381335e+01 1.059058823529411711e+03
7.982941921865229062e+01 1.226066666666666606e+03
8.016986655134641637e+01 1.141562500000000000e+03
8.052259744243993111e+01 9.121250000000000000e+02
8.090008256545793586e+01 8.324117647058823195e+02
8.126221084920342719e+01 8.200625000000000000e+02
8.162685701871724575e+01 8.390000000000000000e+02
8.200083637261658964e+01 8.720000000000000000e+02
8.236607722354534644e+01 8.658125000000000000e+02
8.273099511512749871e+01 8.495294117647058556e+02
8.309724864130512856e+01 7.976875000000000000e+02
8.345987425604631937e+01 9.487058823529412166e+02
8.382511681739602238e+01 9.176875000000000000e+02
8.418906478693283191e+01 1.026529411764705856e+03
8.455583955869450108e+01 8.970000000000000000e+02
8.491951971574090408e+01 9.962941176470587834e+02
8.527853749732436484e+01 9.286000000000000227e+02
8.562162058484382499e+01 1.003937500000000000e+03
8.597809203121383348e+01 1.103937500000000000e+03
8.633487585451712221e+01 1.094812500000000000e+03
8.669194469307866768e+01 9.830000000000000000e+02
8.704136346034113103e+01 1.014750000000000000e+03
8.738782040139935248e+01 9.321764705882352473e+02
8.773094542231270054e+01 9.680625000000000000e+02
8.806515251314741022e+01 9.549375000000000000e+02
8.840279388044622522e+01 8.603999999999999773e+02
8.875361409099390642e+01 6.426875000000000000e+02
8.910965539559541071e+01 4.756250000000000000e+02
8.946576564888061966e+01 3.923125000000000000e+02
8.982191728423745758e+01 3.619375000000000000e+02
9.017808271576254242e+01 3.461250000000000000e+02
9.055281017641182473e+01 3.311764705882353041e+02
9.094370714968017921e+01 3.255000000000000000e+02
9.133846013757234061e+01 3.253333333333333144e+02
9.172253577705761529e+01 3.243529411764706083e+02
9.209749924035037338e+01 3.296111111111110858e+02
9.246359859170013351e+01 3.412352941176470722e+02
9.273589281410198737e+01 3.593999999999999773e+02
