# angle I
-5.345013494957747469e+00 1.491333333333333258e+03
-5.045018388767892326e+00 1.512000000000000000e+03
-4.689203949978235642e+00 1.447937500000000000e+03
-4.333026410032358555e+00 1.478937500000000000e+03
-3.976512850060811122e+00 1.516500000000000000e+03
-3.619690506843096234e+00 1.548250000000000000e+03
-3.262586760556078769e+00 1.587500000000000000e+03
-2.904206446615597237e+00 1.602176470588235361e+03
-2.536625107857171102e+00 1.640777777777777828e+03
-2.169762540650015836e+00 1.665529411764705856e+03
-1.820546743112691601e+00 1.687500000000000000e+03
-1.464675008922181831e+00 1.723062500000000000e+03
-1.108690583851543510e+00 1.729500000000000000e+03
-7.526209769764011792e-01 1.748250000000000000e+03
-1.762194385507231675e-01 1.725527777777777828e+03
3.964937367391271339e-01 1.717687500000000000e+03
7.526209769764011792e-01 1.709625000000000000e+03
1.108690583851543510e+00 1.684312500000000000e+03
1.464675008922181831e+00 1.672000000000000000e+03
1.820546743112691601e+00 1.592312500000000000e+03
2.169762540650015836e+00 1.562058823529411711e+03
2.536625107857171102e+00 1.552333333333333258e+03
2.904206446615597237e+00 1.475294117647058783e+03
3.262586760556078769e+00 1.479000000000000000e+03
3.619690506843096234e+00 1.429687500000000000e+03
3.976512850060811122e+00 1.391500000000000000e+03
4.333026410032358555e+00 1.355750000000000000e+03
4.689203949978235642e+00 1.320812500000000000e+03
5.045018388767892326e+00 1.255562500000000000e+03
5.400442812991911090e+00 1.230750000000000000e+03
5.755450488841650447e+00 1.207500000000000000e+03
6.121346079378987781e+00 1.131588235294117567e+03
6.496668123211583712e+00 1.131470588235294144e+03
6.859015260005412173e+00 1.117437500000000000e+03
7.225286504036425583e+00 1.075823529411764639e+03
7.590197231644101095e+00 1.062062500000000000e+03
7.944261363996122149e+00 1.036562500000000000e+03
8.317826571389893786e+00 1.011666666666666629e+03
8.694031650506699904e+00 9.935000000000000000e+02
9.055537378374085122e+00 9.739411764705882888e+02
9.421497369287795465e+00 9.550666666666667197e+02
9.763407514716192281e+00 9.570625000000000000e+02
1.012575574675722834e+01 9.215294117647058556e+02
1.048819627135121557e+01 9.138125000000000000e+02
1.082670619925649369e+01 8.931333333333333258e+02
1.117815282102464103e+01 8.972352941176470722e+02
1.155253435339616530e+01 8.934705882352941444e+02
1.191343590158883536e+01 8.966250000000000000e+02
1.226267284651528833e+01 8.705625000000000000e+02
1.262280932778145370e+01 8.611176470588235361e+02
1.297953919419553870e+01 8.610000000000000000e+02
1.335482213221673931e+01 8.474705882352941444e+02
1.372408791116629168e+01 8.513529411764706083e+02
1.409901987699426762e+01 8.421111111111110858e+02
1.446083602812778324e+01 8.382666666666666515e+02
1.481730709028705206e+01 8.178750000000000000e+02
1.517173449838404942e+01 8.105882352941176805e+02
1.551811551146366774e+01 8.132666666666666515e+02
1.589641250683601470e+01 8.055555555555555429e+02
1.627339110809699463e+01 7.944666666666666970e+02
1.662011968575146881e+01 7.968235294117647527e+02
1.697835480865197155e+01 7.860000000000000000e+02
1.734199584128202787e+01 8.030000000000000000e+02
1.770553895594225224e+01 7.778235294117647527e+02
1.807130326400313081e+01 7.858823529411764639e+02
1.843465442894936857e+01 7.770000000000000000e+02
1.878096222119318170e+01 7.812500000000000000e+02
1.913659987323090306e+01 7.546470588235293917e+02
1.950514123753502460e+01 7.765000000000000000e+02
1.986330730459379268e+01 7.741250000000000000e+02
2.022073492801051842e+01 7.658235294117647527e+02
2.058710680632741230e+01 7.708125000000000000e+02
2.094314887247101353e+01 7.574375000000000000e+02
2.130438054981574680e+01 7.494705882352941444e+02
2.167905111950058483e+01 7.414117647058823195e+02
2.204560599318464398e+01 7.551875000000000000e+02
2.239682653882750429e+01 7.546875000000000000e+02
2.275363822822428617e+01 7.587500000000000000e+02
2.312793991557033380e+01 7.401111111111110858e+02
2.349935112218316746e+01 7.426875000000000000e+02
2.385416066626844156e+01 7.411250000000000000e+02
2.420834365316106940e+01 7.285625000000000000e+02
2.455857028755591998e+01 7.411250000000000000e+02
2.493091152744412042e+01 7.240000000000000000e+02
2.527483223733344175e+01 7.250000000000000000e+02
2.563425652252228559e+01 7.273750000000000000e+02
2.601672385617668581e+01 7.347000000000000455e+02
2.640577305237117756e+01 7.350000000000000000e+02
2.671930330674172893e+01 7.167333333333333485e+02
2.707089648078908084e+01 7.248750000000000000e+02
2.745202761316002693e+01 7.232631578947368780e+02
2.782921475418621426e+01 7.256000000000000227e+02
2.818807885309087169e+01 7.095294117647058556e+02
2.854806482795782330e+01 7.274375000000000000e+02
2.889549902919376478e+01 7.241333333333333258e+02
2.924727850905018656e+01 7.144117647058823195e+02
2.961173747369430131e+01 7.279375000000000000e+02
2.997762869486751214e+01 7.240000000000000000e+02
3.034381575091571293e+01 7.117500000000000000e+02
3.069637995846956002e+01 7.161250000000000000e+02
3.104821642274215066e+01 7.141875000000000000e+02
3.141729887792190112e+01 7.042352941176470722e+02
3.177492433466741772e+01 7.040625000000000000e+02
3.214626355577831163e+01 7.127647058823529278e+02
3.251675605723034579e+01 7.272500000000000000e+02
3.287487621126714288e+01 6.998823529411764639e+02
3.322782418636403889e+01 7.113999999999999773e+02
3.358790561082158632e+01 7.084117647058823195e+02
3.397104670879200228e+01 6.974117647058823195e+02
3.430972963393656272e+01 7.104666666666666970e+02
3.467331300415371231e+01 7.168235294117647527e+02
3.504488555086337698e+01 7.105000000000000000e+02
3.541363622899447705e+01 6.981111111111110858e+02
3.577692547683867730e+01 7.176666666666666288e+02
3.613001053112260763e+01 7.141250000000000000e+02
3.648202563062135084e+01 6.972500000000000000e+02
3.682962937910751577e+01 7.084375000000000000e+02
3.718790880640079166e+01 7.119411764705882888e+02
3.755793617592696165e+01 7.108823529411764639e+02
3.793580923229645663e+01 7.285000000000000000e+02
3.829782656806155927e+01 7.213125000000000000e+02
3.865315950278650803e+01 7.173750000000000000e+02
3.901830970180436253e+01 7.272941176470587834e+02
3.937154677477515463e+01 7.190000000000000000e+02
3.973451736319234584e+01 6.987058823529412166e+02
4.009041448886217296e+01 7.272000000000000455e+02
4.045700437370926039e+01 7.138823529411764639e+02
4.081547633796911612e+01 7.219333333333332803e+02
4.116711665622139549e+01 7.100000000000000000e+02
4.153243602663183509e+01 7.106470588235293917e+02
4.190135268967101467e+01 7.144375000000000000e+02
4.225694403171050340e+01 7.104117647058823195e+02
4.263072221917273197e+01 7.122941176470587834e+02
4.298236812304300258e+01 6.950666666666667197e+02
4.335397244744854106e+01 7.031578947368420813e+02
4.370938581296284298e+01 6.922142857142856656e+02
4.408141282004845607e+01 7.071666666666666288e+02
4.442311195098108811e+01 7.039375000000000000e+02
4.474736345545046134e+01 6.972500000000000000e+02
4.513181037106932081e+01 7.034782608695652470e+02
4.550518791356464732e+01 7.002727272727272521e+02
4.587859612931388398e+01 7.053478260869565020e+02
4.626298575904075960e+01 6.969166666666666288e+02
4.659827357861271935e+01 6.931111111111110858e+02
4.695833007920350610e+01 7.050000000000000000e+02
4.732706300537589073e+01 6.855294117647058556e+02
4.768729047865042503e+01 7.011875000000000000e+02
4.804603123853006252e+01 6.933529411764706083e+02
4.839911688274412427e+01 7.093333333333333712e+02
4.876043263521199123e+01 6.706666666666666288e+02
4.912600027158417504e+01 6.917500000000000000e+02
4.948820129318639260e+01 6.877500000000000000e+02
4.985200348507563461e+01 6.864375000000000000e+02
5.021186646673336895e+01 6.823125000000000000e+02
5.056009585579234056e+01 6.945625000000000000e+02
5.092929928871412670e+01 6.748888888888889142e+02
5.129035769465544803e+01 6.808666666666666742e+02
5.164685043638609585e+01 6.842352941176470722e+02
5.201769573310133410e+01 6.842500000000000000e+02
5.238760095852538257e+01 6.721875000000000000e+02
5.273628981835555862e+01 6.856875000000000000e+02
5.309476049356305793e+01 6.828823529411764639e+02
5.345016124763998988e+01 6.784375000000000000e+02
5.381627393954912719e+01 6.776470588235293917e+02
5.418861012304124358e+01 6.835625000000000000e+02
5.455507675480509988e+01 6.833529411764706083e+02
5.490978944155331476e+01 6.794375000000000000e+02
5.527062247726589561e+01 6.825625000000000000e+02
5.563114682740363293e+01 6.905625000000000000e+02
5.601023261561899602e+01 6.814736842105263577e+02
5.636736094360470872e+01 6.843846153846153584e+02
5.670276624052125669e+01 6.887058823529412166e+02
5.708342660208528230e+01 6.887647058823529278e+02
5.743755150235368490e+01 6.865000000000000000e+02
5.781125925987439729e+01 6.945294117647058556e+02
5.818065824853643875e+01 7.003125000000000000e+02
5.852827955308822538e+01 6.903125000000000000e+02
5.888312669818119360e+01 7.023125000000000000e+02
5.924840814141190748e+01 7.021176470588235361e+02
5.961154974951115548e+01 7.007500000000000000e+02
5.996845703544695283e+01 7.023125000000000000e+02
6.032107613684184599e+01 6.872500000000000000e+02
6.067635033341284867e+01 6.947500000000000000e+02
6.103835741567128537e+01 6.932352941176470722e+02
6.140561065545576724e+01 7.048750000000000000e+02
6.177042045335986842e+01 7.082352941176470722e+02
6.213399215608534831e+01 6.941250000000000000e+02
6.248259002593690781e+01 7.003333333333333712e+02
6.284760485184366985e+01 7.054444444444444571e+02
6.324143716501277623e+01 6.930555555555555429e+02
6.359422694762883310e+01 7.055714285714285552e+02
6.391455316895247307e+01 7.085714285714285552e+02
6.427479584875267449e+01 6.877368421052631220e+02
6.466508569255833550e+01 7.092500000000000000e+02
6.502666580012007103e+01 6.857058823529412166e+02
6.539446369731982145e+01 6.998750000000000000e+02
6.574820320749168445e+01 7.070000000000000000e+02
6.610068040043485382e+01 6.981875000000000000e+02
6.645692095565500779e+01 7.045000000000000000e+02
6.681800687385491244e+01 6.963529411764706083e+02
6.719035107877287771e+01 6.902941176470587834e+02
6.755840506439764681e+01 6.999375000000000000e+02
6.790011856147869196e+01 7.027999999999999545e+02
6.826495417233978458e+01 7.013888888888889142e+02
6.864122356074808806e+01 7.075000000000000000e+02
6.899120487936832546e+01 7.213750000000000000e+02
6.934515837690105400e+01 7.156875000000000000e+02
6.970219057915214478e+01 7.174375000000000000e+02
7.006043201921525565e+01 7.171176470588235361e+02
7.042671108571890670e+01 7.148750000000000000e+02
7.078710034359642123e+01 7.161250000000000000e+02
7.115811437123892347e+01 7.277222222222221717e+02
7.153958093271063490e+01 7.111176470588235361e+02
7.190442186609608655e+01 7.297333333333333485e+02
7.224263994054126670e+01 7.257500000000000000e+02
7.260219134987632117e+01 7.257058823529412166e+02
7.297609154208090843e+01 7.338125000000000000e+02
7.332683994636451530e+01 7.236250000000000000e+02
7.367044320861349149e+01 7.418750000000000000e+02
7.404725045633394132e+01 7.444117647058823195e+02
7.441295239220515612e+01 7.339333333333332803e+02
7.476343416238385942e+01 7.300588235294117112e+02
7.513029354853142650e+01 7.382352941176470722e+02
7.551519662243860864e+01 7.437647058823529278e+02
7.587747040259006326e+01 7.410625000000000000e+02
7.622370848935524634e+01 7.515625000000000000e+02
7.658149045660854881e+01 7.428823529411764639e+02
7.695187606182420836e+01 7.731250000000000000e+02
7.730262882985928741e+01 7.563125000000000000e+02
7.767087407088446582e+01 7.567222222222221717e+02
7.804258364307008833e+01 7.771875000000000000e+02
7.840203383197295750e+01 7.775294117647058556e+02
7.876824823481187821e+01 7.673750000000000000e+02
7.911783678159913791e+01 7.756250000000000000e+02
7.947884115428381335e+01 7.820588235294117112e+02
7.982941921865229062e+01 8.016666666666666288e+02
8.016986655134641637e+01 7.898750000000000000e+02
8.052259744243993111e+01 8.005625000000000000e+02
8.090008256545793586e+01 8.012352941176470722e+02
8.126221084920342719e+01 8.080625000000000000e+02
8.162685701871724575e+01 8.259411764705882888e+02
8.200083637261658964e+01 8.125882352941176805e+02
8.236607722354534644e+01 8.319375000000000000e+02
8.273099511512749871e+01 8.438823529411764639e+02
8.309724864130512856e+01 8.661250000000000000e+02
8.345987425604631937e+01 8.488235294117647527e+02
8.382511681739602238e+01 8.596875000000000000e+02
8.418906478693283191e+01 8.571764705882352473e+02
8.455583955869450108e+01 8.863750000000000000e+02
8.491951971574090408e+01 8.897647058823529278e+02
8.527853749732436484e+01 9.072666666666666515e+02
8.562162058484382499e+01 9.283125000000000000e+02
8.597809203121383348e+01 9.236250000000000000e+02
8.633487585451712221e+01 9.471250000000000000e+02
8.669194469307866768e+01 9.480000000000000000e+02
8.704136346034113103e+01 9.463125000000000000e+02
8.738782040139935248e+01 9.405882352941176805e+02
8.773094542231270054e+01 9.505000000000000000e+02
8.806515251314741022e+01 9.770625000000000000e+02
8.840279388044622522e+01 1.024000000000000000e+03
8.875361409099390642e+01 1.198187500000000000e+03
8.910965539559541071e+01 1.145000000000000000e+03
8.946576564888061966e+01 5.695000000000000000e+02
8.982191728423745758e+01 4.551250000000000000e+02
9.017808271576254242e+01 3.286875000000000000e+02
9.055281017641182473e+01 3.129411764705882320e+02
9.094370714968017921e+01 3.167777777777777715e+02
9.133846013757234061e+01 3.196111111111110858e+02
9.172253577705761529e+01 3.195882352941176237e+02
9.209749924035037338e+01 3.218333333333333144e+02
9.246359859170013351e+01 3.311764705882353041e+02
9.273589281410198737e+01 3.713000000000000114e+02
