# angle I
-5.345013494957747469e+00 3.395666666666666515e+03
-5.045018388767892326e+00 4.178812500000000000e+03
-4.689203949978235642e+00 4.106000000000000000e+03
-4.333026410032358555e+00 4.062437500000000000e+03
-3.976512850060811122e+00 4.029125000000000000e+03
-3.619690506843096234e+00 3.991375000000000000e+03
-3.262586760556078769e+00 3.976187500000000000e+03
-2.904206446615597237e+00 3.836352941176470722e+03
-2.536625107857171102e+00 4.006000000000000000e+03
-2.169762540650015836e+00 3.880764705882353155e+03
-1.820546743112691601e+00 4.046937500000000000e+03
-1.464675008922181831e+00 4.087062500000000000e+03
-1.108690583851543510e+00 4.205937500000000000e+03
-7.526209769764011792e-01 4.294375000000000000e+03
-1.762194385507231675e-01 4.341916666666666970e+03
3.964937367391271339e-01 4.213937500000000000e+03
7.526209769764011792e-01 4.113187500000000000e+03
1.108690583851543510e+00 4.036000000000000000e+03
1.464675008922181831e+00 4.047375000000000000e+03
1.820546743112691601e+00 4.068062500000000000e+03
2.169762540650015836e+00 3.836117647058823422e+03
2.536625107857171102e+00 3.893555555555555657e+03
2.904206446615597237e+00 3.735588235294117567e+03
3.262586760556078769e+00 3.939187500000000000e+03
3.619690506843096234e+00 3.897250000000000000e+03
3.976512850060811122e+00 3.810125000000000000e+03
4.333026410032358555e+00 3.764250000000000000e+03
4.689203949978235642e+00 3.780937500000000000e+03
5.045018388767892326e+00 3.777562500000000000e+03
5.400442812991911090e+00 3.685312500000000000e+03
5.755450488841650447e+00 3.598625000000000000e+03
6.121346079378987781e+00 3.352764705882353155e+03
6.496668123211583712e+00 3.295176470588235134e+03
6.859015260005412173e+00 3.400437500000000000e+03
7.225286504036425583e+00 3.270058823529411711e+03
7.590197231644101095e+00 3.304312500000000000e+03
7.944261363996122149e+00 3.227812500000000000e+03
8.317826571389893786e+00 3.205388888888888687e+03
8.694031650506699904e+00 3.121750000000000000e+03
9.055537378374085122e+00 3.050411764705882433e+03
9.421497369287795465e+00 3.226400000000000091e+03
9.763407514716192281e+00 3.030625000000000000e+03
1.012575574675722834e+01 2.949058823529411711e+03
1.048819627135121557e+01 2.890562500000000000e+03
1.082670619925649369e+01 2.969800000000000182e+03
1.117815282102464103e+01 2.865352941176470722e+03
1.155253435339616530e+01 2.904588235294117567e+03
1.191343590158883536e+01 2.738375000000000000e+03
1.226267284651528833e+01 2.740312500000000000e+03
1.262280932778145370e+01 2.778470588235294144e+03
1.297953919419553870e+01 2.784375000000000000e+03
1.335482213221673931e+01 2.740647058823529278e+03
1.372408791116629168e+01 2.849176470588235134e+03
1.409901987699426762e+01 2.568333333333333485e+03
1.446083602812778324e+01 2.781666666666666515e+03
1.481730709028705206e+01 2.648500000000000000e+03
1.517173449838404942e+01 2.614294117647059011e+03
1.551811551146366774e+01 2.672133333333333212e+03
1.589641250683601470e+01 2.490277777777777828e+03
1.627339110809699463e+01 2.557866666666666788e+03
1.662011968575146881e+01 2.416058823529411711e+03
1.697835480865197155e+01 2.400437500000000000e+03
1.734199584128202787e+01 2.524250000000000000e+03
1.770553895594225224e+01 2.398882352941176578e+03
1.807130326400313081e+01 2.288823529411764866e+03
1.843465442894936857e+01 2.356000000000000000e+03
1.878096222119318170e+01 2.203250000000000000e+03
1.913659987323090306e+01 2.190764705882353155e+03
1.950514123753502460e+01 2.341875000000000000e+03
1.986330730459379268e+01 2.356812500000000000e+03
2.022073492801051842e+01 2.179941176470588289e+03
2.058710680632741230e+01 2.263437500000000000e+03
2.094314887247101353e+01 2.302125000000000000e+03
2.130438054981574680e+01 2.017117647058823422e+03
2.167905111950058483e+01 2.199882352941176578e+03
2.204560599318464398e+01 2.049437500000000000e+03
2.239682653882750429e+01 2.235875000000000000e+03
2.275363822822428617e+01 2.366562500000000000e+03
2.312793991557033380e+01 2.147722222222222172e+03
2.349935112218316746e+01 2.267500000000000000e+03
2.385416066626844156e+01 2.242000000000000000e+03
2.420834365316106940e+01 2.030437500000000000e+03
2.455857028755591998e+01 2.331875000000000000e+03
2.493091152744412042e+01 1.973647058823529505e+03
2.527483223733344175e+01 1.974866666666666561e+03
2.563425652252228559e+01 1.948250000000000000e+03
2.601672385617668581e+01 2.140800000000000182e+03
2.640577305237117756e+01 2.087000000000000000e+03
2.671930330674172893e+01 1.938599999999999909e+03
2.707089648078908084e+01 1.919312500000000000e+03
2.745202761316002693e+01 2.046894736842105203e+03
2.782921475418621426e+01 1.932733333333333348e+03
2.818807885309087169e+01 1.848176470588235361e+03
2.854806482795782330e+01 2.115062500000000000e+03
2.889549902919376478e+01 2.078333333333333485e+03
2.924727850905018656e+01 1.919411764705882433e+03
2.961173747369430131e+01 1.974562500000000000e+03
2.997762869486751214e+01 1.868647058823529505e+03
3.034381575091571293e+01 1.988250000000000000e+03
3.069637995846956002e+01 2.046812500000000000e+03
3.104821642274215066e+01 2.063312500000000000e+03
3.141729887792190112e+01 1.969588235294117567e+03
3.177492433466741772e+01 2.017062500000000000e+03
3.214626355577831163e+01 1.816117647058823422e+03
3.251675605723034579e+01 2.059687500000000000e+03
3.287487621126714288e+01 1.887058823529411711e+03
3.322782418636403889e+01 1.849066666666666606e+03
3.358790561082158632e+01 1.948117647058823422e+03
3.397104670879200228e+01 1.780058823529411711e+03
3.430972963393656272e+01 1.941466666666666697e+03
3.467331300415371231e+01 1.990058823529411711e+03
3.504488555086337698e+01 1.856437500000000000e+03
3.541363622899447705e+01 1.820944444444444343e+03
3.577692547683867730e+01 1.961866666666666561e+03
3.613001053112260763e+01 1.935000000000000000e+03
3.648202563062135084e+01 1.928562500000000000e+03
3.682962937910751577e+01 1.953250000000000000e+03
3.718790880640079166e+01 1.861176470588235361e+03
3.755793617592696165e+01 1.883882352941176578e+03
3.793580923229645663e+01 1.960937500000000000e+03
3.829782656806155927e+01 2.032625000000000000e+03
3.865315950278650803e+01 1.877375000000000000e+03
3.901830970180436253e+01 1.924705882352941217e+03
3.937154677477515463e+01 1.928312500000000000e+03
3.973451736319234584e+01 1.825941176470588289e+03
4.009041448886217296e+01 2.016000000000000000e+03
4.045700437370926039e+01 1.913882352941176578e+03
4.081547633796911612e+01 1.998066666666666606e+03
4.116711665622139549e+01 1.818235294117647072e+03
4.153243602663183509e+01 1.935882352941176578e+03
4.190135268967101467e+01 1.858312500000000000e+03
4.225694403171050340e+01 1.780117647058823422e+03
4.263072221917273197e+01 1.997764705882352928e+03
4.298236812304300258e+01 1.609200000000000045e+03
4.335397244744854106e+01 2.097789473684210407e+03
4.370938581296284298e+01 1.698785714285714221e+03
4.408141282004845607e+01 2.066611111111111313e+03
4.442311195098108811e+01 1.789937500000000000e+03
4.474736345545046134e+01 1.894250000000000000e+03
4.513181037106932081e+01 1.996130434782608745e+03
4.550518791356464732e+01 2.056181818181818016e+03
4.587859612931388398e+01 1.922956521739130494e+03
4.626298575904075960e+01 1.815500000000000000e+03
4.659827357861271935e+01 1.848111111111111086e+03
4.695833007920350610e+01 1.912187500000000000e+03
4.732706300537589073e+01 1.709529411764705856e+03
4.768729047865042503e+01 2.110562500000000000e+03
4.804603123853006252e+01 1.580588235294117567e+03
4.839911688274412427e+01 2.075000000000000000e+03
4.876043263521199123e+01 1.771000000000000000e+03
4.912600027158417504e+01 1.905250000000000000e+03
4.948820129318639260e+01 1.881062500000000000e+03
4.985200348507563461e+01 1.829312500000000000e+03
5.021186646673336895e+01 1.845375000000000000e+03
5.056009585579234056e+01 1.946687500000000000e+03
5.092929928871412670e+01 1.708888888888888914e+03
5.129035769465544803e+01 1.844799999999999955e+03
5.164685043638609585e+01 1.916411764705882433e+03
5.201769573310133410e+01 1.853812500000000000e+03
5.238760095852538257e+01 1.859062500000000000e+03
5.273628981835555862e+01 1.871312500000000000e+03
5.309476049356305793e+01 1.790705882352941217e+03
5.345016124763998988e+01 1.914062500000000000e+03
5.381627393954912719e+01 1.841176470588235361e+03
5.418861012304124358e+01 1.938187500000000000e+03
5.455507675480509988e+01 1.895764705882352928e+03
5.490978944155331476e+01 1.947250000000000000e+03
5.527062247726589561e+01 1.838375000000000000e+03
5.563114682740363293e+01 1.904125000000000000e+03
5.601023261561899602e+01 1.798894736842105203e+03
5.636736094360470872e+01 1.918384615384615472e+03
5.670276624052125669e+01 1.929823529411764639e+03
5.708342660208528230e+01 1.787117647058823422e+03
5.743755150235368490e+01 1.829437500000000000e+03
5.781125925987439729e+01 1.894176470588235361e+03
5.818065824853643875e+01 1.833375000000000000e+03
5.852827955308822538e+01 1.951937500000000000e+03
5.888312669818119360e+01 2.013875000000000000e+03
5.924840814141190748e+01 1.949941176470588289e+03
5.961154974951115548e+01 2.015875000000000000e+03
5.996845703544695283e+01 1.936187500000000000e+03
6.032107613684184599e+01 1.865875000000000000e+03
6.067635033341284867e+01 1.885562500000000000e+03
6.103835741567128537e+01 1.848882352941176578e+03
6.140561065545576724e+01 2.137875000000000000e+03
6.177042045335986842e+01 1.942235294117647072e+03
6.213399215608534831e+01 1.821000000000000000e+03
6.248259002593690781e+01 1.859666666666666742e+03
6.284760485184366985e+01 2.043666666666666742e+03
6.324143716501277623e+01 1.758222222222222172e+03
6.359422694762883310e+01 1.935785714285714221e+03
6.391455316895247307e+01 1.964714285714285779e+03
6.427479584875267449e+01 1.767368421052631675e+03
6.466508569255833550e+01 2.136062500000000000e+03
6.502666580012007103e+01 1.783882352941176578e+03
6.539446369731982145e+01 1.915937500000000000e+03
6.574820320749168445e+01 1.997875000000000000e+03
6.610068040043485382e+01 2.036312500000000000e+03
6.645692095565500779e+01 1.913250000000000000e+03
6.681800687385491244e+01 1.983705882352941217e+03
6.719035107877287771e+01 1.907529411764705856e+03
6.755840506439764681e+01 1.879437500000000000e+03
6.790011856147869196e+01 1.981733333333333348e+03
6.826495417233978458e+01 2.003666666666666742e+03
6.864122356074808806e+01 1.982625000000000000e+03
6.899120487936832546e+01 2.099625000000000000e+03
6.934515837690105400e+01 1.922937500000000000e+03
6.970219057915214478e+01 2.057375000000000000e+03
7.006043201921525565e+01 1.900941176470588289e+03
7.042671108571890670e+01 1.958437500000000000e+03
7.078710034359642123e+01 2.111687500000000000e+03
7.115811437123892347e+01 2.099222222222222172e+03
7.153958093271063490e+01 1.914764705882352928e+03
7.190442186609608655e+01 2.062066666666666606e+03
7.224263994054126670e+01 1.982250000000000000e+03
7.260219134987632117e+01 1.950058823529411711e+03
7.297609154208090843e+01 2.172687500000000000e+03
7.332683994636451530e+01 2.039062500000000000e+03
7.367044320861349149e+01 2.034687500000000000e+03
7.404725045633394132e+01 2.204882352941176578e+03
7.441295239220515612e+01 2.190266666666666879e+03
7.476343416238385942e+01 1.976647058823529505e+03
7.513029354853142650e+01 2.142117647058823422e+03
7.551519662243860864e+01 2.036352941176470495e+03
7.587747040259006326e+01 2.082312500000000000e+03
7.622370848935524634e+01 2.097687500000000000e+03
7.658149045660854881e+01 2.021705882352941217e+03
7.695187606182420836e+01 2.204125000000000000e+03
7.730262882985928741e+01 2.166375000000000000e+03
7.767087407088446582e+01 2.200111111111111313e+03
7.804258364307008833e+01 2.247250000000000000e+03
7.840203383197295750e+01 2.194235294117646845e+03
7.876824823481187821e+01 2.159812500000000000e+03
7.911783678159913791e+01 2.129750000000000000e+03
7.947884115428381335e+01 2.094352941176470722e+03
7.982941921865229062e+01 2.247733333333333121e+03
8.016986655134641637e+01 2.188812500000000000e+03
8.052259744243993111e+01 2.191437500000000000e+03
8.090008256545793586e+01 2.118470588235294144e+03
8.126221084920342719e+01 2.209062500000000000e+03
8.162685701871724575e+01 2.321235294117646845e+03
8.200083637261658964e+01 2.184411764705882433e+03
8.236607722354534644e+01 2.284625000000000000e+03
8.273099511512749871e+01 2.188823529411764866e+03
8.309724864130512856e+01 2.262562500000000000e+03
8.345987425604631937e+01 2.133411764705882433e+03
8.382511681739602238e+01 2.252312500000000000e+03
8.418906478693283191e+01 2.166470588235294144e+03
8.455583955869450108e+01 2.281187500000000000e+03
8.491951971574090408e+01 2.156176470588235134e+03
8.527853749732436484e+01 2.140599999999999909e+03
8.562162058484382499e+01 2.225000000000000000e+03
8.597809203121383348e+01 2.201500000000000000e+03
8.633487585451712221e+01 2.184375000000000000e+03
8.669194469307866768e+01 2.167500000000000000e+03
8.704136346034113103e+01 1.980312500000000000e+03
8.738782040139935248e+01 1.982000000000000000e+03
8.773094542231270054e+01 1.747625000000000000e+03
8.806515251314741022e+01 1.281500000000000000e+03
8.840279388044622522e+01 7.640000000000000000e+02
8.875361409099390642e+01 4.723750000000000000e+02
8.910965539559541071e+01 3.739375000000000000e+02
8.946576564888061966e+01 3.362500000000000000e+02
8.982191728423745758e+01 2.928750000000000000e+02
9.017808271576254242e+01 2.380625000000000000e+02
9.055281017641182473e+01 2.015882352941176521e+02
9.094370714968017921e+01 1.910000000000000000e+02
9.133846013757234061e+01 1.905000000000000000e+02
9.172253577705761529e+01 1.938235294117646959e+02
9.209749924035037338e+01 2.021666666666666572e+02
9.246359859170013351e+01 2.094117647058823479e+02
9.273589281410198737e+01 2.369000000000000057e+02
