# angle I
-5.345013494957747469e+00 1.758500000000000000e+03
-5.045018388767892326e+00 2.281437500000000000e+03
-4.689203949978235642e+00 2.233437500000000000e+03
-4.333026410032358555e+00 2.242250000000000000e+03
-3.976512850060811122e+00 2.307437500000000000e+03
-3.619690506843096234e+00 2.359500000000000000e+03
-3.262586760556078769e+00 2.405062500000000000e+03
-2.904206446615597237e+00 2.360235294117646845e+03
-2.536625107857171102e+00 2.435055555555555657e+03
-2.169762540650015836e+00 2.582470588235294144e+03
-1.820546743112691601e+00 2.710375000000000000e+03
-1.464675008922181831e+00 2.659312500000000000e+03
-1.108690583851543510e+00 2.652812500000000000e+03
-7.526209769764011792e-01 2.736750000000000000e+03
-1.762194385507231675e-01 3.089333333333333485e+03
3.964937367391271339e-01 2.741500000000000000e+03
7.526209769764011792e-01 2.753812500000000000e+03
1.108690583851543510e+00 2.779687500000000000e+03
1.464675008922181831e+00 2.810875000000000000e+03
1.820546743112691601e+00 2.860625000000000000e+03
2.169762540650015836e+00 2.746117647058823422e+03
2.536625107857171102e+00 2.598166666666666515e+03
2.904206446615597237e+00 2.571411764705882433e+03
3.262586760556078769e+00 2.626500000000000000e+03
3.619690506843096234e+00 2.473812500000000000e+03
3.976512850060811122e+00 2.361375000000000000e+03
4.333026410032358555e+00 2.357812500000000000e+03
4.689203949978235642e+00 2.311375000000000000e+03
5.045018388767892326e+00 2.213562500000000000e+03
5.400442812991911090e+00 2.147625000000000000e+03
5.755450488841650447e+00 2.079062500000000000e+03
6.121346079378987781e+00 1.905294117647058783e+03
6.496668123211583712e+00 1.878588235294117567e+03
6.859015260005412173e+00 1.926187500000000000e+03
7.225286504036425583e+00 1.819058823529411711e+03
7.590197231644101095e+00 1.785812500000000000e+03
7.944261363996122149e+00 1.788062500000000000e+03
8.317826571389893786e+00 1.726055555555555657e+03
8.694031650506699904e+00 1.630187500000000000e+03
9.055537378374085122e+00 1.623117647058823422e+03
9.421497369287795465e+00 1.573400000000000091e+03
9.763407514716192281e+00 1.471250000000000000e+03
1.012575574675722834e+01 1.461588235294117567e+03
1.048819627135121557e+01 1.380000000000000000e+03
1.082670619925649369e+01 1.390866666666666561e+03
1.117815282102464103e+01 1.420117647058823422e+03
1.155253435339616530e+01 1.328529411764705856e+03
1.191343590158883536e+01 1.265250000000000000e+03
1.226267284651528833e+01 1.218750000000000000e+03
1.262280932778145370e+01 1.247529411764705856e+03
1.297953919419553870e+01 1.206562500000000000e+03
1.335482213221673931e+01 1.191411764705882433e+03
1.372408791116629168e+01 1.177647058823529505e+03
1.409901987699426762e+01 1.160666666666666742e+03
1.446083602812778324e+01 1.181266666666666652e+03
1.481730709028705206e+01 1.127812500000000000e+03
1.517173449838404942e+01 1.135941176470588289e+03
1.551811551146366774e+01 1.117933333333333394e+03
1.589641250683601470e+01 1.050777777777777828e+03
1.627339110809699463e+01 1.049333333333333258e+03
1.662011968575146881e+01 1.036588235294117567e+03
1.697835480865197155e+01 1.021312500000000000e+03
1.734199584128202787e+01 1.047812500000000000e+03
1.770553895594225224e+01 1.025764705882352928e+03
1.807130326400313081e+01 1.060529411764705856e+03
1.843465442894936857e+01 1.061066666666666606e+03
1.878096222119318170e+01 1.015750000000000000e+03
1.913659987323090306e+01 9.949411764705882888e+02
1.950514123753502460e+01 9.695000000000000000e+02
1.986330730459379268e+01 9.553750000000000000e+02
2.022073492801051842e+01 9.390000000000000000e+02
2.058710680632741230e+01 9.730625000000000000e+02
2.094314887247101353e+01 9.311875000000000000e+02
2.130438054981574680e+01 9.004705882352941444e+02
2.167905111950058483e+01 9.498823529411764639e+02
2.204560599318464398e+01 9.181875000000000000e+02
2.239682653882750429e+01 9.246875000000000000e+02
2.275363822822428617e+01 9.265000000000000000e+02
2.312793991557033380e+01 8.486666666666666288e+02
2.349935112218316746e+01 8.598125000000000000e+02
2.385416066626844156e+01 8.926875000000000000e+02
2.420834365316106940e+01 8.768750000000000000e+02
2.455857028755591998e+01 9.325000000000000000e+02
2.493091152744412042e+01 9.234117647058823195e+02
2.527483223733344175e+01 8.766666666666666288e+02
2.563425652252228559e+01 8.644375000000000000e+02
2.601672385617668581e+01 8.590000000000000000e+02
2.640577305237117756e+01 8.594285714285714448e+02
2.671930330674172893e+01 8.423999999999999773e+02
2.707089648078908084e+01 8.357500000000000000e+02
2.745202761316002693e+01 8.310526315789473983e+02
2.782921475418621426e+01 8.251333333333333258e+02
2.818807885309087169e+01 8.158235294117647527e+02
2.854806482795782330e+01 8.539375000000000000e+02
2.889549902919376478e+01 8.430000000000000000e+02
2.924727850905018656e+01 8.163529411764706083e+02
2.961173747369430131e+01 8.201250000000000000e+02
2.997762869486751214e+01 8.004705882352941444e+02
3.034381575091571293e+01 8.186875000000000000e+02
3.069637995846956002e+01 8.482500000000000000e+02
3.104821642274215066e+01 8.760000000000000000e+02
3.141729887792190112e+01 8.917058823529412166e+02
3.177492433466741772e+01 9.127500000000000000e+02
3.214626355577831163e+01 8.522352941176470722e+02
3.251675605723034579e+01 8.490625000000000000e+02
3.287487621126714288e+01 8.170000000000000000e+02
3.322782418636403889e+01 8.176000000000000227e+02
3.358790561082158632e+01 8.345882352941176805e+02
3.397104670879200228e+01 8.150588235294117112e+02
3.430972963393656272e+01 8.482666666666666515e+02
3.467331300415371231e+01 8.412941176470587834e+02
3.504488555086337698e+01 8.320000000000000000e+02
3.541363622899447705e+01 8.154444444444444571e+02
3.577692547683867730e+01 8.184666666666666970e+02
3.613001053112260763e+01 8.232500000000000000e+02
3.648202563062135084e+01 8.440000000000000000e+02
3.682962937910751577e+01 8.393125000000000000e+02
3.718790880640079166e+01 8.317647058823529278e+02
3.755793617592696165e+01 8.274117647058823195e+02
3.793580923229645663e+01 8.578125000000000000e+02
3.829782656806155927e+01 8.571875000000000000e+02
3.865315950278650803e+01 8.276875000000000000e+02
3.901830970180436253e+01 8.272941176470587834e+02
3.937154677477515463e+01 8.451250000000000000e+02
3.973451736319234584e+01 8.333529411764706083e+02
4.009041448886217296e+01 8.522000000000000455e+02
4.045700437370926039e+01 8.375882352941176805e+02
4.081547633796911612e+01 8.199333333333332803e+02
4.116711665622139549e+01 8.362352941176470722e+02
4.153243602663183509e+01 8.390000000000000000e+02
4.190135268967101467e+01 8.300625000000000000e+02
4.225694403171050340e+01 8.395294117647058556e+02
4.263072221917273197e+01 8.555882352941176805e+02
4.298236812304300258e+01 8.254666666666666970e+02
4.335397244744854106e+01 8.806842105263158373e+02
4.370938581296284298e+01 8.188571428571428896e+02
4.408141282004845607e+01 8.668888888888889142e+02
4.442311195098108811e+01 8.140000000000000000e+02
4.474736345545046134e+01 8.262500000000000000e+02
4.513181037106932081e+01 8.333478260869565020e+02
4.550518791356464732e+01 8.430000000000000000e+02
4.587859612931388398e+01 8.363478260869565020e+02
4.626298575904075960e+01 8.257500000000000000e+02
4.659827357861271935e+01 8.061666666666666288e+02
4.695833007920350610e+01 8.430000000000000000e+02
4.732706300537589073e+01 7.902352941176470722e+02
4.768729047865042503e+01 8.459375000000000000e+02
4.804603123853006252e+01 7.874117647058823195e+02
4.839911688274412427e+01 8.252666666666666515e+02
4.876043263521199123e+01 7.959444444444444571e+02
4.912600027158417504e+01 8.105000000000000000e+02
4.948820129318639260e+01 8.088750000000000000e+02
4.985200348507563461e+01 8.348125000000000000e+02
5.021186646673336895e+01 7.980625000000000000e+02
5.056009585579234056e+01 8.165625000000000000e+02
5.092929928871412670e+01 7.738888888888889142e+02
5.129035769465544803e+01 7.880666666666667197e+02
5.164685043638609585e+01 7.917647058823529278e+02
5.201769573310133410e+01 7.713125000000000000e+02
5.238760095852538257e+01 7.640625000000000000e+02
5.273628981835555862e+01 7.847500000000000000e+02
5.309476049356305793e+01 7.725294117647058556e+02
5.345016124763998988e+01 7.820000000000000000e+02
5.381627393954912719e+01 7.811764705882352473e+02
5.418861012304124358e+01 7.793125000000000000e+02
5.455507675480509988e+01 7.763529411764706083e+02
5.490978944155331476e+01 7.680000000000000000e+02
5.527062247726589561e+01 7.755000000000000000e+02
5.563114682740363293e+01 7.785000000000000000e+02
5.601023261561899602e+01 7.798421052631579187e+02
5.636736094360470872e+01 7.953846153846153584e+02
5.670276624052125669e+01 7.885882352941176805e+02
5.708342660208528230e+01 7.644117647058823195e+02
5.743755150235368490e+01 7.841875000000000000e+02
5.781125925987439729e+01 7.814705882352941444e+02
5.818065824853643875e+01 7.933125000000000000e+02
5.852827955308822538e+01 8.013750000000000000e+02
5.888312669818119360e+01 8.066875000000000000e+02
5.924840814141190748e+01 8.019411764705882888e+02
5.961154974951115548e+01 8.371875000000000000e+02
5.996845703544695283e+01 8.210625000000000000e+02
6.032107613684184599e+01 7.985000000000000000e+02
6.067635033341284867e+01 7.975625000000000000e+02
6.103835741567128537e+01 7.622352941176470722e+02
6.140561065545576724e+01 7.886875000000000000e+02
6.177042045335986842e+01 7.718235294117647527e+02
6.213399215608534831e+01 7.691875000000000000e+02
6.248259002593690781e+01 7.797999999999999545e+02
6.284760485184366985e+01 8.001666666666666288e+02
6.324143716501277623e+01 7.690555555555555429e+02
6.359422694762883310e+01 7.819285714285714448e+02
6.391455316895247307e+01 7.830714285714285552e+02
6.427479584875267449e+01 7.582105263157894797e+02
6.466508569255833550e+01 8.021250000000000000e+02
6.502666580012007103e+01 7.700000000000000000e+02
6.539446369731982145e+01 7.890000000000000000e+02
6.574820320749168445e+01 7.861875000000000000e+02
6.610068040043485382e+01 7.801250000000000000e+02
6.645692095565500779e+01 7.756875000000000000e+02
6.681800687385491244e+01 7.946470588235293917e+02
6.719035107877287771e+01 7.815294117647058556e+02
6.755840506439764681e+01 7.796875000000000000e+02
6.790011856147869196e+01 8.009333333333332803e+02
6.826495417233978458e+01 7.896666666666666288e+02
6.864122356074808806e+01 7.931250000000000000e+02
6.899120487936832546e+01 7.983125000000000000e+02
6.934515837690105400e+01 7.873750000000000000e+02
6.970219057915214478e+01 8.095000000000000000e+02
7.006043201921525565e+01 7.870588235294117112e+02
7.042671108571890670e+01 7.867500000000000000e+02
7.078710034359642123e+01 8.232500000000000000e+02
7.115811437123892347e+01 8.216111111111110858e+02
7.153958093271063490e+01 8.025294117647058556e+02
7.190442186609608655e+01 8.220666666666667197e+02
7.224263994054126670e+01 8.021250000000000000e+02
7.260219134987632117e+01 7.945882352941176805e+02
7.297609154208090843e+01 8.209375000000000000e+02
7.332683994636451530e+01 8.040625000000000000e+02
7.367044320861349149e+01 8.025000000000000000e+02
7.404725045633394132e+01 8.437647058823529278e+02
7.441295239220515612e+01 8.564666666666666970e+02
7.476343416238385942e+01 8.300000000000000000e+02
7.513029354853142650e+01 8.544117647058823195e+02
7.551519662243860864e+01 8.257647058823529278e+02
7.587747040259006326e+01 8.281875000000000000e+02
7.622370848935524634e+01 8.408750000000000000e+02
7.658149045660854881e+01 8.307647058823529278e+02
7.695187606182420836e+01 8.582500000000000000e+02
7.730262882985928741e+01 8.485625000000000000e+02
7.767087407088446582e+01 8.506111111111110858e+02
7.804258364307008833e+01 8.790625000000000000e+02
7.840203383197295750e+01 8.940588235294117112e+02
7.876824823481187821e+01 8.852500000000000000e+02
7.911783678159913791e+01 8.948125000000000000e+02
7.947884115428381335e+01 9.132352941176470722e+02
7.982941921865229062e+01 9.313999999999999773e+02
8.016986655134641637e+01 9.327500000000000000e+02
8.052259744243993111e+01 9.306250000000000000e+02
8.090008256545793586e+01 9.075294117647058556e+02
8.126221084920342719e+01 9.203750000000000000e+02
8.162685701871724575e+01 9.381764705882352473e+02
8.200083637261658964e+01 9.296470588235293917e+02
8.236607722354534644e+01 9.522500000000000000e+02
8.273099511512749871e+01 9.487647058823529278e+02
8.309724864130512856e+01 9.760625000000000000e+02
8.345987425604631937e+01 9.405294117647058556e+02
8.382511681739602238e+01 9.695625000000000000e+02
8.418906478693283191e+01 9.507058823529412166e+02
8.455583955869450108e+01 9.771250000000000000e+02
8.491951971574090408e+01 9.580588235294117112e+02
8.527853749732436484e+01 9.791333333333333258e+02
8.562162058484382499e+01 9.937500000000000000e+02
8.597809203121383348e+01 9.996875000000000000e+02
8.633487585451712221e+01 1.008125000000000000e+03
8.669194469307866768e+01 1.016875000000000000e+03
8.704136346034113103e+01 9.789375000000000000e+02
8.738782040139935248e+01 9.973529411764706083e+02
8.773094542231270054e+01 9.908125000000000000e+02
8.806515251314741022e+01 1.028312500000000000e+03
8.840279388044622522e+01 1.077799999999999955e+03
8.875361409099390642e+01 1.070062500000000000e+03
8.910965539559541071e+01 8.700000000000000000e+02
8.946576564888061966e+01 6.147500000000000000e+02
8.982191728423745758e+01 4.738125000000000000e+02
9.017808271576254242e+01 4.288125000000000000e+02
9.055281017641182473e+01 4.117058823529411598e+02
9.094370714968017921e+01 4.068333333333333144e+02
9.133846013757234061e+01 4.076666666666666856e+02
9.172253577705761529e+01 4.085882352941176237e+02
9.209749924035037338e+01 4.147222222222222285e+02
9.246359859170013351e+01 4.251764705882353041e+02
9.273589281410198737e+01 4.458000000000000114e+02
